36432
54470
78528
52563
95697
2209
68653
5247
56951
38744
19981
12872
89723
10949
12222
74572
66608
24329
11839
99111
96827
23108
66683
46742
40211
71136
21046
68631
14417
49832
48434
78829
36916
22838
93982
34912
9204
49161
15740
99713
42272
53973
46734
40138
26902
39733
23580
76580
56031
41659
74052
64898
77733
6664
6814
50475
87761
46423
96779
22357
98373
19060
64666
55597
16947
27499
63830
70707
21688
57242
89872
30401
58457
86504
13124
40108
88568
54543
80586
78148
33011
44820
44636
89302
57433
87608
19871
91216
5065
9799
39152
83108
34698
54125
27116
70214
2945
12168
84603
17168
17842
90393
62971
95813
83702
19284
59461
68209
11700
80567
86621
12655
79584
37336
80795
53509
99085
38774
35473
22730
74736
55633
72249
58856
93778
91350
83389
15101
79154
99731
10210
73083
92949
42985
29649
23790
8810
59358
9731
99293
79711
44786
42089
22346
62105
79722
9429
98389
93524
35144
33257
72957
15864
70716
96698
6437
84532
35987
31968
86549
98745
57838
90557
56503
27317
59502
42503
77058
47435
16906
91892
82293
56620
44419
31649
96825
10740
76367
7839
44680
86499
41873
2619
89900
91542
52298
93192
35423
77185
65801
64362
77842
90732
58878
53378
70186
8999
73548
59121
76805
12491
32348
5675
45115
93967
2862
31258
3423
51204
42155
27468
39139
23213
72438
70618
96603
9438
8641
17397
2331
55248
42107
65263
47738
28414
72359
47171
94711
28383
20584
73443
73562
42080
85784
18108
15508
54173
38584
46024
12896
68956
41601
35215
46443
86599
93306
50555
64335
35876
227
36887
75355
22130
4685
49026
75311
15650
17068
58166
18402
4720
39173
28016
72614
4156
70849
4667
95940
26761
54212
86110
35233
94834
38551
81438
1634
56676
37089
5873
7436
19324
94292
90273
24036
86013
39556
83096
90165
98189
47538
55694
27632
35470
62311
23181
55757
70836
34556
99901
87151
93736
53046
4273
16198
35704
52975
69164
42926
8920
94927
3921
32853
58201
45562
88359
92026
32068
63330
51525
58193
25524
14749
62527
3107
8397
29970
9037
53810
55101
14253
48405
82073
18637
43058
71444
58450
77507
46574
31758
19506
35608
97225
52335
9455
65521
39351
55741
82209
74812
51502
70845
57158
56041
61137
86334
7360
89314
8075
43525
86553
15241
58808
59606
57479
21228
55741
99484
25418
4391
46296
99222
81585
24407
93746
25279
8381
92310
44528
49015
41278
95928
44937
27795
56889
96353
42674
76093
10923
3393
46933
94921
88007
21709
61376
33974
3291
73978
79482
51037
65969
17272
98544
85530
43569
7114
54766
84884
50596
64222
10601
44362
85587
78573
18552
73179
27661
82032
83363
88690
97128
77660
11508
30573
58879
77244
45579
91144
570
67818
78861
78315
70892
37674
26716
64589
47701
51171
36993
47266
52519
44219
27494
21864
64837
63630
62784
66507
29287
94410
54922
98704
69115
9770
67501
66404
44614
62924
45019
85825
86216
50641
93883
1817
70302
63825
52126
71010
17184
86745
37840
43743
98986
92098
94858
2855
16089
98671
92645
29589
34059
51491
25353
2027
17224
96060
41155
51715
36832
23024
1620
76563
15402
49538
6886
65148
77324
8257
5691
69391
75192
11166
65406
55549
83475
99143
84890
14810
51825
43461
20521
83629
12156
16686
81764
77143
43316
22376
82042
14749
69552
59451
26492
47699
47202
2258
60469
97063
56345
87662
97334
82984
6176
59750
62223
47537
69988
54206
36698
60213
76722
37347
38322
95272
65375
18145
71137
74824
25345
44993
52406
78151
69626
14051
46901
37014
7830
54164
70121
69743
70250
47083
96277
23583
62940
74117
28360
59022
25985
50331
89454
14861
20225
52126
48899
55194
10743
367
33570
65491
87924
1596
33948
84245
1956
42234
12005
12783
44360
95228
9896
25928
54114
18126
85402
31754
1552
67696
98284
40777
9679
73746
98042
44596
77696
26921
53984
247
92328
35467
84300
33226
51506
30604
95759
22906
7279
27318
19278
58418
76190
17246
90901
71462
16934
60553
59210
34619
94719
56027
84383
67414
77425
82455
40321
67840
89397
70296
11534
35442
26584
70506
41027
7331
65533
51366
63347
87499
59905
86185
70772
57459
14970
74608
78228
20348
51577
23441
12201
63048
73007
51545
74245
63208
47372
1790
86760
89379
7906
28032
96752
46656
12360
97985
65419
42417
89403
70941
30573
15164
7326
95528
77117
84263
2402
16227
2601
3326
58304
36891
38138
4644
79107
4926
25411
68724
14020
74970
61683
27123
70669
1780
99818
66005
54334
27810
15335
86984
90094
51750
7264
89760
62473
29543
44171
29632
83800
88333
43161
81794
25567
8825
54339
48835
29823
80095
84956
22766
4572
97921
5254
77411
11929
98793
78240
93348
34750
37154
15005
49596
22204
38515
9744
78220
25031
50906
9315
48500
79394
71937
37671
7002
91673
19648
49414
65882
62183
90255
86420
65002
67960
76389
70468
91528
45193
52658
29559
86818
84108
85301
81199
69890
22759
29723
52449
96852
91867
11317
72969
75253
27875
13172
98456
50011
29139
36452
10760
65403
50783
18530
87920
74043
56605
65435
90066
21588
86979
53091
49490
60419
65578
55439
69250
19884
4789
24719
696
78347
27338
90859
16225
28409
9438
84537
21166
78808
77200
41433
57260
68700
76555
81389
75027
58901
73551
16759
82228
63164
81898
50513
45013
67002
91071
30628
44249
62960
4040
66277
57240
66854
40952
79634
46414
66580
75673
4421
82927
6182
47956
99986
98904
60591
85008
64099
84705
33070
14225
73806
69582
16341
36321
36975
36677
71964
34669
13063
51962
23009
49606
24209
77285
81049
92200
63613
10549
33784
57047
42251
84254
66521
46084
39237
89038
7882
10352
11545
59422
29399
69800
7410
57124
76210
6222
98098
8292
43132
28664
41038
49511
13139
93361
41734
31748
56215
49918
38303
38586
37818
62780
61791
62112
97956
45828
35428
68947
71808
7344
23778
9743
95719
61655
1111
8985
43687
89812
45133
35161
69743
89669
36619
52133
41850
14255
6552
68152
21621
31647
8397
38209
19855
72779
50070
32280
20732
97911
77157
3179
3462
49012
79890
21559
29360
4739
93363
45746
80232
92599
99796
8741
75593
27320
83732
41591
9578
43043
68316
85189
71367
95630
15228
82957
6154
40202
53635
66378
51733
11970
53818
76378
67790
79264
59070
20858
45255
30959
217
44371
33833
31835
57340
37966
97758
81172
65883
86883
35544
82001
44325
72207
54176
14704
17502
55652
51006
37020
63962
83738
51714
50664
89081
11683
34222
86104
26458
52316
50240
79840
80445
75040
43487
93251
40760
46999
43137
94909
7253
46731
73078
61436
9991
46011
58549
51881
32552
83272
80033
39141
61136
96172
23160
99310
28500
70763
93976
76897
52664
62594
79854
96377
48434
4124
62109
98261
94877
18820
90439
31320
86006
724
22554
23882
24695
48812
98618
15932
32750
76190
71879
9257
59513
96517
73547
14488
59584
22582
94946
23293
41486
15695
12422
79807
27630
5133
10774
86964
6142
84313
92003
24585
18258
25762
83735
12382
24168
51046
79010
22446
65956
95337
7554
35596
7880
52905
302
80872
67761
26504
37855
77393
80592
47624
11036
74165
37283
99317
84096
78916
98800
87995
15402
9811
48861
21273
69249
35516
19343
58733
11362
14754
318
87247
61960
80978
58897
97754
68214
65285
57499
71556
88099
39330
47569
271
89987
24224
15974
38840
34094
17001
34758
68429
55952
37051
61899
12444
28556
20168
23359
9350
40653
75869
74863
81618
8331
7903
62216
36958
79606
77073
43921
91664
32515
63378
4357
29194
98416
42404
49515
86908
8981
5415
28180
82580
19816
29860
98000
51280
47501
59270
72461
94260
26969
16642
92685
40407
15809
64887
24994
70136
36964
9360
74985
57166
53713
48199
18113
25212
22742
90116
17382
71268
19495
81698
78255
42962
96263
79283
58656
61081
21878
94458
56812
31291
33304
53046
52618
51202
96413
77758
77843
83916
61842
88519
42390
7715
63811
32899
99384
8010
8203
33604
7051
3859
25562
46398
14794
31437
65921
64139
99118
31579
46845
79240
10608
14816
87038
28860
54332
92246
57715
73272
11950
21695
8116
68026
53867
45106
55724
93580
68607
855
17408
70825
68878
22894
50496
14208
82137
62280
47242
92273
26544
57497
9269
93428
64942
66918
32992
76537
47573
70681
23159
89449
52455
57235
33407
16076
30686
67489
15744
12996
56264
60967
6124
94455
36995
35672
33775
53546
17649
52712
17333
66216
37656
74937
10386
52546
7129
33361
21778
39824
49162
68909
59966
67286
35698
81231
12007
14881
48289
96210
35443
48817
82314
41950
19713
74993
3326
14647
60410
47617
52165
77296
98038
35221
41531
92125
80712
55926
53734
95110
79048
67270
89679
80535
21851
29185
42852
24404
89632
895
83913
94986
19449
44181
34679
59041
23156
69307
46930
61517
28885
96745
86794
44260
18275
93723
42030
70826
70540
76948
15591
26535
88021
69374
46137
17947
17569
91599
99057
9928
97917
85895
43818
47117
23366
18614
59715
4659
4568
76315
63637
93759
95701
3814
93555
92168
61742
27807
19811
14691
67280
57376
89107
85530
22094
12029
2457
47836
10630
27908
12
91438
25203
35359
11961
43262
73103
68535
55522
35960
41219
54578
16409
46353
58476
21117
43317
90273
87115
57157
41295
77454
73930
14910
59676
48419
92614
57255
28646
78239
10237
49157
69481
71306
67189
93099
61927
43619
99879
48123
87913
74324
8230
3399
57075
81479
99312
82192
70147
91922
33616
97968
1798
61709
10605
67410
80438
13252
92018
5631
55059
57160
62587
4212
42365
71808
62809
63182
8555
16062
83682
57896
47596
64268
49784
54875
95832
44228
15764
89412
50385
58943
19183
99332
93723
52005
62733
21281
10325
46019
72262
87913
1844
40955
15154
44950
64219
51957
97392
90957
69976
48692
83476
50113
79069
9699
9355
98645
80474
93581
30316
57630
99892
6380
52956
35174
59876
73114
35966
45709
49454
78883
2261
25642
48764
72412
64983
45456
65399
60876
70929
97579
71234
91176
26801
74602
97907
51357
6100
46518
56110
83174
52876
62624
69663
34558
42253
69658
88180
17199
23156
7291
13685
393
58740
37158
94785
79534
12671
35300
18950
71434
19150
82829
60220
34016
49645
4934
32575
7135
19334
17221
98120
11667
5416
78320
41383
63256
83028
45443
91518
43338
12643
92400
22877
32312
28791
16384
43573
51318
83997
56024
89467
48529
67004
63191
43164
254
97597
41499
54647
53580
19158
59140
29372
92088
83285
69744
23231
89694
57413
96357
79928
82413
74016
75470
95610
33012
65970
38781
76877
83288
24549
62510
47467
13991
47534
12812
36212
44295
42675
45868
82607
52040
39768
93175
8797
59960
78661
38278
12923
28501
16629
79142
66964
12477
68830
53018
59488
67361
5272
23712
37470
24
29291
31212
78505
66256
42457
56080
22106
77631
96037
97341
88505
99639
82559
79139
85985
62040
38798
28308
8176
77376
54616
17031
1127
37597
24337
11001
31428
21411
31645
56685
16314
63801
59588
80564
86730
27470
49777
95784
49984
67081
70950
84562
83884
75838
92736
80236
98203
54908
6531
82400
69937
15683
32450
44175
82405
59187
61101
25197
66362
52767
41975
51658
83894
62113
95170
98252
46017
43495
42281
60183
78651
63723
19626
37551
86521
30176
83951
7701
96958
64040
77336
23276
33043
75906
95366
10943
38467
47041
87398
91164
74037
98328
27896
75096
91174
63058
60987
64310
12834
47806
69431
2019
12031
18791
93286
89144
68342
98305
3743
43394
82399
89215
36769
4446
35049
84514
5977
75614
82195
68268
96560
23688
53289
19603
15604
73630
47422
15025
17921
62840
82914
29239
15532
77
8896
46626
39596
80625
69687
93798
47013
57016
3731
52166
16338
69401
76135
90150
19151
87757
83593
52408
80160
83927
32779
23634
95681
14398
36849
34369
44746
58741
29780
57975
35903
29051
4914
58239
39698
98654
40015
26354
41109
6939
172
72321
80704
12160
48130
61234
58619
8947
2907
30793
27785
45227
72590
1371
63580
93877
68200
5962
93872
19788
71969
83906
48305
23432
58276
68139
34371
48754
30377
48130
64590
6047
72212
98718
97337
94605
72779
67954
27058
21756
59266
60894
66506
59718
94482
80920
44925
66268
94216
37907
15535
25375
17849
79497
9874
472
30835
88619
61220
55285
38191
6145
6102
81952
23555
94847
81543
5501
93428
45031
38702
4671
35272
84085
73495
48072
45017
52972
49028
38780
99430
40890
93557
63873
84964
19594
52675
78325
5041
27366
67653
14475
8905
18438
80342
40867
24881
51737
59726
59173
98193
1807
76204
38522
12767
21378
31189
4935
57174
41535
77334
10087
75814
73236
82278
52772
32260
82775
28519
66194
72994
29488
73963
75944
56634
65316
75026
85884
87139
11392
47442
51801
44934
42174
51760
6111
78795
39095
54986
23960
92844
57541
67703
13875
45771
82164
91270
88670
17119
88388
52707
87684
