78675
20910
17120
51133
96942
14323
17805
51420
35175
56945
41890
24381
35393
3687
84255
42665
34603
18862
69575
28015
81330
41019
52127
20800
35254
77489
8372
37483
43161
6534
55420
12784
54324
28400
65396
71555
93860
56108
78921
40672
87937
55307
77075
25605
45295
17402
22491
53872
67950
34796
78878
84725
23532
14310
81321
47868
28379
29702
38372
82614
40860
85329
52843
17050
82330
15832
30167
35808
82484
61510
68604
60920
89298
93705
37995
35880
4889
78362
57368
14113
27737
95691
43030
96764
45059
17164
76542
80599
78904
83513
27566
13638
43453
63140
3310
7991
37323
83770
76717
42694
40003
6933
98698
42106
958
19166
95376
29466
44002
28828
31385
2704
88592
95773
83987
58680
8794
85952
42015
53860
54643
34589
85046
43952
83903
22130
55046
4764
51081
10859
50907
83820
84499
86028
89177
45080
57416
57022
93156
21296
66894
91380
90658
55536
33335
69432
94073
62332
52886
25591
51987
56792
53966
92518
36800
35591
39366
66512
7450
66558
47897
88957
47299
9827
1451
49984
43850
29607
98165
97341
62349
2686
89217
41781
9849
68343
25457
46063
55212
19036
68730
72037
59035
30120
9198
82824
13744
97727
82647
913
26284
93679
91519
58630
13066
89505
43244
2212
14179
74620
97865
93583
35054
47190
63328
78932
91583
13144
13156
8886
81200
14669
37354
12797
32478
55814
9847
32120
2026
58925
16820
87434
44544
87588
32671
17624
33268
85338
70588
21966
80424
65513
83496
44233
31914
91951
50126
4804
14906
13478
8626
32258
46858
50242
66026
58228
66782
50119
83725
76328
79186
34853
39875
71023
30427
67665
70044
47945
53797
52737
68830
93295
69948
66403
14902
35709
17031
87290
99375
97690
60110
83766
47968
4709
60348
77072
48671
54494
79807
28799
63315
13678
94348
87993
21448
67188
68000
94090
79164
30380
71234
41258
38870
97534
58276
75774
70550
51905
22536
58285
7367
30026
98942
60157
24465
99669
16715
55786
26508
30958
50246
8450
40846
31709
38045
66464
80645
97900
45236
16642
85537
93974
21997
68553
44744
74637
58243
99790
78445
94056
11696
83644
34011
97767
28495
95501
88011
46373
47420
8036
54261
5593
14071
34756
96034
29993
1351
83883
57728
95499
27
44079
58512
89433
58540
10772
37689
98993
26494
59942
70495
85478
93445
17369
80910
92454
19524
80411
17904
97513
52977
90163
70366
90227
45461
8440
26995
67814
44783
62000
86876
83719
40856
41316
14828
28299
24833
36764
2284
25981
7128
85660
14736
35695
40842
47866
43332
52123
41154
42907
8965
35445
46064
61450
19916
55695
516
90996
70181
54728
56505
47075
95518
61298
94640
96244
57339
46046
33361
56855
30022
69351
90806
88419
20067
38487
95555
48883
26946
53018
52845
76033
206
2173
26779
57981
97954
80482
61802
57163
92667
84323
34762
39958
39337
62721
76390
79765
94495
14600
61537
11640
98601
80160
80187
24590
69789
65811
43572
82359
1963
2166
36263
93121
67758
71670
19319
77441
14692
39136
92840
43536
18746
80044
10564
83584
61953
5191
87934
11929
93117
46076
78547
48308
25819
7487
54476
86963
11298
91862
7744
45947
72995
32387
29015
11023
23883
45970
26345
85866
95543
61596
28036
29464
99942
43958
45549
29554
10410
96377
20221
52117
75448
96878
95405
67806
32960
13526
3821
68644
90934
98547
48045
21489
4558
63575
16511
11934
16711
91719
59219
84395
54014
97707
92674
59352
84739
92437
2791
78498
71560
77451
2919
62621
71510
75603
10833
39402
64538
50330
99297
57526
94045
94752
93118
17232
42161
73956
38275
14948
15943
18728
84059
32568
81181
99809
3621
70210
31732
56413
41847
52356
31552
26896
23007
96261
28313
89661
29413
8109
66607
25534
81804
52189
81146
64177
97783
45577
58223
13727
23464
28083
19406
13449
98372
49861
60856
65233
2002
38603
20607
84898
72290
71243
76341
50557
57962
73761
27206
59234
26508
67611
56002
80663
19251
22829
96594
65336
62652
43634
60876
79611
38930
8161
78274
69182
87025
35400
50388
60400
66572
51079
92070
35096
94986
94955
27884
81510
45227
54341
39841
86293
85449
24166
13559
89241
33594
13754
6057
54474
48881
96607
25709
86509
99204
52096
23013
65532
57864
71570
34324
55761
42712
14122
36557
74580
5653
87288
72295
766
80743
74053
6734
62026
65154
93317
88403
3959
26980
5368
88259
80764
38682
54915
24981
45353
39970
63333
95420
81077
60428
76633
47484
58697
68474
30984
24474
59369
66022
46887
25580
49562
55650
82996
60112
89077
72698
58633
53241
38118
16118
85019
57411
20769
54491
17682
77896
5346
86162
31460
14091
6239
47840
22992
69009
57260
65300
40052
72623
89483
22816
22540
56735
29774
72991
97448
49228
47850
64436
23016
76397
96122
27379
11926
7215
1549
76729
79136
51178
87949
34485
21553
44085
85581
21802
89996
36758
45518
11341
52804
1234
87566
10697
31482
13826
63213
49762
16275
8070
75741
74102
9461
61203
7430
52959
87199
50953
12084
52918
59619
78816
50654
63281
60352
83680
64083
73581
33344
65391
43394
93895
16810
41636
76998
33828
47685
92987
88108
848
56043
78370
23139
98371
21669
96464
5791
16832
72648
64917
70634
5399
44780
15757
91560
89514
13925
24494
93669
55277
52544
15616
14461
62694
31164
36428
10119
53428
71138
59437
65407
24652
64866
9604
5999
74815
1291
30887
97465
83511
61863
64409
15011
28512
29521
61717
51040
87683
62164
8580
29239
79790
9569
23726
76338
60431
19660
41229
34309
15583
19940
60476
87673
36028
36717
26863
2484
55694
30556
56701
9319
14987
67374
15767
63252
20853
70117
66108
23385
4929
17600
79013
66718
73076
31094
76636
80118
23302
56399
66090
22645
68680
72575
76045
32399
37377
6368
61256
62537
4948
29643
80756
89438
64797
9138
95445
15440
39707
39197
90503
10825
89000
71871
90967
19660
47554
58164
47214
44029
24206
49145
87688
91466
59475
61928
43011
50613
67873
46671
66419
94207
89141
19564
8594
89490
5812
88295
19701
25930
54068
7148
83033
40354
45114
19203
99932
74359
49822
66862
78889
43547
51372
56862
1163
2648
62179
54067
66082
99902
56256
42702
61076
81163
77141
41428
48698
66902
46098
76705
55931
98488
56325
10022
10327
57528
3806
44034
14201
14322
78571
81688
94063
86563
47875
68786
55318
65363
40894
80658
71631
80031
71873
35537
59598
91426
17400
79574
44177
15967
11195
75412
53677
86414
72531
58336
85027
62944
56022
14574
37074
74193
58573
63719
2759
12298
37527
62953
84079
75375
43175
37915
13549
94731
77417
63019
12262
19158
89378
20967
59225
89825
47188
56180
22669
33822
13088
99662
50851
78510
77190
11580
7915
61160
3112
75119
69650
26211
26126
30039
50232
51937
76002
39170
71072
34328
79899
50034
31616
83101
32567
18458
78552
47599
22881
4661
48800
34494
22034
9538
65114
21814
87731
77536
65639
76876
63297
14658
12150
24067
21769
42064
34486
81403
49363
17626
524
68183
99676
79417
46784
9002
84251
61379
25106
8766
72901
97578
73482
68352
35915
63219
51373
61227
4417
33742
29291
52143
20538
31479
91477
35646
1615
68167
7885
89267
98462
50039
77142
72447
55951
63315
78474
68689
43922
77047
58057
87393
68836
30601
94575
71866
21137
55858
69663
26274
38867
36058
68347
67655
62136
46335
18422
41255
26625
39026
45760
51612
42727
45038
92704
69506
68441
62485
38145
84903
79136
43369
23683
78894
483
63876
12466
2431
6438
70837
89556
69806
43501
31256
19035
22087
16383
80016
19386
58835
70054
36323
59637
89706
39794
72498
25009
86389
59165
38740
66122
94654
43561
16014
68259
61239
85126
50961
15960
2083
10192
27343
95280
99909
51796
17435
77806
47875
56307
56541
82535
83734
14048
69231
21614
49297
76291
53784
30442
39340
23232
69794
81289
78348
67281
81145
73038
83280
19632
3650
64261
40730
79185
28917
81080
61720
64108
57881
24474
49199
11992
99067
13280
37443
37971
41355
4816
63045
84414
13171
8401
71930
77733
33748
29474
61891
26589
24606
98406
81998
9637
89260
4989
56825
38575
38426
7567
41822
15224
97093
2369
12799
35187
65981
22697
81583
45924
84553
83614
52379
15431
88247
72457
88531
34353
39614
98136
70105
87919
92082
50129
56037
27083
96515
8420
44850
20621
55891
33849
71593
67357
28370
97352
95720
5190
47000
56103
75438
51382
54302
35454
6822
38979
83257
9718
19309
99144
56404
78800
53121
13036
16648
58547
17225
10243
68475
70461
58491
4590
22739
12538
20430
3102
85589
73842
18588
36086
46623
40093
82387
15502
57342
15026
22873
62804
52492
12349
51642
43181
42985
93902
94896
20121
86357
8782
96493
92116
69480
64557
7783
51800
94318
89463
69696
27488
48162
58757
33937
45384
65958
67855
70835
62672
55324
50175
69418
80191
22853
33761
25775
36868
25555
91510
31192
9880
46508
69448
13318
71295
70078
78680
22890
68174
73433
35443
76532
68102
4782
33411
52890
87518
17186
35649
45794
31487
20878
75561
29036
37832
97399
80486
25823
71474
72101
51628
82383
94734
9250
72356
66855
60267
65968
68546
64696
61940
44839
84658
38526
86197
32235
71441
10411
32413
5574
4984
40371
68383
487
37107
16788
65972
32662
63312
93503
42427
20146
60371
42887
60320
95977
88838
21413
96314
80340
63214
47302
81677
70765
17657
9874
20464
14766
37523
9049
10794
44135
77591
92635
42230
29786
87043
40308
76165
78711
67748
46019
54434
81359
64912
5558
46416
56248
60851
31860
26064
53052
50433
60166
60191
71038
52843
54883
87068
27562
13868
48406
51719
33944
32579
60366
83333
8509
45947
21026
23200
9325
67397
2207
39308
99441
43463
91759
78436
33952
41262
79719
19954
25790
3679
53102
28045
80590
844
20261
32477
97269
69282
49464
39706
29933
41790
41311
61650
91362
8224
91281
18282
84109
87479
49318
26428
68522
90620
30854
94
42712
90811
49203
78563
50540
66924
17137
63739
7922
25472
75566
93494
6498
59767
52049
45829
3163
98286
64035
3873
54910
63637
34324
20837
98826
98687
97932
11446
74031
52339
49168
40292
43249
2495
81228
85224
10395
97452
82947
28013
5533
51212
23376
57259
9956
51568
87031
78414
39509
55734
98734
84309
84165
94976
51170
34423
376
57408
44807
26688
73940
23439
55519
64824
7969
78845
32774
99557
12735
72066
95032
40455
90372
26355
61279
97633
80113
61296
36125
91352
2128
29979
42419
56531
98700
10019
3020
95714
91884
27230
40201
60732
86125
80277
3529
95008
5755
73113
14228
97277
27436
62035
3460
50925
76250
18201
31825
58716
77051
253
6680
62950
79391
97055
87591
4094
98469
31395
13255
69484
537
34237
83270
61454
52590
74057
17793
29375
43156
65111
1258
67284
32054
75203
84188
73411
88979
47555
20504
32991
84343
86777
37466
14174
63894
51496
99869
3099
83748
71684
32424
18423
70132
79682
99924
88251
73323
79438
13178
63096
22015
2844
88190
58799
52977
14006
91410
31053
11716
564
94536
72142
18170
30089
39577
46467
49642
12026
79115
52878
78431
50057
89825
95305
16
73872
52517
84198
663
67306
43403
79665
22673
25963
66850
96466
95313
86191
22140
61711
29377
1872
56983
5070
18806
29329
68327
6392
60302
3895
29506
49337
92841
24984
60936
11876
74145
29323
97421
26324
21544
81887
95557
89357
36317
73256
48811
65632
34154
31443
29165
87533
17724
63227
5175
41411
31712
31508
26490
49731
97527
72261
29465
11971
38965
88595
41552
79150
36540
22296
7138
32296
16592
45810
12029
38064
55607
39255
60268
32894
63759
31527
29881
92235
68011
75162
57308
64016
89228
51832
71493
99687
67512
4903
10530
71758
72633
26175
32109
40778
75092
62650
9462
94279
5221
51271
40136
99389
49044
80285
47610
34927
8118
56460
32692
31566
21698
10608
48764
90586
30925
69279
31932
71848
78565
85985
87026
92606
49735
832
65204
94171
68126
17621
3773
50965
36761
60897
96569
53466
75367
4221
8457
86232
3889
41385
53619
65944
6132
51457
96585
93444
6329
21038
80884
42314
35155
77400
9148
37336
29525
58009
59639
39303
2829
27565
98157
23253
65697
45670
72131
45258
16292
7803
96908
6108
46613
17696
5192
44526
47605
63537
68279
50099
69123
1129
287
816
1077
61967
3318
70976
24661
36943
99436
64305
27510
57383
89047
2571
56593
67128
71421
17009
49280
83196
19672
31840
74710
7575
91913
11444
54554
25349
49596
6666
2782
78003
53075
96064
93696
99754
66769
21177
96444
65478
75846
42397
41132
39910
10770
19196
75005
62043
56312
85587
4047
53859
63008
47335
34984
56431
57865
61583
41654
23456
53097
53838
35808
32689
62722
47837
29063
78958
33060
61480
16926
49250
85145
81967
80195
5934
11248
32396
55257
71381
9929
10324
77347
79668
86650
52694
51327
45103
11964
20417
24061
1639
5589
46531
73915
