77061
28534
30824
55562
26557
58863
12046
45679
36002
87902
56678
9044
90486
19888
20002
71830
13525
84441
94984
25272
71763
47456
59581
68171
91697
92340
40528
30792
36636
96668
10081
4506
75522
14859
65772
81690
23953
58194
63286
90098
95374
10704
64019
72930
13103
5253
22897
69409
59126
68804
46308
15515
36778
31782
82031
55865
93683
20380
49260
87487
11346
82332
10712
3534
45979
97148
71966
89162
75408
16125
87966
5589
66427
54847
49082
43642
99367
33810
57501
52646
3004
7628
13320
82001
45973
87799
11578
10555
78847
23682
77916
73713
98769
22871
6406
20622
56547
85325
97105
88094
96268
51028
13754
97470
29436
61357
12624
6079
87474
67804
97402
2026
11707
28342
10024
75069
59688
74708
10964
53652
24938
93802
36212
89570
99373
27345
31776
45630
31470
99840
36250
40347
11066
44218
2175
19568
3397
20960
67016
36918
77540
38567
94333
81328
78791
53380
84343
2628
66455
92004
34608
53639
42247
97081
12010
37400
24922
23118
20696
74818
81841
90907
25165
72069
98959
80244
7583
50254
48715
32444
35575
89859
56625
66775
2553
84347
85622
21340
80490
40522
99221
90441
51874
86778
95019
87250
84592
27924
15627
51953
7204
69086
88223
80673
98045
66399
23421
82246
70928
75166
50017
74147
42609
72585
85292
84303
82593
91057
84985
98
69333
86418
70264
3721
74142
46480
70121
16537
36058
49020
4214
36736
11255
10807
44301
82742
33215
50478
601
57171
28485
7747
33500
53659
21546
30220
107
30324
79019
78804
63814
2904
23179
21056
84850
91750
18713
73996
24117
63186
66174
93652
34126
76989
32933
19311
68782
48415
1575
95317
84631
37953
37138
67425
15343
85095
81077
84017
90240
99946
77547
26602
14256
45508
42209
13017
8185
82596
60165
70484
24772
92066
87086
50431
91942
33261
706
32267
76439
57567
99240
97401
9834
82706
14635
59132
37486
48363
22087
25595
95681
67093
83347
23510
67500
75433
43563
94368
25567
15337
65720
30379
7433
97100
5150
18754
77587
74899
58947
41935
70234
99770
17527
51133
29768
5483
14628
45047
97998
37644
28947
21135
94016
90744
33432
88348
17709
89451
16540
34554
6777
12407
21829
3317
91257
27732
868
51968
70506
82101
44090
33791
23406
85589
64424
55846
580
14991
80210
52280
52451
13869
13486
16401
74226
15545
42799
26207
59655
41455
58697
99627
14619
19
93824
32086
92071
99103
10386
28894
86461
94997
51005
12736
17220
48115
21518
80951
75665
33924
68711
21826
95423
93586
96844
37252
84588
53882
86539
12645
51055
5816
78053
40534
15801
14689
7613
15346
31559
31536
56060
51487
44769
98776
51519
48020
3283
91032
37950
98357
75461
26252
55001
9817
92888
74528
13185
41933
14752
62335
66656
98321
35769
94666
57958
54176
37863
1221
66321
15565
90254
44811
96824
85320
26154
8673
23284
89408
17740
25032
41579
22083
8786
37836
2267
30049
47554
15802
51296
65071
72067
17838
11074
41319
77239
85386
89950
55276
61145
578
74510
89835
26031
12564
72888
62685
26572
56406
79856
83817
40165
87240
21771
15142
80013
63240
31425
83390
82384
71140
65214
84527
73832
777
44773
43563
69151
63643
83745
53727
54914
61918
58986
16848
16287
89712
43216
93921
32475
58233
25575
16017
37041
98043
27504
5506
64138
74916
92607
42932
86006
93122
77454
94416
99205
83478
58525
45729
21733
31361
65348
60988
68664
42619
33656
46752
53041
49058
13557
59608
92042
88239
64494
15230
31685
66341
89934
67450
56990
78595
80554
44263
14665
72217
47493
33686
40685
89143
82463
48269
43516
77408
48507
81831
82030
52605
30156
79871
25241
23630
22651
39911
77039
62172
99512
67538
27956
32202
74746
62930
4027
31050
4916
49723
3228
1516
49207
6407
51731
5232
89950
68915
31448
78621
47130
6214
42583
66538
32282
86545
21292
60089
22774
79506
55101
61092
52856
45139
23923
76175
24360
48335
22517
33117
55411
46709
16387
37919
33687
88421
73837
85543
24526
11831
72814
34618
75508
84603
80488
33124
81846
3002
55261
26918
217
55068
3591
20298
58532
77891
64853
82359
1004
23029
4194
88864
3642
72791
76211
23606
48186
60308
43373
6718
57155
7837
22801
80126
40446
68842
78326
99472
88341
55774
91297
82745
71865
60105
82946
50515
27055
19688
53454
17190
83161
96103
25749
18006
99773
9478
97184
73142
91380
28601
63433
80762
48305
46153
42934
29194
23083
54712
32243
1746
38953
23778
44555
50390
72650
10590
18883
11779
34990
93604
30259
61985
79236
9385
41697
54597
89520
49958
12060
68034
8408
2231
2611
36447
74924
31935
66096
708
16144
22728
84628
19918
16168
8
82223
18338
71935
49695
62332
21470
13811
31869
96791
12139
29184
29601
83196
15311
9639
70075
39805
84223
36699
93715
95264
7665
62249
80611
6067
92143
18177
31583
19181
47879
32069
72661
80930
13344
42413
9807
38114
93032
85588
43670
41582
79144
56066
45840
6520
3065
3735
91530
78935
61615
95345
10160
48580
76211
29562
90841
8116
63535
85106
58881
89138
13187
2932
87630
18839
51412
94407
86227
56873
14500
30691
28722
7085
77501
40158
3484
82091
63878
16563
77237
57405
71960
39725
46995
36659
17738
91733
3333
96934
75369
71478
27217
75190
42980
54985
99605
42371
58019
62690
4622
99397
19351
14902
439
79560
45260
8391
45321
14919
95420
6766
73633
9795
12413
57796
60832
52353
87674
91053
89228
47390
16544
10786
28499
14927
97775
57881
69967
31129
70480
75058
65573
64201
33637
70560
40392
85266
67707
11763
1691
21953
43389
41886
34195
58206
97443
86346
75866
25985
12199
84854
73392
36271
37208
52777
68204
89008
35079
71094
53281
73933
89439
38827
15579
1963
33682
18870
9545
73151
52910
54547
24308
93677
31342
8022
69773
75169
60076
48786
51174
54665
13525
47077
87286
33197
55317
90784
71392
48044
22642
65206
30573
41172
96148
60032
13397
31454
74401
58826
78205
58563
39335
76894
34523
76127
63891
87307
277
79201
67838
61969
67079
65771
62247
91020
89443
72525
33468
64283
45138
98104
48818
94476
14873
68258
4404
31493
4599
27861
31959
2961
58026
18867
93708
36390
82546
4459
59567
17327
461
63313
97085
51963
72417
3613
80354
56993
84697
31714
31344
45805
17190
72201
17164
40524
54471
20937
60034
51696
76996
88837
35288
10528
5555
46307
53504
48672
55709
75173
77191
14584
26939
58053
74859
2371
65338
88625
32938
6678
41853
41633
77493
57803
98338
33361
3555
74602
4669
51583
24098
98067
87808
56579
42760
83850
62428
74790
45224
21343
42977
51648
71904
18265
24833
9266
26318
78910
71475
95964
92579
11329
77396
66845
33072
41161
39239
25317
13885
9210
51965
22872
56473
61891
89936
37761
5835
29411
45097
27440
47302
83416
86849
42930
24572
77925
82949
41323
40617
2880
21074
8531
8784
97621
55872
52426
23972
17178
74492
22073
55228
50065
88493
38791
13961
39507
15511
93972
16228
31167
11454
21718
61504
59007
56930
97581
4639
45139
99401
16837
58721
19132
87003
89384
95383
25703
52551
60893
85045
68499
30338
77921
23941
4705
69711
93984
32440
17848
38426
11760
3576
57778
5919
80843
61658
98183
9000
89031
88111
78228
15891
16435
14265
78343
43730
94000
61338
19241
3819
20937
36231
15400
86912
23505
90876
7808
42473
44888
58122
32614
77789
28713
82027
45585
97776
15363
52758
92325
67638
65042
25326
63549
42310
31369
29045
62836
34361
20159
57629
44017
34322
867
54431
76428
33048
47868
1637
21377
21758
99202
11905
55376
16835
39155
67457
50095
34453
63859
21882
24621
43409
37731
14817
53635
19173
27132
76025
95897
40407
95784
16614
27825
71838
79390
95520
73460
81294
90072
94083
64216
70481
14578
37443
51435
26289
37634
92669
24159
51570
38382
1353
56018
8188
74190
25068
38232
52150
18015
745
76391
47022
73601
76631
6911
55253
71918
42926
57588
55367
36920
94395
38297
60680
60925
78515
1195
54122
60265
56741
97367
16171
92553
40071
17385
86811
58471
58834
93842
51708
63623
8362
62293
41794
27261
29909
97358
81210
37864
10126
75647
37798
95663
64977
64281
57894
59223
62134
8643
87059
63870
8827
47530
44964
78039
66969
29574
6868
37826
79833
6404
63099
27271
74495
15989
74424
58063
72068
78546
27504
12639
49570
24874
42864
87282
81865
13930
99503
71378
58127
73352
60239
17427
17059
58925
84674
11116
2882
35356
66696
73011
31043
19650
30391
87155
58189
12956
19124
33965
62344
1568
13277
16872
99185
35625
94985
69462
27495
20866
98151
28229
42562
84174
7811
84158
84483
70738
20231
54653
42534
75616
43294
74734
68213
54721
89203
96832
34902
28573
46969
53641
63397
91466
37828
92214
55420
87503
87124
9069
51342
84436
6417
94113
92371
56328
59794
30385
21149
46862
14264
32190
17642
40934
51127
76870
83090
57331
24309
27394
84448
73838
33675
99448
62910
7142
5289
16254
61865
88145
59125
35276
91203
22996
55635
53244
12743
43019
96225
26913
43127
84950
68761
55553
84849
36609
77338
44881
9152
99854
4992
77195
82607
23680
62863
26126
21944
31558
95215
23891
11835
52707
72401
78663
13290
16534
5008
49002
81249
8683
14867
9890
78611
14109
21807
48092
91007
72134
13129
37345
15169
43652
38104
32465
11205
61482
28265
72991
5079
15840
84444
42409
82870
13304
4556
36242
65798
33295
83116
12317
92037
22043
58093
81352
53781
82807
99196
21699
30584
47752
65320
88235
68698
56331
29697
91688
57416
99838
15068
31999
57438
57448
33107
309
16030
10917
58601
75297
49405
47633
90667
22859
63927
79984
498
74919
65635
31640
17477
27433
98657
16412
64092
7716
34575
72887
98943
75459
82459
17521
18573
17282
76083
79408
54616
33482
12632
68189
41165
97735
99345
21746
42801
81320
1404
20414
44743
73747
67263
61973
92815
8994
66845
57270
47112
1790
25092
60826
84278
2006
44930
39990
1727
77980
79224
27277
82511
14204
24839
44694
37051
88538
37255
64165
90882
28967
52215
11224
67440
26336
27534
18368
81148
35459
24016
59178
94577
81550
5308
96489
32650
78998
75298
34210
10103
10656
71698
69044
55868
77472
14639
38498
38328
95788
83651
3070
16546
25468
83276
81075
33008
34721
66740
66895
46194
98495
5342
83019
20507
20200
99100
79929
1119
28310
74206
97961
76696
82308
73669
27224
16035
70154
88437
6677
20711
43859
7465
83537
23478
26812
4128
58979
94059
71340
33941
74645
38611
90730
18828
99438
49545
1568
99400
42748
23322
45322
45594
81694
98631
36603
94644
48492
25704
64780
34620
61060
19757
43585
34332
30546
50496
56091
75990
55707
61638
51923
27572
64998
19365
64953
62077
40006
51903
67338
60932
43560
37341
5639
17147
52054
70983
8824
72613
38214
79183
79804
71336
19395
25421
86539
59233
72406
80485
56139
82834
37648
74565
4363
23158
90454
12490
41760
50997
21897
76387
53881
19155
9232
47629
24577
32035
73477
76157
44176
23898
50746
51356
62606
42526
15398
60076
85350
54364
75215
7113
98562
91832
58837
24171
93609
95231
32153
18408
47090
40633
71528
94390
78755
53339
78217
11854
13130
93400
64158
15916
21015
74488
24506
25267
48149
46176
95040
3821
4
26641
55987
62800
63924
21101
85439
78141
91583
97299
18851
56642
49155
39692
38074
25630
67738
43134
40613
12740
3064
45534
70102
9657
46625
3970
76603
38264
27557
8948
73606
39733
24666
55971
75989
69887
41843
33300
11106
27038
37730
17782
19753
85435
90663
68146
53105
89311
62356
38465
96665
74964
37663
11575
95297
41000
90626
36350
7634
6767
45171
40190
44395
81000
46011
17751
59913
54936
16726
71121
15730
11699
26342
43051
7742
99833
71379
26768
83874
89852
69827
4679
95642
95968
95122
13193
2802
19676
56334
74286
64146
4189
87282
70688
66436
32457
92893
33297
78915
51648
11758
96617
82370
24255
86399
215
63766
24895
76923
55016
30848
75226
44444
81014
25851
21837
44901
83256
37374
22553
42585
53175
80463
17476
48407
17984
20197
15772
43059
57333
94072
85148
82065
61726
39335
39079
4544
19582
84325
54672
37777
55584
2528
64444
74899
79728
1392
24512
73197
9542
68057
84548
74327
49341
10877
56809
60309
18177
40417
51046
86608
7879
12762
75694
15187
78871
60436
35598
71391
78756
30111
49842
72908
72700
67222
82247
39516
35034
69229
20283
19357
38745
3254
70561
23676
26307
6608
58384
74656
4424
51533
12747
13802
490
38175
42012
839
73685
59582
51033
56495
1004
94104
1224
76157
67902
49398
77407
81899
90808
60166
91524
36138
9620
93066
11763
17979
55311
1373
27774
65037
17335
49405
62190
43251
43139
84570
74984
4225
56062
5177
88523
41251
82427
12709
33718
54554
37004
21235
99174
21780
3501
27440
47805
75367
31963
85865
88318
54698
931
58070
72597
