22061
96744
78001
89182
42761
29657
29035
60923
71069
30625
28422
86834
2008
40822
7527
34207
58024
37372
2238
31749
66168
55836
11886
23726
73642
62451
35677
61488
65901
27238
56020
72044
22299
28147
55059
69008
19922
34531
83125
24315
39117
6140
41531
62880
24670
59027
79415
61220
98602
41951
54295
31522
10880
19080
99948
42414
82552
22461
99799
68247
51109
70885
56239
83717
182
49326
59697
69249
22030
58050
32388
1844
83998
65335
48647
16424
23772
48869
52922
73898
5731
978
50822
10097
50598
45065
60458
98169
72722
22986
27427
45320
30815
50011
93526
15730
68914
97627
66269
57559
43282
38199
87565
65705
34469
22614
80544
88876
53991
96655
21251
95894
36487
30170
5918
98551
57853
87972
6075
79986
4939
77372
94613
36328
33680
42026
46655
55062
26115
53439
205
96213
39954
69448
25635
60799
30710
81308
64665
14929
48339
79477
5063
43532
87849
54811
88051
13334
94970
97404
94804
15613
44121
89240
79361
44540
49195
84696
78171
21942
80573
37246
45492
13790
38465
10936
13691
32217
13542
83758
8102
97884
94578
76219
60474
49423
59999
87129
21433
49619
95920
68437
97416
16671
91951
33313
38140
71174
30052
15912
65473
74421
31251
70076
76967
70104
78995
62891
78953
59932
10471
9296
57499
79087
55290
20614
12367
99812
28316
87032
44740
69618
48979
1875
49228
22012
89152
55069
53497
16843
9072
40894
62691
93816
58619
20924
44760
19718
18236
95238
3232
26155
80526
12902
48140
43312
93535
3577
54843
40046
499
49915
47624
9464
13208
98299
78996
59127
29217
206
65675
40784
8994
54175
33334
45666
6599
84868
1788
48588
85937
95372
49077
93675
39566
60820
77133
12577
76756
32056
9682
39057
82394
10535
50106
48359
25042
64208
93235
89333
39879
10105
11816
79447
1423
90894
95501
85080
60493
66390
32456
60238
98694
48001
24828
31328
11677
74141
85907
79688
68045
73640
19239
91155
10691
55712
23277
63588
82102
17366
33886
18169
96164
65345
30916
75718
91338
29103
39741
55837
62687
40566
24399
53296
29422
54281
32296
83149
26446
38534
81265
97511
13887
21196
81007
44117
28931
22282
56661
31444
20887
20594
24105
5928
15661
11564
43665
16544
83464
90567
90298
99286
24338
21354
41445
95734
50429
13833
20655
86550
93268
18163
83995
4196
82781
96104
49309
79070
97679
18344
30406
97657
73578
49351
74823
98117
50774
33372
79812
62952
25147
92569
89943
40647
78618
24084
90558
77892
30280
64292
4706
83232
54245
37640
46853
56961
38716
4225
95015
67599
64345
15295
36020
91865
29409
87769
42957
50389
66963
10614
98642
74020
29210
98217
97386
54291
26155
35066
20814
91134
89794
67390
23960
28175
46803
51816
36579
18180
78095
77625
83327
49839
81654
61267
18291
46166
13523
89292
34031
58939
48792
55390
40622
6870
77078
50459
37188
86303
72985
24445
52842
3528
44543
50684
66083
60550
30451
32664
16105
50032
68810
7414
42297
18719
38585
14408
80216
57718
68497
2245
23744
87260
8313
66008
37580
57796
81766
37300
98748
6958
11640
68068
89348
97638
39188
79456
80215
87177
72314
11292
92684
26856
38306
23963
16714
94374
5368
52290
80182
6363
20657
9063
56661
12827
4905
27111
4992
64945
14779
75318
20484
71428
43804
94354
86930
32380
51956
20753
38314
27902
94906
69752
15262
41618
10955
4717
61766
88358
90950
62788
88385
14411
49063
12214
14786
2845
52990
77680
58206
19425
45707
8040
88496
26758
29753
23818
80039
39950
41908
17456
88238
24454
33640
38928
86837
77233
79959
29391
89377
23427
65463
62035
19149
45097
37382
2967
63258
11814
21066
25207
45371
85143
41961
4363
5974
10712
46658
913
62455
43040
80807
3555
34743
78535
43992
95271
27940
41193
77628
9925
37966
61378
25982
30323
91662
45080
81282
91308
64050
8152
87811
93152
4297
47193
66730
22789
75176
11357
55437
16619
4566
7126
64257
51469
81403
2437
10845
14562
87807
81405
45582
71603
76642
17255
31056
5896
32024
89150
44112
69660
52318
53466
54907
65519
36030
32490
37089
26649
33818
87706
27404
10779
48281
49524
54615
22194
16779
96995
80461
6277
72091
79795
72512
72446
34704
67157
42050
62101
50879
40030
84451
5032
97105
47342
33287
15655
16813
77198
13027
12299
71330
18386
81364
26823
84914
47039
86813
65750
26942
45862
41787
74164
69194
79950
64582
59305
65581
26064
67846
95264
17080
72028
81007
97686
22816
41145
22587
30285
79594
17353
13923
41152
83154
7594
25785
66353
59767
16729
91493
24446
21414
51570
46746
4594
78690
90642
14197
27640
34189
66429
49073
94027
5046
62619
49513
33640
575
46270
9291
52357
17577
24383
14997
33723
70334
22854
82480
77886
28859
99047
62821
37389
81688
87913
0
83013
50934
74339
56128
18000
89668
59616
63927
54011
1677
66113
20484
56517
16705
33409
27275
84531
69886
47476
3918
51168
44444
4520
48074
96402
40466
43022
59953
47816
59656
61426
98367
38159
30650
60645
49051
18068
12485
25404
71628
73939
59921
84177
25333
64046
92859
26279
20687
80666
83998
19084
37505
53299
61437
41687
510
17040
87056
30288
85884
24241
65897
5519
29036
96149
11714
30268
50107
13992
95972
65974
28420
27897
22582
38575
63471
91209
50561
13396
69226
28767
58396
65387
22115
80569
93560
36181
63455
50429
14730
66578
36442
41038
53168
83716
13659
64218
97794
3788
80275
18352
53175
29969
24851
55535
29265
57119
90343
52633
96582
94571
81170
21926
27403
30837
77767
45237
97471
31078
64801
83229
84818
93817
90176
69058
44464
25558
45825
22436
37710
70137
46296
96465
21648
26450
77356
10170
28148
76293
71984
37026
32607
27217
48794
89907
60833
91310
25953
77323
4071
98383
18488
83828
29470
24391
35681
56498
88991
87945
74416
97909
33947
19879
57181
65550
31940
67036
26661
75774
32533
58981
11454
77225
53023
52649
40725
82250
40401
79450
46726
48928
35364
3796
69591
80550
6560
23074
58065
92769
93519
83744
80348
10482
27772
67258
11735
14251
86598
43476
55888
7262
69639
47107
88966
23217
68891
46104
36568
64846
65424
2397
90281
53335
14089
47000
58963
17718
99534
33132
77317
26131
16244
33951
33787
51871
55621
93399
64313
58540
21099
80573
48195
90623
8766
7363
59419
74430
52743
24737
83992
33444
51632
16987
57823
11540
12971
17407
3969
69770
83868
64555
64049
44204
37923
5355
57312
38175
83978
12864
63479
17974
9895
28316
82352
59045
10638
1161
12689
29461
40375
81225
49031
38736
95751
33817
22459
31675
47677
19759
659
98628
54812
40930
23496
13905
26320
88104
73342
26647
11743
77722
16070
62924
66957
27476
84204
12532
57995
94841
42269
15192
73598
58996
34138
64854
80360
46073
17489
17873
29525
84361
36382
50888
5411
46804
89598
66020
94286
40537
92107
73131
56760
3081
75097
14867
46162
12522
30539
60816
41962
92215
58419
96877
32689
85765
78757
68505
95463
67104
64726
93657
72580
81779
27606
83804
96614
13575
54631
2732
38579
10403
45497
39295
38762
17554
38596
68589
34282
91778
45313
18812
29662
45736
11558
85848
6019
32352
91164
20574
49400
61938
21149
25719
98881
18385
2767
80130
97784
5854
92568
69898
66640
19561
97950
4055
62823
80471
52188
98272
92872
12063
30050
25374
34778
35278
58282
44539
71401
95210
28242
75657
65647
54836
49243
66000
28862
23782
39261
42719
52012
97308
16101
17700
7900
28848
54156
92086
53957
93213
57173
54671
60065
84229
86594
81880
71252
60142
4915
21852
29079
8007
93949
60414
99776
28904
20131
4839
4496
855
16532
76087
26297
79687
12928
60637
96681
46299
74616
75714
53847
11881
44225
11583
68553
78713
74037
14126
95455
18796
30166
87710
44544
38554
14640
73505
58656
1747
25930
29856
46698
49447
70472
49614
88400
63202
83008
56697
35852
1071
73558
41053
54257
33949
18039
54354
56179
45503
25294
3110
76784
28877
61415
28774
95833
327
85918
71637
59937
62362
41251
12255
94498
38203
98508
96775
33990
57265
34934
53181
19512
44367
55514
62123
92583
22751
98376
50382
27316
73306
79619
90050
44153
89651
86713
45238
28758
18515
45404
32607
90009
47583
59330
64265
82249
15447
66006
45064
93296
93528
1528
71820
34530
30528
3448
39218
16782
20401
68554
10711
37664
38542
43942
66663
59024
84739
36768
8788
18507
23234
17023
88099
20475
48968
79195
24001
11190
19166
28760
85715
67904
14810
83738
89482
21118
27014
89188
94292
47032
33144
94928
19151
80778
9889
51917
90617
13384
23522
96976
68804
53643
99159
81209
773
6748
90039
81924
62411
60923
58740
42343
35756
47084
2557
60910
25467
63199
69956
97041
65206
88539
72441
71791
50620
67207
60884
49898
17052
90740
10226
78750
23496
77418
29623
16639
94761
10574
3154
8878
84939
11597
79422
51063
25401
25319
90308
45739
28164
52282
17790
77269
73340
24714
82935
8346
75233
52523
52558
2642
73523
31947
82521
68062
55654
69726
11589
86117
44914
57510
42140
98223
2438
22367
80320
18493
46940
44645
46515
74754
29928
84899
79385
7074
6410
63385
28053
41094
66083
41609
60592
3929
52900
510
63321
84227
62241
82585
68870
6559
37701
14553
10904
1402
65983
55142
51613
99243
57914
56443
61614
57961
21451
78829
27673
32398
7363
43260
60601
86406
11012
25494
85089
25139
13201
16258
45624
32257
70622
87343
65149
66913
76390
37306
46060
96260
70939
20022
63385
21494
98615
58971
20793
31316
43410
93965
20481
37355
80365
62600
38406
67567
79018
45381
41346
86996
46335
90380
43384
98157
95807
38934
783
13822
70456
6493
46331
78240
39388
66018
88153
94417
12919
68827
46424
19286
63007
2775
86741
39758
17322
86383
19295
34835
5113
21931
65946
18320
4721
79758
24479
88730
51626
70080
11296
81452
36577
64822
74216
62691
8296
9823
80673
75410
99806
71917
44431
31075
36985
98110
23674
83467
59742
37319
4906
27273
80755
44444
52907
54299
29517
89854
9711
14332
86563
51617
78578
25534
54915
75897
22681
36320
75906
79041
69428
45868
53743
20935
36675
70704
6689
70743
42996
56822
13839
69123
63818
5570
30046
25292
39737
54472
36725
82415
19310
81544
38924
15471
31212
34279
47683
1723
33969
15979
73999
56987
7287
46770
31983
79644
80918
11568
81501
20470
24326
91555
959
23639
34339
15956
56893
48846
38025
11181
21262
64437
71007
30673
51275
14812
4656
27164
421
36846
18036
9433
12850
92898
84781
6458
63554
84737
58573
50263
54320
71534
70453
51302
44915
68343
75800
55923
45237
2007
50399
12316
86203
98309
41957
32236
55139
6620
41506
28690
70956
57320
92293
97917
1103
99242
67963
9974
85163
81544
33676
77722
21758
56212
37092
38963
10991
19575
64911
85490
32136
80986
13790
41706
6338
27793
13062
26380
62136
26149
53511
31899
6494
11836
84490
53387
9418
43366
66180
48027
16912
64743
32471
29612
1803
51772
28024
57181
81847
27916
75211
95013
46492
81580
94474
68396
33253
23311
13605
76005
27279
67433
54467
20524
1213
29566
40550
48632
87016
13675
57133
18206
83155
9264
74099
68514
7132
51001
84852
36730
68751
232
48752
82049
6165
47457
11304
91796
2025
26706
62758
8108
35051
84636
54873
28057
9166
66402
97437
47352
7532
45549
76441
76881
56825
37017
89186
61711
34132
88000
40253
21788
76058
32929
3714
84761
49909
20173
59772
6551
63090
84494
80588
54357
41296
72403
94766
10166
99572
69788
93683
88990
36954
3551
46253
76073
96069
26645
9673
94536
22040
81189
31255
68409
50077
34698
17893
26273
56642
47203
98857
74217
13828
60471
24861
12594
5187
77730
40197
15671
32821
32897
75756
20830
27094
76214
19308
32762
91773
40856
57229
42848
62378
46043
14373
70947
17660
5751
95293
79086
50463
22520
53172
32894
24514
22337
35708
74874
5926
94621
16002
40047
46163
32804
29516
22956
82085
90630
62043
85047
21859
31383
57616
13771
92976
25047
84171
99791
72698
26684
43182
44211
80432
70719
28832
77193
11153
24032
36909
43710
73440
39319
67627
95732
27411
23416
71031
15069
68650
92450
85854
78870
30940
26916
19064
49342
62413
42092
81102
30577
52349
71118
66844
48485
64090
47341
46514
78048
55509
60201
26804
45684
65426
73733
77473
77528
31033
65235
97073
74405
81161
43807
68344
59818
73356
31381
85639
94636
60806
1136
86417
75901
46695
40543
91147
71063
74912
31798
2701
42038
88370
36495
80533
51503
58402
94970
61259
15889
96712
42568
78622
82679
85063
53936
71789
60902
90359
90717
56515
28809
51838
62132
69881
50023
98141
61317
14271
10110
77158
69197
48118
53950
83531
42822
36244
44356
54290
71180
67946
37873
65030
64748
63107
84135
13191
78667
2530
30016
54464
53648
27406
31690
76793
63119
28330
7139
63171
16435
57437
7597
53713
73959
10704
