27352
21126
96629
24491
92298
1818
61361
9454
33415
47367
99662
82379
4086
37141
31165
17281
73426
30277
64639
40209
80162
50694
47243
30429
12375
24168
15960
72236
22785
90024
4744
45451
11534
44265
1489
74701
12416
59716
24936
35315
7946
92918
65644
91271
96199
38616
81037
90210
15223
20460
7799
69198
58518
28435
43967
85829
46523
75483
12648
24440
39818
56534
23570
59980
60758
68838
80961
88926
57527
14484
18469
22855
59043
91519
89195
66811
91052
89874
59487
92108
58551
35918
56668
32011
67860
66887
90898
95086
47167
87115
80435
61581
17105
6268
8922
24199
41955
4991
18968
82721
26017
93869
84284
50926
81447
62311
75519
41835
47291
20518
16393
71329
95046
49936
85315
9101
92048
81831
60506
23676
28759
30011
98444
98320
77324
40128
9779
25568
59306
77914
77387
24347
88339
22261
67298
22253
84041
2801
84699
59514
55206
6618
16062
52551
9945
11125
71904
55672
45662
45335
29514
82932
20280
14704
89672
86436
95917
22788
81105
20091
81726
31898
3502
18320
24994
22318
96617
30534
82430
1761
49268
17228
82019
9424
19186
80416
95076
32194
81542
9231
21842
8154
27382
68376
99253
21101
11707
96974
41097
90733
95848
39452
18644
4676
65525
43490
8672
81021
29127
1694
51673
39611
62525
67718
71300
69933
24185
74674
30105
1657
31754
75415
86015
41109
6994
4749
5891
86678
54520
8562
9973
59999
25613
42183
34943
28315
58003
69240
86850
99941
37134
63673
30062
50820
12139
99212
3774
65269
58824
47424
26702
40192
62271
46483
77467
15245
73714
26967
60949
13135
54452
65747
95075
77342
73330
19872
97843
29315
66109
93492
95964
75340
27188
39420
28338
22847
20978
25665
83333
4555
34993
15501
53527
16410
40282
25127
9624
31779
71243
2363
12768
60381
35395
83765
12424
85581
89069
61867
95653
8096
34406
77082
92386
44244
33772
86665
89944
8048
47686
37738
84429
2965
66346
89439
58727
74572
68111
37561
94539
56254
76784
23451
88023
9922
66168
17661
29176
52497
5136
9612
53864
35926
94499
63471
80391
94946
60523
24421
76853
4828
10842
61994
86314
29845
18278
8505
26098
85240
8113
31786
82441
20704
51124
40092
20718
17477
75912
12430
85511
44718
72561
55016
92305
94762
62568
80343
89633
94426
65507
26389
20892
19046
40163
35558
25264
82192
69817
5150
90381
9765
97429
81505
7236
80975
99917
45827
5018
391
3911
19406
97864
16104
14980
22785
61395
34527
64968
77493
84195
78303
10378
17435
16994
27378
51284
1569
62578
68681
24215
9876
73643
87700
94415
28032
67217
89229
87982
87250
87950
30638
91080
91774
58289
59363
251
18812
52162
9786
48184
26477
39392
92311
49810
16860
98298
20932
98530
87392
54214
33510
49685
23870
78913
89002
13043
24075
58884
58078
83052
27567
22431
46269
38592
80932
47860
52034
31371
60638
3603
15614
51436
60325
62734
61700
72241
37565
6008
34465
33025
72807
89023
25385
16005
64768
4898
3628
74516
68359
29616
21672
36185
51420
94752
68440
26403
42788
27975
67594
71465
39369
153
50031
45400
5822
86399
65003
80890
50240
20977
72204
73381
4472
92144
39031
65053
60062
19842
12253
48742
74807
1707
37453
38795
52831
41317
36900
27844
32321
65820
66463
86184
49218
50153
63057
84527
23166
1992
99248
22305
16043
24632
86569
28897
2266
82542
85492
89776
82812
70934
65474
74655
65280
64296
19474
36469
2778
43619
69284
38840
71616
1256
48357
54780
81198
17942
48681
78309
89129
83165
49526
58971
18880
39873
69852
73705
95535
93805
67651
67218
2302
85553
89406
90513
96870
2074
79675
84810
63411
61517
51452
86835
38852
47872
68191
49529
66191
24372
36025
86832
36642
85106
86498
22138
37253
32129
31498
20595
14747
32738
2794
81751
93352
60904
18004
61297
47340
26487
66124
60193
16492
77464
22704
81384
1842
39222
84403
81939
65835
33656
94503
39042
70606
15547
66360
72244
91805
92267
39286
25649
84131
37695
81195
51411
25982
61838
86379
10418
534
12881
25576
81707
71179
46327
6501
68364
85101
38175
65155
86494
67492
72149
70871
77199
58352
80748
89564
77916
70795
77780
62469
32824
84171
3640
73643
29979
46436
3288
47044
86889
55337
83550
48533
71677
53331
5214
68766
73010
14170
26031
63443
83759
52192
20896
36492
2029
79981
53945
370
82438
80341
21359
60569
12859
64150
8835
25933
61217
58686
44664
3781
69514
5673
36976
69429
90892
74151
56194
74527
44688
48188
40281
17385
68441
39617
87276
72170
98766
82281
18773
75965
21510
70686
46801
61560
21999
59145
59187
65815
57915
44464
68869
28177
37352
56633
86492
32972
81578
45773
10902
52013
26967
85944
72019
82919
42223
38765
50413
75765
78374
32775
53398
19939
64944
7369
85005
98277
77064
8007
32348
82443
16732
83774
20432
13901
79096
11646
43254
84800
52397
94408
36975
7915
60254
9234
48464
44531
36967
37287
22168
74673
16011
22635
36782
1926
58712
47356
64599
1509
15737
90261
74065
34638
76088
15820
97455
48251
1422
15899
30642
42739
1992
69500
53792
80925
62551
70765
22307
91086
33621
36754
94465
95683
6543
86074
79315
63242
54451
31130
51716
53211
69431
14934
77928
31652
42563
31230
35382
83073
94493
17973
53668
57803
86447
1388
79101
99271
22647
15597
15362
2399
6091
22836
71386
23342
99078
88727
46647
3285
26740
26919
17223
12747
59734
79247
66419
26385
91154
90232
93624
95906
27258
4079
87231
92266
74359
4030
88475
23694
56978
49015
85375
84553
7998
97744
20313
46519
64902
12391
83983
82857
75951
7239
32980
1369
5545
93699
4423
95576
70519
88479
52265
46723
34488
85102
17497
20180
45810
58933
64013
96309
29851
68751
10671
15951
69923
98538
7826
11712
46305
61582
90191
90027
51576
46750
30144
27018
51909
64439
34169
36222
65736
63285
93374
8551
17261
58133
53060
92143
48150
29685
86696
74912
17222
31064
1734
58486
72237
44997
54648
66447
36939
97263
88587
41151
13955
1488
21087
52896
11422
69070
55195
79783
78616
351
10634
93682
84235
15145
56534
8029
8246
6754
99743
87636
70313
44694
12376
30370
44784
38759
24415
54695
77657
43343
31191
44425
45412
23873
97828
37186
10983
79053
78594
4375
52955
29954
68993
21064
91910
15469
42145
72227
68837
97344
1159
76819
55478
65966
28793
44086
44032
92019
668
40749
49279
38577
52487
96716
87216
28277
46915
83825
18421
90007
26273
86769
66405
5376
92632
97518
21907
52582
32122
20357
3386
82003
7283
59459
75682
72708
56317
36824
69649
93037
28482
15940
31793
8410
1935
42925
40409
8720
53392
64435
70683
29425
718
14011
65386
23646
21187
20007
93702
50104
93558
95782
98406
65343
61879
95112
86464
37435
18648
35210
78679
15673
11621
99216
11426
51405
97058
23344
76117
39830
75936
2251
34735
27007
5436
85783
35807
42977
41460
26327
47091
23174
48519
34092
32542
9864
97992
88612
77157
32184
54781
47121
39143
47483
41626
57045
17671
94671
86102
77881
77015
78987
74599
27197
22851
58628
48479
29226
82231
9803
91170
85091
92813
47028
19362
42649
75959
62002
47225
31069
44709
79774
28418
84017
46644
16567
82421
98936
95603
94691
49501
5580
37331
37267
75128
72846
363
5764
14890
84375
59205
82530
18046
99533
16553
94727
27162
73650
51875
16001
69086
75671
18291
54962
2361
44941
45810
67793
19560
41340
20732
12814
25388
3020
12254
67922
42503
66529
86172
52068
54931
20292
61983
48520
45566
34267
32858
47491
74405
45083
49240
31642
91276
71892
23684
48375
88920
67531
51221
84941
81353
30821
85619
65075
75800
34110
7626
19884
16200
41210
96650
13640
57580
38163
34808
37795
28629
21265
96214
90539
35510
33175
50377
42623
22870
79802
85868
47634
20017
53261
38577
84239
59212
72087
78095
46679
76915
33478
51757
65413
58449
56861
76649
91987
43594
23337
40485
62678
46680
74321
76494
65187
76897
65580
42475
86101
27505
95596
51263
95719
56825
94296
17114
84635
99876
44215
80290
16349
31762
90312
76697
87106
49747
31023
95916
56906
19937
15146
29272
21444
39610
64513
6041
90097
86777
36988
93104
2752
69456
24526
64528
19353
70052
41871
39557
96629
78629
72680
77505
20746
59785
31207
14340
73637
77252
89555
98024
37584
59429
9305
85415
60627
28272
87780
27593
6070
69075
23596
78765
45413
70664
12229
36083
32748
8806
10872
13444
93505
60740
93358
2367
62402
21452
1705
49153
78643
86775
30349
45520
92682
58122
47291
74884
68614
79661
60799
97491
69881
94244
70943
6391
38118
87820
76276
42174
62309
58355
38517
27981
97348
31316
33966
74354
40424
23502
12240
22213
15377
64129
58178
5017
23227
65060
85461
36165
11552
24005
90741
53258
42715
48798
13307
91649
12904
4176
94239
19427
63048
35519
66667
18739
31104
58666
56651
74603
52960
57349
1024
91874
52865
45493
96020
24727
62600
42599
69384
21309
82311
63693
9802
21987
60355
43638
1058
62911
13360
72233
59274
6422
21368
72958
43646
47882
36378
27961
34377
97857
70543
1764
75807
92910
13256
87943
34825
70174
43924
46279
4283
65569
26334
35992
12546
44050
10546
2848
41337
3781
90400
87498
59514
47053
18745
75684
64145
36711
22679
92053
55756
72390
71193
42366
90799
5115
68779
23724
96229
54241
30084
4439
79729
40003
47849
69499
10849
68427
79535
42096
30340
90471
33981
98664
90386
75481
98128
46340
99722
17500
18873
8947
12729
60847
15585
4456
18838
85791
41772
19959
46283
37973
80891
17389
8685
47128
58380
72361
93548
30657
22140
31290
84454
63962
29740
65206
25334
61009
3809
70132
12651
33887
68677
63718
16691
41647
98444
55479
42358
11693
87985
7645
74974
62189
57726
3483
86228
85077
38314
19894
65318
71592
99101
30482
75588
68080
33327
31272
35819
69127
13327
1222
47801
62434
79296
7907
81118
56827
56349
98813
55955
35801
64700
50673
8517
82558
77905
1238
97194
89389
42665
4791
75796
18646
88919
22603
69123
85887
55212
18067
51476
64240
71775
21359
55031
15451
50572
87133
48991
40455
37304
59215
20467
51672
49427
14952
3777
68188
4630
115
92562
55892
36236
68479
64409
26077
34253
23227
31460
41978
95878
30634
22389
81408
20020
38339
89611
15933
37166
33352
88601
78886
90243
24993
44984
41788
10713
46741
28312
87322
74100
27332
96529
44990
54743
98851
24377
28721
28229
68916
38318
90517
56896
64898
52338
70570
76275
71158
79639
53757
74891
12633
46736
18893
36415
94407
73223
47963
62225
30956
2413
72909
90893
30654
69740
32447
97230
72662
17016
69224
86240
98956
72740
96228
36992
174
68752
9795
40511
24060
67712
77517
60197
72163
24968
7632
7891
51765
12292
93032
36257
95170
12292
60809
7686
84501
66725
56044
75253
47948
58042
7892
24964
50261
38313
88540
71273
53570
63634
76543
41533
51049
21482
5987
55458
40891
76838
66018
69825
43967
31219
75543
5899
93578
67042
53154
56898
39196
33152
63447
80784
53946
64868
69577
74037
94724
78466
59631
86270
5395
87548
69713
3120
36337
85752
55089
16581
63988
44493
39224
75245
19448
71063
64796
77589
184
61322
41771
21381
46377
48227
68534
7107
10900
48857
60605
31414
57037
61907
48211
83685
21044
30931
38766
3773
54568
34288
68141
97361
74595
87297
49766
54556
53110
73845
85227
48674
69377
49120
7704
18676
43887
23248
59868
55731
47372
15742
18946
84108
40356
74143
20027
39937
76602
42106
65513
71880
94145
48692
47146
92524
13851
76935
80543
2961
939
23057
35736
53590
85593
86761
7839
58899
14945
94380
3165
14530
69464
76405
69036
87066
67037
58796
34107
83477
44440
67221
85687
74484
60338
64297
83580
88313
57392
71906
5752
4497
53197
52047
14712
38581
65906
90759
94226
50789
59637
73467
92142
54613
19980
67716
11729
27556
94508
30396
22087
4263
69954
90408
63180
92421
59725
6643
44952
37307
22838
25814
86341
19392
21070
65874
94462
43266
770
46688
85925
46799
4189
58464
46177
98416
76923
51023
15107
43920
93381
20628
18675
24634
41005
83288
36764
5408
46184
31445
6128
8088
99
3975
49817
89793
21891
63744
54174
96291
64029
31000
18830
36340
24462
83681
40011
4631
76537
18808
78806
82656
53531
81591
72500
71538
46604
67272
35834
45257
97269
53268
72922
73587
60776
72186
79881
30840
94048
5723
62284
97691
46614
20337
37311
12665
58173
17056
11073
44495
39195
28069
26240
9880
85124
35083
77276
22739
28308
54396
88763
60931
88617
95924
83144
43472
77819
57330
77833
99850
65177
51112
15484
66286
23041
46513
78316
4258
62140
28066
33430
42074
5364
63865
75986
91933
45714
99026
46881
72609
73688
68249
29202
84434
96856
46041
81680
82386
55087
31091
97324
21915
48162
4618
59842
8384
8883
53435
28106
77969
60160
779
3966
24157
