60129
90089
34177
4022
53560
51313
2933
39308
27743
20913
70321
93920
61984
39655
56460
31732
62575
54991
2782
50522
29703
3768
19572
57799
46028
84357
37987
92118
28624
48861
65817
39445
96817
36687
30830
33552
64319
61349
23418
98521
92859
48676
50625
99729
3707
34334
21769
8438
49579
51764
14284
6472
44909
43435
63145
28377
76513
43369
15156
99441
51487
83372
36494
87099
49121
93800
66511
79568
70078
84827
74431
21470
82193
9135
41989
48404
61912
31819
25655
99853
70841
87606
26896
67446
41342
50473
16991
11454
63425
70160
2940
25049
16995
89117
821
92145
42869
49000
65351
51657
36986
79751
17801
60719
1028
58502
77633
17598
4827
25636
80538
30509
59292
746
25549
20248
49598
30407
33916
71272
38160
69421
42750
34754
78205
4226
92148
1353
66290
75620
78458
65264
66870
61885
22298
40000
97848
1182
87898
28322
9383
47227
47637
70187
43610
31779
40007
63745
35472
68058
59266
68397
82385
20
87006
33727
85396
88496
25645
77976
6746
82127
31693
83289
55191
51632
470
25990
39313
93034
16243
19734
82592
37861
68397
65593
53782
77653
32611
41190
90008
52436
84054
35712
31402
84090
9313
68133
22986
45596
80102
82579
29778
47998
90723
3831
56192
86934
78915
2163
91923
20991
77296
16523
96652
47478
64807
71533
72596
19413
30820
11611
86972
56810
16892
62006
38750
69043
45834
53800
74499
90296
66689
9805
71198
36964
60032
90623
31670
27649
41923
70205
90562
4624
13238
65336
55692
84066
15844
1370
23927
81878
42606
63731
9309
91856
67512
6721
98609
11377
36733
75643
63044
6329
97602
33594
55139
11222
4872
80421
23293
40423
55739
8215
97378
75953
26824
41775
92614
22685
31755
93332
3173
96013
2182
48835
21025
34105
98157
24182
62151
13419
17054
68851
70768
211
88847
69966
59747
41255
34208
85916
94072
58682
51727
3637
31191
62967
29098
30213
83102
63131
40926
47055
82849
97005
45742
25342
11820
43835
55744
53578
62628
49138
74962
52579
84780
76505
95594
82846
8836
63787
75787
8313
77035
6767
39202
24747
36293
53270
10912
74189
87831
67376
23651
59616
56559
41387
84845
4090
85249
56361
2709
47344
99820
57372
39292
94465
20156
43649
99928
42044
92936
20887
14093
27183
89275
15546
9882
54286
72720
28736
16559
30428
79158
27408
42140
82745
25427
23386
46276
23560
19653
82902
79568
36380
18755
26013
89184
94943
18467
6622
63869
56990
1845
47198
67594
85523
75211
20399
73881
76112
62268
41931
22970
78982
28702
27310
66477
75760
24785
97742
54840
91231
74491
97432
66165
31778
94958
27239
56547
35089
61765
24771
20317
95319
17389
54676
63463
1145
60513
81506
69092
89415
55981
52843
35493
67806
48596
39520
64124
50744
40493
81628
68174
38513
264
2273
23687
47030
64911
60081
50600
97100
72775
7430
7259
93562
86870
14510
67943
89621
37118
86503
51167
77830
8327
54547
76660
68185
55259
97080
3595
27909
34699
32215
21770
92755
61135
79686
71851
73101
50475
58476
28083
60868
50669
72793
61916
5534
71186
36544
14190
46266
77160
79218
77005
22465
69070
75543
87756
77163
92504
32779
34271
99563
26639
52403
42382
93656
30325
71259
75781
90329
86374
75854
98120
75085
9402
77297
72612
6324
75527
49660
69409
8861
25155
50646
32372
86188
54791
72908
76208
63527
24335
10637
51452
55198
33821
72197
4352
46870
94430
10580
37241
51440
132
67915
25580
71738
33395
93794
90583
66705
3799
23065
83107
26577
4626
72361
3958
9116
99732
49285
41188
80931
52482
26163
68358
47891
99065
7297
87011
1886
99693
69
79210
66789
58602
2870
3682
38784
37659
27520
99513
21514
61032
94184
7352
27883
66522
61341
79224
89827
69946
97175
43149
89968
40120
80719
24320
40061
47112
27929
60539
87239
56262
6498
83870
93420
81402
84355
35790
67026
10678
26143
45005
86418
66941
35583
30853
78303
74078
34407
90685
46967
60541
30581
22638
29157
7475
75605
48975
37711
78028
72196
54669
803
17102
88095
23927
28249
41081
85447
43061
73413
12682
49619
40024
86909
44505
26610
52332
51617
42051
81500
20683
33867
85154
64083
10219
29460
86455
29307
97239
89567
53706
51411
72188
73767
35017
52912
31001
54113
79244
80885
46682
84077
89369
32240
42846
21215
92674
84179
85971
27396
45100
73838
66948
46131
17707
42790
34729
77713
27049
98100
40284
23745
4806
16316
36236
58886
88666
65128
24650
4406
7509
72161
37601
55422
90087
35306
16643
15308
13947
45465
36958
16445
33374
92818
72429
69667
42750
5249
57226
7249
31917
87124
74466
263
34565
17171
82401
23221
74117
70045
92908
18958
26330
45408
42862
42379
3353
63060
23210
64664
9736
11605
27343
61631
33596
95676
92010
3439
90781
95353
88820
70120
42758
64814
73676
50150
39273
41066
960
34344
98095
14177
86309
47420
44989
34725
63078
88361
64114
32772
51160
17176
30605
57789
41068
37695
88171
16351
80094
55371
82158
41793
30411
69226
20281
82264
8703
14035
9271
73944
5676
14546
69468
65801
12471
78484
86755
73029
51788
58603
90935
59020
10961
24574
12526
40837
19288
4433
81678
35825
96846
31212
23283
53805
14545
57578
43241
32420
22591
33
32148
43598
40169
74056
43375
85322
74982
67562
76977
15635
2436
64390
31403
59425
97145
87840
33422
3967
44056
78984
39978
73189
47871
45605
44082
98930
69196
11933
33787
46919
78672
59364
74562
67266
23420
28606
10765
92310
16632
55698
49034
94756
28178
14318
55699
72696
68308
52881
86547
11778
17582
61497
96579
46190
82802
75178
5997
49891
50943
57207
87410
96277
28117
46672
33575
82088
83784
79656
77049
47778
55983
54241
20657
70634
96475
56438
54611
3
10629
65605
14400
37119
17280
43416
17148
32386
21678
52079
82090
93365
83727
16203
92723
31490
17459
30777
99301
47443
68625
28025
53464
89730
59120
4394
84332
93468
9346
29203
20302
9623
68241
30097
51929
37932
95442
89272
58585
87187
74806
83176
74955
44347
30526
61070
90433
78050
99279
26611
5314
95575
36795
15589
50125
92745
41215
35232
19005
27371
52876
54233
49768
93832
24412
75239
34050
24349
36454
82862
2592
44279
59597
56873
92278
38761
7090
69939
74977
20425
80970
39219
4832
19496
81451
55106
50973
19213
1376
29305
81290
90798
76027
88828
12807
43786
35114
87965
63391
15749
25954
81518
54610
89280
25368
46663
58318
78836
79535
70832
13334
55307
64107
50955
3845
45660
84772
49730
75947
76353
70966
39528
89046
84150
24245
67471
9964
58416
93278
60613
38581
664
46697
98283
2805
32131
75099
14869
99383
25903
49271
92631
10277
37212
34452
49681
34483
42020
1130
53497
53980
64888
62502
26242
29733
90457
82237
74150
60413
18480
29086
84789
46534
57706
82591
28666
77005
36372
44217
31366
48884
29615
92880
99548
56210
90959
28106
52984
68976
27222
23106
19613
1460
33512
32020
98393
12090
77706
57080
83543
32638
83932
10124
73792
97047
77457
51337
56239
14845
32679
47416
59792
28267
86343
54717
50900
56031
34746
46417
6100
43039
17061
61486
75232
47990
41347
58372
42179
95419
72350
5097
49364
35858
50794
77580
53563
88684
10782
96170
64445
97066
69168
44122
7783
11039
17643
59875
78963
6003
19151
99853
57626
65123
35590
71636
49462
45606
60798
34105
17330
74763
5544
78932
14417
86974
33228
43940
62072
80489
21895
86086
81977
69879
13250
73892
62941
48212
28848
32708
41197
17040
93092
66050
94460
40770
83628
77496
93268
96361
86510
60697
42748
47470
75837
36637
82276
74725
57944
99670
35469
17011
96767
97186
48823
91209
59443
94105
23655
9550
87721
80998
88661
38843
69355
74931
3600
60799
2731
11133
89070
94179
21189
2534
17076
99176
21072
5545
45247
97484
78144
95880
49836
6316
58171
47777
17770
60227
86837
54879
50234
69873
81355
7693
28928
63159
68025
9893
9513
8382
47512
48038
83064
52375
29176
77957
12271
40349
4853
57210
23030
30966
38169
99483
86187
82137
21614
65543
40103
5354
38878
25336
94537
76577
27721
68155
19649
9640
92194
87004
22011
11715
4359
90682
58181
63689
54299
61881
65631
44017
63169
69847
6718
20520
39447
79062
18365
73727
37773
94008
39585
22849
87392
71561
17224
80450
83704
89590
7565
23539
63322
81083
59706
31921
16618
66042
27882
76799
5473
72648
14009
66760
67463
18177
17259
19686
55246
28636
85814
25248
43114
12825
3342
55629
33392
91574
32555
47704
54954
19617
96280
94364
41717
31688
16666
82094
23479
55052
25307
56282
21056
88692
10130
74662
9500
3614
65489
36979
15922
18352
11275
70049
15260
97357
42784
75506
61315
96323
55270
49767
4118
84192
12309
80710
21127
28677
73839
10493
72610
32243
91243
42720
51883
33090
81085
97807
73747
91729
10275
12595
75670
72407
17806
72711
20180
8440
73323
34579
97323
84179
29741
54419
93581
29400
65305
6998
26691
77687
17198
53250
13790
26611
77583
63541
23061
2390
83406
7975
64256
91934
3766
68747
82480
86453
7093
95156
27657
37790
64132
58420
49981
26859
8373
7264
92006
36108
4664
53807
68767
61538
17002
14753
64415
37969
64058
93053
98100
16147
18553
94066
17176
60810
158
24511
13234
55886
88019
77710
55052
52772
72095
20986
7820
83439
28625
18322
86450
69440
74085
32694
51053
48841
84855
52126
72346
9104
92353
79578
38138
92511
12274
73300
85998
13048
18862
82418
44722
45509
31932
93271
44755
62221
94864
79561
72110
7555
6581
71661
85319
82873
93334
87310
1891
31250
4457
20093
38050
88020
46200
38131
98108
44508
3438
36625
96087
27116
18363
16040
8034
35487
12772
3861
69937
61501
62826
9668
24502
99050
12789
69077
14328
42681
54300
17372
90675
58847
40148
36290
95724
60450
30611
13962
81518
2383
80383
13550
2758
18282
28248
27430
95223
92320
41183
70154
90331
36985
60866
63536
15416
36234
15589
37071
70586
39718
11566
74212
54866
20532
90220
25201
39243
25276
33573
5987
84996
23932
43099
65517
71471
77431
57339
38256
45574
65164
63362
96092
54564
15172
92811
30416
56487
63269
70233
29501
49568
37892
72798
46473
24692
53367
45062
97007
41683
87400
34051
30275
17810
30886
96565
57203
45223
95478
76341
67145
8033
41766
74015
64846
34273
67458
92026
55049
62680
45600
11974
95428
66687
26325
96224
86575
43981
18923
10196
90590
34137
95402
59744
45293
92908
98706
69921
34340
30273
82507
9309
60854
93949
46100
94060
36899
70181
32504
89155
70558
352
45918
9406
75336
49866
91871
57130
90843
21393
19283
19692
84163
96336
78404
93041
82630
78470
74308
99507
61221
5554
41691
32325
75162
89613
79256
25948
43265
4676
55880
62490
76916
54161
68165
7319
46190
10357
78949
72366
56881
45076
34772
43393
84514
37389
13276
41194
70290
35444
78016
72320
21336
66765
54280
19362
58650
13831
83799
44803
8107
71635
98264
76306
82894
79808
5719
95204
29464
70101
69740
90112
92724
60426
66738
35463
36704
59395
89141
3743
63348
66537
69930
66042
55683
61447
19384
71463
6329
29630
69620
12469
95429
40037
30092
69119
75345
75617
57625
14329
44236
79901
68055
8726
1352
27622
98288
45939
12383
91046
34932
75235
87312
69435
98629
98551
80552
54962
21167
47817
14268
72069
46901
63846
23539
34959
25574
97207
19264
9128
14415
92362
45260
14274
68970
8002
55346
44158
49395
38999
65732
20459
15323
8714
32236
32284
63350
92234
79468
25829
34480
80156
36775
77362
2332
99787
18040
24932
94124
28044
36128
44297
13852
14668
51390
89815
68617
93176
59478
43364
29824
72361
53556
67173
400
79914
30601
17057
60385
13191
90964
39121
25214
1620
79165
60791
66094
99447
48954
72216
60193
5363
29364
74648
82630
92337
60868
91056
90553
20525
3447
61710
70072
68923
41233
35145
72887
30453
85965
3422
42954
76194
1314
81933
3552
97316
25794
50666
40335
92029
22716
49440
15114
45887
37153
87848
62447
97711
58852
56322
35932
97333
6330
82094
33794
16835
34464
55850
45586
48224
16188
53192
47060
24527
16764
46090
41111
67457
36379
99997
83811
97043
92898
84559
33705
44165
66955
56367
42172
31225
57088
87424
1209
1828
63746
58489
59169
41684
35238
43196
78023
37470
32953
67985
81765
57347
44485
38334
6409
93950
46763
37861
74381
89357
9456
23130
13828
74489
73717
57663
37904
88451
80542
33823
85041
59245
37684
20355
28920
43587
38053
58676
88825
29828
17641
34766
36383
17457
32896
35868
80569
54160
1495
33078
11314
18301
84810
35252
76927
15374
1571
85870
97361
25761
67936
51570
97322
68677
67283
74752
89420
6402
66723
70085
50957
17766
35375
13650
82919
8364
18835
73145
9579
72715
25443
64868
13686
66040
65748
7122
95292
40313
3802
13134
86753
93480
1004
38605
57415
89824
38628
69988
63841
86310
