53496
42750
21503
67921
597
24784
22521
7062
68879
69868
6334
21436
91854
38529
10398
35682
41634
25960
85860
26454
79540
15479
45601
29050
6632
11826
93880
76228
95890
78786
44101
91168
23313
71422
60779
83025
36748
48709
12344
82996
94952
94830
54487
73413
37731
92247
38674
57499
63600
4633
38113
56750
87919
31677
33107
14489
46824
47208
31640
81210
18852
34161
68170
9431
67529
3699
55958
43066
42128
43005
79146
30461
9540
11431
52124
65185
20249
30848
38868
90136
16134
81090
73751
70947
41824
72839
41906
19317
38837
1333
16863
6614
28162
35668
38487
17251
94961
24097
87668
27411
77171
82363
37633
97909
27734
9562
86753
81653
46019
1375
22329
3837
64278
83783
17019
98104
23259
28665
59984
82994
74402
76095
98497
47803
43550
8081
63489
92746
28831
66284
35611
29150
15882
57314
58003
28032
75154
86955
87484
67012
45494
57626
47574
49902
76183
54314
40737
51826
90835
24599
56962
99380
8995
35657
58097
68205
52685
31754
42525
73167
88967
5465
71804
51680
46121
31991
19219
29282
25261
96703
36639
27955
21510
77395
98525
40592
19898
17137
64028
63572
69950
94852
53469
52094
18733
32663
7332
51633
20003
47588
5118
9142
96828
57195
58318
16092
43300
82334
35286
61471
87707
5849
92062
3269
28391
1295
29380
13157
86614
63071
41793
83235
48910
10565
81588
32982
28275
83725
97901
88139
62421
65155
40600
70178
94226
97414
71171
23094
35407
16955
32814
73499
4015
23229
82062
21535
23437
84018
70750
79570
49436
39416
85860
21506
93913
57758
53051
71039
18857
37904
75009
89950
19284
8907
39807
47033
68510
90798
96016
11283
23198
80337
83344
58938
76061
74863
11043
39685
63436
69055
69728
31452
64962
52001
57752
59510
66193
70419
87686
97277
89092
76227
83508
40943
21911
22271
27143
5342
91443
71144
62569
2647
44549
2213
70609
45504
87417
48596
72369
57081
24504
23035
72988
47045
94043
10301
27730
81987
76267
64328
43945
98036
61303
69611
28281
7009
4529
71460
88356
17877
66438
31959
38241
28069
6551
16699
98084
69681
22904
66159
55563
8578
34245
79050
27463
16915
99932
98960
7333
12332
74939
58720
13464
58953
26167
18762
21893
49145
69526
74462
39627
19138
69353
69088
9581
87234
98250
72887
11357
36177
62766
79204
91558
31202
92646
5008
42294
42760
12792
74143
95366
71189
61269
47744
34056
44542
81943
21670
55660
95546
41273
17169
57775
32905
99539
48005
70080
10545
38416
18973
97264
93348
46126
88984
77814
79006
56241
31921
84700
2122
24420
41004
31977
69603
31085
28940
32140
35736
95660
53890
88802
51017
74256
7265
17188
25902
9974
8684
34160
51671
83838
77840
63249
11694
72588
75534
74190
44249
11000
23568
33357
20795
82035
19517
33474
93018
56919
46920
1848
72219
40649
74531
11962
65385
33421
15249
91646
34421
92934
62424
53742
63863
41833
41461
91605
78323
54876
99562
45987
43095
73905
55155
20413
9249
94041
40470
644
36189
75783
24888
28032
63403
92514
32460
28808
39231
28837
56998
42737
96930
64887
22478
44657
47158
10563
13360
77710
78135
97043
30192
43144
91293
68782
84283
31008
41342
85803
31705
24164
28944
24720
82431
31480
28108
32268
96321
44706
86734
91757
59684
75057
14361
55966
81361
33867
20856
87105
31525
90322
56383
5477
14597
93907
93423
61636
81871
53067
66232
34684
18188
99989
45561
35144
22914
90740
31811
73306
84774
91706
72315
32023
69230
76115
47198
98671
85477
81937
88896
39799
8567
15860
37133
56293
35116
34645
40368
39431
20786
22960
7858
71457
77714
5356
90521
56705
3365
35209
1650
1216
20544
7780
35210
77144
61258
75849
22006
21148
23726
60918
63218
97401
68684
28520
35686
15655
46633
21445
69413
79179
55239
3205
66799
60973
94096
33821
98711
74544
46924
65769
26430
64467
50098
72502
55134
56228
40730
5321
94883
39708
64369
21935
10835
67930
83622
87778
96079
98240
99553
10549
97969
46020
14515
72381
60661
98260
65993
61980
11988
88778
1306
46698
32492
79815
7264
78722
91419
63694
61443
7718
89770
21312
71280
36432
29959
43504
74633
67383
75370
29571
92087
85978
7353
97958
98138
63436
81287
67531
80513
4156
6679
38305
21588
41471
91742
25070
73294
24220
24870
71628
52457
35956
24495
81790
86706
12653
27825
65678
60603
93497
80060
60964
26383
25191
61824
15812
3616
14214
25096
85797
91516
18897
77313
19562
84542
36188
60281
42815
95329
79610
62403
36369
48015
96936
99095
52137
24216
63769
47701
60423
92286
96094
36714
22936
92077
93682
30507
63732
41160
68255
89310
21974
46334
34257
22233
64057
43644
90549
12706
66059
6972
37838
89685
71984
38875
69812
35396
27702
48296
4072
32184
19153
12600
71385
82006
67698
55574
28556
28221
1960
44503
85932
26828
53427
68140
57582
20033
49217
82930
27391
74299
54856
70787
72652
55745
97855
61711
19982
48059
74777
60357
82352
80958
31134
21258
55614
34150
60807
44045
16460
73659
15702
86929
38560
48758
30704
68489
42461
56925
96952
93283
15181
1738
87562
70075
47849
5578
24208
60880
68840
14049
81700
24211
41443
48618
11011
59
13665
69276
82026
15030
76836
19305
47184
77050
82030
83712
45120
50106
67217
94002
56465
80276
38130
5073
99523
60935
86425
42837
42584
53665
12088
75448
20205
14327
62134
69665
28660
89678
33366
93662
42640
22646
8713
96810
58283
43446
95180
21230
90071
88898
7039
70948
60319
98217
63044
74838
38058
39019
54032
58757
3308
84232
40977
8006
328
34355
37020
88966
36037
45350
89330
41038
61036
38575
91886
50466
98235
13512
95790
11972
57898
89861
68603
64118
95576
95622
90006
48540
1328
13739
36929
91167
1662
15655
46696
21133
33671
62222
96010
21278
76234
62312
77896
29266
36498
65895
15144
37078
85557
15765
92390
99206
44940
73159
65496
32012
31822
3246
99804
13094
60811
15404
17889
49734
14595
27011
29583
7283
44961
96297
90708
47052
7767
59992
36075
25741
50455
58626
29963
97578
93162
10945
44521
92600
94033
66796
41675
17003
98871
20966
88971
32186
98479
46289
13892
69407
95182
13952
69468
57370
20871
60842
50573
73781
45664
72442
19025
24994
14990
19650
13002
95041
47697
62928
91500
6014
47086
43929
35720
47031
70405
92498
97781
44155
29454
42622
60829
66573
5045
96226
57441
25576
58095
81716
48906
97148
15896
44689
90445
14903
65163
84237
52186
6208
1245
1957
5986
21244
47670
70545
7586
62739
64589
80854
44112
15628
4799
84280
41761
37877
84395
10444
84980
91007
83277
21355
53183
29606
10261
71810
7988
6031
98595
34758
94415
30346
99010
64166
52543
32118
55582
46841
58990
79172
99683
49878
66607
65683
18003
80802
49603
45402
10980
28035
76264
88869
88532
29299
38047
96055
56489
74737
54296
67822
58857
66418
98620
35267
68435
41653
1815
47248
13305
55187
14400
36429
1211
93685
73702
63987
57024
70528
7832
28161
31251
5611
16209
52957
22488
57649
82655
60466
52330
69730
12111
9687
49778
67828
17750
71633
38886
86839
82398
75023
4315
91109
95659
54066
62249
57720
69257
83120
27322
99830
72788
67246
27597
47944
66980
11306
60430
73832
63379
23387
33098
58232
1355
3536
60849
85296
35153
22517
50061
47503
90216
32661
16121
29779
26404
23513
24448
22179
82156
90286
53140
77097
48715
9988
10631
50525
33043
9522
68329
36413
30862
64855
56030
92153
45826
82012
56251
36554
80832
37622
54493
74339
51946
2919
9607
10111
59039
69636
10294
97178
41700
58608
66146
77884
82512
78599
96595
3792
63764
72792
42205
2802
66085
25482
61498
79655
50919
14655
73091
57255
2104
4629
96202
71765
44055
16745
78647
21679
2575
54103
76093
27456
89667
54300
57849
71987
3928
10780
93478
64355
53593
26400
8671
16365
69835
49303
23986
78951
41775
41533
19741
96906
97773
88857
48841
90442
51427
34528
14143
74630
3849
93175
34443
90587
52639
57877
50188
3571
45462
95495
86708
474
98040
71278
69986
43666
49430
81155
10746
50844
99884
1146
65150
47575
53874
24516
93516
13989
65250
16814
58323
41608
62304
70119
79186
10381
52875
12191
64495
91326
25951
58955
35441
22779
47237
70885
90171
5571
87896
60401
79270
1164
39987
66746
11897
72978
30364
6970
10823
83628
84008
28216
67238
78906
67338
29356
63495
25434
30395
71806
8631
16283
95623
31309
37617
23816
97042
91243
27517
93094
59461
69189
84329
29113
38265
75041
43875
52096
31135
91328
43376
4449
90217
16323
90572
72447
1912
45097
31391
74760
1732
75414
44247
80587
93889
78000
67240
33671
61396
68643
24509
9790
80338
7877
89241
16456
98929
34387
55823
41412
6734
88250
70650
4073
79322
70961
79770
63003
83201
59139
51436
38553
97176
41611
8708
50164
6979
11833
65961
19002
51392
97809
11438
82543
52979
10514
70345
24509
72111
19700
43025
84386
42302
31499
76345
56584
29741
25768
66307
43411
71383
91262
36579
77811
34700
51234
47953
90360
30750
20651
25130
49093
82760
47737
81892
82558
12924
38451
93004
11835
28391
83336
56510
21311
27266
30135
56992
77090
94264
7402
95324
6089
15471
16893
35351
65560
56021
53053
20371
98046
22665
59371
85661
54382
73730
97983
34772
63790
3712
77513
62583
12584
15437
52691
32873
82878
44848
23267
6725
26842
47054
78013
84119
75139
32701
88453
5438
98700
15686
41569
64445
77639
7990
55740
99448
33751
38593
86279
53585
29827
3444
82491
16127
934
24118
60122
40551
82243
25081
35795
96122
29237
52003
88867
85067
74277
61428
3833
13323
99573
32307
54386
49987
31833
71385
33283
86573
58085
89882
42005
1328
16321
28459
8843
3478
16186
85780
75935
51659
23506
84948
54954
23444
74359
6827
47362
4202
46641
76521
51261
28882
16373
92816
78164
64218
43415
6504
44196
74193
18812
83423
98285
54531
36461
25146
55229
41809
57607
77117
57351
62985
43280
64723
89613
29127
52644
19195
93309
62600
6669
80143
88726
46054
82481
2514
57804
44949
24613
34613
39553
14872
58240
22949
75476
67361
41994
67797
13398
96068
7219
90788
82294
7958
1376
53323
68607
66311
95328
29669
21303
40473
82204
56923
46952
53180
87213
37195
45020
32264
6600
28404
65825
33750
44884
42177
23148
11356
96348
48368
27001
98243
71392
15517
19281
3302
55526
42576
87236
40
40238
17631
48854
86066
35843
18977
48694
74697
89133
59313
66505
52840
78275
39419
45862
58943
94109
60902
762
41448
30600
54046
25067
39713
99443
80060
29306
52075
17927
50357
76450
44254
59091
31996
26813
89031
92869
15316
71717
29791
44564
52567
37144
37225
18042
48892
55380
76999
90367
71400
86018
23161
95185
69428
15344
55252
73872
55702
3830
81403
10277
11023
3834
82173
73651
10576
30159
49418
50310
49354
93496
47955
9479
34993
68907
86109
89329
69387
16624
89826
47198
29659
3657
53380
78107
1093
15819
65647
75707
73565
20298
87530
71719
113
13651
53401
17042
87759
92978
80338
39754
75252
28660
48665
38346
25075
93991
55099
78157
55390
87518
98563
23550
44211
63697
24061
33355
59494
82593
22661
19607
85991
13624
30027
28782
38928
98671
59013
51219
90830
89193
40816
7765
4265
48157
14437
74593
22833
87409
37524
32817
46439
51649
19744
94210
4389
5663
63159
28643
63243
24981
49099
2441
6247
3590
35218
36480
39040
78354
51607
96891
61087
21016
82202
15468
6267
76693
77067
7216
89215
65451
31166
56290
21114
52798
28395
40079
20643
68600
2150
85129
84359
619
17686
85141
92305
16182
83348
95872
41140
57889
74145
17710
57944
42467
26660
53842
3039
86371
42527
31578
75058
18203
53965
53602
99917
81240
18970
63625
73475
99774
71710
69153
83215
46857
3032
35199
12729
46382
84836
44658
91937
93567
20248
2448
9836
70478
59201
81964
76872
68585
3892
43652
84829
52515
94579
66519
55217
37300
56735
71348
56184
72822
38452
77837
64311
41200
74310
59050
1907
16784
58518
75194
49979
40913
88561
83205
13519
12829
35461
44477
32555
36715
54560
42226
35220
52681
77351
26692
75773
30325
99823
97779
58934
93637
4412
25779
76466
69127
46548
24028
66580
24834
863
39997
15062
56315
29630
67952
76405
3796
52068
79305
62108
23438
87605
26184
17707
49680
78458
81678
18179
71264
28094
98380
64881
84877
65833
9238
82901
49871
52502
51959
65359
36838
4338
17374
68325
32352
70516
94646
80242
89335
49107
22836
95598
25174
35689
68937
74198
59067
42018
88471
12888
18904
57120
33025
3966
21748
30927
53178
4660
85935
9632
91648
37655
37890
17700
68321
15804
55812
26247
81435
65819
99850
44358
87106
36470
90214
73198
89818
56521
60144
27251
81797
10000
50530
60873
51094
18767
48284
17059
72290
8936
71174
24634
58434
28569
39080
715
15633
95629
78314
63843
40898
27217
79504
