67350
35559
51462
57410
19880
65423
34070
57254
87677
28018
10715
9185
41199
87491
63651
31096
99215
11176
56608
76874
69378
63669
86100
25498
5702
27617
13096
61626
7154
29058
37980
59254
70331
23338
58041
65946
59346
82269
31330
59968
32395
85709
34696
35514
16409
7316
12956
66488
96821
23853
42208
74711
22302
77296
1079
77990
22426
54888
73147
7222
31194
98099
72237
57758
25723
50485
36550
4680
10345
29081
56428
27804
61790
92069
4993
71174
67144
6361
63670
85094
11849
80900
23068
88085
52312
41603
72955
70223
59269
4087
32443
2689
26169
57218
45376
26831
75963
37246
43731
76610
84559
20793
17210
70957
10618
58896
18410
48571
65025
68583
90515
67639
83214
59619
39482
92504
58900
4068
24740
25350
93546
90627
50573
99565
93299
13507
99769
56381
93183
16247
49346
91035
68170
93776
4368
60393
82178
41697
94534
48908
36486
47441
45241
82175
62313
95996
11068
98260
87606
32583
51190
19106
78990
34078
36853
96464
38028
68588
18396
22108
32170
89077
39160
31240
26909
64371
20368
39777
16762
12588
68923
99214
92316
91916
12971
59154
69502
61636
45383
88253
51234
22143
69622
9653
97396
3581
37943
220
40681
99662
73646
63679
98785
19084
50169
57979
77003
15733
7744
21612
63848
69956
8715
95027
78663
7051
52429
82691
40720
60399
8190
78888
53276
2656
75591
48340
83041
74708
67862
7527
19500
78719
59826
17307
20935
39952
7592
5066
31130
69291
47491
67868
25005
68862
27099
30832
67436
78275
27268
76326
47587
64561
7911
64103
6312
34975
72301
7506
57913
3127
26008
24964
87642
61010
9708
95491
22433
49557
46954
61703
92013
64392
22238
76838
67856
19023
54798
5210
84525
83079
21267
68497
87516
21630
92676
42224
54507
4271
2989
52709
54175
29849
39327
3848
67960
13564
41953
19276
32114
86895
15908
45032
21031
9984
87892
85309
10738
54473
59466
13604
77423
13643
75454
87094
2015
67978
10618
64310
89191
36229
42570
99294
18519
5168
94383
86437
18088
43792
92563
32266
61247
61586
50455
43072
70830
77192
88041
75062
11130
21761
54801
88770
69719
88708
78281
2921
44879
27593
82765
14381
3137
28820
43208
49876
67270
54863
62766
14129
31567
86370
30056
18097
50795
99154
92554
98820
11173
78387
11425
63877
10313
3339
10408
74120
24167
92741
61369
80224
29520
19535
90112
41962
37918
88656
35371
97913
56080
17929
8830
79710
65618
90215
1828
63188
52379
36994
67648
64742
2448
89046
61344
35454
12614
46907
65843
44746
56164
86115
60881
14476
95367
1455
55065
30271
84416
15630
84696
92066
20504
30355
81989
59842
59411
45490
96938
59432
97330
74488
89116
80187
25939
88804
66251
31828
55475
44421
45397
97821
8627
62705
39189
24420
98680
68991
89882
96610
31148
10369
24466
5026
61987
58402
54853
89712
66424
96248
92925
17568
64853
19078
33347
4728
47281
12593
67685
90363
63156
66109
77075
21491
42678
58371
37578
98650
7974
25809
52072
81221
11015
46334
54589
44878
88372
45224
9442
70748
73507
42156
19044
85905
38280
70145
47385
72528
87632
70034
67635
41353
9518
46038
95954
51394
38803
90510
54643
98339
60342
60474
86918
99166
46803
30136
69022
1754
16175
43482
9506
51323
1338
74915
48800
16207
62317
51678
76257
53591
58835
91258
71480
64656
29828
22694
20915
52829
81101
84965
72084
43443
84011
59374
42362
49856
47957
44739
67928
73497
61978
10348
31591
91455
77120
54704
98231
98445
35563
31791
2752
3329
59134
77470
21176
27076
41660
96511
10109
43384
37543
13885
75377
26109
16394
61057
87366
71360
36914
46292
78159
59328
77334
68370
51414
49566
54072
21319
652
28256
5892
21865
10651
82530
80053
55921
56727
93243
65751
75127
28147
8519
86855
55529
52655
5686
92150
44743
86287
85072
43052
62078
45895
97923
58346
16160
72627
22411
68584
79933
52547
41372
50173
82656
58516
71311
8412
94343
69785
17223
88667
88416
22840
21119
25040
99613
23057
30930
72020
94836
44025
19750
60809
91158
17477
73493
13208
53994
41698
21530
62386
1413
88769
31701
24153
40839
60591
47802
41399
1557
87427
58588
41772
73007
31921
72242
38661
54478
94235
27460
76263
34204
88935
60500
59052
20591
92396
19115
20772
73699
25318
84639
58748
50099
10633
70974
47612
79828
63794
97305
9354
69295
26040
46512
38349
91992
48354
89494
3052
70863
96498
45121
44404
96979
77471
73360
52728
99070
84608
633
50867
83585
39332
29198
36393
42492
59679
10155
6859
10202
9791
51583
48090
53031
62813
82773
96227
9647
30094
17534
104
14677
80697
72476
97695
55660
22115
24013
94963
6006
52230
66994
53608
61174
54656
18907
8381
66100
95272
66066
61674
76044
47899
9568
62569
41203
26388
11039
65713
48520
41403
17022
77340
40019
78292
91082
9643
55037
19032
57631
29536
45323
4737
48459
81544
59224
58494
56027
15068
12845
50566
89765
67708
11968
362
88209
70940
83559
37827
57764
59387
56247
98347
60298
42926
94845
55975
33375
66684
31224
53730
83547
12866
18353
27605
84760
95255
74137
56065
41345
71081
21693
75967
22040
7110
85096
40079
69188
90871
53174
5326
6646
7335
16368
82339
29142
18305
94184
48823
80335
84087
55763
39140
75763
16511
88734
33510
88556
85432
63886
27631
70657
44618
37720
77303
94177
12587
51257
8144
12270
24478
38676
50999
28361
77751
21702
76102
76567
10425
58695
40839
26285
28352
32128
78883
45597
97274
75459
65561
35068
13007
81163
64394
2671
39810
62161
76080
85010
68880
1800
76527
13572
83670
84598
75076
74675
90287
24431
80250
88799
25242
86191
36603
87246
13082
17300
15779
8139
29591
86998
27089
72540
45633
57924
35799
79775
60469
53500
62576
88671
93209
2599
83281
61273
48673
12879
37688
64293
29364
97789
56065
62244
66216
8627
67736
23589
17705
91971
38248
10163
74713
36394
96178
42527
50578
15853
55833
34693
13383
50350
20058
38621
40296
92875
12890
56385
99684
90611
25239
82166
64681
60006
14304
15225
43271
61928
88577
57191
45074
77825
88310
82665
61222
95540
1344
35482
80197
33882
49910
19190
56508
49146
47507
27904
35428
94440
16429
47312
47108
48119
50726
52280
24531
24316
11963
45522
81211
75873
4794
72072
3801
1570
76528
85663
67745
30439
29120
41696
48415
72446
82384
420
3064
50805
96862
47324
52207
42385
74991
58395
71395
59630
26056
42144
7125
29460
80598
57283
71304
76818
78631
71163
11233
36857
443
66954
2542
75640
45621
86598
32483
22095
4780
81221
41599
62194
77951
58212
109
31868
55749
5204
59591
70509
97249
8066
12020
94370
95316
68321
42450
77776
81549
53045
4815
96732
19003
7455
18001
56954
17316
45056
49398
74240
30062
620
6293
35749
14426
15821
38499
66204
60336
49
49586
76391
37174
86577
27796
38874
91674
52190
4445
97678
5263
28458
25030
34782
79540
98736
71054
86049
7407
5442
26779
1796
11257
13005
34302
94723
43475
7179
69621
88356
96695
60581
91210
45105
50217
44898
21592
94000
72300
75120
30957
82464
89361
56782
72139
64114
86282
43635
18505
70626
44380
81887
93687
11024
13427
80221
87807
96575
90447
76049
72518
15626
47004
77795
64081
23198
52736
93896
1253
61944
46958
73386
30950
10075
23671
36756
52737
35982
86816
1627
9222
80112
62382
7116
67789
34073
20798
3950
12154
67534
1713
44116
17818
53952
40837
17954
77709
38082
79903
60088
95678
81989
11395
3520
72397
58898
65318
51760
30925
34340
81851
24573
11241
57759
81066
8060
82594
14737
57375
43990
46132
57059
48670
37511
56151
51899
89812
2131
44704
66546
35624
87430
78855
13389
8689
83910
51044
96602
67009
3928
5779
15593
5759
6411
52086
24740
8211
29348
89018
12909
91770
7623
29969
12530
61049
9568
3774
1551
78413
3339
89072
47937
70753
28966
22789
5954
13018
29360
73104
32422
16236
84574
56950
96977
30416
21338
26705
79699
63565
70392
98903
6017
35378
6647
85589
75728
98662
32432
83605
8016
18198
52095
74784
32900
2477
88395
95996
24090
46883
73267
33941
69707
22188
84406
2106
53648
85105
59583
34975
72062
27356
90476
90304
39969
79500
87385
43653
15889
14089
54094
34528
76914
21681
28738
36723
91246
45649
49610
43727
5703
88047
994
28920
60284
62628
72758
6148
86426
56327
717
6946
56348
75428
74611
63511
28032
91212
79298
75555
84551
24870
75212
5026
19529
74211
31496
1103
55379
34352
5206
9987
7262
73444
36272
9307
22605
9304
65648
16728
61763
83542
86456
70239
85630
71754
1986
31808
1108
11702
14692
55860
21448
76642
40415
33344
74057
43760
43877
2583
75688
91886
93092
61403
87508
45636
91635
3044
45363
2637
48408
86137
71423
32930
80052
37882
86010
33106
7884
12033
34864
68078
65141
29693
67720
61056
14810
46558
62758
3164
48877
47471
40416
70863
44648
98172
8123
28948
2686
98805
54881
31973
87140
19499
84513
54511
74229
27608
21188
32862
66438
62427
82983
34807
38311
12448
81114
13957
7667
60638
48851
73930
56980
69850
27632
92663
10165
21578
71175
64504
59110
60339
86220
83366
90950
92979
15455
66336
54896
79579
19790
60628
64964
93268
67150
24982
69488
7043
56626
82803
3323
84967
94726
33440
48271
66494
38027
42539
77600
21287
60942
74931
55997
69507
16167
63988
1394
98293
53483
18266
93271
21928
78351
70039
99129
86416
91386
33103
75395
89960
65477
5168
66313
7707
87185
76416
28336
61182
74277
11246
37789
64506
4259
87979
72729
19719
99942
4753
96221
22644
24443
53889
13920
89444
90552
16971
45242
5874
64061
22150
86356
49429
17766
76607
22895
7646
14954
90734
63693
11326
35827
26917
73792
61509
98778
6146
39469
36197
55326
76067
3963
56853
95873
35673
22014
68049
72255
4181
35131
35519
75084
98654
38872
3084
8873
44069
51394
75829
60387
69264
67481
62242
11176
82515
80348
12908
32710
37117
31212
79328
97666
65421
51072
69723
32626
78949
24741
96213
10904
45271
22607
55002
82651
11933
17601
8019
40483
74213
63413
80004
30865
86984
9960
11022
52889
88124
9349
31412
50461
17375
33100
58491
40551
31636
18015
79787
63074
89386
93705
41202
27062
87927
74540
61064
20574
59557
35749
13837
41703
78083
95741
77230
616
30492
33999
16166
28089
69764
92593
16385
44337
47566
49633
96284
47360
42970
11565
76936
59365
40108
23359
46734
94925
74713
82435
77964
17065
635
17687
73501
81162
77987
23950
79991
94108
76429
93472
35054
8284
56559
27026
50070
43095
90220
17853
19557
64833
86213
47934
37655
81103
34063
79481
59243
73073
75712
65931
78731
15855
91682
3627
15433
95551
67210
39515
90596
14465
73250
27473
23530
16439
16322
84444
13912
77508
8158
66326
84508
91167
47065
50213
77563
51316
56983
41805
5423
30679
11568
82326
28232
8774
30304
21941
91636
27387
22619
81337
89081
26026
2718
12148
28734
25949
12192
1925
93834
73578
52680
43486
44932
58829
59608
23959
44729
39239
33831
75054
17564
47475
99309
42488
88008
21601
54167
34473
50593
77329
15770
45244
3865
2061
95684
11871
78638
4291
76878
96703
3728
90078
72301
73547
19937
51904
76136
28839
3125
15646
41252
55760
59224
27416
1147
16454
26575
76787
66028
14907
53494
16661
24075
17079
37801
10269
96793
91686
15774
24924
87822
10846
99792
85620
24115
18256
41302
72747
93484
97610
87666
13099
88914
78439
96806
35162
32543
96340
91488
60401
61219
2016
68054
81628
73171
16479
76972
94253
46977
47323
9427
89277
59974
64024
80363
28159
54748
15265
31113
41282
77705
2100
33044
54980
58741
54023
75241
13550
7836
16246
84991
49584
84959
67723
52837
26041
99477
45992
3943
27378
98527
27315
61071
16984
10554
54302
40136
17685
65709
53171
8093
78202
65377
60857
92384
95099
80336
83877
37703
58471
57719
42047
54257
60578
6597
10992
35527
57633
89238
3717
10109
46241
17145
58211
57463
13508
19404
65159
62696
18633
84809
75992
27990
39047
63258
32172
78746
89605
27817
27955
47523
56505
53458
40196
66970
22684
56377
48291
83584
81735
41528
15755
81683
56524
63729
10941
82383
89650
97826
69573
146
54542
18198
7974
99832
93819
88088
32418
45509
44887
5666
15847
74273
78073
37555
47225
50557
40082
30079
82712
52500
12351
40449
32174
48300
67528
14092
53943
92380
7512
52991
60461
40103
63386
44950
87695
68935
95852
26749
52334
24197
85187
5056
99124
80165
4411
90077
17
85950
81464
39835
16835
73606
90558
31156
61025
39853
50025
9358
63780
18464
94698
8007
59955
61678
15135
8622
93577
28615
77966
30927
18757
84832
76093
65542
33998
3314
8177
7093
70561
46755
39298
32816
78841
5020
2999
27094
14937
40537
22787
76986
6168
31808
54139
54047
2186
58697
22706
98530
25863
80412
3284
52241
70651
