11123
69780
49183
17388
70400
17254
79803
53134
44456
2382
55238
57572
32681
81118
73385
4698
67659
75646
58737
30079
44566
81753
82703
84681
66083
57442
73336
97829
464
67137
77901
3448
39053
90621
25173
17176
70036
4359
56166
7040
28598
32833
64674
47700
28431
61546
62014
85521
45883
65192
23998
79408
31139
66672
3036
45271
80464
8084
70312
84187
40768
8266
55785
5719
85813
99764
49474
33602
18731
47921
27599
83951
9698
98304
87855
21318
88825
1709
31611
1755
65884
53689
85588
52360
54036
88618
82971
4716
71101
44812
25754
91487
53973
72514
66528
55377
65903
61966
39658
81214
64423
54072
70493
11791
99569
95774
55631
4017
64330
10969
24517
27370
87984
51303
57879
57533
58093
49498
42960
27644
67279
57149
29970
78725
64435
36990
36662
89370
96159
62173
45777
97473
67151
65295
23122
28116
5894
19215
41831
69126
66023
41730
66304
51956
61180
30469
98091
35299
9491
20246
25438
40987
97193
99035
21300
33119
26206
80402
46158
39304
23560
87926
61371
72254
46212
16139
50706
57522
76839
64199
68892
22075
57650
48637
61646
66187
78948
84295
73748
64909
50697
7727
3498
98877
12881
32602
62468
57187
75195
69458
13005
93038
79088
75630
88492
29962
80236
25088
11138
46973
94582
91899
59568
2051
72529
93918
19414
93188
52140
74466
11670
20911
82996
99804
12087
78262
69577
22383
81093
62277
11661
47857
41430
25919
70521
888
14920
50104
87498
17249
90885
11561
55832
28893
32520
93747
42375
11769
59482
64211
87959
37512
91701
64094
12758
42927
67466
72217
26486
17996
10525
59448
61785
33220
57358
10769
17639
49064
65523
75068
59138
17795
92512
87241
32081
75427
58441
41950
16377
86177
61342
72908
490
47886
54677
45261
56117
45053
63910
93852
1979
48903
43887
40464
38753
53086
38328
95606
22592
9778
49457
87179
54393
90682
41431
79539
51429
33120
47477
90681
77738
34955
79975
72035
78249
90345
42554
65552
27508
27449
3952
30737
52094
76819
41279
21538
68459
56149
50777
29316
4678
24586
79622
9432
16017
17305
44269
33689
43799
41128
77074
12599
15870
43690
3513
34284
85176
87244
98057
27580
68376
72888
75051
75342
48737
11140
97362
46369
25402
93370
63540
53165
66526
85637
38902
22680
49617
85845
99175
35345
40428
13519
52995
8236
96057
71316
76279
39194
47578
53387
16612
12293
8804
84366
92508
55045
54153
12846
13034
82754
4275
59876
15886
72966
8332
91285
51366
41086
3034
2305
43272
32717
53096
54281
43467
30093
17472
87354
65510
55011
78293
54842
6864
48541
54844
9390
21510
7339
7674
96005
29388
62136
52696
55781
67435
15331
26324
69040
67544
87678
11538
99666
15572
21986
9519
89898
46512
96685
70550
915
26153
48505
70443
29902
85233
19066
74180
42093
16366
52724
8728
17758
45628
98263
19503
40498
66125
64568
6458
86281
21969
60877
77660
81308
93521
54148
48357
94023
14036
93088
31775
68529
92997
73394
24641
95769
97292
83088
56545
87135
55224
80084
30374
84140
52094
45012
47836
91518
63483
32729
53281
64788
70197
1118
80348
29843
43104
23367
90509
47955
58173
81563
55935
77385
54525
52128
14970
33745
24131
80594
7062
7095
26567
78815
29098
7906
96310
4386
3905
20191
66167
93946
46734
81157
30793
32102
55254
37642
26248
7583
51788
27810
16270
96786
25915
92942
84918
3576
23004
96617
62715
53236
81639
44234
40127
85321
17830
65846
45896
53558
65028
77510
2117
51918
85061
89265
59631
2136
37039
13462
38122
25216
48230
23720
28939
69400
30774
45461
10611
96782
8713
74421
76761
17995
53400
76684
27941
25318
33342
62812
88281
73027
41448
51498
22986
55339
39305
59434
43628
104
52682
30890
85389
11421
61023
89497
62295
99585
68660
15506
18649
36150
65766
649
37951
84490
39406
65360
2525
17673
54296
38630
39851
28413
26610
67165
68330
30115
75680
25190
59493
87883
64236
20187
96243
26796
8538
40681
59608
75297
28954
27544
97707
68932
64663
16825
19443
47078
74764
69899
85066
63368
44470
36457
44739
35129
48517
63604
86216
73996
56812
79416
37436
23732
29879
32765
34912
67392
28924
79277
657
93357
13707
71453
86318
44268
96607
42937
83479
67762
45142
55313
76273
75861
79357
95770
64806
43978
64005
91906
81001
20824
12754
94452
38967
87672
76049
34596
15257
92716
4393
37943
79814
37785
74795
1298
24837
27234
56164
59070
66577
50242
54097
82133
15477
27398
16177
72204
42902
25989
54102
39260
82928
67196
70741
7950
88696
77706
58942
86723
37057
55045
61477
48989
37115
46520
53886
45678
45429
27962
22760
89115
77059
41259
45024
38220
29563
91437
79958
18515
75577
12765
64188
21046
14082
32268
40251
18202
71173
93567
2496
23886
5053
42943
78388
32818
24404
20926
72713
60739
96610
56839
15568
99460
26643
68352
57927
23241
21094
48191
42095
88611
6225
17830
12540
19235
57922
98204
91398
8749
65377
91306
74813
85659
34193
64463
72121
27530
11893
34368
28047
29349
11471
92895
98175
79629
70595
59638
11882
89282
48155
88176
35106
55536
13220
13493
5305
88792
6933
52960
84859
17050
9647
41759
77528
94748
57760
42663
5241
72570
9666
21937
16852
1066
88448
43668
20155
39786
32889
47168
16654
32232
6909
76980
5137
1582
244
90589
41880
6601
1278
77228
64318
34324
89813
92563
35253
73350
52526
16219
7000
15284
96895
36549
68029
47428
52250
87451
28550
75727
23576
52306
46486
75794
24113
18047
86208
22354
67143
20915
59419
94057
41794
68308
51379
12977
4918
34041
34457
37484
1376
52353
66970
6126
49648
64177
38925
56167
27329
70537
14373
61425
8451
89281
26694
89906
86938
45861
63157
35662
48383
71722
80328
60173
79524
73548
33821
7076
7093
21477
80647
47619
7546
1324
55586
33115
78297
11112
14664
40745
71384
6960
45372
80131
3648
83456
64195
98013
29917
97018
21714
6264
46498
22902
53603
54825
12297
46247
74561
36770
71864
62892
17571
71871
9855
26768
35446
93998
43390
46591
43314
90684
27076
15013
2990
84920
4274
91428
41776
89831
44733
31825
21885
22595
87858
16108
29966
75216
39605
60187
97603
85757
38818
50626
17554
69011
51444
93952
34104
9566
48419
52041
4688
35348
11752
21660
69121
24838
25405
84896
21713
53763
47135
80960
89272
58531
2357
93983
65455
15191
61003
61082
25511
39051
82711
40185
33846
34996
33148
37650
89389
5468
14828
27578
64037
97575
94569
38312
51639
38849
89700
54600
98666
96582
81159
9945
64295
36205
27310
20388
40553
35058
79983
64089
30353
37438
42362
89256
38581
89430
69436
33208
39864
88029
95550
1351
95861
48167
78922
22751
76085
48091
61965
92497
27328
4771
16952
94225
22192
22899
37153
21550
75073
6964
20550
86348
85220
88588
92561
45856
59219
36236
63575
71
71455
3030
74555
83555
39780
46472
37680
92276
85311
95817
64923
63183
82998
38415
33078
59229
63477
65483
9937
61042
60473
66322
96436
40039
78277
45800
41055
11127
80466
2635
50770
92148
58276
72121
3048
84931
12055
49119
53726
92186
1496
74944
7346
18964
11376
50398
94311
14671
42491
36904
21508
35683
51447
84063
78556
46014
27384
8807
5032
67616
97528
34087
9584
18737
12460
30460
87082
1946
96337
23072
64249
48199
14373
97619
60694
53238
31411
7331
95660
23036
86534
42238
62013
68789
27774
99665
96866
9829
8193
75867
41616
2320
51176
98355
45110
86899
8058
7378
15587
80925
10199
92255
92100
90541
99114
54294
46219
99401
43714
84852
54731
25816
14714
34913
10912
60829
29907
40410
25996
98224
17411
1561
59739
24154
61319
83908
36648
23438
81236
57327
54296
63327
81707
21199
82788
12929
93131
16701
58005
33472
88257
79106
50184
73111
34810
23301
83377
88366
32121
99534
19739
78003
78467
73174
87917
12659
13463
20014
91721
36565
41020
52104
29134
13748
34483
1445
77597
1335
2540
28444
92696
89551
95060
29092
75814
76396
37963
91262
4372
5692
91284
86146
12981
59137
86117
74533
54218
77486
23550
58468
48253
89886
85271
6991
26439
59889
37522
22133
41394
83171
18480
23143
31512
95339
82272
36940
77226
30061
87729
74465
86829
47580
96712
83082
74366
80144
77101
19386
54838
28991
55680
27963
50377
30524
96393
890
49961
49833
90541
77938
63047
44377
10268
62899
16377
69543
98184
64463
51287
76237
25200
32417
2912
3906
30234
9242
57209
64978
70559
23177
38645
16219
54687
84678
86865
33346
25910
61180
11030
3056
10567
28497
4865
68813
48532
38899
41855
92183
76048
15072
77234
1919
17547
94514
61265
91616
12877
91749
35755
73149
69086
91526
43852
52085
13377
15386
5080
30150
7841
29993
24564
64283
6884
93285
48548
10963
37884
25051
57551
16656
32828
20884
63390
63032
55336
36392
59108
31276
25285
40704
23320
86755
45903
50886
16061
93378
1769
89611
54850
54938
42703
95221
40133
32830
616
1763
84499
7295
59448
61055
88203
23878
49937
49791
58240
77261
76905
10167
73021
8378
65702
84702
92130
8985
27254
92123
33165
26197
67484
46061
55028
59699
81380
97268
42383
78444
3736
6015
48595
37284
77643
70259
78712
67243
28722
3252
40636
72752
76115
39571
44704
53693
16277
92596
56816
32243
75383
25467
58784
67843
32732
30003
8210
93445
59492
73499
22996
83577
77303
5261
6087
43224
87642
8843
93338
8725
60643
13928
80020
74774
69865
21809
68945
90153
61397
54134
47012
15845
35925
32025
84314
10622
75023
63026
7327
2692
80691
60188
22010
86617
94409
12736
44595
95917
10729
31548
3350
14968
25033
37807
70127
31891
30737
25123
25620
51603
83530
48728
88898
37123
16693
90185
85056
65757
90009
12797
35680
29796
70580
95693
20548
53441
20722
83501
83421
35513
46683
39672
96142
75335
83303
42396
85519
78203
81293
58495
84973
66190
9209
24045
77743
48321
81819
86015
15892
49201
72636
66282
28024
49081
77676
84897
6678
17221
28663
72039
59238
94702
57718
61973
9287
30902
49793
7652
13496
53346
37154
38936
36801
62575
48869
9898
61263
8786
46475
29360
51868
98384
11262
99178
43340
47991
12287
97580
39859
93719
98363
96067
9877
62465
60380
85126
96742
76346
60956
24859
3183
74907
42548
81858
92914
73481
23314
9250
77509
57548
64937
2990
68314
16398
18306
65172
94879
66162
63249
7938
92289
34030
3202
99317
85420
28294
14418
49791
92941
54534
86586
22708
11992
35900
89222
54450
15397
78416
80260
26410
72757
8353
41240
37583
86003
14398
6573
66938
93782
79517
40005
90039
50467
52795
62001
87824
57391
52497
86908
94356
72577
56719
6689
24036
18326
85464
47966
82938
16255
12921
48448
5046
88389
19687
47645
50566
3020
63220
85761
63313
19157
5806
7008
34304
13789
41044
95915
46953
69731
33334
46045
2650
39079
86504
95797
64351
27886
36514
10526
77584
52034
29559
67369
85145
46006
87248
96508
27143
6119
43205
4644
23628
14302
40695
92518
36272
53363
58285
33748
82868
42571
49288
30203
44611
81729
7397
9400
59256
68227
58511
47915
93318
2419
45567
36323
4392
36142
62353
74681
67078
41770
54180
13433
1856
93048
98957
7963
91930
65961
23672
3728
59205
30380
65469
97592
88229
74069
56027
6768
80836
89498
77044
13704
22578
31223
24004
69907
34839
66833
25502
45784
55415
77367
72709
88165
8865
43301
18917
8995
30740
90082
19148
61124
29263
83850
82440
18489
24563
22694
8125
12352
82934
22614
25827
25339
74727
29456
41562
94844
47641
37794
51275
64060
66255
74964
71389
58923
4482
69641
71985
97921
55218
80676
44474
65843
43270
744
63644
95233
76609
28407
6400
13581
88228
41724
74705
79750
56858
24452
24470
33122
13091
7174
95692
39754
6817
89764
16224
32783
34841
425
870
86074
18214
35282
98712
44929
67520
11306
41742
59382
72195
61294
92119
60761
89600
18703
73586
43214
55645
3765
34571
24585
45065
29184
76789
34310
45504
59114
93344
38837
44247
1225
15704
32146
6757
89521
79002
76115
15055
89109
18003
49466
20846
99085
67766
58090
44126
32884
57914
42807
85990
72425
78222
76086
97119
89973
8474
7091
29314
40172
82995
66050
12211
54668
84250
3981
14532
98595
25907
52492
807
45517
56957
11186
32660
30394
45170
36644
50547
85390
86428
15748
77191
75906
94290
58892
53944
28841
13134
88151
50650
99693
91789
57785
64991
77431
27202
69166
53622
75565
51479
84592
63006
96757
76001
31042
10347
35704
20926
69417
53939
23426
54926
43995
40374
3622
1452
52783
39880
55806
51047
57236
90909
52496
36001
15518
81487
19981
29571
90843
18415
42675
93755
3715
37958
34738
79315
59694
52454
35115
44847
17407
64690
34579
62435
46718
73446
61912
22702
91236
8324
91003
48663
14255
42397
55835
99491
40981
88121
89011
53392
19606
96323
61465
10578
66186
52051
86823
35783
