75924
898
95223
68
89439
53075
73093
16080
79473
87060
5834
77089
84208
67793
57344
11307
66803
76541
10345
90284
35641
12228
28121
84689
40807
23389
71840
80536
25212
5595
6520
97713
21363
65731
73383
55997
28213
49143
96913
81273
41816
80145
11806
21012
61143
91404
69603
39995
15759
89595
66544
81941
91156
61789
23061
53418
35982
40904
34802
73568
47027
76674
51001
2493
66626
68911
80354
75216
60665
33605
8747
52843
95700
38363
91562
44169
51651
14560
10609
70061
58886
28199
33788
85835
200
77376
89657
34431
62325
5090
16757
16379
47448
53797
71839
65439
28022
82924
21243
10497
23745
54175
42726
52716
14810
13911
49377
71844
28038
62994
72700
96359
90124
82406
64960
74671
94760
8658
3064
52565
36975
3408
94653
66031
85599
67719
50013
9882
95266
57629
31816
66515
79456
34794
93942
65150
6653
51175
7128
48106
29174
29797
1466
65900
73939
70139
98449
39400
96426
75255
53415
23886
28592
13877
10816
50112
52508
58445
39175
67378
68122
71271
14522
4074
28393
6602
34096
55111
98194
58706
77891
41566
76229
57183
17501
19328
18929
7850
42723
47031
71104
38963
37976
36527
33997
45237
94736
34705
12899
36091
28978
8491
22227
25420
14312
21579
1169
9698
88262
14314
80780
22201
7541
60069
70632
89890
9275
17543
15034
46967
89833
95683
50783
35913
87233
82940
13945
76469
87297
23143
87528
76757
48528
78696
64160
38258
48996
70042
65772
87383
89454
62315
81344
20482
95363
87203
70771
54643
62823
18565
79969
94055
34264
12429
87419
99166
17652
47034
80809
33720
65864
33029
87070
71966
28535
73679
46518
96253
75619
98170
61871
10925
39579
40686
60192
719
48064
17051
91162
9366
62549
88606
38458
27581
55300
93660
26696
8534
52967
40843
81872
17538
24633
71344
48187
29468
54522
34211
53992
55119
13272
96399
85644
84232
82785
11286
36963
72999
98338
56050
7409
36687
26970
32565
76090
69469
50016
8370
48506
81781
53901
83508
30755
98327
3016
51340
57617
62193
58605
552
85931
48238
3800
71007
50616
62700
21684
49513
75866
80491
71291
90379
20108
23553
15560
56848
60564
84075
19105
93011
90821
74814
83706
44250
52693
96700
22120
43996
94805
93986
22468
99010
26258
62589
41527
19051
80774
31836
74888
7050
31804
38017
64479
22347
75487
19730
72437
84307
86621
97356
83194
23748
9469
25143
16739
93055
45242
17588
78
20324
9723
53490
35251
59093
7985
71200
93705
78682
83468
20189
12017
35005
72122
97164
46883
21365
24861
62276
90196
70688
21064
28995
17409
85928
35766
67842
30010
33609
36487
30883
44654
9993
6647
19399
44398
42693
48733
65820
55393
53229
52701
4755
31908
80326
93834
81680
35003
43918
10012
31739
43289
38620
73353
61076
38440
80708
6532
33155
57909
27578
56783
44205
90107
52687
10301
35619
26826
54807
66377
97044
62355
55947
33964
65154
50996
89769
81887
45650
69659
66233
87374
57981
8856
11211
31701
68772
4195
99964
39130
10944
28007
68440
58950
36663
25802
49433
72545
12395
58714
51821
96521
98316
89333
12181
21359
66766
65716
85258
64782
36533
6390
89723
94505
88524
40741
83313
41087
22166
84199
54707
95245
16892
74500
10181
19297
33796
56494
21131
94135
79106
32657
92972
8338
50089
88089
20562
65304
23450
61563
36109
74762
17469
22913
6295
37119
43021
47317
6866
97724
80910
11752
2606
93458
60154
54752
80135
19796
12696
36124
85290
87027
92206
26277
62328
87639
25965
76244
96772
65373
23819
94266
80630
58184
23375
70991
87378
71237
10116
87898
46610
18143
31088
37658
81840
23131
7103
72399
50464
45681
11832
47752
7258
35400
9297
36426
79221
69261
33726
69657
16591
18992
53445
52230
62825
90459
78189
32789
16463
36719
50549
42154
19062
92028
11137
65712
9469
41693
19470
21797
71766
76783
7527
60774
51422
31820
69296
59186
97448
20327
34560
31005
88696
57158
96972
56500
85770
4695
13213
83271
43475
4145
57124
28920
67264
42376
29028
24351
86139
91468
19405
71735
1804
83583
76905
14153
6907
75633
20495
93970
60211
54586
57173
74484
92130
88851
70755
92918
80094
12337
95651
93561
86434
5791
37268
67192
16917
2103
90525
36410
48939
14364
76094
21432
78117
45943
92899
78821
47828
48396
58482
85855
41947
83161
75651
76017
14610
28683
49871
14530
5479
1020
25537
42238
223
29005
37994
990
88410
99867
31281
90454
96020
71649
24966
95804
53063
11146
58551
29744
18990
69778
24540
44844
82373
59896
80301
70409
49836
84194
78484
43467
81738
26317
91933
45579
29134
97454
7914
17343
37393
95050
92706
28455
12183
57807
21033
78423
58261
25549
22443
62556
1420
10357
32146
72557
70931
50540
30488
35760
99411
95563
54454
43077
74923
13399
32090
83155
77460
25464
87191
60845
53151
52760
70871
18689
13403
57849
8459
51037
93106
70963
64227
54462
25363
5034
72184
92886
74410
43688
98567
66713
33771
63900
17433
54948
74639
1646
31645
91435
43733
98589
14423
75934
50921
55416
58225
92151
59618
62229
93455
21730
13764
58289
97761
84169
44870
70501
9778
97627
65903
18273
46750
34969
4890
68423
92960
24413
44632
68359
29672
85447
91252
25395
97932
13029
5649
85182
42006
17022
21040
57910
13275
8699
11630
74938
77067
65266
7018
74266
61732
90417
96932
72938
46017
38628
38113
55874
5456
40002
82827
42581
13825
99386
49558
64524
3995
7670
47005
10271
93577
69353
78154
80815
45009
61722
74036
76930
52580
38637
86499
42332
177
47530
85391
24535
77013
69613
6598
65983
65453
28681
50861
48973
2092
20697
19486
75805
7591
29189
12175
91150
99982
25453
93459
38773
24949
24789
3610
45470
95633
9133
12948
67489
51294
95228
83122
21341
38396
57353
52173
32948
60315
65029
18720
76386
18411
61336
23632
26522
43734
486
92621
41567
37385
64958
96784
34204
91405
85471
36228
91970
42420
92231
30945
21660
1999
16538
90131
25391
90013
28651
74329
51891
66365
50666
40522
9192
34788
4266
27698
7255
55914
1806
71321
11367
48351
13839
29765
73657
23611
98156
97494
78496
22547
25071
69103
70752
74664
12952
15733
73058
1625
9225
78223
92401
15448
62348
29037
81428
74554
38084
9125
19240
45128
65743
74105
85753
50323
99989
85653
71422
83973
26737
45236
48302
37874
65464
74530
93570
20492
42730
20923
75817
69174
8724
59986
40578
17488
31936
83375
95577
67666
50522
78384
87649
46836
3423
74992
44714
95113
12260
90052
63904
25580
81280
66882
61088
78771
24472
23677
17687
80928
63173
89451
95480
89431
65667
51047
55450
35593
47864
91506
98764
81614
75487
96597
62742
44978
7441
31969
20653
41350
57616
62519
81586
3063
3087
59076
34569
56092
54240
33156
28561
40681
51387
98344
96100
98400
59496
83410
6732
86343
88490
57020
3456
37076
33576
64056
81530
79333
441
11378
63351
49005
85260
51794
46218
63177
96561
49598
25373
3248
69414
61404
44677
57576
29026
31605
1152
4598
27832
79349
72238
88845
75049
17071
18409
52008
7881
88734
31779
22642
78700
60966
57851
64866
79948
84600
96667
40613
9466
50580
32592
28595
5566
12201
14983
55108
98221
27960
11041
67835
89223
45719
2163
26400
9321
66321
73180
84940
49749
91082
45699
2013
52284
35073
13197
84810
20390
71726
36216
66256
90814
35786
24312
5226
11196
59854
84235
26399
97840
22708
62362
40182
87432
76314
12206
55044
27134
90309
18285
90374
16065
39777
28688
39146
43743
19430
87746
21479
37644
78615
45015
15246
82673
83781
19494
58232
96883
61776
46053
78846
54591
72685
9119
85128
21104
58850
72501
39165
7644
2926
39054
91609
54721
5511
48572
85789
68903
26331
3565
14175
42386
51352
28426
65602
73255
45159
27440
91265
79640
27314
96584
44901
54446
24391
82181
42583
64146
40948
78202
88718
61976
46162
6773
29193
88904
63967
12732
28953
76202
54819
62819
80630
1230
25396
79590
63954
83925
41077
24361
77866
37247
86553
61418
49880
76210
83461
21631
6662
71491
15188
64946
70685
28581
57460
65526
79643
49579
51437
5732
3939
827
37602
2295
41806
96370
89712
48960
69120
13710
55027
71174
8438
76027
904
70269
9435
78109
60013
67234
29177
8279
30469
5969
87532
64310
84888
36196
98834
23134
98550
96584
48191
61038
3932
68157
6829
36178
15407
56970
68209
23397
21318
4890
16457
21185
59204
25047
36881
79237
31682
74625
6996
31713
75276
21387
99104
25857
2626
72531
19314
10740
87710
90172
12017
52952
94613
30730
45398
51011
58006
97337
88809
89712
21264
14617
29511
57061
44529
79210
96543
44957
66184
5969
58620
61751
50764
34548
95164
97849
74261
38136
37696
59490
70408
50196
24604
36555
94865
13841
56814
50649
56937
54561
16395
84611
45270
96824
99573
71706
55697
26860
16009
34457
28867
77157
68276
55402
81161
26080
91238
93075
65463
97158
74207
34171
90009
46148
69733
36541
17428
35270
40952
90856
75947
90037
24188
57360
97213
78859
72566
18677
1387
74191
77106
50381
15191
66897
72065
37169
68713
82179
11584
15713
39051
46033
55027
58933
17236
24639
80304
87201
70818
29054
31256
46851
73440
27915
40929
56204
28231
99716
22702
85033
94209
16904
34976
85198
35496
45866
91493
14846
397
26128
79119
49529
34037
75278
83136
5250
40190
21115
29985
39307
12415
91469
68050
95903
79149
76854
32987
91180
12826
62842
58817
38188
53879
32683
97621
85998
8347
2339
41766
86054
46364
42173
72343
72589
72345
70449
31947
62358
14234
44970
23548
43759
17519
12646
79146
94256
20854
67881
6161
81795
58136
31710
28180
66383
61298
48812
98966
16035
6162
36944
76775
62844
81207
35453
92987
64243
71515
12332
62038
37638
37485
72353
51620
84641
69718
64573
17125
73865
4606
77210
21797
64101
19047
91782
92298
32617
17942
41214
68871
52928
74834
88486
52237
70677
44133
15107
98784
40510
32255
30774
9736
24998
51578
77781
46014
17974
79801
38247
58630
6431
94057
32443
34493
49926
62825
42661
2087
172
92646
74039
60171
79833
72927
45240
27419
98181
40200
97092
63307
30786
99273
41376
13250
83082
47910
91672
97582
29056
13402
24631
21970
65221
30716
71041
74939
61850
57828
5680
75856
42669
24647
87018
74567
82466
37693
20027
88789
55871
29508
64756
2813
48372
46013
88672
65386
68901
70229
63999
74648
44565
45310
10177
66860
56081
16827
63936
5283
53046
28091
10746
43944
58431
8348
8906
78239
57327
48657
94402
55647
18360
73822
47239
60989
18662
67264
1097
83683
44812
4457
51966
54911
12296
22505
14266
43288
50004
22825
76940
70587
70156
15633
84152
98067
67480
58250
16813
99959
72949
21789
59330
29694
40932
5721
8466
46221
72238
13908
5264
41713
8210
64873
79209
8872
6733
53856
77685
24410
93701
41067
28121
71845
84690
23116
79165
38134
14729
884
54309
51635
58695
1254
26862
59285
77846
87898
1126
8531
89951
80830
84744
83225
96460
49271
57395
9303
29304
41253
89255
88566
61974
31428
84859
51462
32859
687
76765
58355
88521
30559
66503
14998
50360
96209
54650
92904
58659
94981
31258
3633
82093
6146
49094
48382
94414
26967
91922
14256
87294
6589
83619
48849
86204
13177
89574
67586
91227
94941
45517
98128
94410
28590
37287
85318
43198
33408
70395
87579
31679
34557
91585
78411
72396
43717
94557
68388
20939
10254
82713
72343
71217
7341
9885
86510
71818
63181
25134
31837
95398
23836
53344
30321
29825
42566
81913
95717
34445
38520
65732
51795
81789
59910
50735
45415
59504
24969
11489
33839
65208
91392
80187
52495
86951
82583
2250
95442
11989
29573
8934
99418
76273
1135
89387
81624
12097
47338
39857
82167
60695
98654
86282
43347
84594
34534
64055
95111
5294
44947
65223
67940
52937
32240
97966
14237
41043
3969
57949
65087
23025
35396
43012
10047
55694
32090
23297
92203
7359
33343
55715
81922
88305
53588
7488
56415
65746
10366
89359
44336
17016
41448
23650
42630
64274
84835
17220
65957
64425
40781
48011
23483
57746
12175
27418
44782
77907
78785
70838
56461
31055
93000
64163
52488
47696
37408
75802
39676
62000
86740
24265
26278
52516
10954
9191
26617
94214
13660
47762
83819
69181
13601
53575
35081
7851
23466
27741
68267
49459
96712
80575
50275
47428
67146
22692
91342
8103
12356
15533
92941
60417
17644
32122
65709
57637
52254
79241
14690
1145
32512
95244
82195
47491
27455
85958
11534
53457
22104
89538
70524
14914
37235
65231
43119
58867
73193
5020
78072
59753
20390
72108
92950
15384
66985
73174
26569
55631
97801
32892
87044
30625
95890
3334
64864
1744
28173
95803
8077
30551
75421
59739
92259
24660
41414
81179
78423
43280
42376
22141
33610
18253
45193
82636
95803
80267
95824
73361
81277
54294
5453
60597
17187
27280
66615
85652
91255
65878
3629
