19710
51364
97882
1495
78964
8210
99539
66276
98342
85380
64073
84378
55227
49759
37099
97944
61630
44410
12180
65732
57875
77424
73714
99113
49941
62289
38802
41566
84685
26611
63945
18440
17777
84902
43073
81622
662
86820
90206
21257
24148
53543
1164
79383
60917
37205
2631
33637
3736
56247
63239
56465
80329
85511
63590
46258
20309
73671
22478
39031
4780
8463
63940
13292
77304
39614
90731
43772
72852
14770
84311
25296
15499
71250
94159
49653
79023
16968
190
40795
95442
86348
34038
29913
83492
79420
20961
95406
25417
77480
63365
1923
96854
86889
70643
63757
81736
71090
68909
30478
8802
42366
39890
75899
48769
28297
93095
15607
91101
76251
92547
59966
27966
97855
95799
11487
10776
12113
1976
49313
3589
45718
57130
69286
8318
75110
82187
16300
77781
6020
80058
64304
42898
20654
59714
37326
71336
31887
32262
88003
93972
28338
46155
93491
39697
33682
71196
74887
7962
36108
54366
13294
15389
30390
58258
84420
47864
64745
38208
8624
15444
96345
23174
27207
14810
83909
58044
27566
78774
86602
4418
23740
4903
74482
38473
10462
87423
12937
6683
17653
53789
91665
89705
7066
22405
68875
67599
68065
74777
38166
55589
28219
74903
26100
9925
437
3662
60743
8115
12510
85085
40508
4366
6598
95978
89597
70482
14466
8028
12586
26056
80748
76886
21538
50699
60360
97297
38939
25622
58497
21044
62993
96911
22865
58546
1467
49291
33855
25121
95257
63133
16451
39154
88297
83742
78373
83122
24538
66458
95812
48956
5111
5205
55890
41112
19525
28568
75644
18260
12744
89660
21992
22686
21247
26002
80983
69851
89744
40652
73898
29447
42078
74347
92608
34250
22327
44359
98717
58770
15818
11636
42759
23731
65078
11767
85962
49944
56509
28293
72732
76516
7671
2388
26426
32938
2403
92417
60145
57413
12600
51741
41080
24085
24282
35476
59034
80087
7976
57211
69842
30143
62867
60790
90064
19892
2761
98659
36824
1033
42190
14758
2377
17268
68844
24178
89019
79244
65697
86673
23810
27588
2711
90576
47919
51934
83442
71370
92661
18894
55970
70991
38985
35756
94487
35633
44770
81045
44660
64395
80448
45343
60541
41359
90826
62871
86826
93162
18031
16569
13502
93589
57038
75115
47377
94971
48145
61463
7016
53026
57908
34850
37255
80856
51268
83886
19197
74908
12834
6728
59325
81765
96614
78223
93773
26803
53344
67586
92311
63632
28602
59108
5021
47203
74074
29520
13769
14129
77284
43186
13282
42384
60732
78601
76603
84809
45736
34680
84902
7881
37587
46531
82886
60580
87822
85996
38274
79783
22354
87242
36917
39449
5377
75618
60930
18380
72202
21381
75620
93350
10058
98246
33732
94279
66160
65014
23364
83990
36377
36926
51384
29580
55386
8248
37076
97021
63708
8139
19744
20894
28194
66017
85577
71319
68198
44902
42929
87655
42881
64383
58022
83534
39977
53221
67472
24668
95988
67773
17284
70579
67131
28597
57654
1339
79451
45820
12363
87874
34900
85790
73260
72557
92596
19900
11382
10720
88366
9508
7887
32518
80100
4402
81779
53790
92100
88803
16748
64930
71725
76529
80544
28789
4723
55568
85764
16584
37368
28611
98287
33256
63803
78684
37001
9704
78573
37263
51074
82407
24317
38641
2303
34526
62358
22738
91279
10600
27166
2132
94459
69870
52159
12519
23100
19694
3587
5059
84903
28423
82072
72225
24195
53284
6579
35703
58075
29411
65584
94350
13935
29920
20440
74817
549
17219
15515
35315
51101
72930
93373
97453
96450
93556
19949
74036
5052
46452
92272
57251
93826
73294
74717
16074
32716
44169
61121
30083
50375
81297
99362
51404
33090
75903
80033
2310
79654
38440
217
80617
75202
19295
36804
43138
45796
16967
93660
76842
16099
23482
33823
51620
54393
90991
10219
82610
98222
46379
40809
50132
44400
51463
68903
34783
39391
91897
50461
19478
74340
93346
60049
54536
41186
5235
75862
24325
18213
81853
56111
18782
59190
54964
87506
6040
58032
75358
45511
16013
23309
5054
70608
23775
89114
21656
88930
44986
26762
66592
13265
32869
1318
75588
14410
33956
53505
91122
68953
12877
39465
19783
91819
79588
67609
53782
30062
30486
85196
68529
70453
31470
36877
73302
92600
94840
31306
49273
58584
38096
38246
30730
39295
69670
29229
47299
12102
12656
26338
34705
95216
98347
80244
93084
57108
6512
11792
51540
12888
80911
90320
71354
48760
33227
80913
7752
59270
67762
28738
40830
80300
63958
96344
84234
14221
79245
52447
67251
93161
58658
97162
81410
44863
19925
24939
61774
8364
18806
4991
49026
42258
5849
99905
95501
17941
6742
86302
76166
87167
5921
8104
28026
83842
10465
84868
10804
12701
87599
10527
62407
80600
20364
27293
1147
22570
92095
68689
27794
64858
50858
15017
8693
13730
31304
5153
928
44783
63269
51800
22726
49253
61913
38528
37282
61472
75651
93326
76508
24693
24575
76913
55764
14966
52259
18655
39215
95061
51388
71979
9019
13344
12287
42131
52992
87818
25774
49494
73124
36075
7594
95683
43483
25757
79695
84460
29162
26503
40241
47417
70550
50551
51153
44249
88526
15048
54812
46452
81010
84452
91200
96348
3134
27106
70347
3009
22967
32432
18050
63491
69392
23116
43738
45154
21369
77356
79607
43314
98565
97470
20831
98283
77207
62729
45018
46236
49513
99634
19465
28191
30840
36603
21471
77512
66831
12325
14688
46263
8110
77655
9589
9101
88534
19703
87465
80187
55028
62388
80676
24117
59272
58502
58113
99750
22642
99789
69869
41501
80664
71895
85951
74021
4533
57246
83726
14195
35809
38061
13620
59576
52825
2690
94397
38614
42283
52015
62027
98768
79905
23579
38506
80089
74791
8838
203
97167
69242
1865
68415
17664
73423
42811
6578
89770
68862
84753
87201
45313
7273
22493
67193
73801
36044
15031
20654
95652
68387
45625
22740
87525
15858
53379
89630
16835
22613
6783
4657
33161
4965
87232
39107
92010
59460
4644
71893
46834
45701
83512
71403
40983
65115
4666
70020
75022
92860
83801
57946
27
27185
35352
30200
97408
74333
45170
74963
68918
4775
19160
51942
15930
94662
6806
22094
63166
23081
57907
59678
992
44768
22999
53280
51064
67594
7079
3625
97227
7420
12491
60984
38173
23498
81297
83147
37315
26645
57675
55261
70294
75473
50739
30432
24580
6290
74350
65139
44928
26226
72046
45312
30906
13922
42866
51765
65641
26763
47304
3932
90244
2559
47635
69721
72048
44705
40423
69152
29396
78990
46993
5681
58536
96742
91732
12721
22284
23003
70830
18886
67445
38805
68793
19118
58242
81567
40205
80573
65740
52274
44227
11121
33692
13275
81588
87731
20887
76972
29855
56717
94868
10460
11850
33154
23855
14971
47168
38063
75670
91767
62841
93852
25951
30660
35447
66974
87484
18507
73644
85676
20583
34098
87769
58140
77144
56932
52882
82522
43190
1180
27485
58020
99626
1427
57401
92997
8271
28996
18907
53420
49317
74200
24115
95816
82405
52532
28141
19522
27374
8251
40563
32791
76958
7872
52305
27121
60892
58380
9873
31393
60754
83368
80644
45658
68729
73992
72257
93741
49580
60788
34952
42397
88254
70420
56640
43070
10888
95000
8798
86671
97434
69473
3847
55889
24051
10095
10028
60803
91852
66152
6548
36412
97390
83234
3032
92868
75140
39149
56776
82959
91819
23392
65995
81974
91909
75934
31203
58291
66989
87365
84655
91514
1670
21523
8106
92207
86892
48661
51537
90920
22091
60045
41505
70464
59694
33247
79711
16788
28176
74264
64561
55901
40527
85788
1833
68875
77950
46123
76610
42267
66361
23566
65123
5877
20052
83844
98273
25444
95244
94052
24610
5234
29663
33422
81915
92416
34391
57842
42106
45215
39969
39964
95232
28782
19100
71483
37030
88208
70285
93773
57504
93321
50767
11689
57695
3541
14344
2088
40241
99109
28279
6000
96547
66135
51114
48671
96070
42416
42188
12272
87567
88281
73402
58157
67705
18515
51703
70386
81861
6457
42357
59609
80737
4817
99796
34152
61063
45902
73736
93683
29404
5349
22130
64462
18361
49641
52785
18324
54566
22661
75505
8717
65154
78902
84417
543
95680
52515
65506
15220
44139
21209
35548
83172
8585
90119
13707
80543
15518
72723
20086
67257
19496
92984
84032
64978
96167
85021
84599
24737
23711
92882
78250
98525
42454
89225
62136
52711
72568
68591
99363
25943
11163
82406
49220
64929
86044
91296
74648
93027
17864
86970
54871
28815
68247
87507
85701
38480
78898
85895
88994
34618
60277
51308
40284
41715
53104
99496
48900
35895
96999
28557
53822
31277
29594
41395
7761
59556
54847
60560
26175
15208
8074
81206
33039
29063
74414
59209
46950
2779
38750
27227
45172
17524
98477
44806
66634
79779
92627
71846
5289
44581
73168
89232
76501
25546
3691
36915
95497
78689
48852
76394
18565
55458
22344
76314
76674
48439
62450
54222
67717
52968
18894
99341
99314
90018
40169
84629
79640
64931
47812
12982
89642
17860
82583
36205
23406
20867
60659
90651
72366
41196
78048
34306
70540
2756
1541
96124
1107
21394
42181
61111
30216
50794
70150
40529
46463
83928
17166
22156
97738
8997
1446
43693
84461
14056
83488
7703
41132
34636
30581
57952
71941
49274
10279
35788
96795
7939
47813
76366
62599
65676
34381
52952
435
3895
75051
46682
34849
91210
42304
46591
59749
86878
43550
18880
15284
2757
30736
34051
53940
19545
95350
69876
12914
63005
56045
55678
70163
50163
3885
42245
51170
18170
53101
14019
1640
9408
26273
77758
67162
27244
16259
11843
11340
63425
21488
7233
56708
56336
72393
63460
26441
65373
3129
15948
13049
31563
85623
71241
45818
34183
64161
32917
92424
90190
2952
45743
34413
54748
25163
88431
46287
25458
55836
32523
36996
36515
12926
90629
8864
13595
85040
72590
27375
43309
33571
99996
29182
42999
83847
36963
56595
92980
8516
82002
5213
16766
69636
57261
54213
50045
20174
24771
30564
17681
61645
78315
86863
74616
6863
33856
46574
22780
85801
79798
87242
1916
44920
3991
36164
96085
51682
39295
4930
50125
84251
45008
55716
39836
39876
45939
60885
83160
61613
10508
17149
42043
21723
51928
67347
35955
71013
12422
6256
74950
97528
75855
75263
42111
57403
57683
62672
5209
81932
78866
38507
7623
10729
29955
51010
32606
80011
86388
96640
6368
16429
48383
71389
38502
41962
83654
90099
96649
80100
76107
92683
84013
92609
24654
50064
27434
16624
32579
84198
12856
43370
67247
40755
42550
48531
93151
90683
61591
47775
72965
72330
63850
99313
63920
80522
22853
75999
42215
4884
13262
44978
85059
94563
36997
73577
95846
82532
20496
93244
78203
23849
53380
77374
49290
8829
10926
25884
56408
65491
40764
9891
52537
311
67210
60062
62388
6213
64716
32860
78578
72600
10677
69936
18113
81595
12994
14098
5835
68732
7558
29955
44334
22911
36947
1102
41912
22542
96866
45961
85633
75693
85023
60155
30853
43019
91668
91031
28188
43189
91183
67719
69688
71237
51571
29092
19067
81433
84921
55009
35986
78526
14688
8392
32945
41226
3000
53980
63852
57384
81543
82270
78288
45486
26837
92395
32700
64363
42299
74497
86495
9405
49155
99458
78831
43871
51323
85426
64227
68927
89948
9787
91886
32621
61106
63344
34233
7215
97671
40046
16475
19313
44848
7741
59383
28186
48563
10390
55794
31418
88115
79040
60144
95136
73210
62291
83211
45000
23587
12541
84270
35282
53825
8706
12788
29773
56943
31358
25048
65009
47764
56998
20952
70797
1330
79213
37291
38325
74156
88898
23740
53533
31602
66903
86883
74435
95818
540
48958
96230
53053
44618
78449
71381
94555
68796
81847
98659
18059
50423
87907
54870
95155
24874
90136
84286
34241
86416
35393
39907
47636
89874
36494
86199
82570
99434
64587
91850
81318
64771
58911
72988
765
43548
93790
45486
16446
35179
23019
56497
43516
41214
55918
90720
13305
1436
91406
66826
67632
56362
65291
47111
36351
31690
19898
6924
98288
51614
58718
47993
34946
32842
87807
84239
18392
43320
49482
96991
50814
84693
49701
39518
62932
55768
78285
54612
80409
46242
91374
44788
16436
7776
77758
81158
35457
9774
36246
55872
62519
42903
52206
72947
84690
50551
12020
34178
96930
31713
60841
39021
36111
97116
96248
36395
57191
95144
64564
37366
1958
20479
28045
54336
92833
9974
20654
37732
50031
55778
97686
32151
79892
28120
26768
67710
21835
46253
84946
91385
89775
56412
39279
78972
44710
55974
6905
50142
36459
37907
13014
47082
42774
53718
97534
93907
57898
24495
41871
45157
27451
15466
4172
36630
11067
35461
84761
17116
83519
97775
14219
9144
51986
86668
26448
31535
30870
69781
69243
42842
42482
10556
19593
12883
4668
97389
48117
44048
76708
2128
13716
428
123
97834
86159
55936
70399
15492
18811
52561
55620
93443
822
34979
57696
81142
