77904
58006
54852
60844
18788
6865
56018
43770
35132
50959
32127
16258
97575
71351
31074
71923
50844
37137
54734
9308
43879
10322
11340
76802
64277
31637
6932
70131
15992
24325
16647
18293
16471
18583
43083
3960
63382
49780
5828
43946
96669
72341
91436
31689
54471
89415
57071
62707
96585
65229
38725
90489
54205
93573
44908
89266
67307
46691
8162
84204
2419
74233
15516
16797
2073
55512
96486
58231
92493
86320
63608
7898
70453
78099
57456
29316
74810
87800
38802
49572
17964
63612
33241
69388
26835
16835
50552
16900
59635
19611
81970
75802
95931
4097
50162
33015
69130
87485
27304
71918
58110
64969
81921
72910
43290
111
45378
2711
47028
4752
33728
45065
81496
59392
41790
49623
49276
36079
73796
24219
26082
86883
75257
69475
65891
41217
98334
12745
13246
42602
44422
92320
39229
70242
54293
63274
51391
94860
40019
3942
58568
75504
26349
88167
92578
18431
13097
10368
93165
15086
16420
56220
91562
38142
47850
50058
75072
50844
2386
27285
80201
54403
48435
49
5405
98111
82310
59217
14041
43117
61145
82550
30987
7615
40461
75106
80252
12091
40782
84363
57850
38627
65228
72651
44513
11535
29178
10291
3238
90582
93474
52736
67168
51148
96867
15302
81171
22277
94281
31977
44186
60088
3240
15626
76592
66239
89044
38942
22971
93434
85855
46139
29142
1875
41392
33803
88026
35868
91388
64227
1544
27412
48196
87214
74197
58153
95819
34306
82067
27704
66066
99412
80920
88656
1011
3526
93292
42004
11158
23519
3092
79391
63858
34036
20854
88929
59364
65186
71209
61352
62501
78941
83099
79290
64779
31458
31454
24190
27167
74249
47760
2299
13590
66006
13349
19448
87598
74927
13683
50851
84838
38888
69658
9677
5755
66074
29614
64050
73659
39122
60834
4438
23304
70149
95283
37611
71723
7361
78606
50255
67601
95551
52447
63155
20231
19893
13783
12246
21901
6568
57753
65519
23226
62046
42497
91562
14285
73265
72465
15529
84267
88064
15226
64908
80761
99776
93635
61420
39639
39887
54553
36737
61463
16265
75860
88099
15769
92243
9473
93261
67109
68693
92657
75229
28453
51845
13917
25144
28668
12318
39636
81451
99110
32944
63843
20557
5037
86480
32096
88960
23653
93264
86483
85782
3653
87466
49666
34640
63170
10165
47319
86465
32682
36122
75984
48081
50778
41921
38883
28957
3005
75652
26315
77148
20545
8645
85331
65213
26679
36379
71166
2732
27239
3272
7505
5715
56206
28070
35550
31517
91253
62911
80782
71734
34831
74076
91625
54350
1710
98741
20901
78780
89251
99048
83369
69951
3376
57349
11389
55168
66604
19429
51472
77299
96626
49338
24549
1468
60486
87938
74907
2927
37094
74165
17048
93391
7880
22334
3729
6968
37782
24967
22873
83257
86722
17548
12483
41176
24327
84402
80053
98938
6111
82352
68907
33434
36635
4491
62021
70838
99394
50272
39407
54665
52552
42363
2763
28274
77514
90628
99484
46548
3972
58745
22705
3543
79823
17110
12941
60813
86554
82065
61967
90030
9828
7234
49763
24068
22484
6879
92196
32035
71541
66086
2220
89168
18641
68852
19065
6082
23272
32243
35518
12774
74829
20207
92003
26108
24061
85449
89178
98495
2909
81189
87008
97506
35856
6654
9195
41046
51282
96570
55830
28136
31795
26072
75526
82471
7667
33957
31544
87363
35638
96142
7722
58449
8069
72143
39650
14155
87585
42282
79167
20
32484
39956
43898
19673
17078
82729
60632
4627
89480
70143
20463
28234
78385
31832
54226
42899
69571
82898
53275
77433
93193
10137
39157
49914
30464
40444
58339
12200
22766
52412
39791
98256
94019
91360
14771
8151
62379
86214
92158
44864
74476
18804
79876
36299
55427
4524
58628
78840
35221
90430
91703
81576
36244
71512
75026
10116
83377
17913
88824
61975
80729
32675
5888
54998
32589
80590
64478
75201
96322
25049
8304
92769
81361
51579
87463
16880
51067
92856
48752
82841
40125
17103
75902
79828
78764
88816
13974
48052
86126
46091
17943
55132
19445
61859
6276
90059
32344
8322
32143
36825
51439
74854
58947
81593
60171
83801
85486
42974
96591
254
88553
22906
50639
31655
36870
26690
13028
96516
44565
32749
58985
9365
79890
13627
20182
13409
51567
88466
29686
31199
93818
86308
48039
65905
29834
45324
20045
45265
33643
44375
26547
47876
81764
37536
43295
86667
33601
52180
70801
37176
1730
33492
27544
10877
40319
23256
68593
29472
13558
98672
39805
21067
27379
60134
14045
12319
40347
72576
18477
35433
13396
80097
72538
71245
92244
17839
88513
15071
97605
55119
79110
83792
64882
73772
57773
77061
32753
96759
73081
30308
92749
21448
50943
43016
99471
45027
19398
81235
68296
92278
62877
34787
2685
42079
36280
18141
99471
44330
67305
10726
90501
48695
87031
62353
3033
35130
86910
91154
96061
71836
33346
66929
44744
8031
32017
63259
3744
28319
88853
85970
12773
65716
53714
10404
91800
50260
12674
34841
24070
43509
10602
95269
49237
14608
5305
49150
67242
5537
50461
91816
80597
71435
13505
76396
43834
67193
75271
41223
4796
25919
78398
55647
71463
10366
19840
26736
84122
97190
22955
15236
23088
50070
24410
72801
73322
42207
80479
50075
95482
95910
57855
98827
4462
49896
79850
43864
5464
12377
66741
33234
15158
17125
93590
61502
37762
79127
79035
38026
90840
98455
34344
40194
67871
90766
48267
18011
52502
59846
69309
38317
11997
3053
29624
22142
29373
68664
61424
38361
64117
19651
26351
82302
81762
42582
26224
34131
10474
71364
92631
49464
75941
59949
73420
14391
62760
963
88850
52154
36463
298
29448
24983
59206
69657
64988
96135
86645
23261
26183
35188
91846
23836
43113
84912
52628
39894
63745
55650
76146
17576
45352
43612
78836
20139
22219
7848
9918
70393
66756
70688
61320
27568
8500
88125
5866
78158
40159
31784
20906
67132
43491
13932
21279
94632
63606
78508
18433
76970
15100
93744
85743
43048
17346
93819
87260
21749
44538
80472
16854
34164
38419
58771
67189
12218
2196
32804
87773
39761
69748
10405
87696
37689
64089
92165
13043
49034
73676
55029
38075
41268
80405
25088
20308
57959
14137
73720
2254
60334
11308
9419
66436
58390
16756
38293
56202
68109
59996
11438
57426
50022
46065
78980
48667
26393
71933
51107
40247
60102
17053
95153
69944
8538
16929
86199
36502
42826
10784
22905
75455
80508
88886
83110
11356
25798
65051
57482
59835
23182
41568
75201
2718
8784
63529
3367
71616
36574
82433
31563
51967
87553
76383
79522
3531
32862
50772
79063
31945
7572
13709
74080
100
63522
59115
83596
49329
44870
73212
42872
61149
31519
38933
67457
19861
70196
49903
55827
79057
19885
14460
5472
55679
2815
38340
18797
82280
52678
66624
69606
74080
98762
73202
69106
57967
95204
36895
15457
90039
93562
58218
10177
44578
4998
51375
50128
91818
42613
17240
95020
1636
64011
61567
81254
60458
68611
72097
46230
8547
97972
10523
44711
50737
64112
82788
5715
91126
61734
86823
41289
68228
21159
95995
23082
49696
37157
87648
53876
20978
51288
3289
13014
10892
93594
14976
88546
88180
49490
8234
94464
5200
49934
72569
41951
82317
12329
41848
52966
23948
74828
33558
81961
46634
33744
10178
58103
87114
95714
41087
95792
98145
67296
48964
74772
76989
40672
56851
94839
80083
56751
32883
2160
12164
99894
62509
21521
39339
15769
88736
99281
64645
70042
25985
21572
87101
70522
94194
19244
89172
70816
93885
69961
96842
50194
878
90060
20267
59135
70731
34217
71321
26207
96784
53899
88657
60722
18123
80065
23485
8421
84593
87446
53302
74740
9563
77182
73171
98345
88352
40492
42898
46658
4976
5537
49218
38673
80747
81600
38699
26941
69436
4476
11834
63045
39573
66258
48493
95749
88232
37523
17527
43057
29279
45722
42257
79998
85176
73244
35422
97088
59425
58237
21273
28846
32748
15934
65500
5890
65391
98228
61871
41404
62139
54325
2380
70470
79926
43660
86603
47314
48503
33164
17007
9120
13533
73216
72044
45692
10765
15393
48435
10404
98759
84097
31355
5799
39460
29988
87886
81032
99021
75246
97229
87778
35131
28279
95105
43557
88230
92955
5919
86623
10124
45583
65367
60727
72449
57838
94137
80594
38509
85297
73893
74744
73831
31325
46254
38864
77676
48821
84201
64488
67067
92592
72024
64433
71760
14214
94829
48775
74171
60613
48061
59439
77628
20000
68964
90937
69502
44742
27630
86468
45741
32976
80969
62816
51157
12692
15589
35535
47704
17399
26948
47621
18636
9152
63748
99567
71599
48615
70150
85072
38599
10412
79098
5926
63099
5059
82825
77770
36615
21005
7998
28118
66816
59363
61906
1538
85221
37227
47220
31239
15037
72717
14001
56964
99571
31359
95461
8159
39595
95549
19966
61443
44096
23732
93576
58087
86011
45981
25339
65808
10194
38215
4382
34733
20603
78093
4758
26431
64299
80327
83823
7068
17039
6684
5509
35721
19686
74292
68655
73156
59993
26732
97001
94436
29688
9539
22685
78648
64051
52625
174
13868
88593
29272
47200
90699
20688
67538
48743
6750
22298
18122
48842
99730
31521
20102
20691
631
26807
71522
62903
1508
89292
80984
35805
83768
13444
33179
80812
93884
85780
9444
10645
82053
3801
32291
6042
12437
13910
36663
45817
25280
72904
88056
38234
94604
14439
76881
67185
70738
2427
13932
69263
51586
15736
55590
59755
77059
2744
40417
61513
67895
41588
42104
14021
84860
79967
43309
12478
27279
54430
46526
52034
28876
11624
11831
48881
31152
3254
289
62992
85983
96870
19063
59661
88290
57970
9753
19594
96328
96200
67577
8360
38125
7558
44243
72050
79896
8021
39610
80322
7550
69663
80205
61587
33668
5549
75369
1861
40481
87521
65656
25575
14050
65932
11175
75556
58600
44686
34549
29196
35372
58664
94087
18846
25026
81951
8056
88591
61019
21616
51982
90937
23044
63626
66472
70659
66412
34668
60467
69673
42435
75964
71612
35304
50814
99873
68320
79624
94807
66142
18622
3942
2546
67756
1262
4925
19322
60146
84204
27121
83305
56452
38412
92343
12230
95797
35537
98404
11465
86298
78745
14673
27674
52796
75056
84296
37976
21177
10949
16045
70901
73976
29433
90668
36318
55496
71603
2971
78009
47732
29201
66283
10695
78212
6714
59601
93865
44563
32334
72331
63070
53897
40926
31473
17514
94037
33592
65018
27123
40072
75771
99208
53925
71120
22953
85745
47990
35919
43386
74955
63363
8280
80237
33427
62744
61190
40474
7353
44495
49945
72547
21772
10320
19822
97608
16894
70391
22137
50073
44275
75444
44226
31142
23595
92139
15417
38099
46634
69883
42263
58599
59041
90684
2098
17476
45370
49473
925
6641
76229
47198
22682
27250
66554
387
77053
13465
94826
86214
6142
55414
78855
73406
66330
8522
91404
98155
95111
50425
71434
81652
53906
96990
78705
20936
90487
22968
92567
21670
75644
80898
24232
28216
63403
48417
82954
81594
83914
12950
68651
8281
65560
26227
14665
20438
49382
28298
73918
50633
87215
77857
90151
25698
80054
70754
97487
9291
155
74223
30492
27530
80089
23859
57398
44707
2879
90323
64847
8409
25064
26723
59380
86613
54362
9909
60238
79743
6200
92620
8853
25545
87748
96622
58546
33420
51413
88984
86991
458
20432
68972
79838
66514
88006
9638
14499
25793
83178
55468
58366
58982
23725
93219
91481
24382
79512
99006
45610
68542
15013
50578
47813
80591
72027
74629
29122
7860
17668
17348
22278
12615
22284
35540
86769
51425
3384
99584
43843
3096
25313
50865
30123
65538
5452
59068
97134
34808
52455
45748
39216
58262
69025
52417
5123
83647
12359
49641
73737
82590
20247
38346
21319
2727
48483
21577
73736
65819
74947
57701
64938
39851
39671
72613
39754
8275
2456
87472
31687
64808
24186
45979
80981
10156
33121
92444
44193
61662
76732
73950
85244
87951
38178
74093
99270
67630
90983
4881
64824
80582
66683
25688
38605
67741
22944
80716
95086
69277
54759
47204
27673
80048
51398
10421
91661
39108
54551
69897
43253
77230
83023
87496
63470
44458
72761
27923
30327
95681
21231
47984
90964
98531
6100
37790
58431
22324
30545
71370
48108
68163
4715
74971
25430
63925
66333
5352
65675
94625
44280
58634
67794
92916
50547
73836
29268
61684
76400
21214
26286
54178
60492
40232
13073
9145
6754
31740
46900
37107
68222
53956
53431
92362
86489
87579
25940
98075
8534
15191
89252
37319
16087
45732
40620
28660
9021
79148
6562
80657
67418
47154
39039
58166
82996
85535
61539
20361
35801
32211
58400
1629
77402
76445
18500
74517
27141
49222
69318
38567
60291
7207
7468
16219
43498
93371
16727
23282
53920
44911
17996
25508
39981
72565
61535
78786
28283
77592
60926
84154
37581
77546
54199
94552
56089
57401
85479
29929
75363
39521
53760
22683
78584
18139
4022
90625
76356
2322
