14761
28555
45892
88877
8504
41474
81530
51763
49319
10753
6342
89155
20426
87141
11352
25599
57830
1329
38063
49126
46476
17698
81443
27741
16099
82352
14079
24955
94628
97379
96589
4657
99711
55087
67114
40020
3898
11470
14936
73032
93146
34969
29554
45931
6970
79843
33178
48412
46360
7729
86095
23782
3567
24666
9274
10669
28607
15927
94727
38387
98057
83974
6512
61607
78390
53889
69333
72139
11416
7446
28680
30912
91752
70403
75813
45424
98733
78609
19071
72056
63262
39401
9366
37136
81279
59255
10436
68312
28424
74522
36566
40289
26756
59044
32440
86134
38196
89077
79689
41157
92179
33838
85710
77517
59445
10996
48802
18885
91496
33540
83467
98151
64349
45805
67624
47671
14304
33326
47398
39444
99458
4397
67346
23226
25496
69777
41481
37362
88476
2749
9099
74103
48529
56106
25197
15461
32069
76959
75022
23167
48943
55888
73314
74557
52567
41040
33738
48273
12469
23444
79556
28660
53041
14629
95614
32018
98794
63809
55686
26383
16914
33039
82557
99060
88630
58718
96427
71322
59228
27865
69420
78034
64773
15176
23399
90350
73265
16358
37791
51600
96674
507
16162
32429
38713
42485
22334
3293
91325
61096
9556
23201
91834
51199
83429
46897
3781
54525
46090
33314
63422
59477
8320
68881
94990
64994
65951
86479
89808
48292
26891
48968
18444
65336
89795
25393
17982
93586
65303
53934
18229
45498
81783
82973
15768
83456
29639
95522
98371
42077
84462
81744
18607
77095
26318
1969
7215
41169
69038
11346
19734
60573
78738
35502
53975
82975
46924
68886
85028
23823
78444
82265
74552
63178
44947
57270
92240
70150
78309
33083
69011
28784
33917
24
77427
83460
75194
6821
32876
39560
16663
59373
16681
74118
14553
72310
83686
59428
95489
61454
1327
43233
67553
65300
78216
73422
38508
88159
11110
73158
98789
16527
99834
51083
58201
64014
68814
92223
50185
58435
5608
98941
81184
87187
78251
81874
67651
468
60733
47930
82150
97135
42628
67291
31739
50481
24841
24504
30821
89199
47134
73427
70347
98163
25211
29635
10535
73543
27908
6925
14750
81245
647
30786
35531
98328
52482
62677
63956
57435
97729
14007
12094
98444
12677
51793
72381
30917
61632
63741
17027
60183
26140
63970
17433
29338
92283
54218
42347
49686
12697
27425
61886
5607
44078
70508
12477
34513
68369
32548
94641
12576
62550
81006
33103
4281
49175
60696
91307
27683
3920
7185
22314
1388
4420
85798
85973
1305
7262
1781
63529
41518
85682
36304
35563
71446
39425
91951
50874
39184
97691
55122
84349
6998
72223
1714
9339
19979
98366
35779
56489
57504
3486
59849
12125
67235
1274
57427
22626
44964
81543
2424
83461
45797
14961
45420
90603
19006
98691
77919
56229
11275
10086
22227
66012
6834
46849
10457
93991
4020
65502
28198
24252
25744
30606
28279
36674
32014
24642
30974
96964
18735
10650
73127
67074
68814
60475
40684
49154
43123
72505
84784
30020
94772
73877
75356
18546
1096
63487
32085
75286
15018
32060
1046
96294
17350
36802
34607
635
96931
70017
27354
75680
4365
87580
62933
89925
23198
75893
37921
91826
69192
35654
48662
49817
76737
17451
48225
29380
9196
33598
56987
39598
48192
1658
46631
65934
84183
82273
55655
34445
23669
92313
59708
72409
90867
81681
67768
24658
77575
62945
67777
78145
72530
22671
52965
99913
39365
52750
68469
17973
14801
65985
23935
53201
13866
43550
3692
15509
10167
62253
47154
56188
45752
87503
57943
16883
33684
70172
24003
59180
10366
61540
88064
89074
23204
82327
68337
67223
51316
77537
94892
35114
47723
36941
67061
64900
56412
32106
72985
21249
74713
30763
25732
69675
71840
79911
28671
83346
52933
98721
86121
15417
51032
70307
79857
46026
72371
35011
88557
7817
31331
37896
13850
6853
21072
9413
3377
45547
64266
18467
52930
89173
77618
5054
3312
18528
97634
15494
16265
71003
37690
80197
19616
45051
5320
39392
32680
35595
64083
32663
22479
95073
164
69510
5780
86924
34674
14094
69959
59113
69449
79950
69852
2229
43989
18378
46572
11037
13489
33742
68488
94673
40294
55180
25146
96919
39042
60993
64378
27131
23191
85110
98281
85636
55757
68353
54510
2850
1062
43052
50731
59972
41931
68909
81115
14822
57944
6293
86922
50087
86048
58149
15825
9240
45886
41593
94284
59504
93018
13896
15610
30621
99541
60036
23760
68886
69425
36380
8475
12428
19487
70689
69264
85246
69734
39366
54609
71147
43629
19264
73791
17505
84645
14349
24567
62549
11830
29745
83946
58732
21957
5755
44444
12822
92030
27334
58937
34202
21636
93115
84719
53900
7090
41972
22124
73372
52109
24028
37493
58344
75016
39890
11135
47121
49011
54251
30894
31147
49665
95415
18632
47213
981
3964
93685
88297
25193
15455
44694
56342
77050
44002
10334
37320
94451
33255
76337
63265
43860
3538
3160
67105
14782
73580
55486
1305
18110
38660
14123
68126
62484
80368
44058
32440
56096
46033
62072
17754
56584
10260
27388
29420
29959
81941
4798
49731
78293
49567
58357
99571
81935
93422
18288
34267
67491
13045
9808
38110
51227
7642
34593
17458
55651
23615
45076
80081
74872
89501
79034
30349
89520
80329
21247
35361
58176
61944
99744
65058
89517
78143
9034
73236
44914
43378
90001
60153
76331
74350
33609
29060
75580
13171
76133
5836
88482
72681
31338
5276
12147
24995
83310
22471
80148
83137
3219
48376
61783
25327
50586
69704
14607
92875
28197
97097
92882
32260
33102
42495
86985
23134
63325
53071
77143
86674
22346
70191
13732
16689
67119
89980
57701
94249
88777
62251
49865
24737
76427
70135
63170
47966
83679
9209
87086
82312
67002
33142
94914
44583
99195
68754
34930
25223
30720
8322
1631
52506
70180
42591
8989
13916
21721
37366
64352
73138
88734
54205
93955
38668
31485
960
55444
87146
22756
66969
48703
65050
46365
27742
82229
11903
44108
23125
85401
67277
46277
63778
80456
94577
8136
90945
30466
8462
47674
37806
74521
41442
45505
75009
95573
83783
14779
78200
79425
36117
12540
31309
42294
41252
55874
58311
74497
30063
89910
53836
80436
87381
74946
81491
1446
17946
17289
31543
89511
57738
28584
68136
36133
50333
85799
38588
83124
75765
39899
14147
69149
11844
74459
9080
29094
66155
93245
89811
99098
12381
25229
69595
87636
41059
47945
11257
86285
28984
71548
30119
37056
49076
54773
55336
20759
29414
66915
63153
62164
74043
6031
1125
87581
97627
26838
47742
37732
61586
86146
62823
48946
51404
16516
14567
88720
11834
46800
21463
146
96049
75188
94869
87136
45393
66678
40785
80162
38659
43050
36740
57992
84156
97869
87201
83667
20798
704
53028
84836
12990
5508
53095
49630
65664
24911
74387
20730
6270
43561
4179
29672
94120
97734
21507
62812
83493
48063
72456
54140
10839
42703
66458
79941
97277
86823
62460
6901
36242
23854
11309
29209
6354
8377
64534
83347
38653
84995
38691
7975
77204
95017
98191
78690
46305
35429
30295
66696
70611
64964
66865
16761
24390
42406
24342
65535
32609
15634
3322
6742
43097
31347
78621
81272
17939
23187
30169
3908
24551
1715
16699
28394
47808
56612
88175
50518
67551
98981
40629
59415
99008
5401
98960
8491
44756
16964
31644
95401
13165
2530
94719
60618
7288
62500
90744
44180
92965
33768
8180
43141
33602
31219
56480
70648
47493
90606
1689
11511
19688
9659
3007
22430
60687
19538
27176
55784
1829
38844
35953
20760
11716
43243
24782
99365
2772
15124
38051
12099
42506
20234
38731
8362
47762
10680
917
9285
83240
4635
86063
75802
54207
10970
83035
18097
94628
53059
62782
60194
83037
54083
61335
96255
66603
34465
24685
46779
5775
71799
61409
16502
98537
80366
79522
18407
14107
53781
65599
37925
18988
86399
15831
73169
48136
66678
41164
83139
66853
19359
59926
74959
62528
21804
34964
58068
63942
60567
13694
56609
9647
68930
47446
78692
1636
44360
49308
69105
41473
64383
51520
87819
94230
19693
92627
19858
78599
8996
44342
1129
70419
81308
15380
67458
80594
97547
68524
23721
89688
67171
58566
45418
92694
97576
77574
77631
32383
68172
37566
82586
69192
48553
96062
18891
17961
61979
48583
86991
23168
25943
22462
42966
54485
37228
70748
52783
73655
82101
85281
4466
933
85399
85320
92073
4746
3677
10966
7644
57183
38478
69292
55224
90004
44776
60669
12507
96170
54235
38425
59358
31607
27812
42247
831
56940
83748
44497
45898
74611
44957
32761
72068
67058
22857
23594
96628
92237
34518
35753
16847
66824
21634
19594
73054
30601
34287
24095
7789
23996
41411
16811
89906
8944
5630
9589
26616
703
48281
46328
3144
59979
98808
26615
72755
42691
5291
36078
25950
58373
33639
37827
20971
82301
6011
34364
23936
19052
55122
41290
68598
25892
25157
26402
26367
51695
68730
38381
29237
60880
16605
55957
64092
69281
46777
45504
10035
30651
70514
80537
33212
59924
16578
90697
63333
84195
75759
82501
11794
7967
28998
62561
45001
25861
12694
98
37370
79064
39723
62257
92777
77347
30085
37068
66393
38522
31636
89878
43863
9407
11123
24207
13184
57344
25886
42814
97360
94845
57809
50698
16648
19143
8254
16488
16347
85828
77834
6703
6901
15407
12229
263
18921
3613
10693
77312
95573
22266
57758
93663
89492
17810
36768
56179
84224
19756
56268
76902
4577
98544
18548
98703
58615
11240
17390
34884
28832
19365
87317
49132
79206
38745
605
30835
75752
72161
21073
65366
71331
27910
98698
14302
50909
35161
85230
54059
71470
95835
51458
52293
98668
98175
50093
77271
56753
34343
34795
96216
63723
10027
72011
34974
92160
76760
50534
66871
38139
8660
88892
30514
56216
73152
10221
44888
55847
71383
87632
46713
65792
76051
25940
15488
28516
62703
6224
55656
73644
76742
34473
38120
67377
88698
12480
83241
55415
52497
92565
42905
30710
64538
80700
31864
98918
73901
94362
2768
19718
85233
45980
65890
67593
53495
42036
97498
89343
40035
93330
60836
73051
60235
47835
43096
11910
97303
54952
56305
37151
97672
23805
17820
98892
14774
89124
44684
14402
37138
56357
56586
430
27082
66725
59337
91902
8779
8089
93880
98222
97216
63845
60880
63314
66008
74805
9645
50365
11526
5174
40602
79244
26370
97970
40613
98899
72173
38759
14609
86081
49617
25187
31690
45650
95271
92190
78324
5489
60818
52116
96956
73928
25993
62814
9104
37478
74450
76619
25514
20779
51786
21856
23591
35507
14721
94537
80758
48476
5218
70810
88844
51990
57072
17928
86677
47303
51627
605
41125
25272
41682
65627
81804
52223
22883
42352
83303
15497
50014
3474
32051
91908
84039
71640
15709
91174
40970
12597
72565
45662
50393
13714
35361
98549
6545
2310
99118
74048
46779
73172
3617
68869
70030
55618
73355
38184
54737
65713
67547
81297
25534
71166
21485
61627
59779
47188
54112
52635
60450
60171
91430
1131
62680
63329
22740
18194
75450
19443
26201
76402
6523
62457
60556
79022
64970
34011
69150
90198
80568
93716
81870
23792
31608
87042
41659
76869
98687
66918
18708
69349
61067
51870
58539
34775
80640
20188
49641
27426
83885
53795
23611
69841
13518
93214
64649
85702
11338
98941
43207
46654
7932
44428
50757
91004
23535
61426
82753
24469
21186
19619
75260
60600
37355
18370
44778
22360
91319
32535
73283
48727
75440
96041
70134
55952
78968
51960
12798
42081
94322
35225
72844
45940
56512
86159
39651
95304
38854
64578
24291
78145
29293
7071
38334
23496
26788
58828
88614
39104
46209
63718
87559
34663
83142
56953
36049
7108
46110
70619
1069
12659
5638
24933
44720
25611
74504
1807
28366
31753
68803
38311
29542
79898
903
66126
21052
78506
31964
70511
78596
51460
60674
18205
61785
25028
78354
35784
40877
5537
50980
84443
26715
6321
84458
77141
51128
14872
93017
72065
85224
16753
23880
20437
65613
46743
66961
19620
92122
79888
70453
3136
13350
74999
27964
88176
2044
58756
70234
43465
20336
94970
27565
34956
62699
6830
46242
65884
67399
2447
33271
79034
63638
70613
68059
87391
89180
44554
18418
77813
52382
65552
63349
12434
48210
94958
87766
27922
85750
55355
93793
94768
49948
19397
57661
96225
10083
33789
97266
23790
17665
36131
88293
77740
32124
38666
28863
62521
23320
36296
12428
97588
65770
51677
16894
98170
17452
38429
38258
63289
86089
69339
75562
89874
45144
43571
81466
95216
73861
51988
2462
42016
38090
28553
53640
39020
24862
88995
39608
26199
34564
66565
91971
43127
97252
19595
89974
47050
55734
23671
22836
98103
38874
92185
7995
64899
81541
24155
49093
57356
16662
42022
57194
40325
30343
94613
50851
94894
60287
65076
77641
71471
33764
84020
37436
73521
3277
47438
58464
23609
68118
79313
25761
39298
11853
31050
1463
97237
97385
31791
20260
27944
1306
72136
