82184
82355
79241
68126
24159
22488
29991
8837
50851
51309
95187
60644
89995
63892
22964
898
44328
14758
74510
49983
15603
37154
93797
62257
93343
29522
65689
55992
80398
20310
95760
98720
94048
70127
43122
2131
6438
12330
51342
77112
47732
7494
53529
76780
83380
58660
43638
92507
12663
51915
19345
71771
21287
95637
63110
38342
4889
73626
63711
658
23518
79415
67514
49838
84056
88154
60905
4091
93481
47052
75538
13220
8966
20091
29719
66748
35083
1827
49552
90451
22377
14233
16884
95188
3802
45556
29431
79646
89685
56440
81421
41917
2717
92064
29837
82884
17492
73703
7632
85834
73516
87956
91993
55582
36958
21887
41167
72967
35444
17444
57029
86397
69184
97763
39098
7262
82192
40178
29052
6222
44473
28576
47464
23918
43536
76966
97740
91383
91704
76780
12238
46643
13397
62836
41445
41145
61279
39015
91653
61539
97010
94619
62168
61037
3394
31358
60936
85261
55084
3778
18297
83369
90248
8421
32691
68505
22363
45467
68765
91322
24808
12986
53605
66028
66854
65250
7580
68169
70893
82247
95262
85379
70730
26460
85679
13688
23634
65342
31841
87092
86516
25498
65810
58916
12774
72412
9106
20850
14401
52981
91555
83074
8137
30696
12185
1736
89700
74961
61793
34339
82061
64466
38493
56922
6432
49372
88077
84754
92661
79990
88202
14089
71498
83661
87147
17810
76984
95225
16011
44749
4008
70727
14082
93442
2622
70824
11439
27290
89331
41397
55767
52410
98209
22621
87783
43293
83064
38989
854
10989
96942
57531
46662
53406
72210
34832
43369
81383
36961
61583
27999
74814
52050
83141
14974
88718
66220
11983
96587
72888
17655
24771
63428
77667
72784
65852
51552
20097
50518
73765
95310
71744
28321
24897
20122
41865
33938
47797
98286
25816
17925
44339
62869
1977
47652
74788
28954
80443
5141
20816
25200
24052
61844
81965
19755
25489
15003
58914
87659
78488
6621
53303
79928
18940
42162
92699
81897
76700
55276
87825
90655
76089
81225
88761
24078
12113
96833
95766
20796
73245
78143
73249
7682
3523
64045
77385
12752
53561
80360
33668
81740
45591
2066
2583
90138
14391
72166
15902
36216
47756
7270
94905
14080
68188
26736
44852
85009
96348
60943
94609
87975
54438
69902
48211
8646
31033
22567
54921
70390
15950
54970
3158
89192
5362
47801
14585
53783
1797
70720
65182
71466
67533
53986
12256
28214
57879
92734
22233
22240
28940
86704
98855
30079
21932
70276
90397
1952
17258
36486
83939
82467
32772
6421
36459
29795
81853
17653
93266
99923
35128
54980
7406
99652
20787
71076
8826
46851
26654
96951
45883
57919
31318
98633
65006
10440
24963
39015
61841
68403
80938
49965
35563
86618
80784
97661
85176
45984
24812
18828
38708
43346
7110
82262
25731
96841
79282
36850
3003
4492
52484
71328
14319
69395
74767
17662
39674
70054
92190
7162
31716
94276
69357
40002
12851
5599
85093
32791
70704
15652
24978
24928
77909
45112
54211
9147
50705
66302
54334
1198
78424
32502
95997
56188
9577
89695
32777
76723
75645
33725
88977
34977
71305
67222
54823
20231
64112
12246
11671
14950
75977
59410
29829
60502
90568
67049
92546
67318
16523
31559
12619
92445
2883
52099
98622
73647
13405
91624
23001
42411
89964
99313
76497
68193
16117
3822
63435
4513
33751
67715
30171
21646
77845
69679
5367
13522
66049
65801
46647
88523
89926
86727
13420
40419
72050
54937
98042
40317
51358
13650
31571
4683
97052
22982
36497
89149
6140
23567
47151
53876
59771
49034
61189
39348
67592
36126
51198
33976
66036
84605
11031
11679
95318
44066
9143
66372
54392
35098
4677
59243
16065
85760
28907
70743
81951
85665
63301
46137
73105
7326
8262
83235
27055
19119
73703
84699
15863
58340
41516
27691
73077
66375
19094
59221
77934
22461
1854
56419
31977
94220
30068
22204
16505
64406
15061
57779
79435
86340
21474
93978
54953
65758
63395
84180
69193
20694
72631
17703
54646
52964
88566
18032
77529
62636
30342
73585
28643
412
79446
38309
87769
96145
8987
36532
20924
83770
58436
77314
82547
22196
38012
65634
26488
45044
61819
56585
91485
8899
14537
6941
54617
17251
64721
51883
48498
67536
90365
44951
65032
6178
22292
70638
57980
11055
71565
45944
45883
14221
14990
83818
2284
24533
58309
87767
6289
40675
75970
76423
89661
60634
66288
21343
88723
21668
79727
93632
61430
43927
41839
29932
55890
76212
7754
4578
47270
27369
45630
14251
37069
55349
20677
62093
40360
48843
89491
90845
96169
64912
62636
3217
60862
55295
57280
41299
71001
36908
83877
77906
9688
27366
93806
59635
38453
50741
36141
90757
9004
34882
74466
46481
28932
89014
84511
50000
65948
38875
87386
99670
96884
7839
14605
89101
8437
99542
76494
59837
1758
28319
8102
15718
5484
71231
5521
44336
91621
84810
3569
93242
72001
93920
46542
25711
30677
28595
71214
47126
18077
42983
67341
18472
56389
68435
64729
96701
55349
21572
61229
6911
35159
84736
17416
63136
64806
84231
15977
27272
3829
49302
96266
14086
79513
57478
93494
23783
42035
46513
80711
26085
66718
73652
25984
43575
45297
91824
64100
34982
51410
44011
79730
12831
53176
9075
46558
55940
81691
47395
16940
73405
15130
29182
80843
23085
96712
63031
30892
54783
58899
67123
88286
29759
79411
15527
81160
8997
30284
14907
45346
85676
5472
60912
76560
9248
98420
83581
83579
8694
53789
68725
24494
56374
50151
11717
50602
69171
59330
79225
69159
73467
61577
68702
46983
71177
95632
96738
44824
86680
74697
67224
29223
65906
64275
40535
57147
54823
60512
27650
55765
65337
64578
19235
77730
76628
47281
22864
2394
27835
74459
85743
32664
16445
58313
34454
99734
21223
79657
8747
97765
90707
71709
60074
63494
14110
28832
34117
36968
80214
21328
77477
57822
75826
13085
55695
15836
34365
22124
53634
49390
28298
66280
77245
99925
51851
27782
96253
37375
60604
6323
85700
77154
36154
53724
18293
39701
61202
35705
61372
13546
77876
4728
78411
20780
44421
22274
61246
53393
95284
49195
83680
66300
87780
35579
16839
33746
59176
18740
94714
50038
58030
63648
36083
16867
98162
17977
82047
9510
10579
77716
14561
3094
72802
52459
99127
3025
4022
58469
1653
15828
94781
59652
60270
56022
89037
682
28081
67041
97465
30409
81039
59023
28991
37414
99290
18877
63997
28393
67625
26126
68772
4004
94009
49023
90917
53597
5678
7586
78504
94842
1303
20249
87804
6312
29199
94033
65001
68520
89343
96857
54624
15415
35200
38269
33332
12600
38143
93763
16162
15392
30970
72705
50347
75869
27590
62393
75714
81924
93843
86963
36513
73366
36743
20213
2550
95662
82727
30689
28571
68873
99413
13931
37923
16307
44146
20086
89904
73130
38084
14058
55650
72081
59379
13939
2634
71155
68846
85177
51580
6962
63115
90552
16899
74347
13483
63164
3342
52552
28635
22202
74920
4290
76279
75053
7238
90032
59849
6828
80953
83888
11503
71301
78275
79217
13115
32760
2822
91579
99187
83570
68088
78363
14393
19749
31155
35375
62213
38848
95720
21067
76303
15760
28948
61285
30921
96499
53259
65987
21160
97652
4401
23871
41443
45928
56552
8307
29779
75748
25827
85895
6843
80473
23672
47477
76738
85389
1012
43253
51003
31607
22473
96202
74726
67095
14307
71816
72399
53776
18456
41088
86323
39458
83165
83369
10307
29928
3573
75501
13186
50955
868
79789
4489
5441
74050
626
52169
80422
42220
95473
560
25269
14452
40762
5924
10307
87704
68734
69709
4344
59216
26650
78352
43851
40609
44996
6325
80568
13519
35248
15818
83489
22479
64992
5376
12735
99898
25798
11539
195
32541
63607
31816
62861
88941
34959
91918
76487
23704
7866
81415
16640
89111
81350
63072
26401
63840
96035
80412
92301
84152
59347
56719
54329
15622
82548
89094
84133
42914
76583
39268
12567
91340
62716
83878
95411
15385
29468
42632
31897
1287
35027
23809
20187
43218
63288
16137
62872
18688
59226
77020
83386
14071
57640
83926
51625
6190
50845
44061
36330
84800
85863
27263
26583
12573
88082
46064
12604
61370
25526
1013
99531
89961
3290
39551
14845
41796
835
10127
67750
52515
18397
86456
692
98285
47620
72323
36035
14795
63887
28587
58367
96503
40282
88776
9080
23827
41615
62185
51835
42455
96849
94490
98355
35746
66020
23078
48315
40433
66236
92501
73374
12238
66304
3894
71917
84096
85818
96857
33021
50272
41887
79731
41082
93899
10134
68612
50796
17011
25574
32565
36293
34001
71296
1882
82275
1429
22054
28248
5608
14142
67990
77984
31380
37605
61784
73369
45180
7059
29856
77660
44841
97554
31967
22489
1999
65633
68941
5975
98664
54146
75019
68184
58733
68621
85176
43002
15024
1031
22162
32762
64889
27918
62343
86516
12859
67787
58167
42245
55890
70890
93095
33233
51132
37957
26597
43136
16689
58332
35763
62852
52064
61153
10418
79030
77927
81168
17421
30878
44782
8668
89310
21296
97985
90309
67201
61043
16361
72293
61139
15134
82885
23817
84678
19996
63786
78301
17668
62894
49364
97504
60029
3151
7016
31351
57904
65523
75272
22973
25330
17736
31057
28920
20317
70687
90101
93447
78808
79940
90960
13431
54079
69224
31849
97109
72975
98144
72295
99870
35600
59398
20749
2290
41663
53725
20948
65991
93463
40371
44195
87161
31260
34431
2125
21471
1315
6665
84072
36089
90849
201
67173
84037
87439
52711
24337
70865
99831
18466
90567
77835
22206
4844
24239
50357
79277
1682
1495
91796
20189
22682
37837
6983
59934
23621
35798
23732
35429
29940
96654
69598
30768
44326
84700
5683
4791
91807
65041
20226
71057
49925
63389
57001
86688
19236
83119
71245
88250
88049
68711
80963
2165
62508
33177
63339
55630
17342
50624
76796
71669
93698
57468
21274
2297
3520
78953
40516
96428
68276
61822
39786
12178
95502
72479
99900
52012
23954
70527
40798
61339
72319
75894
50040
82355
70349
2491
81673
73886
73743
89598
98427
74985
21528
54565
28049
59663
15387
17248
78045
38688
70954
76811
28303
51374
67040
4064
34600
11444
41242
1302
67565
31875
58751
85594
26678
73483
77089
68552
5350
63778
92796
45126
61269
50356
56635
86301
96584
37063
57946
71765
962
99209
81317
30284
89972
34968
62816
14163
47825
93710
30496
41286
82172
15976
79094
87877
44322
81969
98892
69043
58404
10255
91176
78378
16205
24394
4302
67001
6434
95348
54625
95004
46039
40474
71402
50070
73982
35525
4113
71758
43194
40205
35880
52035
20562
71803
67880
57420
41249
39450
83474
19185
84778
52569
21527
12608
88232
79103
85524
59053
57859
73036
91797
84841
89344
21991
81051
42909
34416
92489
60056
3427
59240
72581
52502
71233
90064
37843
45079
85571
34709
34648
92152
81685
76921
8052
34543
69914
52074
95975
36723
73259
26224
87232
32826
79119
48544
20900
94941
25811
61134
29080
80504
77511
19839
56043
40398
93909
63932
55522
93226
34879
15778
50945
67040
24211
97239
59411
3665
2093
78423
66711
87917
13865
48460
73479
93715
94564
54812
82021
97044
46671
29116
19973
98966
9870
29955
69361
38836
73011
60601
3549
54467
19537
39438
4296
48495
78528
21607
10891
74371
42925
59922
65217
15912
57243
95995
57267
82565
27930
27352
88223
88389
66754
87967
33348
45462
58220
1911
70605
10189
39021
31275
18487
25862
6416
15227
72385
24873
72687
12205
28079
76073
41966
76961
69883
14311
42548
97986
82713
627
66886
52119
23749
89810
79618
84346
23723
11163
70773
8736
4178
69659
86106
52375
6918
74616
27535
93134
5888
72787
32181
41357
44692
93190
68836
41318
28888
85709
45096
85603
89260
39874
46781
26687
27050
67744
61090
42801
99148
92169
23453
6402
68980
60931
46475
40768
63963
80477
43938
37483
80026
7663
35909
13868
67470
13311
48067
77734
44972
85312
79948
50148
27297
25813
49841
62130
20228
14196
2839
12232
57435
15877
29656
44769
44231
50377
96694
6570
97869
52792
22908
57685
48353
24803
59347
24013
19121
71000
31742
38052
66763
52131
20915
56809
23692
89521
86743
81877
9734
688
29844
70756
45805
97427
87641
65665
11007
50834
19503
32505
28238
56493
82931
45234
82123
3569
21588
9141
10192
32211
53643
82214
36041
91610
15186
41428
2592
37753
16835
63116
81925
68154
66862
12552
54966
11446
14934
7909
96849
80288
79336
19762
8563
45441
51993
87684
48363
51134
19580
90758
98048
76247
19292
93710
6971
65961
15260
77387
72499
13906
52617
58810
84339
41748
37848
11352
5802
44819
91425
30290
17967
50136
89848
45944
34991
39288
42692
15920
24469
23823
82589
75750
27604
18310
28455
80129
52084
30259
55557
56305
34006
79072
51932
42149
20070
47012
67206
80377
34012
82989
53008
94316
91695
39295
74992
89519
34103
22165
75270
50426
47741
40838
15757
