3083
17091
21370
67191
96835
26444
98207
62456
99720
66274
40565
8922
68987
8201
88525
48995
23843
19414
13921
14756
97942
4806
72162
4287
84983
61051
58701
98578
48441
61684
75228
196
3841
59496
21912
51211
31241
54207
48652
87448
87553
47277
3733
51264
6416
36140
5334
25191
57113
57685
30057
86571
27737
43354
47791
33930
81100
94627
71336
23730
64239
79107
81789
70083
53632
26198
15066
26946
11649
16985
64634
21885
52604
87910
97179
7926
59233
89707
87505
89550
77738
1606
94038
73263
82303
58079
91071
62741
45781
25410
18218
99610
59442
16663
62579
36670
1068
49984
81029
4112
54415
91086
85197
66715
8093
50560
39563
62415
16303
58618
60738
95050
35066
9118
60911
28867
82669
11913
13110
9523
50679
73100
37047
21857
54981
48006
12704
57833
96553
55898
74972
75048
93174
86834
28137
63942
14056
63344
76327
28672
58528
1453
64236
14608
75021
21456
1877
92604
95174
98828
83191
3673
76276
31990
49364
13049
50925
94370
89192
78168
48027
29273
21219
42558
68251
90745
88753
52274
70913
35401
1909
65692
80760
84535
72725
66517
55047
91729
21582
59918
18191
89148
55879
73625
42450
49908
12900
23575
85134
16864
2993
17695
34342
47537
60158
7656
97089
38423
50890
20371
79083
42176
57560
40024
57242
57742
75647
10988
42316
97236
59421
45964
652
36237
21579
9480
28819
35480
53163
71407
10123
34836
15165
24594
70926
99380
15506
75384
61869
68800
57752
1406
15276
62760
83092
87400
63467
23524
62286
18121
16896
24525
38086
58219
1504
22866
18596
63003
78908
29880
1613
64500
9832
92018
84754
95430
18615
408
85378
33123
7074
54375
86207
10502
5639
85333
9646
56832
57902
77455
64072
21440
36167
25617
98030
96126
95439
3553
34073
70853
24914
77960
13071
13051
50954
44974
88146
44942
26533
43313
80754
48860
88837
81986
9795
74431
33824
13724
39081
48179
3784
91041
53743
91909
7973
92243
11864
37851
84958
19276
50060
98842
83703
61979
40660
87895
92405
70396
86337
90494
16252
81010
56935
60184
38009
62403
30631
40669
45916
45840
31689
39734
69020
49711
1704
32109
57727
3144
1032
25139
46129
73576
13059
9422
53297
133
24576
5245
11116
9167
34757
53386
20129
26063
45219
79467
20291
3039
36496
9524
22973
14854
29587
54556
64271
84014
89239
23594
53303
42211
16066
67997
11499
66570
48704
84789
66115
44155
1912
57569
36915
61981
39104
9414
42678
99421
73804
58952
44678
25834
59522
11032
66792
55088
8553
49531
75493
86800
77024
45362
7538
84024
84523
96523
1169
90340
47079
4036
24464
5232
48543
1623
3728
56312
86455
38054
41536
31919
7142
55684
72743
2969
25473
23166
4225
81605
61777
30596
18305
76458
66982
43608
71220
4956
26278
32562
78438
96715
13310
94157
60094
48185
27609
61810
75268
32246
56974
88191
67939
93082
56275
89043
68682
99390
20976
3992
37420
92599
44751
86926
39655
46127
66607
58128
72866
92482
81783
75813
68079
93715
54183
69702
26928
28425
82635
72455
56245
30473
27241
9763
90308
92817
44121
63528
6802
85997
71476
10428
14509
85498
39493
85867
21180
55189
97565
81774
30750
98303
93219
42458
33775
67216
79111
77090
99625
82708
6423
2697
41575
17382
3243
18312
60997
61352
56187
18744
68835
59644
98769
32829
75144
14114
61689
37776
29860
26863
92309
43847
75245
22374
65900
69186
32651
27510
71714
11221
72623
60783
21891
71245
36638
14209
79577
23553
69931
65588
11646
79223
94914
80958
9387
69007
87554
73956
67022
54320
39554
55376
98490
42893
32724
22507
47992
35156
30854
32024
59388
89587
15941
94477
85843
74567
82844
92206
44663
78274
3035
40168
74565
45912
28147
55463
78918
8423
42205
81428
55145
91136
97946
50062
71378
38038
83285
91363
25067
290
79877
85772
664
43952
13231
25923
90217
90474
17768
59297
77577
20192
73079
34840
96180
3856
94617
48874
65285
26871
86046
44709
70956
4084
31665
89019
26911
4181
10870
89826
14728
45153
84747
14180
74332
7905
56593
71332
37227
27851
77060
76270
76435
36013
22629
13017
17455
24371
76985
27453
87149
74997
31594
14059
36221
89855
96811
78893
64518
13022
16505
82362
10674
25284
20381
99190
68106
52793
9166
94852
91836
19070
29044
17289
60152
36703
99399
66623
69979
81524
74454
83474
80322
89875
39299
7450
13088
69110
363
22326
99626
30789
1924
77825
26832
96288
1439
85844
67174
33996
38956
1624
77313
73015
18397
92646
85405
53064
69123
11069
35258
61224
89044
18462
50120
87847
23823
11847
12407
41389
85238
75179
16881
38014
85497
39531
89027
51497
87764
88627
46070
40301
87726
22675
66364
39977
60738
95704
69670
91582
66235
18535
53299
22978
79993
62485
89154
27588
35472
49126
21384
82552
687
27776
16701
33310
88542
84427
79569
14035
25088
15463
40284
84435
11128
37258
60627
2568
42536
66805
98647
79764
87733
13137
71335
83192
48230
51211
72821
7263
47308
30218
21302
61162
87291
43209
98899
44728
19349
84245
78429
59697
37672
58756
90397
78447
37550
87024
34922
45802
92051
63119
3283
37150
68244
2512
61980
18428
85218
37140
51045
62730
1061
22951
10118
66583
65533
54266
39639
90527
45828
72094
71787
92343
58096
38686
47709
3094
98196
60345
39043
69537
20998
94523
55775
68529
2043
89528
77749
43042
86447
11428
56086
83483
9665
28242
84314
88725
53434
46342
38157
63881
14926
85625
93664
82811
5211
95305
68736
78429
24942
17530
44196
45505
53606
14477
69759
1055
95344
53116
76886
19359
31185
8943
51884
15172
16706
2686
87256
42198
55061
20995
40472
32393
26070
48346
16671
13167
3021
32889
73098
26487
54016
4422
30608
2240
44630
97050
82999
92638
98230
27472
52868
95047
74061
71081
52298
10683
16270
36671
18692
42126
29043
41700
18397
65332
55170
69270
59500
839
45836
31329
72030
69784
46511
41490
21675
87280
80986
50708
98987
49633
68753
48489
49665
56686
37478
79237
62645
67795
56743
64426
47232
26259
9720
45788
21760
71900
12501
68129
92588
57017
71641
93431
78529
54612
65661
13873
6458
89989
43416
49071
56318
68636
31140
14906
17171
24999
99521
44153
57425
68224
10675
96882
47506
92246
75591
87648
4165
85463
51155
13262
11457
95991
49051
88173
35287
28383
20015
22456
96128
74357
817
18561
75221
69347
17109
85879
81310
33575
99042
65911
32290
17719
44949
17292
5693
66766
88644
97157
56560
77047
78560
39793
77425
62421
19635
68249
9795
7181
30665
21434
81345
6994
44492
24765
33748
586
17639
75029
9029
34785
36236
33461
6667
18346
18641
36139
69861
40749
11796
71261
47044
60082
83968
29534
69376
56713
90312
32621
58187
62771
97071
64075
41826
46064
26122
99351
86527
71974
19742
29959
18796
52714
39459
94789
86162
82095
3210
90564
66799
65384
31803
13501
17542
13723
18070
1994
92208
29253
13819
43230
19761
52644
70598
51328
26022
72580
50130
16642
11289
26057
862
75554
18679
97878
45772
32028
8313
87353
12134
50249
63646
19891
27580
6681
52122
26343
72232
3593
61767
56413
84659
25088
49434
34932
93936
6860
10033
84514
86118
6964
67144
1513
91915
28281
91818
47193
98667
9102
29893
43995
83688
24433
14262
36289
58459
31589
7844
75848
95385
55149
77256
36359
74066
16743
13578
91767
80946
71299
34183
16926
53930
41663
29678
69497
34441
21440
42186
67494
37507
91599
99449
5132
27892
69709
30268
63239
50686
55349
60647
13811
90413
50413
73912
99317
80444
87783
40132
4801
62385
73850
96813
39371
77859
18424
5104
30253
53564
1420
53146
69714
28057
51763
71387
32733
39182
66260
73298
37817
18310
80284
66600
51837
17384
78266
43034
35771
35190
26836
15757
8358
4751
86628
76678
83102
78868
34611
37585
13690
90472
4081
57247
8496
62704
16782
70701
46403
75130
82295
71935
45418
570
64304
5483
4569
92622
45034
83218
24654
73027
41890
86313
58267
96914
41910
65398
90827
21506
79140
26423
42098
38129
67553
20699
47061
87309
33011
82900
42387
49948
68556
41604
73135
99067
99907
39732
80219
92740
71409
71780
63106
10568
34884
22620
45618
91612
33987
8385
83685
82481
61439
74788
11307
83675
55986
35316
80085
48691
59032
45524
93824
28632
10214
61862
12891
98736
30123
21127
66103
7340
22177
63604
94347
3849
52144
89546
44449
63795
96512
57708
32545
53796
9880
44541
19511
37706
39832
77965
92899
97671
38159
48496
39485
68594
59770
93130
63715
21306
45082
78247
25217
27499
12465
77479
55356
46793
94616
94838
67867
60313
17280
15194
95570
71327
21763
9893
47244
37538
38022
59243
58580
69356
18030
15949
37408
43694
7227
30676
14587
29856
44453
6393
4174
84805
28530
79040
88074
34189
54898
59526
45524
48212
77559
40303
78349
8776
19252
68098
17725
86407
11024
41553
73244
29671
2471
655
72413
3184
18686
50886
91831
51396
45921
67201
55952
42526
57786
82020
5001
47352
10288
51708
7648
68838
45210
79056
42054
15296
4030
65334
91998
84894
70507
60867
12878
86555
12079
10874
79462
74684
59382
92902
56266
77578
81536
92611
19293
35450
669
97046
67372
37006
95463
41916
4884
59733
59644
41376
52401
18509
3447
61382
60804
80041
23530
68837
42847
14573
62618
27794
37264
5846
68791
32535
13961
72759
69047
14882
82088
96446
42670
98745
1384
48981
47531
87276
54818
580
37874
66787
92993
69299
46193
29622
73121
57645
13218
45884
1763
46081
3068
91866
26768
31810
40310
93437
25799
92878
22041
66371
1413
17228
40929
56756
26992
26990
30704
71822
6080
72214
21455
22174
19467
86581
49602
8394
41323
68591
30438
83690
52493
92154
55145
16216
29081
97700
29094
65021
30649
91572
86012
58186
23912
75721
3690
35976
75705
40000
98762
91975
29121
76177
26279
53299
25186
62104
16348
24165
3125
63761
36426
89622
74834
44540
75989
63278
19103
41505
72028
8570
36531
6285
29587
26715
11878
32218
18911
58843
19063
10572
22669
79931
8217
34616
86095
70280
86107
79679
93716
31469
90963
83128
91011
9601
76262
78444
58804
1344
65878
81051
15723
37400
23496
64316
78033
75386
71569
26721
57489
71440
86110
27545
54092
25038
9212
48847
82522
1281
97066
10799
29694
57348
92761
16937
26372
89265
77052
48910
5721
24340
63250
45015
38407
50619
12622
70758
67340
67946
36287
24964
9302
22572
11681
26985
70429
33091
34015
38265
65021
98400
87234
42924
16782
31758
71067
21062
22625
71817
95241
6277
87674
51500
32648
73434
67269
8232
83190
96238
60694
67920
49795
87621
95745
79377
69908
12192
24914
28896
65300
72508
10187
28139
30776
67800
56536
465
53453
6357
81775
99565
58785
72534
11081
22989
21578
82374
69560
10786
39639
81144
32709
78640
24625
17130
47783
19429
5837
54563
9057
51463
30673
34907
5592
95813
80064
570
26287
31439
52356
14872
54434
35810
99319
2148
87900
59067
78030
94336
73749
83885
6563
59785
65099
13102
66141
94997
40379
97739
3198
49845
54748
76124
44457
75418
85529
58323
83405
9844
97417
81741
3347
35477
44781
25003
5824
87444
96133
98842
35047
51053
80783
5614
75375
28069
81181
48046
85947
65900
12561
88360
84892
59035
32344
41861
48816
96733
11425
83447
88852
78570
10521
74255
81902
40942
21124
36780
61776
83049
41817
51629
2025
8367
90938
33160
97262
69487
20751
5971
1184
92145
45758
31711
29498
33593
2889
42020
14266
33640
53221
83031
50761
26817
14706
55033
26025
48073
53755
17449
56666
56648
97004
46138
88200
48108
49707
27071
25909
22732
4725
57858
37631
7754
89398
92980
6029
10834
19139
20254
94235
8959
48120
9047
38784
30749
14729
91310
84536
64713
58407
8999
66547
26100
22866
6723
78137
70150
45749
56471
39224
91264
76643
35583
67755
91962
63019
9899
42953
79178
46138
27959
4424
70150
27598
88953
47724
52577
16851
68372
36623
43441
34300
40969
57998
39218
32319
96653
41294
52419
95181
49077
80010
10861
46508
30445
56346
40452
25779
47817
93441
40614
46946
88819
17843
69793
54492
93123
95361
3185
33474
8845
73539
56743
22253
89843
75584
90853
6951
53851
62781
58373
92390
60540
39168
8186
62438
3282
88255
10734
51394
64273
58794
66922
87919
6613
24914
55668
79285
39672
21141
79251
31787
41789
49671
60622
10222
78602
7453
31698
71709
59059
2521
43250
30836
52112
61614
4745
86532
62448
3727
59579
56011
80871
18776
31097
76437
65667
56408
10371
6478
98652
21882
18568
95906
59626
28462
46985
75252
92849
63353
63452
36471
65655
79382
62509
24972
36694
90951
6206
14905
22572
15836
91086
47874
28175
89310
85368
1831
5375
2265
96754
61914
99060
53764
27990
65723
94038
50542
68126
20018
55340
16327
45832
80904
27308
34664
57017
18498
53328
55104
73598
32762
29290
70108
