58262
91839
52541
84886
39100
40111
76622
89576
93830
62440
14663
89352
5775
22374
51487
267
52606
60168
12453
7143
12268
77816
35009
47782
16946
46568
53960
49885
49235
23512
74171
51286
20580
19540
87837
31914
24756
37817
14959
6091
96156
99448
64266
59516
70724
26355
7960
61412
64462
11749
44208
75095
79460
27359
26636
49269
44697
13708
10505
25167
7838
32341
17402
55619
46084
98401
90184
32009
55017
25844
50250
50757
93441
58841
88957
36733
99106
9946
57089
30789
28012
52812
79568
37846
46547
38887
28476
56829
39499
91155
80419
7887
90382
54687
68529
21658
87404
98346
77619
15191
52368
42628
12659
44380
427
23343
55925
18222
66208
32351
95885
78323
80939
33504
80506
91045
4239
85495
195
12899
64314
21889
17677
23682
23095
14999
1302
9152
51631
31091
49745
86393
8317
43340
82686
52754
5709
79005
26821
26611
19760
37989
94319
19538
81407
60903
33922
31498
70793
53297
85975
41227
95740
5625
24281
94058
30412
74659
30587
4441
91266
48736
86998
53682
62499
16945
92415
35788
20091
95593
21762
86416
74151
17008
1629
39302
14589
10148
46394
36360
58392
68889
21130
3160
22179
18593
47451
18061
94081
66215
45398
70985
21847
84661
18167
61190
80759
28694
61962
99246
30794
84726
76030
60810
79001
79525
28617
51762
80439
79610
12696
85252
5614
57748
20945
43823
62181
78204
58663
14063
59435
6598
34105
1331
71620
9367
81640
1273
21197
78944
5394
50684
30380
26664
86032
52132
87577
12456
64136
1820
19011
31919
96112
68992
88928
89862
52032
11509
66773
98222
76498
67282
45118
34917
18521
19900
94363
92136
87611
86096
52024
20114
55501
54234
53431
52835
33481
62690
54299
64540
270
17254
17012
64550
68053
21122
55010
19826
34955
66955
82215
56123
2160
70140
81742
31112
98410
87208
30610
81421
59558
31150
22797
73617
27213
27947
71582
17131
29663
37545
42773
1381
58991
2388
53790
98979
75835
88877
42759
99709
13030
84088
56496
81767
49747
86576
25070
73650
2976
2075
46492
23755
74781
76184
50975
39521
30696
1620
27125
8484
39814
31100
83033
35849
27519
49708
10325
99402
35159
94246
95332
70026
19685
6047
75426
12982
25682
74611
94355
96327
21967
25400
8397
64900
84211
91024
83876
71589
74032
19065
28752
28306
11217
57567
22972
28489
78802
94896
66701
26367
52636
14352
31053
72541
93755
92675
44371
19628
64510
30984
1553
16812
23627
81797
64186
76957
31292
33276
39470
12353
82874
71933
14787
33113
12244
48886
8849
14251
66108
18758
15418
19973
54782
22991
82325
73884
29822
56009
30390
25389
66701
16051
74875
80644
88744
51972
80341
65819
52013
56319
55281
9914
7802
35846
15042
89181
60644
45574
98349
48275
70033
79984
44945
85282
14354
31367
64497
12872
21761
40053
33663
69117
92819
13336
54982
95220
13305
10266
83796
2688
55769
38366
68962
60179
83236
78326
63810
6850
46420
62322
98948
79876
54212
9266
20869
90937
15852
57277
45428
40424
28759
19370
37570
63904
26978
51099
52806
93696
27252
65514
76042
7026
34549
25340
88725
50962
25004
1746
91350
8876
42072
2878
6121
76419
71563
85202
6474
17166
87550
79028
75827
83166
16309
91021
86163
57338
76561
96929
29070
7115
32779
1786
53803
84371
76852
31293
93566
27736
12166
3358
21233
72767
58373
82382
66865
93620
46520
38834
13620
37125
36223
32272
22178
85166
36016
70851
91239
44208
44977
61517
53683
15514
56852
69612
16459
62761
53322
83461
76176
63147
38309
75997
58761
43648
87503
17223
79536
63033
58752
36215
42103
47619
64736
91573
11381
85949
31322
1358
85040
64036
89752
57220
68584
74544
27041
28037
32862
56983
92652
43097
99296
82767
99935
89396
19826
4753
93608
71404
80634
5849
84632
78917
67559
13034
63415
62184
59743
80398
47464
41906
47844
12699
2714
85928
97762
4721
23207
37161
91128
93056
80141
87292
74625
39879
56198
63111
52734
215
19655
19489
37090
2230
58418
27840
32313
27839
96855
7500
13685
31302
18286
90645
3190
44537
42794
79839
60725
37955
72634
17851
27950
62442
44641
82930
91656
19480
52784
52762
98595
31830
78173
51595
60092
34132
89315
30507
19359
8646
48149
52133
58442
27305
40928
90649
2458
35715
72700
4237
437
95879
86414
45600
55347
52824
4637
5279
1769
3877
22799
27889
77363
10003
92896
60365
55230
98136
83775
37067
63887
39427
44100
69720
22131
79034
60081
80355
91556
38075
19269
15060
47413
88995
73879
44253
17883
24973
31637
30472
84951
211
33560
32303
97988
78672
20515
19051
12410
97414
89081
70724
29692
93466
19609
66472
15108
62525
5527
97399
54377
61542
82968
76602
80042
443
63689
32115
47322
51727
25532
76400
4488
84293
41216
81338
8681
25234
25211
59818
30212
81697
74887
70522
72186
43056
95751
62041
79152
64343
75717
41208
20123
30665
5673
84930
24839
39635
68375
98761
47748
15617
41862
97371
46157
33408
29625
45364
73174
66334
67899
75852
51089
86509
37916
3025
68189
64167
49858
84367
90189
90348
5454
9132
94576
18758
5837
2385
97
78637
42967
70690
94477
88743
27271
59886
78109
13799
86007
19265
52511
34998
97304
74647
76277
18511
75435
33772
83258
10628
28223
31023
5420
63583
79623
73077
42651
39843
53687
28617
15820
45840
99643
87553
12490
53061
76052
26892
44298
22527
77200
94535
12825
94592
2917
85903
75204
72811
18378
45616
51076
65036
38225
57116
27524
98388
16549
9560
60304
69122
81116
68240
18940
14942
34713
52779
72430
70206
78529
68441
94953
47531
84695
50024
40534
52222
91798
89782
45681
83812
80395
55201
12398
46593
32141
98874
15143
30929
44570
59577
63139
35721
98895
67721
76580
53115
95267
45700
93164
75384
4993
99065
52493
20432
1920
47209
12460
66262
23488
32498
13873
69663
1155
39843
47822
59209
33894
40142
28681
95127
66491
21755
15304
80442
46692
48889
6488
31788
92750
55247
18522
18902
34312
8849
47179
83762
73950
42222
79022
71562
52406
11302
86936
95775
5574
13497
919
12870
95856
29019
67680
69485
68188
91683
75092
32955
68656
60739
76334
11061
17838
93394
80459
50012
48906
70276
20919
36468
68647
86043
65872
13248
13901
81399
61785
82889
89993
96777
97085
56350
62112
92133
65502
52948
45905
52757
97177
88590
54503
46091
68408
23225
7895
46511
18164
66638
76284
24310
33508
75610
71981
26995
54022
65499
97656
81319
21129
15968
26173
52405
87349
59283
43530
44336
39128
28019
12302
62261
18861
88217
73467
42901
96843
60732
48445
24715
87367
87280
78706
87532
55271
32682
98437
46684
14885
77150
84875
14812
83740
64937
55769
14721
53297
94891
37664
14273
28961
3852
23079
56263
2947
79487
90115
98534
39290
28675
88852
96297
23706
23398
56703
76873
78484
42597
41956
3896
21919
16751
70939
14714
9285
89895
71792
33683
69671
4776
56696
50907
48462
30243
94927
82446
30031
66691
89360
71521
21114
40082
46736
54735
47232
8564
2615
86225
64254
38129
41948
8171
33546
28081
68187
1699
41049
56287
6902
49389
44426
76944
83846
25794
83539
73373
64188
68112
14726
7403
99704
11690
97695
39244
77541
72671
84493
77151
80559
47944
59130
75122
57154
68635
38201
37959
12416
37597
86859
5621
74110
77332
85646
76965
88765
34555
56483
29725
69536
50702
5882
14074
92974
25893
40188
31382
94470
68350
51893
67081
92890
78931
96220
70571
38218
23434
34176
87095
14909
40875
21552
14124
65246
75116
11335
57773
20465
77737
6963
85416
6193
76207
92513
69716
33223
9527
33862
13299
57353
60912
23916
70231
73100
95253
84279
36897
22567
77150
57139
15108
1831
98578
40220
43432
1832
5433
33225
20715
28407
57232
82838
80994
75233
60086
93709
64893
16598
59875
32721
73896
28224
56377
7910
76077
30618
29586
12128
43543
13551
35160
9734
19538
99153
5844
73251
46510
27378
78623
38185
40771
57346
35732
86402
3406
645
65126
56148
83385
45904
89837
73872
10136
93952
2364
25752
93807
38391
29774
77514
43954
98229
64223
69678
34437
88591
34583
48376
10882
1134
24193
41754
59384
72230
44442
44905
18032
76081
43716
66409
23627
10600
9018
82776
34888
8413
91742
65589
20514
90616
14926
29419
95285
98476
64470
67229
99297
41781
29726
61680
64647
49617
11108
70095
90512
7800
86533
18271
44237
30297
62452
89120
68825
52434
17773
5533
61851
16171
20547
56816
69608
68656
61685
83861
27141
95338
67616
93993
65802
9113
71118
17630
30497
5135
60556
34206
12526
97291
41689
51226
36393
36753
40218
36270
80262
38403
37802
32050
84246
95710
7407
84319
27078
28052
93320
55036
53989
84801
34018
77317
60324
54092
91914
92535
93462
83836
93020
48890
36854
91252
29914
60715
77607
27437
88729
95045
17270
50158
39350
77068
48829
67818
52773
7702
20801
26423
21001
76309
51066
92358
70272
87909
595
91428
64502
99727
2183
99820
84186
91160
49900
57350
60077
49513
44332
67200
46422
5083
16877
80744
86707
55839
87186
92707
61547
36135
66747
5165
55198
52884
8552
68045
82141
63997
2715
37940
10230
61817
65690
4307
71496
39882
29812
86646
74197
58886
49083
30432
14805
92355
49167
49668
98567
48478
29788
28509
18083
75495
28250
30283
96298
37037
18418
5674
15327
32226
58688
48945
60303
17386
83699
58980
69547
36614
67346
80855
23639
10967
21337
74719
8282
19761
48673
7062
75734
58974
55293
45803
26482
63819
50272
36068
1010
18675
50236
11729
62376
48870
86054
87598
71300
87574
72405
85333
85191
44030
67242
44189
22805
90192
3017
13075
2665
28953
7013
23475
27330
48402
93689
56355
5147
13638
26867
11564
60697
56699
98027
80214
75677
17663
881
75936
10105
24273
58405
82776
10655
11080
31680
9021
73109
18212
27440
52334
15397
96975
37792
36046
97073
59023
97398
79639
61092
91692
7157
71640
35363
40152
16067
66221
13890
64416
93669
80761
62643
67278
66215
86275
47193
15607
93432
31530
93370
13160
47441
97413
2707
2376
39222
94780
55334
83657
80661
87101
51215
70929
3692
90972
86996
73824
38311
1930
59866
86365
12262
48528
6356
70465
92157
10984
57687
82879
98390
86584
6025
60623
18033
19853
84695
87894
10763
50736
74918
73108
28796
38919
41569
74601
53786
69802
66673
95524
90556
23904
21067
23722
505
89527
44866
51392
20910
71004
49790
81589
17662
1788
95173
38158
20691
92216
72885
99919
18435
77022
88979
21571
41135
98506
20894
68745
1477
11673
82781
32283
67973
30245
37943
93371
89184
80258
71777
57085
44764
34195
55313
44811
98356
72522
71378
80441
47836
37723
11248
93702
79555
99003
32659
26571
80305
50202
59305
52419
32464
87642
94076
22807
39975
96203
40226
24645
30144
29573
43827
58924
92843
161
56502
84791
87324
99797
8308
18084
45296
63977
48622
93327
98029
4474
81321
57695
16839
18603
57735
12685
76830
90467
96434
11565
2213
36008
42002
24539
13502
81237
54270
92643
81280
48890
39375
50924
97370
74513
51535
57090
60242
40856
77425
72158
838
50480
78170
16213
16596
20017
7932
73562
3125
11752
50788
92784
55908
26926
86570
45008
29916
12966
79109
11060
4159
77970
32321
63326
81011
37362
84712
44551
20070
33563
20125
53448
41427
64560
69161
89022
90813
50144
24972
29854
60088
58107
43125
77013
52551
8466
31981
81594
65023
4586
74509
36659
78123
28701
17040
73249
91977
50541
98722
80649
80273
27013
63768
29535
22518
24399
96474
75249
3429
38475
59515
73069
58795
73939
47305
71120
14995
45704
68128
88589
37036
4567
14361
2998
80584
782
93919
50025
58049
92278
20098
29466
1367
23628
95076
70393
34901
35679
50225
74464
75633
35144
64332
71388
6225
3233
70885
68277
7563
51396
38023
25531
53925
63777
11725
50671
41596
19419
36116
27563
57984
34239
75115
77999
31291
81506
14439
99817
50226
35511
60499
29312
98628
86506
24229
5245
75472
7035
89292
98551
97012
88570
12645
38489
28240
67611
13133
95762
92840
62070
30769
77369
26120
7167
29505
59387
84162
60605
17763
93667
93299
61352
47619
82596
74435
72100
25768
91558
80203
54517
77474
40426
33585
31901
51743
54428
9615
4537
27710
20
88530
52085
76219
6537
24606
96551
47496
26227
37071
58351
40860
13051
37562
96457
63685
3233
48562
64939
52026
30858
67526
18785
80843
27524
2791
42275
30778
28599
44104
29232
29154
48105
68958
44682
31765
2382
81671
13965
10116
86219
76071
429
39000
43205
31021
29867
75998
26667
41780
71411
20926
59421
15109
31830
44
28823
80922
51071
59479
3134
85789
47667
92544
77509
92175
47114
8965
14620
79269
45605
85530
55190
27501
12203
61689
16374
76174
25636
39856
16981
84461
25329
50489
40659
81292
56773
49608
78808
30477
41284
97373
20549
47796
98679
36697
15547
77514
49417
13581
