67392
42499
16283
21458
86967
58532
57274
25575
31080
81987
14115
49779
34714
44320
15932
36414
16971
24599
59128
31381
74661
84752
70910
60802
40889
18390
4664
11126
8795
9631
22490
39593
37658
70570
87981
79769
99930
15304
52983
7918
10000
74544
31817
45566
46425
29398
12197
30892
34840
7318
15529
14346
16010
69770
23324
18400
7335
96444
7028
90725
99671
96213
37378
68138
4878
50227
2811
65206
59878
49273
18147
19756
45143
1504
69208
64521
30198
82059
52153
54121
62567
20025
91537
49097
27200
69844
94435
91975
66620
97638
46835
82917
39673
49259
6511
31821
13103
9025
16505
37550
38189
99708
92786
91973
43537
88694
74500
4375
89891
75011
3211
28442
66510
81219
59330
83220
9885
68081
57958
81851
81134
55384
33833
45275
82166
66822
10357
39510
87313
14456
19642
84165
32643
34964
16182
32957
45616
33366
8096
99757
61589
88706
55057
89412
961
41816
28816
34863
44627
87974
1241
93952
98577
8727
60329
99146
10338
84585
38536
52424
35017
95068
53139
3742
60254
11975
21157
76952
44587
35876
90049
67982
992
76940
99647
45129
53427
79965
464
78783
84471
17367
62832
60954
5528
94630
61736
4599
32209
70842
12764
65129
76010
11730
41111
77278
14385
36631
90321
31706
98643
35205
54747
32255
28727
44900
23431
12462
5336
67861
64278
37703
16413
455
37535
41197
59255
13130
6201
12613
84342
6715
58342
95964
29544
57341
69724
66216
5968
39209
7344
60327
59646
59324
16289
38308
4336
81487
33502
15384
22949
56164
41462
75532
77882
68572
12795
33405
23235
94597
82193
36344
37031
73329
78584
97925
17080
39394
97875
85249
50766
77729
70197
33507
43712
75629
88264
97504
5342
22321
45017
41961
96397
92047
88579
30482
22880
86168
74454
1870
99151
88925
60452
48694
40887
75167
12392
64520
2318
41923
35891
84044
73440
63906
13876
95826
16363
72573
1635
59863
85940
67021
98763
52775
92581
89432
9810
84636
95971
88416
21830
35684
28015
73173
26853
98945
42201
54027
62057
88777
63164
52070
66734
1742
61435
95026
17121
53368
88790
10543
7848
26126
75368
25289
11080
91380
23488
52997
886
4238
86745
13880
74174
18435
87768
64786
18569
73949
90659
86327
69615
82636
53817
16974
37113
17802
31889
10291
63889
26361
94066
34759
30984
42569
21292
70087
53924
82678
12018
48698
97349
18318
75765
65283
33618
46415
96478
4215
65732
78383
79335
25736
81678
18677
13238
50816
78535
4549
82967
4042
56119
21242
7189
26601
54202
267
56533
1388
30803
86159
4048
66425
90960
84381
95594
81702
90454
42829
40947
57576
54633
39418
80826
92674
77274
97641
63753
66527
76238
12546
9153
77914
83142
53277
97907
31418
73456
19001
10807
49724
84746
45861
63533
43656
66798
57857
16014
86022
1246
71455
61870
74249
59949
17891
46480
41833
86056
87338
57925
96015
51711
57670
15427
2697
7796
70375
39935
92061
50911
82774
62150
92186
2139
53691
64797
30282
57553
17790
11603
31236
25631
26186
35456
80863
2276
41998
69053
29408
34922
38301
30015
67764
31473
20885
64593
31705
76468
43804
5805
42550
51995
43623
51606
22700
32252
71092
80437
16324
51214
76151
687
18247
3243
38258
55007
77389
87265
63838
10357
56461
70550
54470
63018
71059
91062
86194
88895
78575
94907
29281
18097
58410
84023
64463
1115
36628
68032
98678
21129
66233
83256
47185
3124
14386
89336
77596
63678
40695
55609
24023
21260
44690
57503
40617
94875
44878
19875
58593
83840
93743
11611
91192
769
97948
65640
91859
63849
2359
44475
55140
69164
99725
67748
63887
20407
10728
30521
20906
85298
44673
83808
35358
14102
73875
3193
2923
38373
53420
95819
18311
68202
70748
34281
84615
39694
85744
17953
86070
12340
28984
12737
67650
45650
46500
60134
72758
12588
12846
80962
62946
6382
36880
73769
78359
92870
82550
93017
46414
42108
88174
95267
87752
9872
5948
86554
63984
41422
3434
66359
99261
87983
41085
82759
93556
22383
14786
75281
42986
3175
68455
11528
27238
74439
82695
46025
46661
52146
83165
66801
5431
63253
3802
255
69319
30469
625
32385
16856
1140
4463
16894
76395
41168
96776
43519
82493
36568
46348
22747
52013
11676
97689
90205
89148
10992
16938
40020
6156
1100
54957
58263
5547
32323
15155
18962
14185
46878
160
71538
75268
87093
5314
57737
20645
51017
12862
64383
86147
81025
7333
13653
52838
46815
43910
73719
82054
44669
61118
48829
34834
54377
362
73886
27692
97051
11741
23570
25457
75183
10189
20961
35830
32324
64231
86189
65135
99280
67843
77850
95849
46301
96402
50198
35927
29283
57971
86760
77514
6179
17318
93657
45528
49918
66552
83865
49023
90960
82397
17744
10532
33164
84411
85507
39188
93813
40194
79038
60139
7479
95674
8804
74995
56512
86806
3120
54628
89630
37604
77830
37834
61589
7590
52892
5733
68253
26746
87070
22473
46454
59285
19619
35141
43562
1967
94410
41857
18941
53848
68272
64736
97395
6441
50577
84709
91678
40469
90039
10610
97570
67549
64580
6156
72904
93762
29049
38426
42267
44886
89953
49388
1794
70220
78173
41049
1306
20238
96300
49312
62992
43148
13014
72144
96568
46834
73045
8099
34604
68595
25409
57509
50085
98465
37527
85298
31535
6271
17445
21854
68428
16430
22996
23566
17992
43011
50386
85571
55987
66265
69019
4983
46688
75683
25860
39520
32538
5786
75652
47633
55198
82516
2144
58944
38105
6454
4209
74242
830
88000
34771
52082
63204
41574
89357
52017
71354
54624
64632
40968
78408
69015
71629
76969
97476
53823
28144
16851
73997
43556
7059
72051
53927
23773
46760
17575
57523
13374
9959
71359
17034
49033
12920
90045
15287
43780
32798
63483
92430
95878
28481
68491
38605
48490
62166
15129
49069
91014
28780
63949
44324
15030
78773
70989
73531
51729
73487
9472
33383
51294
77102
71757
32006
48991
36360
2177
84888
2474
7005
60975
62360
99193
4513
34065
20789
43800
4744
40493
73809
33723
60972
68435
12853
65522
96350
42787
71759
28661
42695
3980
84617
85849
26425
16911
77895
26757
61111
38370
2621
45534
96893
11120
21035
65533
97838
82270
694
34563
11608
37736
7875
52643
29926
66281
60403
6333
33634
69882
78710
91307
87492
90801
71149
22100
98844
67339
44640
74143
77272
67045
75192
27010
55762
12132
50907
68855
46202
86549
5122
13839
7227
29038
40120
81441
67468
79698
24433
95515
75509
12916
15204
56377
77340
23379
16135
65524
57451
11204
44838
6001
22336
82126
45407
79098
63633
96686
39901
79882
68985
88538
37678
74530
10980
54786
28355
73817
77554
77715
12804
29200
36396
61622
44814
30755
47937
22325
57739
49147
75290
17982
22251
6976
1570
52672
58980
14764
15884
66257
34436
47259
71616
82802
21294
79998
58246
13642
97497
73519
45294
15727
2817
41919
47257
644
37863
51883
4615
60572
59692
17709
34334
55101
518
60239
42835
24287
124
90138
53209
91187
40740
83564
74275
39745
84918
95336
21847
13225
46925
20904
31186
68811
39674
66541
18354
15779
3684
51095
22819
8556
53280
76080
97610
51525
59144
1922
60359
81424
35836
82985
1739
58551
63442
41411
28726
39338
72666
6628
41067
29219
88755
56103
79826
42123
20228
99422
86858
693
14712
14410
73033
61127
38105
12934
72401
44442
80519
39294
18354
28759
10710
30941
70838
5889
28929
10755
61324
61265
93358
15318
51028
24156
80864
40496
83012
40465
10739
98134
25749
53119
51672
98984
59149
57204
77805
3156
62953
67232
7863
63813
3591
66167
17758
36762
48494
82613
93158
40881
18618
69531
94406
71521
83176
76504
72583
9383
22714
51428
29787
62392
84743
53286
73303
97974
99522
32085
91022
71038
50725
91611
94315
26045
65115
64533
54346
66051
85191
48215
1524
14416
57364
86188
76086
31499
86233
51195
12445
75665
82920
51206
70864
33098
76148
68300
39881
91863
35933
13454
53681
64904
78618
41871
59191
89098
44673
38932
3181
95645
89845
98154
36960
31556
86189
57639
60977
37718
29
80457
52245
48369
61475
9531
35397
9166
78289
2294
95875
84687
85234
97220
94634
25237
79098
65184
35376
29454
59822
86169
96539
68940
67053
44788
47133
29969
86266
62897
74861
92262
33447
53382
78563
85835
99839
82696
40048
29641
31024
23465
4504
92131
20788
36219
4493
47882
73595
23058
94953
12559
26806
68743
91079
72948
84642
24088
96351
13020
49038
98061
46300
30817
95243
66742
26140
29156
60016
72977
36323
42782
18023
38759
59676
28981
29304
74166
3246
40747
50383
20617
43958
17681
1516
68835
44135
18520
44167
6458
14811
30024
9310
82624
66740
61065
27101
31710
14931
88511
6825
59801
17044
87603
73833
43574
66180
3179
13809
92473
55649
93820
11852
93513
97260
39414
45765
48464
96813
93246
85490
53471
54308
52249
13630
27534
89415
50723
27922
11008
7389
91520
68159
95428
89845
82506
24874
35449
97252
70857
70132
87849
27161
38912
16613
14422
24447
69284
93397
32499
25870
35752
77943
9513
23054
46227
33090
59673
70538
12691
58333
28321
52941
70027
582
57912
51995
91784
9950
86419
69454
1745
29653
24394
73196
59197
27470
6229
73953
35742
25359
1615
6175
13499
9096
39357
96142
44699
95069
73512
47409
7133
21969
40837
67159
56069
2097
84918
46715
46385
98202
64906
45881
70985
24616
22143
99724
55765
34108
9384
905
46280
79208
67849
70866
23866
12955
67935
54168
82164
8452
86333
95280
22436
94276
401
54736
1809
26485
13892
91879
46312
70224
96128
56662
43060
50528
50925
91791
43853
81633
6900
42376
519
98388
63877
83996
31435
28450
16979
13854
93474
58730
26300
51963
91342
42537
77799
77835
8659
97637
35782
4692
17298
63926
41243
31451
51319
36658
26071
64327
91624
28563
16093
59892
89054
17830
16774
45457
12208
62771
58333
54135
27978
47524
20330
23078
20541
97205
10252
53789
11184
41814
7935
80501
61684
67199
96766
14620
67733
48209
44034
28041
6860
4997
43624
14880
97873
72979
64432
20964
99438
35937
82369
15988
59407
49158
14795
20452
18966
94330
95685
65465
39370
83420
95028
53120
67343
91679
14605
43371
70130
76466
21745
81385
62427
34827
87159
62305
63940
26895
9288
42699
5577
81152
15780
17867
62261
97188
14274
81163
6844
52941
73716
48148
86632
64363
34569
76584
94474
91434
73195
92223
97778
46153
39401
48411
22490
78265
65744
89834
21884
55373
47410
82169
42052
91812
5416
24752
16641
55281
18547
37965
59924
92707
55326
27456
36043
55862
17856
35584
296
33813
87486
78505
71737
45353
54285
91763
56557
85571
84213
62608
32668
82850
18545
26433
18949
24290
84210
16437
44981
81569
79523
33888
47043
82767
8424
30004
43257
44785
91744
62878
94444
76850
20969
87071
87212
1575
36258
58981
86967
69213
89836
95302
3369
92674
96937
95737
58862
47372
17607
27697
79127
97482
68982
75638
55691
1925
71956
94145
30485
96082
10443
1716
48635
18967
67376
37781
3374
51447
90636
49221
93405
41948
64887
29792
58117
6400
4992
78963
35940
82072
86793
22261
42955
15454
71919
78340
43632
93529
58632
89949
67971
57035
42725
57016
86073
20631
19959
4893
7076
72909
68142
98823
81668
53203
58620
89171
65558
19217
65815
77796
18410
2553
32318
311
12499
52882
86931
32734
92984
48064
89958
88316
50183
53969
76339
44380
8777
14662
24898
13838
4849
39964
27660
72830
91213
25974
7997
6546
99231
20745
96853
19649
34406
96611
85448
27211
95413
90489
50309
63704
10469
16908
34356
4721
59494
61591
97945
9621
39249
90392
58773
22585
56089
94648
75371
20640
56287
24729
81472
61010
56357
57499
58747
44700
21146
1738
41677
13988
2388
65992
23786
45862
44604
33683
26645
43056
24579
70450
1082
27895
14515
46337
20980
64052
52768
57911
16431
90431
16509
23824
91399
39334
42250
95196
59760
61706
19435
18979
42095
62454
36020
63123
83973
26812
16353
68647
59788
14094
17250
21366
86010
26166
78164
36854
50211
38515
38442
21227
35867
58672
66570
43407
16920
55778
96788
73663
86486
96159
98685
51424
78676
2325
42714
83117
26395
21934
66712
23390
21535
4990
93064
39862
40414
83398
61239
85417
90470
19881
41084
95368
93907
49223
40939
29227
58998
95739
19207
45242
35409
88974
76307
69559
87294
5559
96489
31691
71216
53328
1412
76812
56145
86933
70360
23111
75498
88667
40994
91888
97505
42794
96153
41796
46748
18457
99300
38295
7813
19397
85893
20254
90886
71181
36819
39611
37619
27277
11237
37537
69094
7445
34314
18563
71014
26662
36726
23101
95777
77000
55799
91934
94776
19946
48902
75665
18234
48216
85368
35750
7720
3666
15572
50690
2072
38191
59775
3904
56021
58509
86771
17122
39556
22419
13454
84728
64609
70725
93895
35147
71432
3011
81563
6663
51599
