85492
62641
68930
11686
15251
50833
72517
67579
72271
8606
86491
63585
34654
16268
6342
8492
59408
3140
20888
55796
24544
93740
71250
63788
61958
73807
59655
80451
1513
8232
34176
7831
29201
66672
16248
9137
96091
54370
43527
30880
69606
91175
95805
67637
96107
98980
90756
13625
54313
84188
6055
93351
32350
29890
46417
13321
34994
82047
84782
74994
81036
10684
5327
3829
34440
43117
26729
51105
67617
41530
13340
29594
58760
97867
44529
62132
68150
94768
19197
90094
36638
73258
58595
37193
72507
64794
86677
30532
33961
6883
64250
68277
52112
56350
8875
79750
17371
40794
5336
54314
24231
38542
18408
2267
97079
79037
797
30833
90308
97477
83638
68800
11601
88420
71022
95311
18012
30855
38497
67984
20497
95664
47279
80385
80153
90915
31065
6206
35695
301
14953
6337
4307
23026
49070
80280
1656
24882
84580
62400
64600
48310
47442
57027
7399
47773
80781
85260
36292
11294
47546
34723
49196
47449
36369
35049
4009
56446
15549
66641
36872
19961
38336
20633
62888
69753
82387
25668
71918
12028
78218
51574
72534
99801
59510
58955
64676
95561
12901
31156
68472
12082
86436
94735
18367
33874
87140
38594
91718
50372
33882
79955
42538
3026
82208
16295
36363
15352
27674
3989
81983
90416
32787
98566
19522
43296
31046
28620
12971
47740
52056
3452
69626
78457
69858
42441
55790
14863
9516
44351
78227
82409
89557
75544
19736
91469
70991
95134
30239
98242
8328
37822
66349
72419
32259
15781
1377
60031
67716
75130
12449
45994
87755
59671
4688
73924
75032
42310
23453
58308
26541
29908
75988
42337
64689
7860
75767
68444
48080
25235
60520
72237
9184
91539
77245
76712
18910
87462
47286
30060
51863
67625
31658
11080
29187
97114
78301
74
96715
7128
61071
36357
54667
63606
22254
319
87667
8923
90795
94517
84999
36313
69130
9835
25574
89543
33427
72499
25576
83837
84869
1240
31041
25196
6922
93929
56706
88280
16550
29821
11295
11476
10217
78503
88842
63736
62756
65239
27102
80352
86648
27018
47160
76260
78474
77296
25088
16720
6034
14968
87398
28191
67251
16090
34598
90201
86821
40544
90158
79206
31694
16050
89911
76557
15599
83037
76366
79694
90330
79359
4855
54169
86210
95185
83847
59369
99915
84945
49392
15872
34272
79211
9466
53023
20323
64100
67660
37474
27486
1827
66793
37815
42553
80989
20663
4697
70469
50715
46492
53261
36277
34505
84417
13240
58060
87357
60344
75739
17873
25602
41338
69260
39775
52673
63017
23602
66489
26507
16788
46813
54747
44613
81305
30591
41419
44497
96196
21675
88238
45973
77846
30761
47479
91882
98497
11314
86299
95842
43215
77902
93248
71895
79427
60776
5396
77004
57655
87083
90617
11939
80228
33372
26142
89403
2752
49267
2153
51330
12258
15894
22000
78463
72545
59124
5575
25301
99130
69052
91027
41141
33393
43095
91517
94403
74030
89512
38210
62914
87400
70783
95048
35455
60768
4852
12619
63767
55492
49478
65622
55558
97044
3632
57421
30381
66241
12708
91622
15199
14289
6120
74008
1000
97696
81930
48395
20443
67200
92896
60463
54422
21953
53184
13161
21172
17771
74713
27272
53519
75112
74029
17270
36655
16927
23819
20842
2228
46747
22253
63898
2556
28906
80107
98637
38961
33697
35289
60174
17458
28829
26884
37565
86236
40964
73413
66720
66517
14538
5951
41047
33077
95663
2587
62157
36274
98502
9853
60746
6246
8593
3778
13893
73471
68616
94201
62391
35843
312
21403
26091
47869
90984
86536
81201
88648
40566
26015
76114
28183
57536
59962
31037
26303
79199
4228
86464
14114
59726
56344
11731
60057
81576
311
846
89181
44399
13573
1690
69778
45257
71137
84549
97584
76709
32703
9615
65423
55868
59620
83554
18766
14610
74078
95614
50304
9307
49117
85650
6228
90074
46545
13607
95264
78885
29217
48118
97674
32644
99589
42074
52018
34713
26049
50432
28798
83353
28287
79227
41219
68280
99272
12820
45230
8707
62430
54974
2285
59655
23033
97319
35132
39791
42012
14891
84495
53802
40467
52707
54265
65163
36364
95258
9399
47146
79375
78976
88220
47784
76827
42616
12826
47055
34270
92908
23466
6936
12784
288
82200
12071
84685
98852
89646
92752
65645
64131
12347
57757
94978
5656
25663
5575
75149
85152
22582
81921
61533
48970
72286
11413
41734
61483
2631
26598
66170
14447
81847
1492
37510
11914
89270
62206
42220
26092
40189
62882
81560
18322
54070
23296
41313
7353
4879
51997
3774
88046
10945
52195
50338
37921
15096
34405
82325
42200
1438
48799
87697
86496
44648
38748
57014
44446
7132
13106
56170
75043
23805
43369
82801
39165
10742
1241
75972
64811
54911
58800
17553
34473
56910
41650
60303
65609
67933
97115
68604
82947
60691
75744
21814
60707
2578
67252
818
60704
93661
87174
77948
24621
62756
44839
26827
73705
1229
37226
85696
45457
50689
19269
33499
43477
60560
61875
7610
82439
15969
77755
16624
19535
75930
36620
75357
1148
63177
6847
93935
85398
61325
40510
14773
5935
5668
84451
29788
90103
81713
67833
91592
49391
66153
16383
53168
82069
987
57227
19575
40638
4794
90251
17059
4834
54248
90278
85531
25264
22912
18465
9953
91362
94912
50366
13802
96396
67666
18655
92214
79566
52821
8936
91633
70857
88524
50851
3397
9934
42403
26684
68825
77554
36826
43596
51657
17694
85552
91188
82851
23202
17260
74911
40220
3593
41546
84842
21742
9416
25761
55808
47023
29745
92429
61757
86734
59940
17950
6452
43916
32964
30621
27788
21172
65447
93909
96005
51960
5479
34309
5624
61418
48279
59777
19741
68116
68559
90912
12998
49205
90696
96870
30697
91769
84419
79854
13019
5203
26307
55987
5207
16377
38267
70779
44733
40892
87842
80737
50680
96835
41635
35101
11128
65635
273
61042
43486
88349
45080
42229
15446
92308
11983
22037
9854
26857
54537
76522
83621
14549
24938
46750
52687
80386
25431
75315
42325
56871
20742
94448
73417
35934
29429
41355
84567
86147
32694
51060
11495
82283
7656
79676
49822
73470
53185
65985
73252
43411
80935
65335
89665
76935
49310
92436
73153
21754
68315
11416
47607
6278
2039
45878
90205
17372
42752
26948
505
37629
69225
81531
78299
7474
20418
99979
51330
61480
16546
22879
28671
66155
37728
30152
84690
10238
92098
52328
49296
31412
71212
18718
84646
55471
40378
94409
21111
75923
91081
8282
40193
13093
9551
98875
20894
6757
76363
81141
20871
56037
29175
19171
69746
64197
49018
26673
81564
27341
46042
34416
55585
91142
90126
24601
22536
61941
14098
81627
45116
41781
74323
4771
41685
69104
77067
31719
89366
66138
88967
72527
66479
69802
75747
26432
97506
84117
46263
28038
6530
81032
21386
37790
76088
11714
99365
66205
23712
17261
7747
62240
66640
7959
80068
97777
60568
3857
25153
47251
94660
75875
98137
58795
14111
9513
72394
67499
1938
65423
24508
92635
12778
50660
21719
34822
83192
63390
5012
75455
40081
78250
89617
68398
82198
5677
50590
68218
90062
35357
67093
38388
81007
24021
14087
25054
20795
69081
85232
50839
12711
63846
6572
10405
95351
38165
34500
6013
68101
22348
54657
52561
76769
15616
43201
69367
28626
50956
75910
94257
38907
19623
80908
32638
84536
74916
8243
83293
93608
23627
73722
16474
69668
6064
2317
51222
83821
87629
30933
32855
66820
62305
10350
53481
69075
63396
56022
66511
33321
17446
60384
27659
72387
70883
39720
95301
58310
63780
40194
27
7240
33622
80555
6342
48014
83071
79649
59076
99824
46914
15118
6887
19673
43825
34176
67738
10699
22346
11444
49035
96991
65999
44272
17658
91018
87206
96912
5308
38267
29097
855
97804
98464
2795
77192
99055
7049
64297
28717
17506
92356
54696
64308
98659
75367
16112
20698
8312
95181
64132
25279
19615
60183
94813
68025
42419
6964
78115
33285
43640
86267
73671
40728
45348
55413
58720
90515
52746
4279
44704
70549
24356
25357
65810
67498
91932
46835
67442
92962
73655
94141
53000
97948
78911
53270
19267
7905
57195
92709
83183
59021
19789
61483
99954
28839
54264
67401
58248
17842
10411
36863
14521
62653
56031
21039
24020
91605
28745
62560
67947
27130
9196
77662
55658
27790
47262
44671
19508
52426
66421
9217
72477
24811
8910
68878
21214
51497
27898
6049
62776
24936
80646
48419
14792
27048
75653
59278
3907
93143
3356
84147
48462
89735
4489
91606
32157
9114
30801
59959
83142
70264
10629
89996
7169
56963
14448
15913
83454
21602
87840
46818
54723
79546
31822
61287
58945
28091
59659
14510
12754
24790
97866
35727
69841
25580
40804
26120
533
42338
88267
95425
17547
82513
46479
21002
82000
68986
72263
17408
44936
11414
83389
56430
43966
2539
27064
41456
80440
23674
39366
48691
52757
38389
19558
36089
44678
34351
74352
57432
80551
57804
60482
88066
57305
60983
57959
11039
42365
42418
61990
72150
80910
79528
78661
88011
93468
40095
7255
23522
93601
15273
93673
43650
37569
66489
96261
40756
451
52594
69953
15435
29446
4507
519
45437
23010
14511
58818
74351
85149
40754
98274
22256
67974
88605
89964
74812
40529
98778
47553
17376
62287
53131
22152
18429
20106
47493
87899
84901
60474
57114
53995
4419
89479
3444
50193
99223
60731
34013
77106
18175
68771
88827
39918
84273
71618
50009
806
31652
33458
5441
27335
23983
83640
58534
34679
40745
43874
65821
74299
89039
51808
71851
66882
87973
76541
63993
82642
18676
30968
92837
81901
95313
19555
67059
49983
12093
66231
10144
43527
54953
63858
46359
91904
18418
63310
52156
74283
88842
34495
52037
26490
65559
45449
49001
53019
6901
82460
81264
91231
64118
45549
71275
92134
94378
146
42237
71913
33498
58297
61814
25860
46829
83525
45664
62206
40110
54823
30322
56534
5573
36757
77858
86956
18849
56169
791
97449
94007
121
14717
46443
67620
37678
21906
58417
60462
92483
76669
72960
265
23804
31870
5872
56022
98720
75840
99830
17638
23125
49227
22030
70172
4439
82199
82436
31792
45716
40091
71103
9327
64167
98690
99084
2784
79919
89919
63458
20770
71755
57527
56471
28273
83444
61181
13727
57351
65399
71036
54619
68031
57805
24365
92838
47796
2969
90216
80279
62216
79998
22615
51635
17505
94395
63141
64051
16302
51683
92502
77230
7976
82333
22800
3107
53043
92021
26295
38181
31652
61821
8919
18498
96028
24963
1434
21906
54866
99440
30681
10041
23822
60699
47023
22041
5746
91208
57353
5143
63091
87360
36858
79783
4901
35501
89195
68343
89750
98354
37072
90710
20720
64006
9813
61919
67842
86987
11639
66566
85816
81807
9871
28637
48134
41694
54729
61219
25668
1058
65619
65834
72371
75832
11761
75299
19614
9168
60301
41608
94204
86689
59659
72742
11665
78438
55323
23685
37716
42745
65768
18518
53772
49099
89453
1688
25267
3549
58663
94086
57500
46526
42246
15553
50033
71457
37853
53653
65493
22201
36696
94410
42761
37653
82733
82154
98154
81394
75180
38122
28855
86625
47120
92502
47344
45271
82519
93822
62202
81994
51630
86455
52895
46511
54886
94767
61010
25613
87715
28753
89968
57917
24562
55505
47810
88961
56250
24756
5663
13630
66156
95487
50798
38935
94165
73339
13930
33255
55506
42466
21758
99771
10914
97577
12655
33770
65431
24617
64281
78769
1158
73451
4433
29487
77055
76944
59466
97434
44534
15994
91732
63453
52159
21499
56702
9615
49337
83288
42780
45360
33793
73305
8004
39874
66119
10160
59442
95266
35581
64419
29771
71233
1100
47575
50270
43556
17825
27163
68262
84404
15397
20335
77517
25283
38026
46704
53419
2492
97569
80737
11052
6565
42120
50166
1551
71220
46912
1696
65514
93515
17149
17360
56939
67249
90199
40778
47802
58607
33790
24008
26746
676
27242
29927
70702
77413
6384
5650
15000
16372
18128
91786
58556
1467
17867
66575
57636
81125
10355
97037
6269
10746
3514
69605
40670
46837
80780
73911
63112
74244
29913
78441
41257
22044
19498
15543
88891
69846
8213
9559
69129
23145
80908
89511
61970
63173
26447
53493
5030
43849
48130
56619
68813
74050
49465
41110
24391
60033
3631
80625
26990
60504
36886
10899
80727
17200
1033
16785
19640
64042
29182
85265
3331
8144
3191
26252
86801
40439
82263
30623
38554
81492
40657
64175
20928
36056
15708
4438
82251
83465
35620
67630
53487
74686
99066
47513
55657
27958
58251
35403
33801
48150
67918
53076
40330
20222
83574
93454
89756
19462
2599
6591
81603
40826
21926
37515
67768
71183
18249
98938
23117
4737
22542
85985
61550
98090
15304
17904
65059
21857
95763
6232
21042
24269
20873
3606
6145
51365
14605
85472
62393
23909
89092
39050
74982
31663
94979
49493
50715
27419
548
47510
38098
27388
37138
81055
45329
76625
58148
3916
78984
73445
