97553
89924
2698
13806
16438
69867
69716
6998
2384
11195
2239
89712
83995
66379
18907
75217
30097
61001
56084
25531
20493
80879
58147
9222
95691
76478
29600
17357
65676
26842
2933
25779
38165
44258
68302
78160
32566
17354
21197
37531
65928
36791
39130
29558
51056
49910
4567
3313
64928
75961
77937
77948
22173
65743
90610
8396
60123
40991
70068
19561
91076
54273
22704
10898
40215
96153
72885
85773
25229
66448
82164
92783
6839
65393
52599
55012
94340
67197
30002
12348
55519
26252
25713
51026
45108
11969
95985
89658
83283
82856
47660
14791
51117
89326
75020
84918
41116
70173
33824
57434
23903
76595
41612
89797
4066
22782
63130
99535
24988
99286
11247
84902
53074
44471
99833
74739
96505
73689
73636
43589
83673
39406
51884
58140
74668
96567
29036
29683
4806
707
27701
61579
17935
12517
98490
50161
66635
63441
13352
98123
82843
86643
33619
14724
81437
25741
73484
55313
38478
50347
25327
61695
11727
59811
67928
49499
83781
17806
81397
92638
86426
39422
71831
83123
91586
13980
1730
56423
82360
32255
94724
67979
73798
75242
75842
5480
67843
78850
49742
77633
90807
55306
8789
19774
76987
80862
80309
80154
21819
58505
13515
42986
79069
9123
41482
67527
80891
24170
52808
59803
20555
17179
45362
10885
24161
84077
17696
92424
30442
11051
57987
37430
10073
50476
55547
52660
47359
66513
33029
51851
24243
31930
32210
23563
77521
549
97299
18395
77823
89604
94415
60897
99786
18361
42583
77194
54255
37841
49
19991
64405
75771
13200
63333
52408
86884
82245
52759
35265
67504
24559
13954
10352
72086
37421
9429
89500
79096
79220
39490
52497
85950
74237
25326
58680
75534
68470
37073
40116
19146
31928
75017
52104
86695
98200
88834
27095
45861
13399
25370
25059
26511
92020
74964
34039
69809
36802
13116
45632
67185
12500
61105
73622
33612
65908
3188
77304
28206
82739
27820
5109
51309
37402
74003
6471
94754
77951
44928
33786
35237
46708
55218
36395
21604
30202
66709
20907
46815
40211
29300
78947
23971
31156
61788
32529
37346
63193
1705
67024
34123
21458
57487
87062
88107
29371
58823
52886
29600
51274
37268
76102
2486
82625
75057
45212
53344
67076
81017
48049
85620
35684
42482
13799
29635
60698
92662
79911
97395
29455
12608
25379
38780
35768
55664
68026
30331
39519
10011
97081
54934
83676
43986
6015
37485
60002
47372
24313
21145
55894
75411
61132
79172
74235
6793
42546
19844
3817
44276
66139
99381
7772
23533
63220
66706
72808
9473
44965
32944
11657
21314
29685
41143
46777
79789
30152
73982
43419
15448
25224
94210
25685
85880
32257
21890
56250
57996
15430
57498
85349
83338
26994
20987
49858
20644
11337
32995
80294
97687
81309
24574
16639
8176
33132
64376
87909
98970
44998
66205
12816
232
28684
69840
13731
8667
24308
18532
94022
95729
63497
69114
98322
68459
60399
70232
38342
6074
50277
92962
69654
11941
13891
50328
12419
91961
59811
41164
6309
99277
84956
95006
37508
50224
21961
28214
89159
38194
28776
18109
72099
97932
2014
22264
27509
64716
93847
73249
47979
73889
1420
44740
53757
25120
26301
57748
9337
52689
28926
24072
41244
28217
84847
83733
25468
86212
41026
39944
11330
41294
6305
67520
69301
38223
37992
31174
25009
90049
10126
9995
81975
879
59489
2716
8606
12252
77615
58916
49735
75756
43649
47358
52270
41171
16898
61877
65788
33624
92381
53755
77466
3942
6372
72002
47744
37359
52557
5274
26859
9533
83863
64872
78060
14103
53610
42143
9629
18572
44700
19357
74543
81631
77936
965
78720
80175
13242
67380
1128
66081
57981
36930
19538
81580
87797
40696
65159
17633
56592
25896
90853
77845
39894
78125
9807
4077
96970
14592
59231
67525
7337
2963
2327
65885
67280
40046
3892
4512
61018
67781
76995
85618
74150
28594
94158
54645
98263
24564
90703
22168
88533
80387
75397
64189
38800
44846
6756
49317
34213
81747
90823
10267
10426
80187
80833
58681
34531
20944
2256
5499
33927
52731
82643
81406
82908
14942
21746
87700
9390
39435
95004
22696
1791
9919
4974
39880
37097
60031
51535
86515
93791
91117
76697
84289
52658
24967
69233
41769
21550
3516
91352
9555
78148
25227
9050
92443
37155
80827
63971
77406
92576
63153
56273
73989
59732
47409
43941
68523
21764
53396
81331
75724
19804
49953
46969
15436
88757
91275
21805
33985
52150
18280
64814
98174
85654
35274
27453
81436
45567
50587
72484
4103
48494
1497
44436
25955
71223
52780
56941
71418
70374
79040
15414
11171
94336
41092
16140
25263
36168
11101
55127
88979
6525
98023
46456
65229
23776
43082
52255
96310
5940
90773
74042
4931
79262
30105
37671
96855
17388
71044
28586
64744
71090
96761
68762
74252
21039
40777
49653
18272
50030
73936
67668
6740
55913
21390
27354
9431
97447
73760
24486
24667
76358
218
41383
17861
65204
35972
15087
71475
67991
71374
576
71978
13549
46577
28227
54170
99213
74628
38072
72592
68012
91224
39112
91929
92380
8368
7638
43982
6063
72608
81524
5057
20345
62017
20625
98209
98739
85901
65456
9485
7260
41694
2676
40787
10682
7358
80215
90628
93726
8298
82330
77846
37894
78792
20439
60597
88028
58562
68466
47047
31131
13534
78190
47546
69713
15547
9819
4173
6528
29130
90317
80632
63807
98854
70313
18808
5886
36082
15352
65915
44487
30990
64574
43748
543
56950
16324
42780
47435
75959
34225
91062
49360
60909
61399
90972
48819
43230
59434
54843
46975
8653
72204
42824
51876
54333
35907
15661
94780
58498
70219
22836
4458
51653
66568
4943
39292
99380
25588
68066
40463
69187
48567
98382
96657
33603
81717
7866
98273
8157
58593
75488
77746
39436
53583
12465
49391
26324
57766
93030
50553
22178
97012
81092
35468
75458
40988
12939
50112
3479
59499
26907
75466
70971
38793
24836
73922
38803
71050
58632
74528
57389
59588
98959
33248
48153
48219
12263
36388
27489
6359
90038
76473
84615
52023
93950
48913
7417
26495
9803
61839
40307
83533
35036
91234
18610
28650
20555
1864
44496
61019
95291
69044
57889
39095
34237
70219
94281
79603
94943
88488
97207
71801
76690
351
96418
77464
5270
2366
68991
35828
52484
93551
75036
86046
73623
85562
84476
90430
53304
52199
48784
32876
32709
50498
83662
79423
78526
92471
85424
861
93483
47101
42187
61424
57069
10639
37802
54938
46816
26613
78311
54975
88073
96577
38086
54049
79714
78901
34830
59945
21663
76930
77157
6209
81980
79404
19175
2815
45541
41865
59522
27259
45377
26440
90768
53153
4380
65294
99218
34018
52272
8603
23270
44293
28751
66379
79333
77787
81584
2073
73244
74448
50835
64958
7428
62973
4115
76599
93856
78619
84519
52069
94003
82898
16372
66445
35451
53423
94803
96992
15278
48820
76954
51989
83759
54473
26730
53521
5709
9584
725
80681
95993
26262
27369
31358
38977
90181
25886
47784
53006
14327
84600
3150
96278
7174
41624
86032
41951
29150
36709
21928
59185
11571
19763
80997
28535
44463
1710
31927
7538
71620
64165
12777
11929
86527
32853
13863
7888
8861
8689
80161
25188
19480
20875
86120
90369
28250
68226
69686
79184
60595
51528
26730
25041
41349
67182
85424
79472
28699
64558
80703
28007
46906
50708
77820
10800
93712
34763
87549
60869
7209
79552
44199
9687
88033
16629
88440
19463
30899
676
17889
48483
35568
909
79083
85120
22636
3038
43547
83153
44530
62687
55952
76098
55671
31159
18760
79699
99660
56158
70371
93300
23533
80575
51135
9498
37238
81833
22178
22587
71222
62196
96310
50091
46299
63659
98223
4212
13517
78681
69800
66187
14359
72596
43436
97109
49535
93409
59184
31478
60279
39010
79613
62417
51628
84291
13707
35329
44860
67837
85705
81938
3973
42628
70842
83485
62232
8020
47257
61631
67339
45139
22141
14229
29870
43042
1239
70293
69078
92326
57112
68716
34709
70029
79184
31920
95947
23679
31825
71489
64918
14659
22770
93377
24068
96778
70319
17676
89129
15612
72782
61110
89548
45694
70652
85664
47324
23741
1526
33271
41216
86394
95748
6825
96427
12689
77823
22532
65550
88103
97812
96429
21640
81775
47808
7578
2457
27449
35099
44397
18580
68025
78897
1197
22450
41519
54763
65346
84803
59160
25805
11533
54432
15505
43576
81762
85532
23779
67215
65059
66905
4975
75639
81530
30998
4214
83096
25170
21702
86214
62496
86802
284
66813
66759
824
81506
57467
54541
53006
52553
82312
28479
45804
73819
14559
51416
71594
5676
72374
96548
21023
39247
65323
16096
77243
20581
64844
80381
99005
87696
93475
19844
89170
35557
65212
94067
81611
37792
66581
68837
24409
48786
79297
86608
91784
66677
70104
2472
47957
96768
94271
3329
42285
66773
36975
13234
63012
91512
61157
19764
74063
73787
41670
54409
29406
28212
18796
79962
58169
68336
43825
20089
94486
37632
97238
83365
79380
69810
61841
99340
25016
86907
50738
76875
16481
86224
90832
64048
64426
11411
51764
45888
14363
59274
68705
54581
45260
56652
31487
48095
87032
34389
87459
67852
20506
12697
61340
63234
82694
67381
61629
69416
76678
49025
68002
32773
94831
89537
78273
2144
3328
18587
15630
44902
36695
67619
61706
24267
85232
68753
34985
47815
50618
80404
82591
50881
72632
22624
49799
19018
47601
55747
88432
41856
78356
5942
54020
69075
13323
69071
70709
67333
33403
4435
58311
26026
31350
78888
2068
59502
20349
32552
63552
48118
56437
8113
12250
1470
60868
506
77835
68834
46440
75456
16990
77528
18869
76607
92204
96987
59785
57884
72290
83811
70350
25311
12690
62127
73323
62046
71635
3684
17127
77012
15030
77007
34843
22256
94278
6566
47635
73546
23227
63021
6657
77392
60667
34037
57021
32383
10541
73406
48797
98125
56380
6973
44013
27203
4964
83961
51340
46889
32892
21360
2211
3065
5343
78902
50146
53301
14809
24797
67672
40084
60971
82928
84782
86903
75323
52921
93601
61818
33340
57027
29915
53542
42485
44217
79693
96100
64176
33421
5579
99468
88513
87125
88196
2971
7345
39472
83228
64387
56742
99335
95207
10524
74033
51374
63428
40440
35475
80041
40884
16533
2700
98987
67255
99147
49794
13562
50465
57637
29707
68559
52413
18924
80344
22009
27614
66303
37854
61217
87262
73631
73857
61256
40469
3047
20382
36876
59032
49112
17014
26377
40267
78162
86387
57085
70628
56896
38328
76260
38558
18794
36905
82338
97718
23341
85972
97791
7974
61544
57978
35404
51420
56877
25342
26852
58870
64856
78025
67661
89084
3931
83032
12958
75513
22775
88131
11835
65335
4744
61290
68859
55159
7928
51613
2090
53546
57011
36488
5163
42255
86074
56218
35829
88618
65809
39601
3679
36701
17395
46308
72150
97285
73381
29037
36074
5203
75528
91504
22441
93381
37384
21388
49507
36577
56849
62717
53645
96205
50242
66443
22529
35054
26361
14034
41634
45723
13934
73071
74205
9630
94396
25220
67594
21831
9978
45737
51219
19724
11847
9999
68268
75360
29284
38354
7232
78702
48539
9114
8044
93107
20701
83086
64996
60534
86538
83126
63700
39685
55913
98315
86306
39469
67416
34621
51278
39861
93
92160
81083
68408
65210
68788
30215
81757
16703
4080
99926
31477
74202
66603
23757
3728
43657
69702
68602
65084
76240
65305
51057
14235
36646
17944
88658
23743
84330
58626
94598
20453
86291
2695
20263
47692
65093
9043
72063
68688
34847
65306
75433
19079
86769
32706
91604
49336
94570
91880
3782
49075
34128
36784
84509
24400
21129
11596
42161
14472
44374
50056
56053
53770
36704
4464
49564
88347
46922
58527
88
55757
2918
10277
37693
16347
65635
20468
69508
91422
78820
68679
40428
56975
61612
73166
15676
90650
21110
72251
56131
84219
18849
60035
95231
90647
85032
19569
65244
56569
77743
57453
16981
80936
33497
33892
10454
16322
12439
39508
9282
78904
35675
32278
27728
46565
6730
20745
60560
13547
4400
26551
51468
86892
41070
58470
7593
70914
99342
43069
81389
86843
2935
16016
6874
72405
75356
72235
96984
26994
5230
13079
20402
67544
41970
52523
38166
64616
43757
52147
56768
76280
88412
11765
66832
49455
9281
30630
25655
49565
25271
22184
16401
10421
6758
96382
16557
89864
9522
33838
22888
35262
1934
625
91222
28275
77454
31706
81026
54508
84730
82752
73358
56757
77982
20394
57203
5561
77054
15542
40972
77085
72487
80422
68974
35705
97729
91752
29423
1044
29728
49377
20200
87515
2202
92821
67317
62333
53363
15189
59929
86662
54004
24293
702
60278
54714
99529
51802
29278
38410
69547
27117
43030
8258
39148
59943
87774
38635
78949
6694
31471
96234
83512
253
21084
74902
91992
34417
48683
69957
23218
50813
17130
78367
30038
94869
12719
47091
68806
88039
27089
16776
89913
48861
8348
61579
4204
