69308
16170
49244
13611
66855
1356
83454
82466
89230
36178
18128
56855
1007
3340
13974
78580
92438
28868
42673
27322
18471
45824
74618
51254
45995
93219
3265
82412
22773
32307
1763
82256
26224
55957
64065
44179
36679
40372
89283
2906
95856
23265
58056
47371
96758
95317
49928
56033
31041
8913
52809
21631
2308
3110
26587
97344
64707
12113
40432
21708
24063
19774
85594
62311
4544
55885
49187
86468
88254
85906
7555
34647
29899
56118
52738
6312
94304
56027
53323
33636
52611
93533
55368
60205
5330
71156
64192
70961
6414
94198
84170
70456
62119
43258
51468
86327
70336
51862
26580
62977
16607
51337
18834
40509
81172
3253
13073
7187
76290
28741
76529
10176
14223
36429
15010
99722
93476
79182
68766
77517
64577
81144
87203
42067
46593
45546
43851
34530
88068
96437
25323
28431
75839
87486
1573
54320
33949
97155
30665
81455
15088
99477
47855
13051
56728
96387
33610
39705
82319
55383
1833
215
83534
4826
77711
32321
82720
81330
73837
22157
30049
39212
19513
23824
11186
92725
85646
89971
91900
28226
38399
5249
30558
54959
62584
20759
89333
35236
68692
76254
99590
36084
76085
81333
3499
54591
3523
3366
22712
53880
18148
10011
29770
59552
22740
30698
92811
42161
70881
75660
55012
4471
35654
54475
12351
27800
50882
80633
39927
88053
10132
8669
81982
52296
630
12169
66827
68589
97395
78087
79647
57021
84165
30226
8402
77046
40655
16512
71135
94070
58068
22429
96008
58982
52691
21075
73735
7220
82624
45381
14899
94616
89664
40795
70059
58776
38560
15640
72674
56391
1425
79111
69575
68040
80900
19988
76015
75888
31039
11063
86722
84585
77658
85194
25247
41395
28729
77532
2668
518
16389
70271
55518
39602
83241
88091
6625
58727
69606
88485
94820
31217
77972
23466
30597
33306
88693
84934
38645
76211
91159
10482
36295
44910
45415
7129
51322
73507
14732
39019
80864
41842
18087
14666
54730
88616
11621
61186
14963
71002
32414
81398
98822
55214
77805
51189
51916
86586
22284
54156
51158
86628
67084
95925
38595
41384
19534
91116
99342
88856
71649
6498
12696
73725
74680
2315
70541
59996
82855
55154
31478
56468
22842
13613
69498
59748
63954
38507
14449
58186
21533
85001
19367
50885
39345
76068
62026
89020
66469
85384
92208
69175
26059
5575
58567
21195
10254
2342
50746
98132
34884
82577
85501
76186
53648
52463
55990
33462
60087
95920
41416
53262
19164
21122
86301
79516
65146
13475
32015
71533
93630
98097
53075
83045
23167
61022
59874
71359
46235
87231
1413
82546
20047
26787
80669
37680
55730
76448
27149
63336
50799
69096
27780
51787
72637
18556
35019
90059
66108
9367
32871
51200
9038
77067
40011
35876
35312
10441
19389
34878
33140
27865
68611
83772
55100
93610
27242
73017
89813
27171
60851
12702
77518
39128
45082
12261
36563
45176
2628
14040
17834
35779
93125
99672
15145
32889
18188
7642
37010
91982
38635
39947
24589
98266
16710
26068
62208
28588
39511
23225
63213
4542
94588
3196
66184
11139
92414
97087
84788
77117
18399
50886
70553
95308
28895
38746
9475
61793
80618
83689
15386
36592
94337
10059
71898
17380
79684
45984
95567
83628
18745
54517
29998
52723
8092
80838
17842
16717
90083
34397
3826
86798
81997
66584
89820
77301
70726
201
90512
60965
39129
73303
16315
16084
57395
59809
97423
67867
81936
6819
40763
69262
3108
13553
74220
7591
69128
6176
51136
6587
33886
68836
5154
95214
31235
57524
59111
57986
99409
28298
68516
45482
65774
23238
93258
48572
30804
88946
86591
17349
62942
25280
63290
17975
99339
14512
78427
16702
76722
92078
52997
22512
44899
97848
41561
81250
6550
62845
86127
64343
99858
70528
28755
72179
67996
49820
88026
23246
99289
27170
7744
18533
87778
55933
84512
53258
99652
14263
9839
88059
83920
83828
66773
59440
45285
98812
91401
57134
81080
69014
56519
98264
87486
90896
88977
32422
83414
51547
85312
18989
46934
30003
34309
60862
96048
53245
4896
18795
82272
72169
55323
27747
70805
19574
88549
92415
11385
56149
30567
15381
40319
83045
73092
8106
5481
7933
38225
53701
10258
22025
13615
22206
70174
39884
63969
33749
34812
91428
3758
46079
46262
12458
77813
40954
76917
18616
68200
73602
56595
30214
5063
43773
45598
67117
73241
85936
27270
20652
35305
50005
804
59753
19931
91332
40550
47375
5577
24973
82747
94581
37215
49448
58904
20288
52335
85380
18532
46271
33106
12316
87750
60756
78716
93576
10665
68882
53883
65007
60714
40993
45195
1145
63422
47422
39896
20547
99298
70432
26578
97964
21824
26518
96294
10508
12218
76844
56191
8165
16279
75757
18488
43409
25895
75682
92188
15803
14933
51544
5436
39145
44904
34335
94861
78967
42101
75246
45468
80991
32517
66500
55598
87892
2111
39946
95960
37135
2738
91669
91575
608
89376
26663
4045
9478
35146
87221
82650
54489
95220
52323
467
35204
79509
97322
68897
67921
20926
35676
67928
79421
61828
77119
94610
74762
37740
83445
7944
64691
20402
43197
44108
85466
94805
65841
71686
33309
48642
77040
67593
67752
6876
36918
95153
23780
14021
43752
28348
36300
89676
27564
80194
12608
33843
56308
84370
77202
94107
71579
57194
31838
64494
98280
6514
40279
49449
19472
55094
2269
17060
15928
52831
62474
14336
71671
18124
64747
34955
11418
80050
32652
34387
15362
43757
86348
72293
51592
81314
39600
91776
43616
80371
11123
32219
56283
5501
35035
46224
12966
26738
77511
90692
74320
55566
52996
51059
37001
72120
92959
98493
78918
7511
81909
5383
16002
43854
81158
49103
95838
38678
38055
83376
34440
78774
87127
52557
6745
10145
40457
71422
40280
42125
49729
73141
67389
49771
730
25260
76784
70184
69571
26476
83280
83135
24938
77564
71631
21976
33520
81636
22810
11649
16157
30845
19607
2504
18316
74520
78919
78066
34279
97799
26475
37851
66893
90348
23683
81354
96016
78652
5360
4816
77307
47855
379
91038
8752
88166
975
49440
12880
34426
77186
70521
86740
90269
39889
45404
79160
18927
52041
48516
8951
80768
19681
90673
43122
33116
22916
1855
35369
40056
85070
68005
44876
38072
26188
67687
34603
15834
54789
80057
48778
28834
79095
37872
32656
27875
63482
51110
40671
935
59362
56906
30174
28444
27264
59298
74129
47675
39079
20990
26506
82965
10476
18682
82617
83772
84326
34896
40383
4459
97109
27511
68192
91795
66784
80924
87991
96451
29590
35547
60131
65140
71158
28954
13215
58446
14090
54498
64624
83386
36334
81499
68631
61606
28527
19299
30950
174
87278
16043
10095
11981
59779
89135
17624
79775
79327
29807
1931
41042
80617
65806
43850
26025
67722
30854
80864
46796
44997
12070
15122
53904
4830
10
98868
16382
34587
87125
38296
37283
7559
11950
64801
3956
4531
41556
79029
70747
99224
34654
1329
81410
6552
8308
86391
2747
93218
15428
24707
61673
89363
57634
2459
6415
63770
15743
93828
25107
2516
29124
15313
55119
67958
29163
29687
37492
25641
21114
70492
20699
51408
64958
84973
9321
63493
98752
15535
28445
17761
73350
98989
23866
2586
6984
34192
87980
73574
68749
2733
41849
41566
26146
36856
40613
74431
64119
4630
91841
11082
21430
57104
35314
29418
96801
49251
27993
37077
63110
64660
1061
29420
47649
48610
17489
22493
11119
35060
3610
64360
87882
6737
77794
36382
69894
38478
58938
2660
25254
88865
87472
7768
61276
79285
55252
77995
9660
29175
88136
96396
31483
65324
43268
97958
36937
36997
29284
71583
34920
38155
36847
55265
26536
89685
89859
32054
59873
91480
10018
94572
94636
11038
86387
65432
53246
42255
58487
2839
5666
89036
35337
9167
66514
20091
22161
72275
78258
26364
36293
27046
64169
38969
11132
41047
38941
69660
44017
67691
75145
39803
90544
39321
42013
80655
48224
942
73555
39299
23405
69489
69257
8295
3089
31040
82784
77315
74270
16889
2320
39593
73066
47541
29861
74275
84760
38702
87867
41964
84479
55042
22417
82747
10233
49775
47565
59385
65706
4766
54636
52532
14635
31261
51172
4524
49874
58052
86424
18890
77760
61978
50103
90865
79942
31279
60849
96588
48245
81225
27479
64647
63137
89277
20558
86842
11697
7123
42480
41184
39525
4365
54975
54758
89380
26176
76486
66046
9186
16736
67343
68179
60778
59770
98330
50743
32750
65466
70144
89816
8104
5997
83013
8306
7563
4833
83475
41662
79147
31785
58233
32135
67174
2429
90112
88829
97549
55774
56869
54339
34547
84662
29911
10915
89681
74622
9839
76225
17108
92569
18599
29548
73060
90302
40185
97489
98321
63411
88469
79370
83420
24340
26398
39124
22143
53811
8161
46206
18746
67514
32531
50717
88283
50540
10855
99804
80841
59305
60104
77137
53325
82416
48729
875
57470
14175
80487
30823
84840
37973
24711
54562
17720
57
72689
25513
59654
70132
71801
10444
40223
80696
30982
89137
59885
88388
33712
43172
70310
32288
57851
65740
65902
2883
92139
48281
90954
39572
58914
27354
63426
27021
59901
55147
51442
7899
43304
12139
65581
59298
88537
45163
59119
87038
55472
16930
64605
16548
68744
26366
27195
75814
88986
4310
50794
83830
32623
61050
92411
31330
80416
71724
90069
48509
56236
71624
56479
77727
58197
23293
33802
47426
47447
16128
5534
43821
92134
23414
15040
92782
27523
62479
24893
49440
21914
76178
58357
94093
42876
43571
17542
92556
31348
79906
24564
82283
37255
33885
88082
70216
80301
47205
32016
97305
18663
92398
91778
90764
79516
65615
78600
59624
48500
16090
3199
44498
19823
49094
19331
93484
74979
53863
5343
45591
62481
32959
23891
8506
2115
86286
87265
51195
97220
27045
16116
29385
61212
94169
31501
43100
62214
10930
6091
89333
82671
52547
24758
50239
65293
47572
73928
34327
28282
77946
96217
11047
10668
49577
36102
92717
59923
32128
35870
72475
49678
11714
49384
22968
42666
74405
19603
75684
76088
7715
27932
50168
70217
42030
71446
46443
6344
84865
58425
19762
16341
37841
16361
10399
53818
57474
59810
17834
75019
34646
69661
91565
72447
57280
68354
48840
50789
10679
31082
32358
32037
76582
41615
19447
17237
11168
498
24060
340
85680
45801
93345
80423
35407
68355
5028
53581
89103
16761
48308
3392
99988
23955
30580
267
88195
22676
4127
16994
14450
46052
93638
47715
44094
13976
1557
47112
60124
42463
81363
95685
86759
58347
72840
87620
97112
37082
75161
67834
23380
62977
21102
19909
2239
6452
61461
2597
7278
76116
93056
31797
68794
79253
4265
30629
15408
74699
27349
86548
47366
40657
17334
74895
9960
87157
95179
37152
54640
67267
66082
99925
20916
92845
54366
69391
92314
69908
8372
48771
16422
32501
75342
72081
32627
19379
38930
72702
20128
10172
40253
38832
90850
16091
96777
90181
31448
99930
5614
4113
77372
74578
41541
64882
21621
47185
64679
63217
63369
8230
29235
69272
69711
6443
95087
53066
22434
20048
13414
65411
82642
79392
49296
46478
33109
75794
65487
74877
5147
37423
43573
93288
36927
79290
89955
96165
33913
83457
71181
10464
98192
72543
65401
82007
86317
19019
79174
77621
78730
69792
35785
57193
49322
15754
16018
55554
8290
10122
2573
12777
533
81862
70821
26651
78301
20688
35939
16545
22789
33585
22740
49294
95124
59730
17608
45525
97699
87271
77814
57445
42736
62745
82878
33314
36427
16302
42887
85760
7693
18998
41062
68862
60105
81301
81856
59165
21179
12264
70022
51420
69373
3798
61055
43698
37592
37300
59269
62759
36342
89621
12965
31598
17782
64684
51433
5315
24186
65920
81139
53117
61723
27147
23775
43344
38492
96878
36491
62851
65947
12245
54771
22601
98500
82210
10580
80477
27712
8025
57811
11711
7851
8744
34294
44325
57282
47088
85455
86432
16859
85460
1753
47469
71279
93661
94779
54388
77586
36839
27498
37280
82724
49388
78028
49947
10495
88427
2486
84421
14448
43605
67926
41138
73763
30227
62893
65502
4728
67479
43636
29421
99922
11038
7871
13538
22861
59615
42463
93212
30607
15347
19490
88328
21431
47745
82549
51719
62738
94404
5321
79006
49357
90811
98291
11412
83141
58957
97262
4971
25658
97654
10299
83070
81474
50099
57512
35859
16633
12038
96431
26108
38550
14406
22869
86192
52058
8583
97491
34530
59201
89217
62673
52699
89722
64895
33838
34968
47571
18311
72445
73282
60846
85633
62761
94758
96176
34053
44088
96433
16568
12966
57774
83306
37325
37877
57257
87884
46095
22099
75209
83902
35056
16982
66450
85264
12924
80887
49738
41812
99539
1686
95902
12407
2263
30891
33153
13467
93408
47690
54516
30610
44365
30386
15872
80281
53750
15762
95264
24526
86269
38168
80860
26192
18434
89496
4464
30610
25365
90389
11756
32027
75975
59663
87476
78525
57561
73193
92072
22479
71606
