1839
89817
90983
36928
37369
41898
82636
57257
57729
23617
40333
38474
52688
53045
68709
72772
70757
20652
70210
64764
56729
23727
65524
78471
12701
92006
72072
81
1247
65269
33390
36233
20364
12626
72981
76237
26447
51650
49273
6029
77335
72496
79571
19967
57655
59273
24719
75486
40455
64727
81979
42239
96136
82775
11963
78483
3461
27641
63673
78130
597
32212
21561
43530
4604
16931
17131
59139
71505
32672
71002
4494
9915
7163
34209
20074
7668
8664
26461
41522
97136
16098
63998
80902
72726
27375
37655
24053
53581
39506
11285
63876
26098
2839
20492
84125
70405
14175
84140
20247
44068
32728
61266
10366
67343
51159
35547
98815
67723
39733
52788
88883
3202
60356
75758
72645
56487
54732
8941
98593
93239
9286
3775
52570
94043
30068
82473
11576
51690
85146
30716
8669
40939
19518
39495
46323
15673
10040
22662
54803
8607
62901
57784
80180
89186
85454
32655
79407
52286
10560
41025
39339
79273
78856
15067
61257
22867
5405
15860
27662
82479
13993
69663
67528
10667
91557
61659
34655
72667
89073
64357
75290
39477
66445
7789
56427
77397
56662
46150
27160
14880
67136
17622
16327
73765
64844
60365
7397
86783
51527
25139
1651
13976
46784
41914
66861
43496
18915
77043
28664
88443
67478
83228
84168
94096
25807
59959
73771
7773
3312
14069
42422
18448
80096
34769
40650
13137
15111
72570
21761
37379
89126
12488
85435
2889
1969
27856
22912
21349
42410
63730
44241
52923
47131
36240
17168
79861
3376
91481
54184
76960
12014
72067
42299
89779
47572
32630
49478
5775
48973
73413
95923
93506
32430
88344
44346
32934
41874
72485
52564
18726
19024
55710
6431
70049
8757
28227
64199
58471
66084
55864
10167
77696
4647
62513
85307
10444
29840
35113
22257
3813
88400
15730
45772
2913
22515
39687
67493
45939
61495
19038
95934
27153
45895
52473
47124
60688
13656
2043
69697
73035
29951
37048
63274
69667
33484
48197
90188
15328
24136
97614
71774
1558
71078
53158
91395
52035
74825
7321
59182
51412
56562
69022
94226
79591
75812
51048
83141
63115
39959
74204
65521
43300
20564
81532
73143
85259
28403
90626
50080
47570
98095
60680
993
9957
23619
64612
91338
31180
48132
41010
26219
96653
90682
1673
99267
18542
47771
76879
29095
78552
17254
32712
49292
70839
44153
13866
7505
46654
30416
44204
81995
89735
78363
91676
2062
8664
282
40784
69333
33409
94999
76181
64527
84514
90784
5347
72902
45866
43616
88082
90637
18042
64922
31333
75141
14248
41889
42724
57292
52415
42678
45831
86115
84099
48766
38030
51898
37650
79967
41775
1082
39622
46264
41319
57998
31575
78138
66449
34415
63454
72327
62196
59787
6965
57766
93206
73553
72409
71135
3183
94620
44593
51481
2136
9562
14697
85422
15650
887
35607
63303
12963
75243
71934
64441
17740
42076
26801
58492
37590
99697
17647
98628
38074
72405
25484
29950
31039
3748
90609
35337
24174
53845
8858
30126
43202
1764
29437
70589
74332
94651
83307
26117
94034
96252
558
98448
66535
95918
28722
15065
79638
15617
63424
19371
9448
85983
24869
42711
72869
13138
56466
42737
61063
79404
89725
80072
2858
74295
3844
41568
85759
50553
44689
93134
84352
14179
49785
68879
38718
86710
30399
11621
99350
86131
34230
94927
88098
19582
10563
35652
24523
82158
33185
46444
73532
7412
6109
73211
34642
19589
12162
67403
70128
71045
12911
15221
32303
27218
77604
9323
52531
53258
13852
12853
11832
13722
82516
83078
67755
79493
70314
78298
52117
78061
86401
13326
68594
64992
63744
29532
70688
85090
11162
46162
14547
26227
52232
66862
52069
62173
17938
70936
39499
96445
37678
67676
31298
12459
5791
9666
95976
47047
67166
37932
1256
57602
97398
6955
19725
58086
35209
12255
32631
53443
9296
97321
82892
40536
46752
83662
44229
11226
65704
46570
72105
7075
46839
40654
70296
70970
47162
74457
41085
4986
26563
96750
72743
45986
68037
15735
3953
38617
4124
11190
34492
63644
66794
70948
28126
17830
12283
14408
43796
46683
6250
61941
94803
82352
1180
24576
99932
54330
79498
77405
52622
54897
43037
19893
29334
99297
46642
47910
29537
92846
11549
90743
72178
21889
66633
72118
16206
48595
13181
18833
8565
73780
36667
51757
2059
83512
75170
17510
69524
37632
82323
47427
51455
93345
42640
5493
81017
24946
45600
51628
83490
14743
79120
58838
88605
67845
79988
83893
87040
42962
9610
45340
33004
97946
2559
17350
88918
96560
74475
46418
3588
13055
14904
58879
11507
28124
83200
18304
32149
87499
47220
52829
35096
78538
87225
4262
58145
83453
71724
72820
57848
13143
26118
83357
573
77281
37371
40339
61176
66859
43901
8091
7310
61324
53149
97701
22095
51320
28561
56300
39821
70621
34001
3724
59271
30873
13564
2107
95747
4316
98488
9350
47226
77910
68886
1321
14412
56797
88243
23082
38197
20476
22970
20146
312
31259
89991
17161
58231
23559
24167
35437
70565
91711
56220
96271
66866
34970
26749
87626
52678
59160
81433
38080
76201
85667
46044
73747
48222
55169
26186
21629
15344
93977
60168
7597
42533
81824
93914
45151
98831
9407
1351
19958
29921
90883
91224
20824
69279
14272
71104
49126
89774
93634
87894
44663
22698
26866
3965
92048
93750
16898
59140
38178
17166
21
74825
99487
53817
99566
2041
28250
51003
78675
77299
58299
61414
3453
25578
22492
21072
48095
75689
5636
15295
7729
20401
23485
85697
79480
15677
68211
93881
82387
80295
55083
42899
52357
10371
44733
11161
45850
38665
76400
91422
73335
54800
46289
2039
74083
25142
20911
58538
3244
5468
87255
20414
8343
65582
27559
70098
13000
3488
36688
37738
23434
84692
46605
22851
57435
88057
19802
86824
79479
82797
48115
95549
56704
15778
95947
85145
88999
97183
25830
18160
48441
81981
98387
30254
59113
83122
64457
32224
5366
30091
47260
77869
49465
6641
63036
81570
1901
31918
57483
15050
9114
77514
34425
18524
30112
14606
64286
21838
49885
73129
99763
87496
72028
68176
54733
65139
63642
38240
78231
44145
5846
21984
59882
40262
91764
88930
29036
93651
21165
77864
83843
68835
35543
6563
99700
78367
46317
16150
38653
11548
80315
16057
85642
46644
98824
69914
97496
72114
78687
74237
10084
2279
25308
30564
63215
7385
60336
58378
28817
66459
98449
6826
90742
45176
43874
29117
2969
92745
24986
15359
316
80166
75731
1651
10465
29561
93905
1629
1480
30190
11692
61261
43142
56710
70556
7292
75006
45003
29697
16846
72831
29950
10316
9207
85721
94956
67342
98139
47196
18047
64923
3470
22576
65585
85977
50938
57707
10555
16491
3262
94994
9515
93557
36083
11504
82900
44427
16522
69932
65535
46362
20337
84009
4352
4563
7989
77439
44963
66448
69602
5266
23781
58372
97509
36428
61631
90435
44050
46556
21309
24266
70401
18922
22509
76013
34452
26101
90451
2524
47955
54699
71674
81617
57208
51045
56708
6360
96775
3901
31842
65243
97205
8524
54815
51113
51018
61572
29526
56643
31040
32743
33349
33475
35691
35971
10681
33161
47155
30250
27113
59363
30268
36018
87486
89623
32711
32037
86223
56753
18257
45286
26284
68356
48761
28385
43409
55583
93471
37677
98554
24237
58312
79714
99957
89192
47102
91665
41650
3964
35956
24836
99703
53044
11655
5010
64113
43523
34401
25183
67653
30352
8567
99694
3749
35167
93617
87780
10974
26136
34570
88283
66957
72375
75757
85983
30834
46095
81119
45640
72669
93627
56892
35765
92164
57443
94394
79905
62262
62407
20234
26309
36074
34443
285
90666
72721
85663
60802
82025
85035
38282
31821
1313
28533
96114
73972
1075
95391
75755
85491
52798
77180
92026
43439
71186
33235
22116
99832
95987
40114
30744
5767
82380
96994
5525
22151
37613
14901
45209
49968
45891
5916
77224
55694
44115
64853
82645
73248
28466
38658
98896
56892
80164
19637
23980
44208
20975
28551
55948
21988
75835
50728
25033
23099
2920
97968
34434
8377
92620
99284
22881
478
13736
83221
17798
16175
42277
43058
80114
6166
51696
11357
29714
48160
93744
26059
80102
42532
9504
42373
91341
60644
43053
97692
34799
78924
96333
5433
92679
4663
40154
10066
43178
93168
58538
91097
44536
72438
11212
50350
49950
68313
80193
78005
59622
77729
28245
88386
46780
43151
92569
9137
43101
44922
65342
78258
23518
84315
623
93985
99926
51109
28555
46548
29545
10251
25886
78701
61234
87558
51516
17711
28141
46254
87449
57422
54942
35941
61384
46335
67681
40787
93133
45583
76783
85420
12129
57679
16585
99982
39010
91820
29189
27239
82676
71453
59506
29779
61337
55925
79017
64450
46152
9241
68114
66456
97836
90316
77680
24367
20124
3045
2506
8663
61106
43650
42807
82237
70475
94550
45573
38793
84410
20381
18566
92161
13705
63953
16888
78251
13
92437
73776
10512
56004
53550
12706
34044
18606
71986
34703
42946
9733
18232
51851
99709
22875
62063
85449
63441
77422
79115
21414
63631
67051
57466
20687
68599
59196
21108
35792
97656
49583
90097
22106
36307
17253
91732
45840
78046
71474
95749
943
62980
89240
2429
62967
85961
89467
49626
48410
28491
61569
91762
78335
93477
7304
29125
9651
73005
91363
31307
25294
25373
21011
88812
73917
11887
35230
32782
89650
21057
16558
79721
72900
44151
55240
72375
34339
41472
68935
50855
26332
38449
50134
74480
97669
24942
58951
39491
56487
89543
49906
10585
51301
2975
65260
78475
54477
9991
81987
91009
15897
84329
61428
2434
43330
72001
37514
5610
50211
83526
41140
92377
60069
62086
16065
55208
37004
90959
59418
14935
98589
55562
46876
82018
99146
46945
26960
75154
84892
90529
23049
79
33660
4699
27930
72755
24478
90373
2993
41754
99466
39134
65684
53558
43304
85134
29014
50559
86375
85867
8694
67911
75787
43768
45141
46923
42385
99240
54962
72549
66623
70048
98819
7166
78733
19643
87762
6754
25194
3367
22482
48396
57165
84300
54140
97760
27641
91789
26218
23319
15339
13191
4271
7829
27683
19414
57938
33718
12461
90711
9733
6759
17131
16136
49638
94674
91873
80524
23121
26289
94844
55914
11135
66371
64895
63285
10016
24316
684
25703
87249
34678
47084
97926
72057
8102
73979
61480
40262
24137
21747
66131
15071
12670
34963
28701
30085
49357
35243
81138
56107
44420
967
16564
98991
72483
42966
93213
14772
48429
48118
57824
14205
65695
56125
88813
53320
67389
39718
95347
32165
36968
20150
89375
53810
60940
52459
78883
17876
89845
44864
85522
84948
21601
61151
40776
75252
85136
17764
66919
97932
14361
56073
99132
46597
37271
74803
6879
85712
76064
96216
18393
48612
41973
39692
44800
75155
70261
65063
98366
44712
10733
39508
69168
7232
30698
23128
83594
29922
38351
95421
57496
55131
73026
81147
36575
34490
13824
59842
4097
76805
31601
14214
55328
99222
29462
90887
15002
13302
16575
50139
97394
19829
50489
34779
75855
49955
3493
64487
27422
67309
33283
5366
88371
81079
60173
56927
50381
91634
70880
49469
15479
37115
88117
16354
42922
56464
44623
77915
76784
17679
48364
76860
31299
11981
26878
40680
4244
51984
22484
28030
12008
2410
39889
17219
5085
35986
2494
55593
16202
12513
66491
13305
3044
3749
5776
74594
55164
22917
10210
49245
18790
59890
37282
23836
61141
5894
28895
19087
61026
87933
77819
22035
57516
78220
59739
98648
78009
10562
77144
53325
76058
83833
89139
43753
66188
9081
85286
39641
12539
10506
97653
85281
13825
19571
14723
89713
32044
98900
25280
92006
27486
60796
33056
76281
93582
98632
89927
46568
74060
53401
64609
45119
59521
39825
13262
56515
38260
23689
34970
49915
97129
69746
2859
19579
27301
99782
76435
73134
27405
8522
82374
89599
90731
68707
27109
61092
14162
49553
64472
6472
93945
86252
54971
52723
39107
33978
45711
16249
65888
26091
41169
39836
84556
30961
86792
31678
98613
48351
25912
49447
24442
85660
94771
18190
73870
24100
83151
13096
52828
19260
62227
17931
92869
45200
49419
80094
5093
52714
79835
20415
12883
79441
34735
74800
65383
95516
88049
89855
74998
98065
67572
16784
74680
4127
94509
17097
96267
65236
866
56698
22224
6972
75931
13638
68659
42423
44084
60083
21705
76309
75092
42858
75826
71504
95448
87371
67005
73606
51145
49137
16427
43634
87788
71581
87659
6726
40344
68130
16389
50951
26722
15916
68306
12421
596
93677
49704
55766
80188
66886
55572
69166
9696
974
75168
59708
21712
74754
65012
37476
41268
31945
56760
70196
71236
51587
39576
11334
16374
46766
70144
47761
5714
89236
74279
66476
79266
55220
64776
87936
25573
70667
49066
80873
77027
68159
76258
77577
85338
11944
93135
35657
74742
63995
99459
87789
3200
26548
48673
73522
29005
22208
79233
36678
60183
63877
