33270
19577
98512
39559
6420
42203
11217
77208
40376
89995
17589
82390
94194
25797
23608
30796
58612
80622
7395
24992
73373
40281
49751
6055
80013
10135
48232
19461
40791
74809
56646
65729
85748
16035
31766
76257
26708
12782
72575
3238
75472
25210
83361
76646
95803
9103
35456
63906
75511
16526
63583
15204
65379
98521
25958
17143
41842
74555
32262
94851
42967
46165
33587
3619
29692
51622
29680
54885
11634
96599
21961
21501
36195
14464
53945
9382
22883
57434
7980
83927
11269
74530
48127
80317
35466
60103
10692
25594
7476
92432
19937
85882
97176
3341
78936
27022
64306
87672
96321
23752
47763
36455
76723
15985
17557
82802
57057
14186
8879
14619
9313
25213
34179
71583
35625
69727
9461
25943
21875
98980
63895
10955
90079
68895
19903
81268
53590
64533
1178
70892
4492
12477
56665
11541
49888
27990
35946
26370
42974
71109
42786
19814
96291
49961
46037
69335
86816
62940
76136
58910
22423
77769
65022
93502
9506
9477
44111
89375
85332
87852
42551
5686
54551
65976
27658
83411
7252
87744
39685
15206
93714
5643
74848
46990
70677
28847
1151
35200
16839
50507
5864
4688
17333
12829
51695
41631
7440
95136
30476
9250
39060
97638
13006
83114
52965
33262
92425
41973
52501
96707
92107
60753
30818
48720
5261
52520
53596
25731
35205
141
32132
87837
36792
69089
98768
82387
82348
38241
84812
81669
34427
4016
10746
2585
835
42909
75706
45331
21723
85745
22436
11186
68960
61015
45298
32266
63118
89032
32571
50265
40138
67602
23066
25384
31996
65956
23117
88769
47066
88344
20441
31528
14207
59230
48555
86359
36474
43073
45721
25849
49507
83865
42951
25699
91848
97868
64550
60234
13638
5345
59479
14565
79699
21059
96301
93472
24280
17742
1456
87417
25052
31961
61181
96699
7324
73856
46731
2357
15223
44300
49960
11063
2789
25217
27810
8584
25063
26469
86722
742
71993
49160
75827
76027
89380
64468
44641
50904
99249
97746
89276
40977
7224
3670
59867
26292
19094
80873
84893
19847
22429
36561
3178
86142
7973
80127
7352
70070
79520
65876
53931
84497
16492
72177
83284
65966
11361
10394
5658
2692
44010
4901
40565
93083
62224
82533
97238
71463
75794
17966
87269
50753
86609
82404
16707
61572
2920
83749
96238
833
76312
16367
62115
93504
71873
70671
45309
71700
50317
37511
94299
79673
72519
65755
59264
16268
87689
70425
66132
13159
24499
95138
94632
25943
16791
98649
46711
35164
41840
64743
27592
22877
84659
61609
4079
21478
57374
79447
99443
88095
98830
26609
2250
58314
49261
85352
82369
77688
17511
44390
94360
3560
15773
59579
9002
19453
38867
40325
32938
75867
7812
46587
7945
81982
86773
13878
87540
57239
57735
64764
82457
71621
45286
33259
25994
38635
38622
23423
11355
15443
65294
55648
91494
97631
31156
63115
49166
73159
77800
39354
66016
60500
48933
26867
22229
15992
770
60490
68116
58056
91678
43604
53588
98456
40698
55337
61631
62321
18016
88660
91603
63537
9345
33435
36226
65663
28093
88550
42489
67497
73435
94542
94301
32284
56697
78275
61457
64671
30493
69625
39092
27725
17801
28944
94152
72269
78829
71807
40973
76367
67639
7357
38252
36486
11973
70091
89520
44988
60475
45889
16846
94518
13232
69140
10213
44998
2595
13120
62080
8231
55147
81016
5305
2840
25356
19623
70648
41720
66053
58114
3577
49498
60453
10124
46539
933
13022
29221
11860
56331
4051
80272
76018
42404
41995
19584
27068
47174
29511
67646
90055
94595
80432
6969
95557
25568
42313
19979
45320
45613
73700
91076
62885
1413
6800
7446
95731
84900
92304
31324
59122
24736
53671
80615
6024
98661
92304
66406
66214
33681
23370
17169
1994
62633
96783
34610
75518
26486
61030
49361
62781
67776
49327
61211
2646
3045
35708
38030
90377
59573
40863
15332
29710
1613
10941
34553
35989
50319
91938
47258
69255
53690
19439
94668
98188
21419
48174
52918
68326
24752
52262
99661
69627
74309
39401
43738
87568
71405
98123
85865
75024
58734
97358
28561
75852
89481
43704
82203
93468
916
57414
44817
38820
20630
88890
56548
38258
25471
57071
82873
71907
72929
9357
17298
77413
56783
87256
27957
87895
53681
70371
86427
71789
54369
46114
88791
33456
31333
83101
85408
32546
17193
31808
96797
86175
13112
29199
51852
66911
22359
96439
50640
36823
4670
82688
14997
20256
25108
64478
99648
32687
71334
83303
38071
25987
18979
14879
62186
45054
26615
30831
12157
90986
94466
25044
62612
89149
90421
14675
87706
33143
29000
30474
78317
57192
6938
9666
58953
97935
55398
39200
5743
13501
69791
15195
15154
54487
27720
79528
93215
6970
22514
32914
49062
98137
33459
357
92265
9730
86399
3657
51040
1312
63974
38859
83142
20249
95082
53239
18499
55126
23995
79714
951
45699
79088
12228
6464
71309
14532
39555
68648
73096
31851
30954
52911
84851
37712
59448
15408
5619
81421
38549
57362
44955
77701
42464
63437
38157
16225
85027
91159
17211
94597
27688
93003
294
31054
5413
86196
65000
811
65906
19099
82893
15605
49083
40971
74971
87853
75697
67229
97682
21936
33340
21221
26830
83929
43371
27608
36586
86323
25995
57496
62207
22361
57653
22686
44363
18253
55106
46723
4204
61713
68666
16267
13291
84485
56522
71311
76949
1853
46196
1797
67844
50814
8672
92077
79933
76502
4721
87866
43763
86357
51890
27708
80105
65835
38799
24262
64564
60416
59263
92833
27710
30410
4383
78796
71175
52558
33115
65646
77158
90390
35237
40346
29230
99723
94279
89853
76620
61903
6517
19016
50764
97850
85148
85300
4795
63023
83032
37014
84774
98171
3745
34241
28098
43753
19588
71955
95301
60868
8592
16541
47794
16426
91335
76210
43090
96074
28021
42379
13181
60730
26781
96436
74169
26455
69806
69687
96921
15289
62644
13539
34118
57778
96491
74168
5403
36580
52207
99570
60426
16636
90351
59152
72828
13423
4767
29152
89750
95535
77005
71560
49815
59529
82315
31827
57245
15807
2059
43287
3112
37277
12361
64703
9110
26810
74561
6874
63438
15789
50914
22495
45592
20681
15899
90842
90441
91415
87697
23640
39164
63695
84242
14155
15100
46034
94820
90042
4318
51334
7351
12009
62347
78191
70169
15808
51612
37319
62344
35162
8830
15770
34146
71212
37332
94080
73688
4400
18908
54551
45761
83822
24554
99645
53739
25862
36944
31239
82028
67196
4607
17857
24054
79296
23303
78275
51593
32120
4538
7115
18979
76717
60015
13469
54483
83087
60547
60340
50507
23846
48026
4611
21299
68790
46466
59661
99481
36366
97784
34749
41478
4589
7492
50915
50029
73681
27072
63948
44509
75741
67030
4893
87894
4871
77191
44939
17144
50107
13479
57625
65494
48175
34118
5039
95338
8197
16394
55508
29090
36758
54616
58857
93912
76481
52657
87169
97663
38832
66265
41664
90233
46306
94675
75342
84613
49275
14791
14232
69270
76805
64966
92036
77887
1472
73157
65551
28523
43565
63525
18245
5833
85203
15987
42237
33764
80972
714
79598
42608
66288
74902
99601
99616
83836
31892
37172
21269
12766
31414
52824
61553
46783
86594
86345
65034
40013
28410
3607
60794
53604
46454
38549
18
12281
47341
86029
41167
90275
4243
60830
15589
57990
80220
40788
39064
77437
38431
73827
201
62595
40502
55039
80653
34014
79841
88026
10618
14793
56330
61051
29882
70749
29923
37943
51458
9979
55339
75887
50109
34904
77424
51142
71553
29606
68911
56765
69795
48731
49911
98990
13445
39743
96459
14945
4910
88151
74598
5453
10323
76585
99544
95727
19633
63468
80975
51136
50236
54958
78513
76406
78097
16449
6085
52954
32712
29187
11506
34561
71493
59368
97887
12905
78606
60838
92602
53713
43415
48253
71732
17846
36761
81697
61737
77318
27137
40613
30141
55619
83268
48166
26082
37878
28336
1425
92822
86220
14590
76498
21322
35026
37444
60570
80317
66184
25895
68972
10886
17637
20397
65124
20561
33512
74672
64164
2464
12886
72271
92605
39475
10484
48223
21430
74051
75426
55294
78300
4168
95858
69352
54151
38842
39076
3106
13924
9780
1856
43572
77124
97940
99312
39188
33824
27775
52663
64445
19335
95618
38257
95231
69126
64532
28040
47695
27699
91223
78704
66303
97494
89309
65472
32265
86709
30535
16237
13476
90682
28456
66533
89017
11427
92872
27589
26096
18438
66692
96760
97667
88478
73235
41004
98356
77302
23204
20050
52634
16497
6147
92082
23031
38068
19098
19465
36389
16881
49588
8256
7534
58673
48029
19946
74555
65276
36101
82585
39396
21608
32419
91486
22887
23964
67542
83867
55828
49088
45927
95015
46020
89251
36682
41757
44393
8328
58243
67937
93921
91694
9190
55153
23236
78523
92822
44419
2557
16804
40655
46753
68918
44444
17472
99901
70699
18998
89295
74226
69537
29144
10721
79130
68495
10910
95089
18886
23802
7720
61565
85245
14943
60226
85024
50803
21482
73038
51513
5541
91651
24495
46379
95471
73704
9428
31422
9226
85269
87104
18820
68613
9184
1106
30677
70047
44257
14006
23035
58687
2574
89927
87082
528
41893
63071
13959
8252
96035
73180
46537
94531
3154
55345
5789
74648
8382
6406
73699
504
78952
69677
35222
90568
14900
63267
8041
16203
76189
11838
16589
73693
70249
83481
14927
23790
5079
86201
54654
70910
2420
33435
95722
52625
58605
5629
8
68784
51134
34277
85010
73788
26057
64370
40075
97999
51395
81021
38848
12593
86664
20459
32074
52147
88366
99122
32145
45580
26615
4677
46250
49838
58305
78494
42560
82820
55640
21512
20945
5099
91435
49414
35567
87017
61467
28706
37511
65774
90031
17654
4286
71174
13125
4241
30967
59607
93987
80199
92498
26942
80011
90743
41551
43392
59085
17434
62351
23503
25911
77669
98011
64476
1160
95323
73694
52308
69346
2643
41485
17816
95261
9185
76136
91357
63800
34019
9432
5692
6538
86986
40279
12022
96279
13667
93008
9992
83198
87329
69691
7559
11471
41289
29451
12121
79930
35258
62179
94992
76706
61079
88514
56195
35217
72274
12704
70538
95493
14102
46768
81334
99944
40401
94661
78122
11229
53020
93073
12570
49110
66249
34537
70783
26595
59496
36196
36916
3940
35253
42306
53713
71648
32482
79465
25249
98542
83229
30475
67554
35152
92925
52963
75640
27136
68814
61566
93934
73763
50871
1943
97898
90970
66628
83259
27532
9143
99445
22219
23075
14444
66466
67391
10572
6335
80169
57639
70824
86330
93846
2733
36984
7166
40686
8119
32440
91608
12375
91624
17109
97228
48487
31558
43820
85934
79784
10166
93793
75599
93605
26595
34264
75124
39700
98590
76788
44771
18880
68735
85482
8407
114
68490
32737
4434
92379
97197
19144
9714
63136
81990
79891
37180
92770
62273
30676
38517
808
37534
13970
92688
72300
60049
95433
52769
95712
86563
61245
60720
24827
55222
14236
56618
31395
48262
86256
63281
94296
85707
67997
98003
31867
73307
14077
79512
78137
37804
44149
94612
4600
4343
65908
25629
86973
55224
52520
52375
74872
48114
43612
80427
31981
16240
15442
64214
94367
22982
15641
51326
81338
92597
13291
69535
99741
92429
51462
38627
58147
56365
67717
98064
69581
21766
87866
17434
15053
99549
15402
40954
42609
63279
28453
8183
72779
69200
31264
58593
50009
34220
29521
8253
72245
4078
966
24409
60219
88382
92547
64097
23378
5477
8406
76906
87129
20877
83736
92012
26608
28996
76835
89293
96096
83743
56747
63992
70472
9626
93178
85677
69
33085
61835
32242
32125
33723
10530
78215
67816
14100
36263
93846
3771
31354
79453
37577
14930
36305
81027
93974
83545
59152
49223
91734
26712
59812
29218
22323
59545
5395
75412
25759
86455
64893
13948
2945
69253
90783
16659
72107
40599
3282
10662
12039
753
97232
14383
25263
68875
63863
87215
64828
45885
24357
93738
16471
10925
80611
39902
42827
57778
74751
16129
48283
67396
4401
16983
68367
29986
43839
46765
2570
67679
42076
80981
24567
92873
27211
72574
72098
93464
37761
80623
4931
14352
86856
83615
33876
26131
83776
19636
20388
66374
80481
64535
41732
41118
26811
81360
15455
46183
61854
60004
63623
76081
50357
93255
35466
24055
40941
8959
62436
66989
52
32375
42893
96389
57789
92508
93587
78558
92832
71544
29026
39978
73277
52328
64224
62651
9217
64668
6486
82633
14081
73195
14376
47906
45251
28017
8229
14415
55581
18854
87865
87102
87765
64763
54272
39313
49831
2548
63254
70595
91365
20220
34186
48274
71384
54602
22033
40846
6181
32399
82806
33212
47371
59128
20655
64167
61417
71302
97227
19108
78589
46919
99175
25760
28614
4208
55008
90664
61803
68282
46882
82068
57588
87
95103
58418
85654
7791
99644
77579
70221
49595
32485
18931
44353
73533
89281
33490
86283
64922
11200
77034
35089
71253
