570
65578
47506
44286
67549
37157
22173
50661
21782
22463
64974
91563
38653
65415
74756
8240
53952
72321
51468
63012
31071
85102
56047
70672
56584
26211
38298
58098
32682
39804
10731
77381
37592
40073
72342
97407
65148
12966
21489
21332
93460
97833
33570
51319
366
49877
99171
89793
98780
65323
57935
74154
65300
86720
32908
50036
86791
34697
54101
87432
55612
57426
20482
10712
48040
10671
97974
92035
93292
61450
22373
8983
38314
18171
69120
95824
20709
84310
19967
53119
63029
50909
97673
96806
47044
96662
73603
37919
56040
79224
9779
48412
59869
2335
89583
64362
86462
91295
80103
28303
6720
51733
84876
7506
37580
92984
49851
47289
33142
21454
26186
42701
29438
70716
3342
87515
73987
6422
60967
54484
63423
42868
21832
82803
19107
89317
56199
5150
81359
4445
4029
49830
91758
27914
35930
70505
28940
64548
82472
13047
33173
95587
47962
18385
59532
80747
54866
36045
30308
67330
37836
54134
5983
50306
85674
69649
78880
46601
21532
52154
3087
58797
40459
85260
43720
52782
88163
25920
8448
49508
53211
31725
35446
96535
71810
81742
97458
76846
35592
72385
36957
18207
21478
45291
72508
7716
92075
47417
11722
26127
23908
51425
97264
88820
93766
87015
20164
91333
43579
69115
24284
96187
37895
53984
89613
98832
54550
36488
63076
67561
71941
23642
87040
58320
55561
79670
65483
94721
71679
3247
69203
56218
66033
41207
27401
30933
26658
43672
50164
37554
54742
83806
24307
95661
7233
28563
9390
42543
35531
59362
86807
56353
98364
66429
91811
83579
43370
52890
65983
50170
91164
93144
34448
82256
78777
96640
17611
96277
10002
24166
43342
99259
89065
76046
79097
24895
23837
24779
60396
34651
49363
37762
51967
54841
89442
31022
91640
18978
69499
92829
61324
22549
61107
18584
86101
49747
3535
14015
19020
78134
47179
42771
49252
28066
3431
66861
58787
96468
38222
78571
12125
215
38852
50539
48046
39989
49995
80880
61236
81578
68210
24706
28231
19893
11867
77458
68406
59048
49479
5338
10847
41502
90881
90499
49227
52716
50852
16192
99844
36592
5481
38520
32339
90566
13713
33793
95002
91386
39627
64072
81739
5143
33090
56621
15235
71486
62918
40618
18023
62482
63734
87156
74233
96368
18087
23771
4247
77661
99348
89132
29424
55255
51874
55541
94660
6701
29613
4296
94839
37866
38933
72761
72465
13549
20543
94658
62357
70836
31273
20998
46012
47575
12910
26865
749
85841
32082
97470
96892
68632
1099
69811
75900
61006
65868
52423
77634
45104
62063
20740
74328
4363
99197
89063
22234
86671
94589
23717
87312
17852
13240
82791
49513
50105
10277
32341
59184
25283
69814
42705
31214
17954
4637
66650
6139
16920
68028
71634
46178
77010
35208
66137
51249
47969
1049
59096
65882
27874
67377
56281
10889
89465
70662
45107
21985
49501
70638
19172
44181
89004
89126
87064
92096
15071
2847
32550
65314
43097
38053
4857
22616
99161
76301
37227
60951
61518
29307
65965
91172
40330
13709
94084
26835
93103
61576
89198
29626
95943
78141
68387
17744
49840
26743
52278
80776
80467
38467
76441
74276
42101
93628
98912
7384
68935
92371
71390
39133
35576
42328
141
41838
68459
30343
90409
16578
64963
22513
31227
2694
19802
98150
61780
65302
97105
1532
98159
93496
35618
12703
24377
67830
54577
69813
59756
5686
27329
41741
44087
95767
67811
21059
30649
85610
33736
52946
94476
90219
85720
44279
11199
9370
5500
34749
75036
30170
25685
57707
38280
90790
5519
53222
2792
84907
54160
68484
161
22054
55371
58574
9464
67258
16305
79889
18936
76494
72103
52418
61873
19521
24690
84907
32958
28171
47695
48663
1279
42449
36191
18709
72997
95428
89951
67020
56844
19767
7158
12092
52770
40731
2024
55916
89478
5018
51208
93686
53676
32972
76426
54283
12477
952
48598
25156
54938
1003
55544
73638
26753
11854
73556
30097
75977
11815
18262
1733
56328
25103
36936
29106
43188
26795
31070
49051
59013
60521
95595
82853
60953
26809
9750
86498
56306
57893
95270
79412
44570
23151
90234
7712
57062
82278
9398
31345
81721
10531
36408
77350
53023
41574
87657
29305
77498
31337
86639
63161
74077
70334
81875
33508
71433
76430
70457
66869
25724
93704
61712
52608
57291
97755
84696
30131
48395
95531
16650
42936
16077
30345
40833
94807
11953
90845
78054
6168
44424
10431
91895
94023
41834
75334
2356
71824
4560
92984
36646
53258
90544
65408
94603
36656
39155
27773
57026
43242
34004
14071
90063
70666
76119
48972
25740
71059
7235
82249
60429
6164
92381
15956
74318
54385
72035
7494
75771
42402
19458
2358
34428
16213
43477
74000
22170
17199
88986
31397
40594
17744
34290
94908
93270
82645
66645
43302
20282
16726
70064
56111
91490
17423
13660
92433
88677
9852
17628
84226
90717
47870
90451
71565
86606
51994
90495
19614
96721
33761
47350
57623
70941
79722
3483
15328
62288
45083
96861
58011
51071
82278
941
67861
20184
50384
58906
16665
80912
80685
49066
50846
48238
97927
81655
98145
48819
21982
45123
52621
24356
53705
69562
16086
72373
76442
68067
50630
71284
42816
33634
88271
30031
42182
49165
25151
28451
33401
75273
82001
11363
54790
36160
11775
38689
57538
99009
67285
68412
4675
91125
93794
29478
42795
38809
5800
3856
41478
25629
5010
58132
91945
91095
74501
35231
38458
77381
10959
87481
25550
62110
45948
2130
54893
70131
12904
89515
16082
92839
1423
13566
48014
44423
93919
80075
24877
94504
20879
17825
32080
81853
95337
51557
64473
5202
56738
81921
62758
79912
76811
47532
56756
27244
65952
21106
97924
63894
78590
1856
64571
18171
27793
16366
51268
21488
83498
50185
3312
8252
62512
30364
27806
22200
31534
96378
55445
26277
56234
82219
22573
43882
86294
97489
84238
98281
51935
28149
37521
70525
19939
7123
24642
82067
1984
89887
65479
21409
41767
41234
53306
76935
58735
37013
37874
76449
31621
65864
27488
12870
98433
78640
80565
96832
28693
92571
21569
1800
7006
41585
35222
85629
12189
47001
74923
48705
53215
57349
58077
96208
8632
89627
59631
79774
21263
72640
2482
46860
18899
21251
67039
23463
75755
29796
92481
78877
31978
70015
22417
97564
37761
97657
29241
31401
41487
69638
41753
76762
51028
37044
94152
22257
15939
18743
10770
99669
30261
67890
50016
29198
35547
23775
65142
31517
8363
39131
69141
3254
96859
14673
67713
46043
79788
34081
82876
57302
42782
3981
3633
69266
75457
92160
47309
39799
45291
60827
1992
32416
70630
66045
53890
68442
38369
77519
46408
83644
40966
68521
6197
39518
44652
61636
40213
49175
98435
15613
48741
42551
52396
32067
12854
23037
94155
18141
98257
11830
85077
54107
96724
1715
65411
69175
6907
52645
96489
61255
35129
66648
3008
60323
1477
87017
6335
34317
20722
73509
88425
47234
25207
78752
37247
70267
78029
68591
8406
94944
42839
18370
66883
28042
13211
84066
24243
11987
62542
76066
18360
52733
56975
1349
74077
13467
23753
71020
74490
35904
20764
30234
43075
98530
83381
21638
20507
19562
65690
47996
57030
44124
87810
49969
70299
63805
85825
4864
74456
15909
30241
42342
64369
45731
92299
10678
80000
98823
3685
76282
76288
23440
22454
70280
60725
66643
82533
6588
69442
37348
95488
48599
19998
67172
74296
74964
1441
75592
2601
26147
39928
1697
1143
2340
74296
24973
81395
32801
57679
30490
25246
23400
13141
6354
101
54564
20770
99464
8874
567
12410
80157
38115
23766
51011
5038
38043
51265
92695
1758
48247
9309
67989
84156
29715
30160
29425
33809
66891
55673
36140
58120
41206
13417
21406
40186
20076
4706
76784
39157
17256
17834
30598
69800
21288
2187
73305
29838
31953
66603
78083
65844
27152
31108
73267
76328
27579
86655
27617
32449
51606
84049
69980
49765
68978
68050
97854
81243
87824
94293
21121
44174
30819
2889
53770
75706
42226
53388
53476
39510
32573
68583
53352
29182
88087
78410
78648
39323
29586
4740
11275
67217
30041
7806
3490
95750
46998
85333
46201
69162
22196
24403
84858
15239
27198
80969
23211
24454
2662
39915
7719
86555
78051
92392
78986
815
32689
12580
54918
10792
59516
58452
10163
79415
33431
53653
23652
1181
53222
90889
39348
66619
11517
3183
23678
16181
13503
6590
95148
25505
83048
93021
69736
7826
40998
96546
53486
2524
21858
43430
92130
11747
96957
73922
82398
6949
64789
7336
23684
68672
67815
73791
4562
16257
95086
42396
6387
64138
42569
12346
29617
54943
41179
75031
38217
6638
45388
74282
60375
72920
51469
41988
36944
64736
76505
40450
41359
29359
14806
80876
75591
35106
81595
99822
86007
18289
62892
29104
73019
32860
63264
10483
97791
73652
48132
46955
87886
52291
54840
62292
69129
99609
76951
11890
10740
75892
26516
77961
62538
85483
36927
54069
44080
82263
65031
9319
17639
7070
27930
92285
60987
41726
63016
38109
15001
87155
50502
26574
43773
46373
4942
72274
11721
50161
52451
83236
93713
24561
52754
57386
58067
36395
64916
28311
25829
66899
66640
92416
24391
52126
381
81080
37303
23268
80869
75307
4803
39889
774
47987
68088
44840
72370
87130
27546
34932
42774
97773
57037
85997
12535
91898
18607
33699
9720
67270
66600
10218
37336
97932
11706
5315
3577
37973
11411
29250
27227
25137
37793
193
17767
62576
10341
57568
6280
10784
2208
85047
44243
195
61002
12571
50119
64716
33601
98504
47887
4597
83582
72209
53381
56128
54436
23393
4401
81705
74226
78765
88590
30052
54296
96088
95085
76024
70054
23810
60020
70071
56447
60334
12926
71705
15692
46159
73542
80596
84557
58574
40222
85658
51115
85371
79737
98639
57737
36717
89257
37958
64953
28535
75458
68439
94507
43658
72350
94046
75551
16065
5242
68371
14460
92557
52733
67810
11417
38109
43640
99175
14808
77929
23753
25352
40691
73307
15674
43214
80846
93339
36230
76000
65996
5366
22524
20286
43326
91626
60092
49464
86038
83377
95390
56713
4121
87527
10866
32979
26131
53209
33441
61176
3109
77324
50291
20082
7993
28711
64426
59280
18390
16543
98220
80525
92943
24317
79198
47566
86421
25837
38123
59992
64461
73990
44292
9452
34717
49937
65857
3169
35327
97592
21765
14716
50200
30828
85728
90285
15970
43506
19695
47369
44581
52236
86046
76608
92517
34432
68781
9147
62741
88039
74864
16436
24617
66612
86832
64593
12233
97886
55663
17918
17153
10508
4361
81638
85557
87869
50261
44398
41426
47441
74315
52206
64000
15319
40512
6220
6676
70323
92685
72183
59073
23755
58510
81470
43374
11855
89318
19627
26499
83779
67519
69375
58109
83819
88303
58538
68865
36786
72182
87847
66701
33430
29412
18578
8906
42259
8216
28935
8190
31306
64930
47352
88478
93518
76202
38955
69152
14988
25578
93902
77774
39508
47734
30072
74102
94408
7708
74173
46271
93856
66246
57261
34743
5815
93021
84649
43143
26293
40903
84867
69672
78970
9937
13010
8878
29540
92455
19247
44578
65341
84512
93679
60718
77061
26072
48445
11954
62423
2581
16146
66771
84762
76554
97812
93043
84550
79193
99816
47164
6001
92915
67350
5973
98774
8828
34264
74583
88448
24650
42334
88921
3256
45260
94657
51336
13417
9128
74049
82611
26220
18972
61150
71618
16949
40229
47536
84614
48665
80222
78115
24107
23930
31488
77970
80843
63729
23496
38270
13500
51351
32247
69676
31177
70160
14643
45433
18591
32629
86410
85114
62238
88412
41462
94612
27503
62661
84796
84916
74996
15523
53807
98189
21594
85766
92306
20268
54252
27521
87418
80665
51746
69021
39537
90220
19286
45241
1399
19242
57239
43260
92835
60251
53942
15097
61416
48360
45342
63678
64594
14262
60897
30425
68880
442
90925
40486
96971
43096
12221
87001
39636
71996
82187
68869
4829
66068
29060
47016
18109
72168
94388
20179
14743
19799
53857
73497
79444
76751
32147
50515
78060
47049
49456
41069
84612
81694
45638
12017
84914
40874
51778
39534
76444
26108
13085
29060
4926
77718
32886
56079
70858
64104
66331
5230
50441
96867
75969
53583
41760
5533
8371
79544
91342
73888
84550
64116
33361
72558
24779
15385
72617
3510
50302
62546
46228
70412
77020
92398
66040
98152
33553
20996
91040
55357
54639
65216
18045
90580
14011
62703
27086
46212
7393
2819
93723
14224
9127
2019
5978
75838
37279
11795
27284
88624
55414
507
27426
43520
87210
65590
46481
62716
77977
16185
56804
64124
74292
72286
32313
36444
14930
53261
3940
3290
76961
90406
75735
5710
27415
90317
10243
91425
27399
62674
33240
27083
59247
77884
51528
38413
54125
92881
94698
87975
99570
32004
91227
83256
70127
23388
79710
73392
87532
92573
69284
65235
26296
32598
4487
5900
68570
42374
44240
49387
74117
38987
9240
34493
27851
1288
41900
49318
