36753
34657
539
37206
67210
30214
83197
6062
60138
54154
50274
63132
80717
19305
24612
73128
81370
26701
54903
30000
43334
76960
73563
64781
90423
43435
88779
21629
95971
55056
39122
78835
76214
99713
95805
38743
29393
95804
84235
38075
43984
29284
24450
78523
66916
31356
35387
9103
26943
46754
19165
53457
42607
81669
13767
48134
10849
28293
9447
87691
16487
13126
71432
37438
45204
26768
200
71877
41027
83142
62151
7454
94552
44417
95643
75909
7486
64937
43361
82651
52016
41039
82382
48153
10995
91050
67683
54737
448
76268
1407
6333
38304
6144
99374
74855
14671
70146
98975
84884
95395
34427
34996
85070
19174
77335
90194
28236
71455
68005
92792
51840
38000
87978
94221
97661
86520
36226
76786
8226
19416
20821
25110
17544
10834
53490
70440
95748
92333
96875
72711
44665
78261
79724
64566
56861
9920
92313
28843
72998
17579
95299
56102
77617
18851
42246
11007
85423
30688
3682
13176
24045
4748
84308
22258
77854
24161
30705
60315
43271
58479
12702
50916
19430
59645
75023
36209
53472
13639
64570
61930
31846
11110
18007
99791
899
68590
18327
90568
35717
19217
51741
45818
72805
18848
34141
75381
7061
15121
5968
26602
67397
28092
16945
79802
75345
64223
17815
52618
53547
94594
94480
7059
74272
5589
82582
65205
46698
24405
90160
57707
6770
29453
82408
58970
46079
98105
10308
60932
44255
25670
98531
13721
45905
99317
56918
37261
43405
62175
58137
43172
27665
88083
29453
83881
45160
27706
44179
65726
37369
30555
44935
47534
77866
33626
1590
6142
24942
12443
55389
13795
24178
18884
33631
65261
61504
95553
23779
60128
53102
36769
83368
32547
54055
81246
75590
29329
83571
94490
69379
15149
98309
28548
16494
23187
21313
94458
22107
30698
67304
86473
99579
83413
99361
79951
15576
52904
66214
59298
778
51352
69032
56041
49433
46891
91296
97448
67951
30095
58228
857
9753
59911
85345
57429
7482
55071
99211
32019
85900
7520
30686
49863
60788
23359
66240
43980
82848
45520
83638
90556
87520
34041
8752
72155
36703
44673
8337
97140
26812
2855
10590
4891
28361
55086
93891
49394
9343
38006
28732
74695
78076
49446
32039
4027
68923
52389
67876
74205
30446
45769
47557
86068
40153
34471
34648
75803
1358
83208
87854
76647
29153
22556
12743
85381
98984
78824
2364
48094
90929
39067
75977
99644
43808
85695
24757
61414
90787
14347
67935
83367
97875
17813
65831
90381
5801
79269
72342
41806
84155
95396
85035
19909
44114
339
67458
78841
40041
41497
31971
44286
86852
32404
47269
22773
17195
21424
12733
37614
8097
95093
70471
89135
58981
29722
82255
98700
72932
54264
23229
47990
67481
250
59707
64497
83683
40336
6724
5148
55841
15043
91690
81333
56332
64739
27268
80085
30961
36572
99858
66999
32585
5574
9071
45399
40951
72507
51154
69685
48670
61156
68961
38104
20637
7277
49426
2351
55720
17175
48799
74547
43331
75276
37734
10760
54365
24205
49114
73026
58247
31239
9257
18341
55984
36388
63563
9508
97982
42909
57092
40971
70283
19501
19126
19640
58810
58433
83206
63972
93844
28588
70088
81376
9955
64375
20106
86842
44459
25397
25851
56127
86176
44949
52438
54106
20744
96721
47983
99835
97773
21059
81912
38291
41727
99222
36400
58523
94052
7322
30537
68148
89661
19666
2836
97417
55126
13512
58092
42064
36265
28577
99419
23248
83153
6090
4653
85949
11174
90193
27983
7518
9849
42705
51491
20016
71661
82085
52067
25059
81712
23389
47664
24322
72917
49518
29398
17360
93616
5796
4733
68910
33965
7795
81743
50585
87245
2411
62881
94000
94237
26026
54784
31251
24949
68203
93337
82598
87466
4636
95492
87701
73329
35245
6318
80370
73873
45924
20578
20251
13635
64750
23892
68054
93193
73296
98922
5566
68168
18171
57190
56823
49955
18046
15988
64348
10837
46070
75789
34139
32491
44576
44774
23478
85116
93326
68760
26794
99013
35096
88780
35884
7653
99466
70755
33711
35890
22716
27519
98050
59415
92351
32146
28823
20651
66194
84705
43231
29998
87764
25364
28848
73890
74133
25949
90696
87364
59109
79874
60779
27334
94030
97801
23401
5194
91645
70463
54427
93821
15738
81124
93643
18701
23386
96055
62899
95080
78698
50938
9822
79283
73516
42049
36939
26404
54974
82429
40337
9437
30005
72863
57628
81606
27017
22027
73076
62021
90250
81947
38462
91772
59312
76428
54844
87487
66032
5674
62320
13296
91210
71411
69951
24153
83839
58154
91760
86725
18368
94874
36883
67580
39874
73764
158
22106
48398
82408
38547
49418
15349
43532
34493
24836
16320
13100
29849
95168
21925
38878
45138
24629
95797
30592
18501
20275
80339
78753
88707
51097
86879
69416
65012
22772
78864
3205
35608
66261
5825
11698
6696
36334
33090
21990
11484
44553
59407
67766
63526
66116
22269
66312
5116
97228
14065
7573
89491
47957
26667
83930
28678
76212
79423
25372
438
95994
88868
62517
54028
79821
9765
29183
81625
35140
92694
8764
82942
4542
80961
85440
59816
36800
22461
12892
50611
49898
14720
68615
9391
82996
9707
94378
29664
56042
59748
38729
32031
62593
43713
13321
77822
93941
5408
81155
24521
93089
69171
17763
92232
13113
13657
99517
68193
39271
21544
83693
7258
49953
77158
98249
75356
64003
37400
82437
99219
11151
51921
48642
78897
38653
25099
10645
25619
42848
63380
21680
38428
29143
13344
66799
24029
32781
25404
20289
66838
80270
93603
30640
16853
33382
63017
90639
83869
14391
98420
13791
7779
90166
62763
85117
60626
62819
63143
13164
50798
80260
83942
77371
78101
14621
44062
27891
93186
84877
75790
13664
22699
39528
25744
99929
28970
60205
17387
14093
53496
73411
16742
50955
75701
87509
42358
47118
48037
19175
56312
96035
5300
63539
67162
34201
37466
4869
33267
22852
61626
31887
26803
35822
64612
92617
20853
52955
94426
6601
30834
66647
65328
36572
4527
20126
8300
87742
98678
32679
28717
55579
76098
6254
45385
258
63859
42909
92974
74499
43938
75158
14410
17701
35183
88895
82373
20294
21398
2571
47724
75888
96479
37505
61065
68628
55189
39819
44621
75238
82990
1213
24144
61301
96361
22496
11728
15333
94423
13754
11989
25675
31951
90748
47477
20196
13509
65288
57107
62515
48949
71900
91329
13557
7769
14271
95271
93250
38555
98407
23388
90594
98564
91589
36049
89161
9298
75726
86061
9489
77320
26086
47891
98066
68127
60523
30912
57953
23866
16796
50288
71522
32056
19428
87168
22923
40611
24966
77966
73495
34309
89670
9852
99524
12858
54162
44372
2378
18912
52268
71205
58424
80203
65621
49260
66316
4053
22583
2126
11182
40242
43182
22177
44201
80642
17461
17259
21320
5120
42185
67618
83433
247
1020
41714
59457
74773
53048
3645
86060
50039
79661
80348
52366
13411
58297
8612
93899
76341
68179
32676
47744
10801
3668
29035
89980
85239
33347
49670
60414
81749
93116
94727
5164
47990
74204
1345
47661
19032
35179
19887
28676
85819
93094
35253
41737
7702
11720
74271
36134
40195
70932
92293
96075
3355
706
64208
55982
44508
96771
55382
70722
81734
60627
13793
49683
677
35035
58030
5308
44809
85951
29712
55589
73553
31786
20885
8732
7334
40596
16257
37934
53988
41518
2902
21314
52595
37610
27061
56915
66644
67913
52478
90376
2614
24802
69524
21394
43657
81132
36508
92129
94058
33417
58051
30691
40764
5263
18143
26779
94552
99763
75438
9657
62331
25748
75387
17531
41470
28353
72255
31392
963
9929
81123
79717
60907
97438
11556
4574
89860
85860
88239
57010
7872
90011
12684
59155
26817
34854
58424
45913
62128
81080
30218
64987
81100
9883
16215
19497
80544
32156
66736
31912
43374
11350
87625
89323
70791
11449
3285
9834
36284
45815
21677
70114
31598
77419
22799
45705
28514
65094
56291
66027
2833
87095
48377
7974
11772
52982
2350
61375
8924
93070
63566
94112
2839
14693
8467
66702
14415
86889
81099
77130
71636
44504
20792
52708
61498
52492
48944
64695
12197
70465
63973
37926
77793
3172
40095
76465
25006
24603
26021
42387
7640
18827
65211
5083
94564
76745
30725
59812
76455
35521
22186
7955
56849
90396
88020
84878
94886
52786
67827
89492
66861
62860
3969
83068
3650
42612
94240
71149
75430
22363
22240
86551
18230
62791
18141
34605
59577
472
34213
81248
35698
76597
66518
97465
89462
7639
40870
82002
52631
24913
48636
35537
80383
59802
58076
75714
84025
26714
17729
73712
83784
27565
53602
42112
41083
81654
18902
43
43736
67779
42708
18325
22773
54713
94580
34158
75463
15612
51185
8869
37841
88861
53264
73412
87582
73505
99929
43756
27081
3241
56260
16014
50265
71491
57712
27874
88043
96237
96780
41320
88679
27553
58808
69241
16661
72641
8326
66793
50408
79392
21722
51867
68792
54315
24273
77600
6798
58802
49373
81006
74680
50775
87310
74842
53468
43538
68237
82737
98409
42494
42530
33336
29353
64420
89621
57822
23699
40706
4369
51419
75294
98103
21733
92328
13455
18221
86084
27002
17491
98276
39532
29116
33992
86871
92611
97576
27701
24494
18718
82273
27451
25631
99227
21040
5379
91969
7022
59898
29974
73838
15801
85786
83596
13236
57973
37952
81916
52729
97421
88325
40818
78953
5705
54602
51518
43870
2888
71660
13321
27050
67174
72966
94531
51843
95421
61124
62648
28587
82408
91903
68897
7067
44355
38329
99286
91340
73902
75511
20385
5186
98736
40534
95821
59030
66840
11851
93342
21470
22079
75932
65307
65243
87114
4308
58470
57502
9579
53671
83212
59383
37766
7330
29463
91388
30385
82765
24256
22899
33365
8673
46754
37564
63730
9216
74955
24286
16254
66645
33195
33996
25710
90217
18511
27348
46637
18815
16039
68804
60489
94893
23651
33561
73133
59191
45117
73477
13193
27273
49551
81116
81518
90065
20453
47132
78549
29431
95213
32630
86687
40251
61227
1725
4151
37737
63977
46890
37588
50586
60396
77098
94363
38058
83617
84356
92129
19378
41526
90379
92685
98338
64934
80540
43068
51037
37484
57364
57790
51184
52249
52114
22718
97680
88000
73380
10847
20367
10862
9809
25506
16379
66423
8194
30596
57267
28139
11470
54820
78503
95784
66272
1507
51883
26857
60999
10339
94839
76124
10234
20882
69598
15506
85189
98592
89225
65423
41749
10155
35760
30497
57852
15036
66164
32237
25602
73418
72252
60228
22536
61373
22762
90997
85850
11213
57304
61245
87728
21481
52916
69689
41313
58099
21622
77276
86437
72328
52506
21148
88580
93661
36383
84166
48256
72614
77147
49490
95037
13008
23192
63601
55337
46670
40334
31362
75435
63377
59742
37253
45996
95791
2729
77127
7196
69542
34475
28316
82883
52539
35095
60842
89894
12475
54064
47489
89521
79074
21730
95241
97319
43450
73851
12053
89859
91259
51977
99795
91529
71217
95120
94085
15439
6364
70696
97033
66817
62928
42513
65364
4150
56252
10357
82046
36109
65416
68344
22295
2659
39543
62590
5464
71732
88396
82969
98004
59338
53961
23981
30764
31559
93331
1667
89729
73484
11729
41958
17861
58468
58931
6781
96299
68016
22832
48453
39549
8815
46567
38443
43211
74889
90535
90883
99041
40472
23434
2087
78642
32916
93756
88976
21904
74074
63481
86090
33566
31320
57525
87959
56829
34487
51573
68387
60834
55685
39034
29630
7880
43422
54398
62683
55394
20567
80695
36837
36233
27079
59000
76217
92179
64563
44151
63556
95429
19124
57897
35289
11967
42342
55401
6511
51381
75312
63576
73749
77791
77067
54751
94419
26150
11984
58352
85183
3326
18211
32394
29144
13171
45270
36346
52706
71580
48219
9534
75646
32909
78218
51334
46245
92104
83403
62772
6722
8531
10241
69346
78953
62629
9396
6114
39896
7289
40953
92416
46344
39813
40287
9668
6607
17861
27032
65812
45782
99472
4610
48599
21394
74317
62577
96180
72513
6174
4763
74392
93827
90393
82976
16694
97043
18712
25876
65768
83680
96935
20171
8052
98860
66170
73567
1610
60352
76929
72065
96394
89162
74996
41562
10563
80852
57736
71900
55734
70658
46532
69194
82073
97000
72077
58464
30647
89830
17084
81313
49557
39393
29426
10331
35855
96446
72482
15897
93856
83006
31180
3781
43969
13521
19946
27767
80488
81432
8867
65087
93234
77755
39358
79915
27996
97059
35761
76405
99659
758
82678
2221
99436
63629
734
90718
75765
21043
9056
81759
73769
62908
65418
46648
16219
28383
67928
58287
88074
69202
51075
29582
98699
92609
49360
42963
44389
31754
89961
42292
11189
68760
34441
37708
41041
77913
54865
74599
92233
11678
61720
80485
54538
48815
18015
77391
65405
26985
7266
84436
94732
62550
34410
1853
89765
2502
24639
38517
3159
66351
4859
1583
86040
97631
68378
27411
50185
29465
36237
81257
74417
64500
36302
8929
