38557
20124
55530
62856
189
33096
3640
3391
1240
79600
13140
57013
43100
30325
11308
59668
49217
70799
91337
19478
99563
94757
45921
7317
42683
90391
40442
74813
82488
57919
46812
38498
58710
70220
11122
52014
33185
82766
75421
85619
23048
48368
72596
71166
2824
78110
48955
71276
32308
71432
32639
53527
91646
79967
31340
86537
18213
76605
15883
81330
67035
77281
38428
77076
36785
50519
80139
54586
26753
97526
92786
90153
74551
18275
2571
37999
40542
37972
50128
46616
85859
60430
2674
44256
29832
87599
4018
22818
94951
74888
93406
76783
70400
96290
82347
30523
75969
21538
15852
14577
75506
86759
96493
53990
47034
36623
10702
81675
53105
77786
81311
48252
91810
39014
71541
97845
8124
90745
80710
38597
69783
12061
56102
9882
14718
40902
76767
79804
86044
46383
6982
25590
58567
88643
20928
59118
38884
77655
4049
62262
78997
78356
28156
9723
50662
9042
74364
96475
976
96992
9469
1268
79879
96065
90776
85559
17927
45488
6186
282
66486
45284
42256
15053
68277
10926
73504
42917
21833
32831
34823
7604
40512
31655
70907
5178
80674
56792
26236
61237
10582
23849
60268
84819
15501
62326
94727
44200
1359
8805
69537
315
15393
15139
71259
39515
69712
39981
42722
42703
26653
32395
7140
40778
61316
22678
87791
28861
95562
25499
59112
66215
15906
24055
95077
52872
55868
89634
94344
9267
41740
51656
34232
22369
4178
54034
94653
49186
12715
19716
27672
21903
39188
7359
70269
16027
95574
51206
71598
20616
69810
61886
20597
74485
43241
39087
17725
28853
68041
10983
19213
10523
42128
7390
59843
13905
92542
81588
16105
40
25691
64182
67287
85098
63010
1023
36421
50283
17993
71771
37738
66654
47886
29447
43734
92580
7679
88084
88744
73119
94278
93931
61005
77540
47279
95850
65942
42543
92856
17100
5332
67857
61908
9223
85363
54564
43355
88207
52336
26687
41778
8120
96440
13636
24722
34073
29631
46871
27064
34027
18106
79914
55241
17808
49497
23283
10655
30161
20516
46399
9428
35296
44881
58879
76617
26748
22751
35681
6740
76723
97299
81114
11973
67650
76
41663
70099
65495
66501
63954
54023
67095
73894
79385
56132
67612
82567
99851
89490
92502
23491
96004
27174
96211
31413
89720
74927
81817
1681
62084
63744
98319
98465
26112
79541
32220
38266
50576
40644
98247
94235
3770
84257
1757
83330
94034
25037
41106
73323
93360
42460
22590
7045
75043
5986
69032
80851
80223
72250
36001
57116
62386
25587
16455
58159
72309
98007
63402
91766
21534
53976
26668
56342
11186
13722
72801
37153
67511
39735
76373
82008
41927
53523
77037
83872
90912
77341
15621
6271
50169
92798
73433
22259
39343
34817
41791
98480
56414
53663
466
48596
8235
48581
28618
66601
60574
53829
10502
82582
80557
52118
7051
68834
58195
76585
68710
63174
67615
30249
49741
28590
76105
80654
25956
26380
54239
77086
62620
34232
50334
83744
43861
29896
38012
22175
26756
8360
47778
33911
83920
37879
55640
50143
36119
78750
42264
39058
93325
78125
35780
95676
5028
63763
4851
32542
86375
15961
74662
54206
32064
28572
40409
60879
93082
65446
40693
24984
27584
83144
38595
90627
86852
79126
16027
35620
90204
30783
66458
49892
34151
50247
57842
73129
31502
24546
43483
43172
55397
88175
92903
25718
39408
95215
56948
49151
37314
55010
89210
13285
96417
79324
37604
95582
79334
14024
49915
72251
57856
41209
64958
66481
23128
47017
97518
6660
97039
47824
20454
21329
42083
94851
91399
42553
3600
34310
8465
93734
55188
34063
33391
23259
71755
35385
11625
4476
18969
29793
61692
65847
91974
16705
15399
47821
45507
10983
42684
1153
70219
72977
8727
69500
30692
80775
29738
49211
34533
43796
46102
49430
78002
76290
61847
74285
50178
74194
29751
60816
13217
42549
30146
14795
30802
46730
72505
19373
33612
65749
3360
88020
75430
9336
52754
17879
37517
54128
93172
61680
65553
19150
50983
89955
31232
45744
77175
57967
47114
50108
96368
86576
65284
22680
68273
10958
12008
489
77336
5925
73305
73350
66877
65778
92868
5625
41115
52727
13985
25842
82825
81164
53754
61319
2694
41666
57763
89547
26291
72949
6119
32489
47930
11053
22723
54398
73676
25265
94635
57713
87753
92521
46731
74160
75320
71790
32681
59432
13815
2896
74341
33920
63628
99907
4322
52915
3417
32615
50206
12968
66094
45459
38749
53008
10009
72222
17764
69403
33400
60105
86721
25783
13423
53388
55080
39814
27445
47131
37657
26778
69961
18805
4189
49264
55842
8234
26190
79079
32228
96870
32246
78683
49678
30237
43760
38402
18096
19797
28587
85795
15577
41131
80781
39726
75823
43523
12212
77851
21112
65327
60056
24547
73621
42299
24428
35637
2543
79219
95395
83894
22345
26866
83663
35576
62325
46248
24196
23382
49634
76327
66907
50025
66451
35594
82387
66794
89131
23681
18291
82085
51013
35966
48746
12886
41824
52598
37942
7490
93271
3636
67971
51348
86798
1152
63436
91859
81832
58183
83805
50877
50614
98119
985
85987
30698
64825
8247
12160
96937
64380
18759
18326
30559
59610
12371
6951
85453
86777
31680
90989
34717
51584
49620
7382
14198
74627
25585
34080
1195
29230
54047
83245
42573
47018
23177
14435
55105
59598
95613
25411
15372
19782
45207
23139
5547
86520
58231
66730
28512
5529
10542
1128
73798
68043
80312
64720
63877
93233
67684
86675
12097
50449
69615
53657
7821
92836
18317
10366
70269
73149
66729
42759
13817
25875
8869
50528
39149
61261
74490
16212
47581
76841
70307
36520
87894
97001
63093
85012
320
23963
55750
23071
99823
57764
87119
75606
34937
42984
9356
18152
86466
8152
86368
15585
54867
70424
39541
55553
86793
56652
71745
58873
7881
45214
2372
59457
74641
53967
53102
87545
6826
40152
65469
78970
29785
78395
88772
94487
62613
22891
74888
84502
51188
48533
5220
72805
35390
56393
64556
3866
15330
24425
33326
36972
84935
65964
72116
75399
76186
10703
41734
55120
73063
89370
63309
37302
34787
44779
29234
13649
65542
96193
38277
16474
39094
54278
2042
85926
37790
67961
80333
67231
55485
86168
59558
40001
99195
6823
59896
63150
55831
30239
4803
55695
12795
83894
73145
80776
20945
7110
98270
27927
73231
37597
14216
24616
34445
48513
73286
35224
49656
79070
47645
66980
35070
73677
69806
53165
87210
34754
26611
91882
3466
93970
58408
61194
86315
90143
1030
46917
27174
46082
61162
33533
96276
96468
79701
74806
80541
80153
88780
45903
77262
82793
81344
99677
96425
11484
33064
7843
34806
66290
11082
85071
66360
66460
62457
45587
40474
40682
76279
23647
21576
49650
84124
27192
50969
27546
96783
25207
72586
46114
49617
7136
9223
65137
43673
59773
9090
95962
21753
55735
65062
23210
31872
89521
37668
32209
1081
18529
33292
45195
99761
90763
96665
91882
982
67163
78787
63330
98106
70047
99320
92880
71831
79327
92228
28584
86764
31898
33996
2138
61350
26750
70043
49855
39162
56707
21236
72006
92462
34469
59814
24022
12279
5725
39869
24895
97565
3387
60437
39137
5979
54049
62666
39256
27011
607
5995
29251
60351
25414
82892
3439
52273
43275
30043
52133
87419
47451
56010
27597
24603
37333
48075
22430
33678
17097
68282
5571
57494
38699
75732
72395
45046
77331
95205
64012
41402
46964
66655
98389
72435
82390
63878
68207
73152
3731
13065
32752
58120
16203
31211
38652
55108
49861
3487
34871
22042
73250
51250
69964
56483
42815
59906
12851
8622
50823
21069
65666
82750
42546
31236
91955
96942
25951
54878
85486
3509
71561
8969
64499
86917
65833
28411
2630
4205
29319
25222
6199
56446
26014
2890
75180
85354
95500
69285
50798
2280
45938
85734
19853
25780
7246
45055
40881
99732
82035
77688
36766
97014
66210
60223
41506
8149
16615
21661
21407
60826
53426
54661
26512
86974
42160
44198
5305
54254
33445
28928
55951
86375
27464
41811
6945
19873
38108
8434
98594
66312
43431
85495
95124
39557
94128
31088
37747
1916
47610
20887
23643
63695
38039
77599
72150
42879
66443
47658
30342
11122
77279
56920
96364
34192
95165
71033
55506
35367
77071
68100
3707
91311
87087
52864
35717
23304
63530
35039
25272
42143
83062
38731
72014
15600
83180
25816
3839
57061
37764
24409
74471
88540
44045
50511
37046
87142
43205
64124
8821
30316
94299
62486
74544
24364
35582
40823
26500
25698
6466
69808
66982
34
18479
69854
29837
54433
89189
16053
47453
34227
89584
55545
41105
15758
90755
85387
65796
90990
46516
67680
34300
10323
61621
59022
67892
26820
41066
51839
28421
51606
35596
96200
1840
12040
77273
8148
12554
4582
62837
71993
11812
15245
58177
86092
65494
61006
59766
11376
86152
98316
63102
7177
94333
78015
6960
43439
85948
33915
93222
8958
26780
96778
8284
37098
53675
70518
68711
27344
65915
7107
95472
32712
25578
70713
53132
61238
2124
35199
87929
39264
33783
50114
95991
27930
25419
90070
89696
84701
16668
27764
31461
22934
4765
10913
56199
87546
36203
46191
82095
83191
94419
10140
33003
76838
43873
59896
23109
90653
76134
96997
35809
11489
12837
23639
23954
26648
44154
87514
26202
21148
85831
50419
70461
52716
64509
94623
7776
48797
61507
599
13060
28077
51046
87125
81433
53304
70237
78640
98304
26115
71416
99139
29729
47574
55717
61261
39045
68231
96094
35473
69009
34833
44402
44093
26144
70276
8558
16135
27132
53301
44744
28468
24217
47222
60904
70002
55182
24033
4916
29253
28177
79822
95318
54367
7533
55203
15404
30984
20194
60459
15115
34302
19802
67199
16657
45909
53123
16897
66982
43647
93006
46376
97838
8295
74403
41910
4270
20920
62847
80517
70104
77466
14123
23295
81908
42620
91642
65101
3213
15149
99167
30279
91062
7460
28744
55659
34551
29952
70011
98409
19480
46474
12395
95290
33864
66519
31319
50640
17194
22665
50207
57865
12477
11252
35524
45213
6439
35934
53243
84375
73565
87392
58798
25281
64241
26185
11279
58679
81913
85602
61594
6462
46776
81036
25158
85837
62315
13413
69127
15433
71634
58570
64323
88143
84569
8727
88974
6187
87425
68393
34597
71781
35952
28484
11012
82171
31986
80080
34916
21897
92171
41278
66997
42277
40538
76457
25075
48231
60459
96344
14856
22533
51129
56415
93118
65661
50589
55077
86303
17868
30744
70945
78827
64156
99450
32318
70645
4090
76396
17213
37947
32740
39552
77305
12000
19265
64594
90533
88231
17643
68283
8402
48942
68136
9779
76525
56869
55319
91232
52229
16713
2661
32415
83978
68770
10303
9838
36305
92693
55873
56979
60948
89222
79597
65581
534
63822
824
19957
96132
52437
44190
96016
76023
19981
67702
43124
78326
44363
11007
12788
59289
16769
45050
37866
20296
6012
5106
4800
54497
58200
51798
93660
98169
10683
17735
49989
6202
93589
82412
63030
7146
54930
52035
67806
89420
79033
73938
5840
98400
66372
86139
6190
45861
22748
41774
74350
22207
33584
29209
25254
55252
3442
57499
43609
46128
4462
25302
18813
19784
26664
43394
45864
83931
84625
80638
79864
30228
13669
18241
96060
39693
2853
23407
46850
57902
45292
72551
45501
67123
47887
41753
44754
39723
48694
73685
86688
86909
32050
45950
93129
42437
4442
92222
5825
43707
78182
78899
96659
3604
68871
15527
50026
72227
36641
34781
89699
10904
11974
22471
9740
52808
36048
44085
9753
32205
88538
95655
22947
98756
77915
74372
11453
25492
15777
50563
46485
85038
14278
75783
74146
4016
29297
88743
54320
46852
95340
93451
6918
48454
13918
77779
57296
29250
22628
96529
59566
22235
81744
40151
93208
24201
65182
91979
41836
17722
88911
43351
18870
35512
17092
58556
41178
85483
77721
58663
50177
16726
63355
1532
90046
11772
20327
16719
22012
12069
56225
6129
8134
33020
15278
98951
46290
96688
73998
81975
98443
5178
36697
29660
41113
93374
58005
43864
24303
81866
78353
53353
8209
42907
36706
35124
7360
89087
66263
12126
88004
91606
70842
32858
58325
8914
55302
39676
45669
91421
42784
27276
37133
74745
13267
59639
87635
26946
84748
1695
10613
64304
3630
81042
44277
22137
80691
81496
27520
25043
37249
94502
67580
88951
41860
37871
57902
65697
6893
4410
39142
83764
41351
85935
98920
39450
40337
15659
98487
53545
14173
94196
57759
32353
85893
42790
87519
96850
63044
71851
98482
15611
14552
59529
74009
44141
11122
44565
38982
21550
6039
68101
2503
97273
43255
84003
3501
34658
44967
99646
58233
6999
34237
32795
25666
25923
28872
72072
56837
23852
38985
53393
27273
73724
15410
87019
63661
63868
75801
10862
68337
27292
38584
82208
77054
61168
68133
53196
88787
76021
32361
57458
80525
51953
40671
64632
18929
87255
78668
30526
91417
57930
15541
26158
45850
98649
26625
18770
