7014
52124
61682
16344
9628
45437
78180
5186
74686
43942
44183
28004
18114
96478
37156
97864
74902
36562
40550
74454
29949
18254
44422
73782
14599
76615
48354
25108
2732
71860
55258
32444
6853
62845
61366
97317
97672
33356
59447
36874
21054
89056
16217
8819
66306
45825
20609
38258
53400
80878
22729
23050
85223
45233
90469
85770
44596
29428
68913
88854
16349
54828
43673
68582
86063
67987
16516
71688
85669
17429
45662
21345
25406
40641
50145
99665
58936
94815
95743
19541
35919
14112
65647
26181
56620
96016
8145
44413
7564
48648
39008
16793
7054
21056
2995
85818
90328
92706
10415
87717
33735
58907
90637
46539
33009
73706
90947
7043
87898
19002
79250
68658
48366
89805
40204
99949
64609
94670
41183
71766
45153
19656
36899
71426
55156
69845
47292
31387
25844
39566
21291
17025
52035
13410
3159
51019
87341
16226
96276
29611
92697
16120
39886
48464
37803
17048
39252
19109
79129
70735
27555
56054
69864
9336
37326
62995
73858
9230
4871
19725
94998
62011
64845
6590
49005
18382
11505
45477
77796
94219
65991
39663
55531
53309
89446
23185
43801
87943
91131
7793
53321
47736
70193
80836
6261
52060
58869
82066
11181
69167
44041
65142
82580
64908
5127
31073
9624
36356
23311
70526
66156
39370
35567
36849
23811
67244
62735
46585
58539
33852
32598
58068
58212
21932
77756
65122
78076
98039
33516
75265
35784
9596
31733
77271
83392
2918
99503
23759
63800
70055
18853
52730
64439
48163
93442
81399
49142
11816
40924
49229
33814
37820
33912
43316
76542
20303
24184
52532
72336
35055
16360
6022
88135
23066
2657
8310
14992
7821
64791
29834
33857
49659
41574
13276
42458
87194
49652
99587
82679
89528
96610
62896
76783
75787
32372
41204
50380
99717
25467
91295
49383
61862
53980
23875
99231
50475
6591
91959
39126
13669
39125
67223
6729
61093
54726
89353
86761
82707
44759
19643
21530
81373
38869
13287
39784
63020
18016
57144
36929
90739
40855
34343
95316
63905
27548
84190
41955
75030
73763
5213
999
92657
85116
77051
87137
26344
9723
93700
54680
38065
39008
12609
80724
78685
56104
31638
53622
47589
13296
84388
69074
33564
34689
91887
38570
40707
69084
63865
31752
27420
36354
36333
60887
56119
37793
34488
22655
77640
84375
3218
99899
55577
45540
14587
96089
44283
11728
34624
18445
56216
84790
33788
22226
42244
17388
91515
25278
39346
36080
56378
94529
89347
19024
8362
10874
51769
93846
45460
26102
16361
81902
51158
54758
66127
62070
68395
38235
42875
55873
25065
87137
56362
50791
2084
69557
10096
45165
39824
40517
35824
75628
32004
83874
37198
52865
10713
98404
22299
62001
40209
55355
98512
46998
66613
20557
81398
59210
48503
39217
53602
53454
57142
26438
87038
39160
6080
47312
94338
31608
38738
6577
40770
83397
44666
16448
87841
9320
84414
53193
62115
89284
50837
39553
72224
44545
99347
32835
72148
85492
39970
48524
97107
81100
60779
68688
54906
37276
91828
2839
90977
3520
7140
78071
69388
81038
194
52910
99041
88346
33660
4605
88243
46533
2051
46364
7229
57283
42866
12638
48939
12680
45936
50818
64882
38543
75819
55762
33696
94151
75109
21884
5262
99450
38955
10283
86674
6682
42271
801
55632
44778
7383
86035
69137
89799
38718
44705
43660
76946
10137
14768
21760
48731
20196
12998
95844
79818
63611
44706
27029
83821
73269
40501
81583
48954
17482
79073
47703
25759
63317
79308
12212
70830
88884
11521
7902
17470
30156
59459
1999
97984
56586
76495
43863
89151
28324
43949
20587
7986
48510
3666
85501
66178
52009
83382
27047
23475
62406
21197
82368
36657
18600
4100
85105
62071
73718
39353
63297
50463
94864
54359
41292
55713
55753
28653
1779
3306
13747
14442
3821
7899
63833
33048
5404
29210
47173
5042
41658
4442
55074
91586
42481
94818
65275
84987
70026
26972
6594
9808
25149
57180
87533
39568
98631
48811
87643
43679
24154
77359
77909
93490
21774
7896
82447
49926
79829
94090
1485
22845
82444
73922
43619
95766
5902
19111
68180
27304
90787
45327
53692
35291
45781
38027
55561
27555
75011
8112
50788
9561
49326
55682
16334
59320
19536
95902
33573
75665
47757
50725
92646
3820
28514
86017
59052
859
30458
47445
16086
78812
59232
19301
3175
64588
7630
52798
72295
42595
18819
17060
32295
42607
50100
75383
34178
75856
54329
49985
4222
37741
13768
43583
9074
26962
63711
62697
96738
74567
30298
56415
6597
98574
46085
91601
15592
83192
81452
23979
76267
96804
92174
91036
36201
42485
99023
30114
66741
11119
36940
86836
94143
94894
14794
47724
35254
15683
63976
3086
23304
19084
67443
68569
39621
2159
48567
72616
4354
4083
18834
84805
68921
38043
31109
77516
4397
51487
87077
12536
97707
90312
20718
26604
53516
56360
41142
68064
50135
27508
65823
17189
99875
14752
84006
68983
77594
63413
54457
49150
33401
94577
88134
66753
34677
11515
74158
35240
95863
57953
21240
35116
49640
88944
61698
10237
10632
57135
53618
26959
35127
66744
23178
58594
48982
11477
570
93101
99816
10803
97264
71303
8467
77285
42826
51921
21379
13368
82892
61251
40237
20270
24525
94993
86672
91450
6156
29402
29495
14743
56800
38542
97052
36164
45324
10553
1318
77056
497
94959
41779
76542
78910
88246
87409
34437
98691
62955
90247
37863
35
49778
82384
33148
78408
70013
56743
93626
98352
12696
41054
70963
33829
77039
64200
44363
74154
74813
20759
11509
18769
64658
8479
44073
99881
9311
18746
772
47189
50561
28101
51131
32248
68168
56039
16349
87852
71396
64273
86917
52178
55243
40833
601
70052
60776
15585
19426
93479
11939
94764
34664
412
28105
7313
81033
54996
32216
81007
78037
24835
87753
12737
11337
1294
9947
42771
12998
70495
65944
31442
66382
90167
22822
5475
56155
72771
81100
17897
45564
41159
18974
50218
5164
57782
32488
56843
66800
54884
12947
99351
23597
51475
8854
22335
93412
5417
34108
12859
90220
1123
51118
71662
7946
31938
15742
12168
26702
63492
65231
28358
57005
4238
91299
18292
16503
84869
75651
78674
60245
78492
21029
81236
54977
77383
89821
48963
96673
16398
32482
67841
69473
49501
66939
4490
2028
48120
39942
76981
85511
97100
98501
52442
138
53377
19942
75694
53404
55979
39438
67082
94762
18592
16321
63946
66883
13732
56976
90705
7955
3167
32383
64969
42874
87952
95346
13544
36328
14652
37843
43246
66328
57311
82403
87627
42214
40162
27803
36830
76174
43085
19773
76343
26083
76564
14972
44702
13224
22829
53412
11405
96686
38274
25448
10648
48139
41346
12743
64109
20531
83506
42777
76278
79350
26208
84731
71068
28182
17368
19317
325
1891
3087
91525
65694
45748
30045
75018
40851
65124
40776
52046
64571
12647
67387
17296
82929
67880
43317
11758
47389
80288
958
62348
88018
90453
79124
7299
13296
16781
56676
56457
50249
9773
1973
51864
80225
78162
86334
52894
16302
5003
10839
4321
35839
70385
10700
70668
26777
34692
302
78075
98909
3812
11460
16191
53541
54569
24672
82222
84909
52191
89356
62634
80878
12577
88770
85836
58597
25073
74075
83373
38035
11121
32895
8529
45822
83489
94683
83856
60148
27893
59921
52834
12751
26930
76361
2663
22900
95973
33637
16592
56566
43873
60755
85645
52247
99347
10171
24884
72911
99299
69752
44875
47909
43593
72644
62834
93530
85514
48427
80848
85541
26990
40002
48216
28057
39935
58096
87223
8482
60959
78442
33021
42926
32902
73149
75942
74921
47959
73060
25700
13633
65630
31642
97259
80905
90057
19593
48600
21816
2656
12097
85823
45073
87618
9124
85072
45949
78173
55710
70692
18644
50122
97938
58570
14363
19331
60655
34632
92840
23489
29473
45808
73985
74742
32100
23234
86082
45508
90356
73272
76220
76600
95519
93010
17499
10695
96988
14557
51424
38211
22197
60962
97678
72089
5472
93193
32736
55915
85196
31529
89719
44485
62294
37581
61137
22526
33786
42244
21012
17197
62471
5188
34891
42885
48875
4540
89575
48495
56302
80053
49319
59490
63995
91877
48530
44162
2169
77520
83873
70162
31832
41978
31898
73431
9734
4397
59703
80426
78689
60676
69060
31001
37191
51602
99207
22972
50825
47314
34779
54895
85310
93900
37941
47921
58771
29216
94567
30743
55489
3666
86946
89229
25143
914
51094
87690
21366
28070
50965
5903
21084
94551
97430
46493
32791
81461
88182
73712
70363
6920
53784
56187
69135
74548
31373
32257
69826
23847
87599
63277
62875
29155
35143
5711
92142
79459
10766
58292
5770
89227
88177
40256
58831
28528
87117
57131
72253
87617
9914
32277
19079
40561
69477
47815
85543
47586
1205
46056
64331
50096
7790
63384
80685
64695
42164
48173
84608
93217
46983
11079
24198
93552
43949
50098
55774
98341
87278
15512
5243
46634
89657
20384
75248
41634
32771
78983
58440
87051
17871
42425
91698
95053
77129
63852
23737
65058
23789
92570
60529
51362
11141
44761
94093
58281
44527
41720
48014
7655
88668
9144
4342
50725
1973
25732
29147
81423
35801
32367
8502
42626
62369
16105
2267
80275
13828
51069
93668
63001
85270
78410
75910
84568
19883
80380
5924
51723
45338
53702
39394
37549
59868
63167
44626
2692
83412
60982
53034
20683
1320
71571
24503
3355
1102
76587
24235
83477
65698
3423
98033
53454
40019
31218
4865
50231
70398
69573
80687
13160
7889
85937
99102
4873
49746
9953
12210
84893
12792
30761
41411
65643
61239
34630
58798
30890
34873
61268
97253
80040
84456
53030
29030
38999
72488
42565
31721
65589
1281
99656
8018
58486
70778
25133
15783
45936
18113
83761
8732
89315
19175
45393
92298
57411
31496
78910
27166
49379
41832
17879
84397
29792
82777
25189
16613
23719
44921
3576
77055
48932
82296
90201
26865
29736
20152
8620
33632
87446
69101
18757
68434
39914
63108
91715
58785
74982
55935
73933
38476
66523
45502
90472
35143
87376
28506
68466
75827
72114
33834
30590
91977
27096
98761
4684
86767
83186
70639
97220
81485
86158
27195
51951
24025
8774
58130
83315
59854
6249
64769
9129
55739
4100
76767
60220
81432
39661
54318
46143
44884
28972
77664
77004
69994
96327
68597
69973
15217
88648
29378
6537
83890
75917
15982
82341
48661
57227
49207
86099
8628
45184
85682
16804
88881
26964
93647
57062
99203
64843
75610
18306
99211
6186
34013
88212
28998
84003
68483
76296
83867
49086
88759
63662
30580
34342
65099
34969
15881
21742
33302
37753
36375
9854
85877
28275
71728
79614
62321
56986
70317
73309
52769
17997
23550
81470
84550
42733
76257
83872
90772
86936
33649
47785
369
18535
93334
4078
16118
26464
99194
24769
53234
11705
30172
70264
99470
77930
50589
39478
63243
2989
77240
99128
96264
83413
96495
43902
16799
50888
43520
2835
45999
10171
11318
83131
77652
86376
88668
19225
93106
43054
26092
14010
31793
22150
53734
29729
53122
7741
40700
75888
23904
58835
12586
40592
1650
55246
11075
57021
749
10748
54182
52304
45206
13635
15856
65546
98020
40999
84139
51738
55780
14391
20771
73804
79126
93716
96377
14191
27957
15936
79793
44000
25748
39326
74246
4216
7268
42636
44254
79439
26002
32314
29752
16523
76909
21062
60065
83785
99077
90133
17765
97607
13551
34447
83043
68715
78757
68408
37850
51540
99594
95431
31295
19003
41515
87845
73489
95909
1985
37923
13411
55848
70227
24632
77432
98167
65785
31318
85422
15148
41595
1640
13904
64753
60536
12810
92431
41003
39330
13669
43179
40644
69190
78054
84652
94196
42953
64985
45005
81002
68206
36487
79864
51068
75317
81961
31468
10089
5853
87112
46842
76135
48362
44435
41168
68015
16738
38460
28332
56641
96049
65839
55155
75796
36108
37712
88922
74078
73554
816
39104
93341
62351
50668
4767
32480
87546
47330
93847
22325
79166
67888
85291
47823
78966
33131
86919
44083
59377
59481
33598
5215
28790
58379
67763
97336
28897
50299
16205
78479
9898
7294
46670
45936
12359
48901
72188
66566
58280
64470
30654
44558
65344
30498
80995
23446
45859
16323
39227
71634
78635
4180
12425
82971
60725
3725
46320
12164
61544
25113
43883
76283
67893
5237
6265
7031
67130
39880
13621
12900
57729
17818
65892
94665
65542
6770
49223
99890
99061
88720
1744
93183
36114
38275
35185
11496
89970
7079
14095
73131
64390
80447
62902
62900
85048
29708
13191
63271
50413
27207
46828
13997
96427
11841
29069
84473
55636
85332
314
40438
35793
45028
83336
80495
84202
30776
79449
88602
54577
3024
49140
30210
7614
56098
8659
67343
43861
29812
57851
77204
30148
96504
85319
84501
47176
44095
4029
60787
70192
97499
5794
65078
96985
8630
20649
14294
69912
70408
61606
29573
61366
22169
98561
89596
15733
35444
32390
53985
24081
65155
84314
68370
10498
