92277
38369
40080
60973
67715
10928
50200
39977
25762
68391
51308
51610
74400
24501
47171
50181
96747
66244
93022
1901
63628
92975
35034
67333
92558
43584
85054
50966
35293
54827
30707
61930
74185
78528
7955
23251
31977
33713
47739
83130
88540
36129
77466
59399
85610
28805
1740
63306
33930
55002
19392
72197
47933
74626
43412
61974
76823
76732
45315
67780
35998
93887
90100
35717
93706
61811
37844
21033
21229
46060
72318
67943
14156
43491
27863
24642
43691
81395
2870
26840
12999
77645
47104
75847
95741
76729
64562
75580
14152
95818
1303
44217
86631
55195
86810
65954
76125
92940
57333
4197
14162
27764
96999
47236
90871
6337
26180
3904
65607
21491
69767
81027
49321
98961
42339
74825
29745
65607
70263
86476
2278
50333
28127
92043
53758
5781
77735
81847
5190
61472
69787
29306
83422
13693
73305
85220
97217
75631
70568
94387
50978
30554
76258
40638
47954
3066
32909
350
73886
42816
63655
24250
25364
85130
48959
91117
65990
81854
72801
72470
54536
65283
63209
25916
62516
74396
73177
94140
90221
98593
52326
56272
47488
83483
8972
90622
10534
30876
94689
81082
84454
4025
80423
67001
60887
84070
16315
26099
55971
25164
15371
46452
16168
88361
46181
33119
13048
61348
68490
58719
66400
52939
53473
69996
92325
43627
40039
38038
59178
57259
70628
34482
41742
98854
80218
57694
79251
10499
26775
72402
249
42866
88361
69796
77257
85413
65265
19224
7054
9609
69840
66979
84509
38176
95838
15578
82165
21405
34777
9276
30561
76731
42139
6552
89339
68089
964
75772
74187
22870
90838
64412
5773
76773
69632
65179
30480
17005
35026
4377
9658
70528
15471
50873
91881
27414
52673
19598
80820
25797
8486
18018
56208
99903
14823
5570
97487
65512
1514
73161
71427
89075
19869
63911
8737
48952
62131
9517
94304
62580
63980
31736
74944
67260
21356
45880
47111
3263
93549
75164
26502
64984
96208
29436
25531
42125
74831
71619
8688
8039
21902
83766
19104
57678
49936
8869
56538
60096
73318
60301
86942
16717
44098
61704
11332
96690
99658
76754
31868
39793
42727
62232
74864
39849
79165
97023
55205
37335
43189
36335
74656
75881
79126
31962
36294
60570
19219
82572
188
20847
36638
59309
75853
54489
10941
56394
57941
71053
15068
55275
88702
39988
8215
41652
2989
51184
93759
88467
95059
66175
22234
24581
41026
62278
30919
61528
23469
96778
42991
2539
99420
96733
57130
14354
46601
57558
32683
43190
7162
76249
11978
82009
91419
43862
14347
97495
74103
94638
81328
2632
48019
70959
44824
42978
96679
48736
59794
61339
91482
97592
23426
75211
67577
89545
495
3632
9939
15002
25478
88620
71604
83251
49935
73097
60828
73809
91530
45949
75611
63673
93797
46536
13964
22697
7133
58714
98667
87018
69134
87826
46164
50850
27994
47681
83034
35206
20402
75660
70528
8876
83235
89648
61047
79358
40703
61120
59989
60203
58151
55562
57358
91415
73811
35257
26098
32435
80670
63763
54979
98791
79600
76130
52113
70860
63785
81423
17395
74870
99399
66922
82020
66126
6389
96262
32856
55134
56784
41890
63066
65958
67510
38723
86819
39052
55949
25692
95961
99151
58670
94064
80098
31196
57964
29294
64227
62969
18821
65274
38745
54943
94276
48429
73843
41030
38031
19347
25450
73112
74548
84178
15135
68807
95339
51818
34063
36186
4488
31192
97749
51682
99553
67156
48412
95628
21014
41147
97215
99407
58433
57735
5184
36996
83291
94809
3041
15574
61159
19065
43522
66831
19968
70388
76087
95090
91515
44068
20325
12135
80088
35278
97658
57488
75371
22181
24998
91419
82145
4684
70233
82960
85681
92248
63962
73322
80544
27187
72994
6786
53585
62749
11667
18951
7815
89869
25048
32426
73624
11318
41210
51190
79121
60773
41147
477
24928
63814
31955
63149
45986
27654
17541
58561
69257
47666
45214
75476
92009
78591
79081
93904
89503
59523
47057
71589
67102
14113
69012
61205
35672
43778
10112
40715
83686
21662
99694
7436
62836
57627
41176
42854
56396
49996
88759
134
70013
96154
26685
11974
71399
63968
55820
36130
94950
99024
49585
33963
43641
39059
62945
14005
49582
84398
54254
24971
67916
28480
10053
59875
29724
47623
86312
47883
98164
33891
96899
28994
385
18162
60365
68164
70545
11099
14461
24701
37339
85094
12934
36735
5195
60232
32209
37487
29006
95644
49173
2713
33206
61965
23958
5412
9066
41552
68471
72447
66542
88366
59773
20091
98794
94848
53761
2547
2169
75987
49361
27429
66993
6283
32997
85541
91050
16867
39161
31271
6060
67730
24076
95929
63257
233
62899
19987
90836
51097
95578
40487
72237
53938
3640
10867
55179
82022
13070
12437
33652
84557
3997
83902
90876
34017
91937
24735
29575
48745
86669
91168
1180
57266
1860
96944
11817
77753
72657
38806
65293
16198
66404
84934
50726
67091
25642
96079
33272
81674
90055
81617
58614
62604
52915
58572
51152
73933
52174
38707
51161
23901
16737
45759
40499
96290
32019
53953
8345
68897
60900
34319
96297
53435
41098
84512
86893
70324
22245
90642
78597
58543
25409
20968
15826
22869
45224
46386
19585
61236
60609
59620
69138
29988
44169
60840
15396
15365
19852
49392
10846
17764
87360
32131
95837
35708
68959
98009
31413
85689
89055
47618
72262
21560
44879
5568
87837
56715
29424
18069
43939
62040
97357
78134
5126
1921
34393
91935
24162
89886
17732
84033
47692
57990
88025
92182
39707
79629
37303
86901
28691
32007
72170
93281
5071
35883
2822
39356
10443
68467
39775
68889
12107
16863
16487
98926
67915
45881
54693
51848
21251
14931
96334
72153
4727
48012
13539
40428
2649
66098
79463
20985
54779
58402
58203
50036
28245
48843
43928
1792
14703
79760
98601
74369
51884
20908
82210
95407
91219
66895
63936
26278
32282
86951
59679
91483
48530
61722
41874
393
20170
66703
18338
35880
17792
35981
46662
92767
77291
59067
96028
83729
45214
41959
45537
13011
46585
17570
80723
76541
74034
78312
61248
55423
43932
81309
91082
44235
49681
43635
50489
95344
49697
54249
36381
75431
82775
33133
46527
94918
21540
56129
82947
92689
10923
36827
17309
99729
39144
26855
74668
36509
50942
11080
7767
96340
43227
67483
26563
71021
23946
55932
46414
62918
27605
2754
97483
36920
77300
32613
55194
89772
52246
99584
31971
14663
79499
52561
19855
35360
99213
85118
53380
32818
44873
23153
38171
2252
29837
58468
75519
95974
53327
2584
74052
58607
76503
69695
13537
66593
21514
97658
76075
5110
14581
1244
70544
6932
53298
29837
67341
81347
13338
90794
93036
81856
82535
59658
81758
15306
12356
43132
17905
73817
47060
30892
48206
20750
2748
36900
28305
39750
38926
65423
55046
13064
27251
66969
50269
85790
5236
83218
15401
52384
72740
74033
6938
64651
61486
62229
53173
74385
44886
71015
66925
98954
29647
95643
79297
9929
84473
15445
62322
43977
73396
71209
86366
53350
80613
86971
9214
59752
16388
10820
43032
68825
14976
72310
78658
50072
45263
47351
21876
56518
13014
21961
73640
34750
50578
27722
72849
24322
46048
92855
7797
30608
5103
11
37449
55347
87808
73061
28808
8598
35127
93800
96014
6931
81441
51965
48823
13770
42881
62803
49359
82381
27385
73478
64374
6712
75825
89244
43186
56766
74023
44300
37393
65534
23668
19802
28633
852
30743
26173
45390
89676
7168
53282
62624
94418
45115
11817
52077
21733
85558
18765
90650
86218
83025
58594
70986
81276
13601
78422
63032
46017
52193
86105
44759
52023
63767
23897
97220
141
93694
99878
41892
8271
61748
78869
25343
22074
21442
20128
7673
76877
67683
9610
96265
2688
60851
84961
24760
4718
5526
4604
10967
49582
38147
27843
29757
64
67083
73293
49212
59650
24457
96068
74047
47938
83175
47302
15938
13262
47562
68229
92942
83079
19612
12238
9264
16244
9396
26215
61396
84275
53956
464
74915
47242
95423
13900
70166
4188
23109
15386
78966
15799
83116
5691
78610
97610
5804
30936
8156
95027
62919
19132
21345
84822
13876
42396
99234
80266
3303
29304
24211
9262
31070
47769
33360
98841
26890
49178
17943
82287
52632
98883
60198
5711
69307
47056
32466
75145
10744
12720
50273
96269
25518
94825
70692
26175
99456
51065
56789
11302
49344
57592
25609
28867
73177
45945
27185
14527
71289
46959
16563
88318
70073
52524
55840
73263
67915
34725
77394
74693
15167
23697
2564
9152
78610
5712
30414
36324
38643
82600
24987
73196
34611
31691
92297
41015
89481
59637
92892
81152
29919
11857
91967
89771
86620
92698
13720
97563
26095
29631
95719
50753
92277
52416
43547
30416
51143
51445
66289
83499
70083
3758
74921
50783
73172
9845
34183
36013
57953
5296
86435
17471
91088
26690
33774
17148
79637
74737
32034
51095
46843
16002
676
22274
87661
64288
86808
84160
45121
67676
40705
20855
59937
45422
34580
31716
43960
47802
47959
67625
17430
22414
1148
16322
1056
74440
97268
25365
17335
95124
63474
84071
48483
79634
28605
78859
15355
40022
13776
53461
73076
38537
79314
69933
44644
98861
94574
94207
94417
47294
28014
60687
48699
96372
8985
70314
81795
33317
12006
49176
31479
15367
16187
7630
40699
12979
62215
78080
81109
54821
31544
64531
13268
9760
44153
26896
78142
57391
85388
17364
35381
18598
59200
33572
66278
84166
15983
80734
15374
86783
82263
34059
63592
91504
15411
46641
13655
19690
39317
59365
72781
98674
1346
77821
534
16581
89642
75524
87044
61623
47842
17574
85367
97108
4352
71659
66472
26343
19026
66305
71379
24921
55740
59217
93791
5136
45580
13364
98380
80569
8987
12511
8759
84577
22915
46137
83916
26749
4919
88397
32169
10249
5892
89243
6091
59533
20834
46472
4376
74396
64246
42582
35560
46294
85992
9007
8528
51054
31099
81531
3756
2629
56846
17489
69865
14197
71247
34409
70892
202
90007
32944
94370
19690
52773
4277
1861
41270
55483
56896
57960
8136
6735
46498
81504
12796
14063
96232
49071
79211
19605
32233
41133
93075
75874
71583
7509
66066
93017
37298
20137
80209
20187
69455
30243
36702
21243
99576
79386
55281
37758
30518
6637
52176
84465
84361
94479
26990
25606
70336
51727
3982
34700
51171
27426
38405
10121
67693
51695
72029
35287
89272
39127
68470
56793
68433
4960
97960
50809
23274
38748
95811
80223
63406
62330
62263
15535
41359
87369
42319
96384
28411
36100
57080
65781
93933
8543
55616
23834
80096
77037
19994
19388
27230
30283
13438
932
52599
13228
40716
4466
70861
39265
58065
13715
54604
15013
96258
89503
96279
1474
95813
25841
60157
14020
71280
76388
57355
10360
95689
45350
83131
3201
10348
96155
43722
40055
33547
57137
76487
89947
66095
49724
10887
96508
79197
29837
93525
98047
40500
32979
99622
17647
93779
95534
77419
66625
91448
31404
33377
44610
24834
69123
44642
87967
85848
29994
7166
23857
37314
39956
30692
27235
96853
92905
16889
88801
91501
23554
11244
51647
31506
69313
5984
1347
65277
99275
79560
44016
83668
13859
68978
58672
70609
81573
1402
18236
84353
29691
76447
17707
11048
43295
98162
33974
58849
86542
58090
62180
33379
77701
68341
55191
38720
68891
20777
58033
5063
45307
70713
27396
88041
24092
23075
54741
96728
81534
94822
62828
15980
60899
46032
69115
19775
99880
20694
47017
55096
13951
78077
26585
88869
78411
2869
6716
40705
28118
32037
6127
17013
83026
27329
17554
69563
17578
35160
40327
28285
53477
19466
23235
93916
36183
87351
29396
61325
70755
68402
5039
98109
77712
66837
50517
15765
8935
84046
7745
44153
37126
25751
25713
47019
99845
68548
69486
12685
77955
3477
29881
18243
88139
31850
60628
75190
19433
53398
5227
29844
41250
48333
88509
245
28853
17015
30571
22425
23437
95270
42459
16461
10752
37220
61289
98125
60839
76870
18763
48547
94105
73053
57631
49869
6886
41227
22708
20509
62574
12306
51506
52602
32540
3464
7847
55043
23842
95527
94030
96692
13650
84481
13150
6401
75541
98512
96492
4319
83948
23531
54046
22114
21506
38933
79918
65985
13354
42416
14103
80406
67321
46031
27231
1633
34114
34505
6752
80332
31083
46569
41748
1737
75625
29377
20957
49432
67196
91135
52047
35621
25257
24056
30395
63054
82224
4545
3192
46722
34345
63325
97424
452
48416
92465
39844
11375
35498
41011
95485
97619
36291
91744
24080
58622
67462
22828
17357
26519
4168
13044
88389
43587
48881
33104
32501
10986
65528
8101
50579
83283
38970
5463
7060
89260
91094
87259
5431
54790
95240
40010
84850
75133
64672
65361
57111
59286
16190
67461
2818
38401
69805
81685
96930
7293
41529
55032
24001
28123
18094
85893
23282
65626
28782
15489
91734
50833
38959
98130
44555
92780
43727
51122
99186
9038
49140
94016
71931
19093
17508
77873
45263
86202
