27559
49227
40311
18372
64659
62569
45325
42394
72575
60117
45291
69609
87409
27316
33862
97510
39886
43104
86795
8145
10543
97661
39070
52720
81396
20794
14843
15911
64179
37088
74557
70773
35337
35611
12604
62254
77681
72801
14449
36433
51442
48451
99862
81125
41810
30320
67528
45877
3177
71232
82958
11364
69648
87172
73428
14895
42264
2696
85328
80254
86359
48961
38405
63143
30174
18745
45029
16383
24646
98836
55474
54685
57544
97790
81501
12045
48043
86291
81712
63694
83544
97834
89031
49929
26474
81215
27960
27502
24354
90011
53299
62477
31990
19171
22597
35949
24745
8058
78935
13836
49558
95860
98291
58356
17638
65848
72262
45398
30049
23152
60065
23206
48065
7408
9178
59987
20770
66785
78127
32449
52405
6505
53994
39365
48212
74489
3456
45020
65488
47955
54868
61480
13349
52181
26777
29097
9360
42438
82164
95892
84183
52412
13759
42162
75494
24968
21226
41367
99386
87775
8221
94908
18038
82501
58360
50812
76755
73080
8347
74281
6133
68694
32417
80488
54456
12428
37575
2895
27017
93373
40843
26873
79953
6603
91984
48932
50220
62533
19901
88072
7864
876
95173
98707
94377
37444
64001
29989
19769
70516
43449
40326
39293
24025
96067
34911
32402
27085
15202
40732
66038
31920
94319
87355
95572
58320
44213
34641
65047
90587
15094
97882
68639
8606
94059
89658
82386
17528
78505
6261
78665
3712
9631
51144
89547
55503
14044
17826
57848
78988
1773
34434
44635
92339
90212
25390
59075
99169
92436
81293
23691
5246
92409
39362
67572
11271
89141
17445
54004
35254
29428
10079
2152
74865
17425
28099
44453
58028
34129
60132
5644
3452
77389
246
60476
2042
17134
59877
40610
69487
89745
54892
3051
34850
74026
83507
8858
19707
30244
27336
45236
29459
83014
17912
56344
53307
8338
34890
50829
2885
48807
76793
30708
5490
6214
56652
66333
35705
34417
94132
68533
11505
39823
43745
66140
76859
45613
39969
14741
36015
16446
50454
47926
29154
89571
80915
73247
8177
89734
595
12488
33068
81024
39510
1491
32290
9563
24504
865
86244
6961
18704
78433
42457
17267
63650
67490
57822
65318
43457
26313
15191
16039
23749
15006
54199
4879
11876
35777
13736
76050
31441
53242
14231
39298
50350
87214
79263
51856
76814
34605
1392
10290
43372
87849
65596
97856
20834
23681
38110
85977
42823
45339
7335
1090
79591
49968
19782
3662
54016
59392
63475
12762
22327
85127
72377
7887
10997
26216
35006
57354
94498
40261
18896
58968
98268
18385
35757
11675
27316
80124
92559
48714
91269
48238
48050
16404
63186
26159
57603
87333
77242
75682
93351
23041
35067
87186
58246
44685
23776
49957
57938
70573
90024
27277
20152
58056
98773
27165
81057
84167
41325
73785
1285
69629
57489
22854
493
14017
70552
55712
64771
49206
38023
12554
32056
33387
10959
25952
11026
92158
24771
55433
26448
63836
84180
49769
11388
72260
79531
71218
75372
67337
9186
92154
49108
45046
34143
10087
89003
74923
94190
55591
96440
17638
32122
78269
38394
25725
2920
949
34289
16136
12241
31353
86124
74044
68985
31548
10704
40145
26832
62963
19777
79013
15909
30052
86096
6457
52802
37494
55457
74329
60392
81512
37112
7577
47432
56541
36768
1179
38170
66485
38552
39405
25374
18264
56026
2928
25613
28043
11720
53203
94586
24036
91125
95773
86315
57146
29422
72010
81774
86678
7203
19661
23290
73446
3094
31795
24131
72784
56127
35720
35065
64004
59577
35859
69278
4202
46509
59100
57378
39898
2137
63631
2301
48458
32284
4888
45800
1538
93632
65933
93912
38187
83941
68587
46776
70886
1606
55129
31298
38714
32426
82089
1433
8709
47082
55933
37478
37939
70682
52902
97870
49004
24309
40615
69484
82376
74921
42616
82576
9470
62236
20038
82707
53978
38202
99672
99766
86860
57532
73805
36374
84445
79959
96289
70702
6877
92702
8815
17130
77752
83764
12911
66851
67847
10866
6272
60987
42082
7729
9761
34967
72051
53109
4794
3092
80774
47351
95736
66375
20892
80461
23317
72853
85311
62679
43061
50348
29328
81193
45132
38908
57788
32432
55262
66710
98701
44099
18207
5247
36029
57064
88056
94640
11749
27103
48139
7694
94771
73775
65390
54977
65306
62891
25843
82579
59811
99809
11464
93671
60866
79007
94522
46099
8195
15714
76501
12219
89795
88508
15366
72523
74171
96673
86625
56913
17655
55887
63742
40501
34533
7543
77278
74998
12105
89804
98924
27331
78638
53191
40255
242
91414
11508
5564
71872
72722
55869
30072
64358
13901
16305
79706
93332
28482
6321
20095
83213
75119
82039
17944
76926
71457
88067
97902
92476
7918
75619
91109
20313
44834
1758
20670
5091
35953
48637
73302
70361
204
48118
60940
50283
98606
38775
24672
2285
35510
37484
16791
59671
44143
74861
55195
4924
90442
95654
9439
69701
58573
63460
91424
96106
35973
93977
94535
49388
74135
59085
18188
90514
64341
34817
58420
71005
26188
97888
34074
5770
46329
66309
27756
38948
48508
76547
80428
36164
37060
34645
96567
52806
12554
88291
33123
35113
66522
58477
9665
36098
38828
89271
19906
18205
59249
44018
32565
7794
1513
76354
95086
93280
85841
68113
63971
23465
13657
58543
67216
56361
25876
21028
33402
59795
97865
80340
7728
6346
28582
23470
72462
69018
24340
61777
86267
46673
39653
19772
74163
3709
26026
40880
79743
3394
12289
95491
99807
1048
80716
72036
35433
7551
797
14470
68363
63680
17645
36172
51341
66594
71052
76111
8754
62310
25330
16815
44285
29663
67668
63987
72881
60209
35986
67390
89744
86245
82350
12561
24805
72934
89399
24983
9437
25883
3747
16464
94703
12545
33787
62750
79613
94277
87984
85382
19954
95067
46347
22211
48075
97501
75298
37325
20915
39715
48679
46624
15175
16860
1978
79981
76152
30407
575
98554
76558
9456
97258
49366
4489
77418
11191
21853
93091
97925
47254
26532
63794
7437
58403
73602
41642
23167
46100
59068
21950
1480
7467
28299
72870
76059
48235
67179
17597
94863
71368
46723
93410
61811
28087
36140
6238
51535
48132
63839
12997
41112
46659
21888
50517
74479
60766
83265
74972
65752
81741
76724
1974
45298
31043
56337
91411
13047
95109
29824
53783
70033
88149
64196
8859
79927
77453
57221
80722
30243
32680
12695
72902
23762
71962
17804
8928
1463
20607
91859
40422
49468
36785
71083
78238
50166
98003
28200
77649
57315
75722
28960
70891
8579
66540
4787
18463
99633
70544
44565
14887
58652
70757
56794
89897
16390
37087
55964
71670
67960
19756
1516
25932
20032
38372
49235
79131
59144
70207
79875
46212
83316
48544
51871
63644
9080
29423
53667
35569
72947
3461
67281
57604
39788
23904
23642
75316
99784
91670
53798
28476
7845
79303
48192
43250
51063
57771
34688
36656
40924
29450
60374
28655
71613
1866
23664
88623
90915
48195
13576
77524
99060
65903
56333
55403
65225
49501
62221
24938
55725
76164
59100
14997
54452
7668
62659
20156
46101
15881
83816
64418
12070
40345
13653
31128
4562
74861
4232
36648
36026
29324
14103
1262
40069
79410
53533
38976
20677
87167
56485
81455
99624
44300
62834
55141
56215
8281
70761
18638
57935
93442
32092
77396
23385
44752
86516
2498
62248
87979
24986
98762
39375
67917
83970
19394
4828
80402
48660
60744
95829
94796
48344
11015
11374
69586
57214
53458
90180
47192
98663
49773
85304
20474
79251
60747
19531
60403
25704
54769
67411
55338
43675
69529
44535
75531
79103
53108
84845
71604
91815
64935
56557
14406
75449
66486
59058
99035
13586
41022
45997
11127
84656
81851
21509
41494
40703
80394
81007
47557
33667
57481
79685
53613
91807
7451
71622
74986
57344
78151
60171
49083
10250
74144
50305
7762
16573
33984
55464
39978
42082
89613
73191
92760
94072
61565
45801
90777
39765
77238
24920
32683
15419
68046
93556
60345
38266
83633
77520
24142
27195
58561
53578
15915
35024
77592
43045
50739
53686
15177
89221
67075
20132
63044
19046
17375
93587
95736
68569
77992
78729
5042
51643
59913
80291
87012
78068
46865
61887
40417
79529
35611
41315
59013
74847
53224
79310
99378
73037
82991
90681
41909
88732
22155
19082
49350
76926
27570
94037
11502
1064
229
68974
97219
17549
5187
24079
65615
25912
6041
56578
50831
91173
41780
14989
59383
46045
12439
12056
55859
66989
16360
39739
77544
78978
3428
99688
52152
90626
64051
34386
93412
27978
46166
58169
30125
39168
50877
27731
56499
27924
3829
14585
6238
5080
59550
71115
13339
47737
48571
99649
5598
9496
96707
29743
1574
69226
82132
7603
77342
89288
98823
19743
86399
41044
95806
81917
49843
19657
35674
20068
29300
69533
63754
89462
90355
40854
63901
95699
96565
82661
56473
10238
90327
72996
28260
31401
11763
84552
41247
84895
42459
94691
68242
16878
53633
24537
12354
26960
42649
26812
3327
44468
49526
5446
77083
39086
44977
52594
95765
19863
29833
9400
50003
67810
19428
84643
98542
91837
27795
95569
39751
16160
38003
22630
40216
1909
18512
98029
9541
6244
87204
26093
92048
67577
22301
72643
93100
30132
89373
37890
78730
75885
73467
91620
25935
34338
76231
70059
31239
98463
79754
90072
850
57961
73067
7623
32220
85607
97998
98469
80267
43661
50424
79663
2641
63046
30221
97961
20609
22589
49626
71864
84511
83528
84079
2845
87120
47346
20676
17646
59761
37860
63516
44786
76675
84623
5607
25464
30755
87096
32673
54101
37176
52416
81432
35032
11078
51759
5259
60332
9535
86813
74349
59049
78329
8509
22569
97751
70523
79878
11904
21665
94161
82046
64621
4434
479
70181
95402
18990
57841
3420
42732
92047
6993
94129
81896
48891
43442
66152
11129
14910
92809
76711
74810
12202
76572
34910
91693
35207
96146
74129
27198
74808
6858
71651
2
79148
51784
82913
37881
19805
77322
45736
66226
8809
42457
91316
92686
29483
7898
91142
41468
55510
75652
6544
71556
96109
33420
58784
75839
37025
40956
32072
51811
26951
64546
10118
26301
63669
39844
85205
86039
95226
28082
69486
86777
74423
55316
77212
22315
99710
76450
25371
44824
4325
83250
204
30863
65639
59884
64888
44963
65751
50042
96094
81491
58818
77019
34683
643
9472
1942
62357
24297
87414
31660
71204
94468
46700
12198
80733
8069
47942
72782
37309
52882
23617
43257
11406
5792
88908
86273
39065
40606
3584
3601
1096
12241
54525
75834
36758
26233
53282
52707
73078
93970
77736
94077
95645
38102
55612
4372
61357
88096
59320
8001
43551
48076
21981
90204
47179
68954
77263
73423
96471
60658
50317
92230
85786
10081
21739
77187
20716
95681
45678
80974
28908
3383
79779
96521
46029
74165
44924
98625
68446
18752
25960
91648
45493
34444
49870
37440
13207
835
51334
51002
65574
11748
55124
93308
42727
17096
79906
74617
66799
57536
3384
64955
28042
77019
70171
33076
33544
27268
69503
92849
95781
55751
66570
5071
71859
692
71463
56520
15301
636
97540
39174
84218
74840
20201
92184
40165
53834
61492
48642
12309
62299
81781
18606
19974
34595
66307
35425
15491
27175
82586
69097
46069
82460
24978
68306
48781
84617
9437
56824
28010
87275
78908
13686
86056
38451
85406
37149
53669
10826
12119
87968
20561
29748
83673
89004
38993
43762
11057
60949
23632
59201
95072
20524
57955
45377
96308
85677
24791
97040
49731
88980
55834
6548
18116
85135
84578
63319
68426
16734
99980
42077
66008
20951
46705
22870
68568
35810
6509
599
53332
79301
25784
41125
90270
57475
9722
81124
17603
54182
45195
70157
81216
61576
61146
32942
58133
43742
12810
4158
49074
66722
46038
5659
57902
16667
38932
74978
90998
47211
13527
53835
97378
82357
1295
32158
67875
73896
54924
1813
65721
71757
52128
78064
34113
52713
81442
47727
70060
99023
98414
37744
65034
7877
21545
33765
45541
49041
2403
13809
9355
25473
85109
59519
31875
88788
34506
37246
83168
29063
19130
26813
31379
58656
90002
37247
64634
51249
49935
6299
42423
14121
60168
35060
62780
20637
5548
45263
66882
11310
77888
6070
8793
93239
98251
14024
87482
76630
26061
97210
21208
91124
87401
79087
58517
30387
44004
89455
41264
90771
52006
75367
30043
53504
74749
46844
25291
20700
2144
91501
67722
37253
68561
87909
83206
58146
80156
69530
68204
49583
88188
16069
85647
52706
96221
14078
62498
3354
55580
97843
84774
60516
96682
33028
97308
43433
2255
21119
15356
15351
64524
83347
81406
39241
15385
16083
95574
32790
40781
23785
57885
67316
42939
89940
17738
22534
61561
34751
28863
79817
96252
1375
45632
11223
12768
35177
28734
63286
58788
38414
74642
42241
31698
51381
43717
51984
68347
4755
22347
18214
35297
3945
68401
75095
73742
25881
47404
57844
8802
43398
65328
64181
6314
23880
61506
93537
33227
95945
79173
