76703
14213
16867
27792
86552
909
77454
69157
96984
60183
82584
73580
3847
49308
29882
63594
52682
16022
58435
9484
94076
78484
33792
54024
95239
30061
98982
78946
81566
66194
46303
96362
28506
64732
51056
89411
10767
2181
89315
78111
59563
95986
48501
6022
82986
21550
29373
47189
82169
9682
47256
69666
58821
15232
21069
87358
99455
12398
86946
46196
62479
89088
56923
68270
95729
94767
83977
95798
27536
78885
97751
83354
2014
71178
46956
30153
88365
26360
89918
29210
35885
47403
48852
45931
31682
12725
64373
57607
81185
94414
55698
78401
37640
45960
99181
69565
75767
28832
22149
93710
56975
8368
7839
1370
58501
37378
25459
29273
57986
26943
31056
3132
30586
81030
46668
22923
86631
62616
42731
17735
86850
39727
68683
59598
85950
11535
90251
23580
36225
53141
68854
93518
53791
37612
83536
46211
90964
4926
37915
2395
43966
82951
23622
16833
26741
64390
69139
31525
8424
13901
86340
44418
94326
93399
49409
98494
81509
58393
10472
560
50882
13745
40817
68059
99798
93307
55453
13529
78817
31107
18235
97427
51925
38644
13878
25420
94578
18767
28223
39870
21305
53687
81330
57692
39599
8041
36295
33494
90545
2730
56824
14715
36623
66552
34794
22201
62438
70658
85434
69407
7005
34068
46533
21604
70843
98186
77939
53505
17411
72101
56737
40697
70990
23132
49419
36441
7044
11818
53874
34937
47958
59109
10191
23650
35034
61295
18612
66155
44804
46501
38555
27964
37662
21429
49774
54643
73572
75180
17522
63460
77854
4941
26608
25946
50811
97790
76961
6141
61606
67709
1910
79084
88008
3888
31201
31722
29562
79257
17412
77749
97892
7624
60980
35633
80119
60938
58537
53603
40516
74624
49509
16761
48599
17290
510
90407
48435
66658
2538
40684
66635
7366
93574
88499
7450
80333
42819
12117
19904
86714
75277
99260
77178
3406
54553
75043
31933
67704
18347
46009
52078
87463
36834
39428
31489
34913
29824
40833
18508
41036
17465
34570
7143
56233
46135
11473
31874
97952
84904
67465
53987
76727
64901
59683
79674
79068
33343
26518
45315
80642
38888
98328
91704
99336
15067
80553
19408
56660
85994
15887
45048
49503
77666
58363
96812
33258
35165
82314
94355
37039
55523
56328
97044
73810
19806
78736
3288
65942
80697
49166
2942
91980
28595
19877
12020
75430
93030
60460
22809
86537
70895
44242
11533
42593
79417
66275
26929
23630
3147
71619
55680
253
48138
96600
23689
30737
49196
65476
74088
88832
39195
35951
33632
80442
38209
94915
31704
46948
14518
77361
84463
94211
78852
66353
7901
85460
75379
68774
99047
29880
80662
17408
35006
2125
688
12763
69109
53624
40772
96773
28574
75677
64633
6589
53760
64785
4166
99223
64630
55463
12287
52700
93447
92967
3068
8846
85501
42013
25570
61096
97700
59533
29265
64484
80194
87364
93386
45591
13933
33609
48058
90391
96557
88083
31143
88892
50416
28308
17301
44868
23139
98867
88566
69585
54644
58680
61004
6221
26945
65280
54044
63950
46844
7472
64241
31828
50462
88965
45834
7598
32004
76010
63810
27101
73643
5092
2233
54289
53828
61832
58691
9455
91955
67916
89709
98964
88298
88250
80520
7891
96605
44640
38612
20122
24578
60389
13514
39155
73319
80534
55302
13510
53583
85118
79823
63644
41482
22165
32836
12862
6256
30479
28100
42620
8922
86261
54554
20777
86974
64465
72260
1699
77093
77538
42750
88817
45258
45008
56432
47046
60977
52057
56336
60258
26049
46474
98229
14839
46815
9065
39162
56904
81769
40687
70379
9838
47212
55539
42448
96372
53507
72898
77267
53602
66253
96170
60430
77656
14345
98389
37078
36112
84688
98131
86942
31046
71790
99377
94602
73715
60991
46470
99569
49524
55331
12779
14605
42409
8125
87594
18627
23322
27182
14543
4617
31124
94728
2300
72313
54161
50642
14713
68145
52566
45047
93160
43395
79765
43595
37687
3616
2675
81916
7022
23228
81892
55472
22952
41982
44882
11585
27294
99143
86781
25490
99423
75100
26620
4044
26236
82161
47745
17753
46847
60276
90939
63740
64540
56084
92309
97355
35456
18156
62684
139
96870
82511
51646
33574
1768
1073
59597
66411
76947
42448
97026
90467
37811
20318
13375
94315
73805
44492
82125
21043
39116
45748
94148
54898
3762
88579
28233
56611
2736
12865
27953
87232
41650
13183
50180
49433
80049
859
17597
38289
78604
60275
56238
52502
96081
7972
21632
99771
83028
76221
92567
11923
74594
56549
74356
85196
55376
43270
21077
98182
46092
99380
26071
86671
16597
80190
50971
38844
47879
34768
99495
77381
30670
64482
74979
62238
48284
69729
9091
52142
83253
90360
11941
10478
57383
84219
16592
48160
96696
2799
26333
96936
28471
55065
57969
8779
21109
91138
39496
83011
6284
68067
66350
32957
80637
96723
72646
58192
77880
24458
53230
86329
84116
13713
25241
68119
27647
6665
37756
8960
79023
79956
44421
38814
15542
81539
32644
8042
99316
28189
64302
43619
82982
66921
33206
56587
84829
59481
91132
20703
91562
51219
7266
99344
97780
95804
5497
30339
91500
14979
77435
12481
74072
88904
25905
60283
39628
71303
61588
19199
17687
44005
42256
46895
28216
65654
28997
57764
26033
84648
94343
57823
46740
24911
92422
89895
58299
67214
70984
41380
18260
92767
11409
47415
49208
4735
17124
92532
50109
89689
49732
73821
8769
8813
37780
67932
34407
19069
99100
21052
32734
32404
60813
97669
29501
54515
35579
80178
39659
52666
91113
81713
19834
42639
96963
89974
49780
11661
39012
28316
61293
79372
35416
24729
70072
3273
94364
82237
56022
78515
61570
19047
41768
29522
33232
27172
26086
47507
63368
85605
40137
55539
95394
47419
13826
32520
57237
18098
41069
8711
20789
77191
41472
11029
37558
69128
30974
98958
9262
66598
22441
22187
6009
39705
75155
54324
75542
90129
61205
11458
56110
35924
14392
93359
47413
44153
85137
23709
97386
58111
75594
51232
86969
79882
81211
29512
86431
44988
5592
33678
7629
48940
81860
3515
11525
95014
27651
10128
70593
44223
84589
14517
74548
73202
2686
55649
72840
43132
65866
33219
43430
83633
20014
84491
46421
74553
66337
7800
98137
9802
82858
88895
61724
93027
85355
59445
25579
38370
90491
98169
58071
13826
33170
66720
48316
23221
62557
14654
3390
66170
93585
47054
45615
30587
89148
80382
52973
73158
68535
80122
47144
10822
84311
47508
58625
13917
73059
83981
94606
1664
94656
42531
29339
50831
65416
43830
2602
89007
26554
71000
56571
47206
42634
33169
55398
48115
25145
80684
84421
89703
38751
53922
96975
52132
75461
37377
45695
62864
84143
12568
4595
6486
28694
81858
66320
7609
51156
66604
97507
54262
31609
39653
47747
77589
64602
87137
16018
63691
65513
61674
7553
96816
81727
77091
51
53208
30390
53338
61050
42960
97844
53482
58974
93142
76065
65898
47996
85301
17209
18806
69099
90684
90813
1623
56217
9626
99940
97618
93972
4281
39951
7178
16293
30452
20763
91602
86487
73493
13455
15891
38006
8688
18420
97367
80914
60277
90564
64112
72002
43286
32156
73479
70597
91542
18603
81508
89027
23754
69837
91703
91379
13455
56049
31906
68438
93991
76309
87683
3808
26577
50708
59329
12759
81764
40213
93906
87539
69480
60453
82886
60198
85873
46911
8916
47957
61976
51176
21599
49732
41400
53687
18309
30064
55362
64721
66052
46454
57630
49267
93449
83985
42143
32872
21942
56992
18176
7579
975
21254
44129
27014
43874
42859
73689
41736
63697
95456
13526
67477
81821
53952
17816
77640
93200
85714
34790
30868
73830
67818
57164
3640
70745
23023
37650
91696
65672
11831
5978
36680
70116
20271
2421
59116
19991
96023
48770
10810
48721
49450
21060
72729
7312
827
27775
76163
51243
26459
20431
98238
15035
52119
6309
86600
8071
22461
70495
42448
48778
97663
14275
81218
57315
62609
82744
45722
16185
92045
66113
4186
81961
27542
98390
35351
32525
40313
416
81037
23819
85167
98705
45042
42423
37695
41118
13320
54310
96256
96123
48844
93360
76252
93105
31084
15393
98353
84990
64534
75164
17777
22569
58251
65740
54985
18048
98994
89449
47326
79664
12296
8995
34291
81728
84725
72943
22343
77931
74747
49547
19452
77688
3176
40495
86834
86135
51178
29937
24562
24346
84930
95189
87719
92206
48977
32016
54726
84341
49871
70583
24430
17442
34970
83209
96298
80432
88300
13013
18964
17886
8261
80329
76820
83435
98055
16569
52742
65322
36801
38728
11961
99138
94211
70934
63155
8069
31792
17606
57394
1515
26482
57675
44077
74218
48583
38415
23961
80884
35480
8607
35272
36045
25867
33910
85996
68328
11470
52644
27418
9213
60148
76474
76169
36553
10973
46421
11545
3233
93549
5541
56688
44244
33694
10873
21279
37885
9745
28041
63396
85762
23872
31136
37641
64236
37967
22211
73417
61635
32513
33250
78259
19557
84327
19386
51655
72546
38131
60197
57437
78135
18155
96351
21189
23238
99224
52565
74889
48078
54814
54764
88846
24428
3174
20844
69817
7566
18327
75847
37327
85935
53252
81865
28085
18036
48351
22365
90102
5858
84842
698
40931
45434
49838
47369
33332
85875
1765
64468
17421
89778
19153
83436
22108
64648
67440
35191
55774
40199
80967
89620
49121
2210
66683
90284
47012
77537
7070
39671
65275
55390
46311
53864
47535
52095
22906
5495
15618
30192
57863
12104
37264
26940
94831
95837
68977
40072
59776
36501
92027
2092
47297
19839
92708
815
96233
2911
73028
35422
56554
19964
409
91688
34251
60931
293
77113
99828
77148
22354
70257
29506
96999
72950
52576
32090
56114
44113
63009
31322
66362
56787
54864
61675
36891
5723
18537
82291
28599
30138
24991
14407
37663
51157
2613
50781
35776
21417
41052
48767
24396
98505
45706
92348
56388
30755
97107
61016
30624
45634
54855
47268
14011
75884
56872
60712
25853
78891
19782
34877
40102
93448
54360
36471
78548
31187
2297
94719
92434
19711
7581
58367
96381
87723
86447
73687
5107
45308
69512
26157
87642
16229
43566
12544
65803
3625
50247
91005
93305
38999
69240
57802
33794
883
54462
19296
30865
5910
57928
27671
81228
18572
96815
93881
41633
58427
68692
83800
8648
48931
74996
24987
53365
23201
11498
97395
1502
96909
63361
84397
75011
55428
68692
57216
44286
28192
7173
44645
97960
14402
90646
7111
53316
42482
90663
90544
50029
28125
60748
33379
49336
67645
96266
24744
76709
74071
95823
46145
40840
510
92555
75996
46030
32181
34350
21633
21198
96113
93503
53163
45357
43100
45207
28307
97358
91254
82680
21000
95764
56726
78381
80795
21781
25903
85919
64855
52286
174
21072
38670
14877
45727
35768
18094
66287
74415
42106
17170
57062
4363
5571
29269
75030
9448
86590
84193
42972
25596
54518
67270
26315
21738
24265
45350
39701
96219
73381
57868
72307
92167
33315
33181
56817
74676
83421
84007
95865
36693
42252
74391
62906
83315
74850
743
46676
82857
94305
32179
16195
38537
13238
48524
17830
44220
77270
33990
6603
53767
79187
74092
96409
7305
70234
43476
35865
45248
48621
51468
45761
98572
60344
6707
45918
88843
86226
47653
11742
79140
69170
31758
76184
23711
36971
73536
27448
12977
12998
52256
26763
30581
65818
8378
56067
41206
94475
86805
43239
96297
5564
77824
98363
72855
53074
83916
65607
47577
22790
7732
43494
28732
56038
3510
76878
43972
50634
77862
28407
95980
21326
79640
51145
54603
94001
79674
25990
55026
50312
9604
1105
57010
12543
18312
94202
37403
79213
71876
77576
45311
59955
27574
96193
67446
91570
75247
55193
96858
24454
89472
9364
97202
9922
25393
61721
4683
44489
30961
93622
36322
98054
69383
43786
20287
12329
72615
26803
19740
12991
47456
70261
65827
95980
24754
94915
99125
88072
18749
27821
16870
53491
26292
89222
51622
35574
83344
74384
37851
34616
11010
83046
13418
71769
63648
56486
40180
19055
38017
16378
37917
70650
75843
9410
42056
78982
95753
19871
33662
42397
88099
67390
3533
10918
40421
28863
81997
5150
21881
12961
28766
49393
72881
7819
87117
51221
62164
98874
13461
80580
94618
24322
24994
28500
63123
39043
19281
52116
87649
88682
95028
28069
32262
83456
39089
64050
45207
9331
10154
20718
16336
69119
48727
79945
7074
94553
83215
18766
69895
71704
65126
92764
77014
1280
29904
90623
73106
6508
18116
13483
44541
33144
39260
98004
76554
52040
31992
13196
68879
57880
64642
61594
18425
84320
40524
80275
2106
4612
20469
99640
44221
35606
70859
91116
79930
55880
67339
95248
84837
64146
9508
63389
37857
6652
40569
86814
62002
17289
48133
64327
11152
87616
26552
94197
20919
64823
51072
80420
96348
91967
52195
5447
75546
38311
65192
94343
83017
38797
25782
19835
65296
91272
18452
27969
53170
37067
56592
23702
84420
21558
69755
