54593
36394
50568
56080
74512
45396
3514
58877
14881
44246
166
14589
91758
69938
64084
49108
30527
29486
64839
50428
45708
36257
14790
33381
80143
84902
43848
71036
52612
22675
62748
5065
27777
65796
89234
59922
22988
11088
39369
7005
33725
2430
10005
68499
56114
49552
2956
40032
66889
98940
47790
47287
76221
46716
86159
1651
41151
24156
2755
65560
18736
22129
58308
86583
98457
12648
5251
38640
6120
60124
25609
85586
87463
97249
19016
33822
75866
12030
27331
65418
1269
17304
42198
34817
11000
31592
40643
79015
16104
99023
42363
37082
72779
84768
59142
95541
43391
70235
41103
67694
35639
31034
73710
73247
90995
74341
44723
52162
25947
2080
30764
50453
17561
48292
92819
98109
16720
30282
80343
30310
78012
40867
31142
67240
1159
28966
29204
65190
11141
4865
83210
92080
73742
54992
25325
71849
41237
27884
48874
71363
32713
21978
17052
92581
9095
36452
62201
22574
67098
64261
91935
73524
20945
70846
10806
92645
48091
34886
62082
31471
86785
32734
80424
9915
50527
49666
14874
77203
19841
62331
88737
80932
35287
92785
55206
11135
45460
58846
86621
93690
10377
72958
81902
64532
67961
52290
68353
44949
11832
30852
2598
5267
89061
34709
31038
87313
78945
41362
72937
13282
20107
40085
68909
81515
65081
52264
68863
99687
8085
71092
55090
82596
39825
45047
74425
1770
77929
91156
6554
17884
37588
34501
44818
38423
54374
83563
29183
50167
19749
81190
94029
77401
88966
66400
27904
79291
21796
56483
14523
37408
18172
69483
427
59376
46791
49270
59028
61851
67253
53400
7573
10014
37538
70412
89818
52382
67704
11012
12446
88977
5602
53025
26939
50781
27751
27518
3248
83608
55019
67175
47054
86798
15166
96519
29758
26785
78655
44319
35474
38763
63185
77586
76807
59871
74807
28061
74196
56813
33199
85316
19825
22340
86249
91847
14983
85489
71555
11316
98640
78598
5826
62902
6731
19607
60271
27916
3550
65309
46635
19060
75720
95773
41232
39013
79842
58691
25510
94364
63985
49095
6143
28686
83596
26322
65552
14013
7876
5818
45612
52262
33396
14377
86686
32215
28134
76284
92387
37629
52192
47719
85665
1147
79337
53622
24968
27319
26940
69998
35556
42894
17448
87441
97308
98088
15169
36961
25002
86822
23527
20636
69463
91576
73840
23173
74194
76139
19637
37283
92749
29887
6518
32259
84245
6647
84363
27897
88172
41002
32392
95972
93892
68758
95019
95823
58810
85716
57573
51347
4492
62854
14147
84762
34360
25229
97913
36798
38227
9016
44618
62480
32803
61814
67766
59925
97178
25356
67840
82571
84783
26242
90586
97833
11194
90840
56367
73348
22220
33815
82861
89262
89705
19010
82286
51192
46691
21866
25377
47288
32980
50432
48122
75142
81720
34950
56882
10241
30180
34559
3676
67311
83079
38309
92358
97601
539
36185
4616
53684
69128
22004
5196
82324
38518
27612
3065
74235
77356
8435
46654
34295
44554
51978
94040
63082
15391
28306
21504
30315
38184
46579
26548
72842
25766
92533
23456
52112
67290
26332
68617
68932
72192
14225
89814
90987
79430
66810
45403
21735
95399
25740
70083
4832
80296
45911
569
26240
85069
98432
54995
40631
15641
13708
18524
82655
10657
21527
21533
6522
11660
42021
28615
30840
99466
31024
10367
36469
50893
91968
97542
36319
23944
4536
14980
28693
65634
12301
71729
74154
67351
22898
87616
93993
96748
90830
87272
81139
33740
42095
98895
20068
76964
26328
85
14579
7448
48758
18491
71224
27136
84720
93455
87496
60258
58717
23125
6363
68205
51727
7027
51631
26639
43501
9881
94853
33204
702
48747
3337
32699
91905
5548
71312
77847
64282
79209
10810
64703
22247
96351
68118
5010
44784
27209
27493
40139
33629
52523
32598
58396
43745
41780
32529
93546
83700
49811
8271
67429
40575
36058
10310
94722
75856
92583
21187
21367
70094
89908
47600
78675
17990
3165
80853
40855
57539
49962
83226
13589
55133
69464
6955
68259
43624
49224
58100
19292
36845
64131
11020
10356
11606
76328
89774
30165
84098
48564
51745
95483
81688
49133
96986
54952
72729
6603
90392
32036
38958
24099
21197
62933
99200
73810
58236
68599
30247
75170
78045
96985
59450
19836
63134
53044
293
81162
64100
45096
36089
3559
82831
62964
95549
48166
51387
59730
60674
55324
53442
66733
90900
23531
64863
86944
62252
40811
15886
91596
12418
79735
15984
44437
51616
55122
90794
50170
22962
37812
25484
79695
43482
38869
13519
40952
96287
66644
99128
45541
67846
5572
38841
18405
99161
42068
50359
23624
21219
94265
95302
77269
33502
64443
74128
1028
9795
12441
7892
49913
32960
59225
76587
43645
19176
80752
21351
87835
88165
73674
40884
83956
97096
56215
576
6624
90945
17139
87511
22658
92458
63504
95494
94406
99869
91937
78721
69753
17638
34565
45153
81253
60084
75054
81989
2920
54249
18094
42937
90224
92400
23294
36052
76021
25518
34058
69531
2578
20625
8763
55427
76642
78501
55362
28916
52627
62405
36350
62792
26154
7311
36555
19827
22259
65552
10471
76061
12610
6463
18530
73994
22667
9958
40801
88155
2362
59834
75023
65518
88368
96683
77505
88928
79964
50135
26340
45394
90801
18042
30054
75209
68649
9824
36957
47535
40246
39898
5944
16248
68448
74895
37696
34399
11233
84714
3434
96654
69273
62417
86428
62621
71662
4246
19577
34129
66595
16326
37035
41062
54708
13406
6476
25159
88587
94078
46673
58202
31171
36534
94004
38041
18839
35196
25052
5498
84293
15744
91787
31441
27172
7991
5124
42123
41567
1491
64438
9339
93773
76628
21226
8562
34702
74167
53765
71175
63461
7500
6362
90614
29005
66470
47791
77381
15705
60972
88234
95969
8939
35404
55705
69959
68688
27311
89563
29566
63511
62600
49677
33218
15276
46982
73717
21308
27222
47176
35588
45580
86185
76464
75852
5545
83528
8592
72127
58271
56667
5793
75999
32759
69320
5715
49031
9844
31825
65183
20309
37625
27915
43640
72850
98505
73558
703
1888
97382
5341
2902
53599
54299
70380
39116
24923
95733
89865
99319
13526
47820
66033
5920
46733
27743
92240
76760
13418
11485
82747
41801
54598
42176
41646
29575
71544
89108
28637
66501
92223
26422
78585
3491
42440
64919
20642
72581
59740
47136
19139
72416
32872
12975
36302
25421
8394
55007
32917
67168
47350
30566
87298
77490
87459
49719
89620
85977
45812
95592
71255
41690
48102
92495
14622
29237
91955
86469
66239
17983
14177
46092
86411
25357
60555
89965
4712
5644
29545
3834
60845
21069
5982
98770
96730
40893
66878
63394
4594
59155
59770
75913
92918
78787
2314
31028
31967
87024
34645
51912
57911
99838
64224
5055
17844
37732
16145
75561
26770
91680
99806
22195
34732
36197
39031
94469
69335
24080
82829
87526
56155
31928
3805
10778
20079
20004
19069
27019
52688
93526
60322
28837
93501
12453
38092
19771
38802
99848
10542
80104
66591
10350
83422
57968
46725
39531
73941
92389
91820
73805
93987
69125
84388
25933
15826
40736
90742
72416
41813
65527
97189
91341
28718
63680
26823
64217
33049
24902
28474
9726
78072
67757
67877
61658
2107
70516
73964
63012
69803
23379
36591
18873
77364
41444
67200
12404
99597
12350
27903
32925
57573
25340
18868
7160
43884
88732
1575
72542
78907
48387
95423
78409
41985
95005
92630
78120
29259
7299
61046
83155
69390
29525
16882
2712
66580
4487
99619
65715
65633
75289
88126
84701
10881
39389
97198
24635
24657
28093
37683
36824
57286
68021
85078
72845
42621
32604
54983
10140
13440
50848
97238
31804
38290
92879
46987
12046
62104
93106
4866
94574
56611
68372
41542
8837
34238
14688
58121
66587
38800
68296
75389
74634
83887
77474
26386
16142
17218
38605
91949
68569
11344
30769
91905
1603
31082
61413
47500
43486
13778
29226
61169
50567
75207
93012
92397
71256
58958
37256
30840
42843
49566
44225
88122
54169
64776
58285
75816
25393
56834
80244
43738
89540
70158
73401
57258
53420
99339
50489
59434
49869
42616
79889
74818
94244
31040
41020
98309
57532
11751
20217
52048
70943
7695
69579
36766
73578
97447
95898
86059
6873
33169
72311
89251
56481
66574
16508
93093
22268
75721
56018
83225
8159
83933
83084
50731
89480
6403
42513
97380
95539
91676
18647
6564
844
57719
55594
58110
36542
80479
14253
35599
37866
67908
84503
58428
13588
27909
59742
44263
57879
48951
8530
26605
18040
4341
12095
45728
24567
92036
2774
32124
80738
63649
52998
29864
25061
55113
68644
47531
23804
33380
23593
50281
58697
73839
96090
12344
32704
80933
65667
25539
45535
31242
75421
48442
69243
5492
56687
1076
43350
58038
91920
66786
54701
34218
37642
48913
60110
99642
94330
6684
28230
25034
54132
5868
80312
36614
19556
38541
42730
44452
96559
4750
28858
83894
69528
38484
92398
34382
44702
74107
17544
9294
7171
83243
84376
45771
46919
33939
15275
92125
60594
85412
20418
48806
33745
2476
73149
35580
38840
63150
75958
51477
48934
18715
63787
37230
54918
47791
11315
49592
80498
32746
177
63455
86034
53929
96486
31000
2657
39456
14433
45767
45296
57847
8658
84234
20708
36350
36956
56198
219
7182
93288
67980
94924
47454
23574
97639
93612
4126
93263
43140
54605
83700
49142
26014
95873
95249
61724
24166
2972
72590
72499
19020
95639
56264
80378
25516
13169
29046
48119
72343
83184
97987
95556
68285
33957
4844
384
69076
38574
92503
53509
49096
72117
10733
1049
73471
54261
10583
68670
81672
36060
65105
90341
99231
64780
57357
39840
63871
11772
86662
93620
40325
42204
73919
46445
63644
20470
3896
45323
28971
51279
89868
74203
11575
19596
99434
49792
51830
27602
1198
96560
22961
53510
60156
6203
48085
45811
77208
25414
34807
60905
98244
13302
93601
77538
91351
28680
30
50977
5783
1310
31165
32852
14003
75635
70309
99768
37471
87983
44822
25947
81228
94134
17207
59420
33571
47354
59458
86446
49502
21233
35624
77692
708
94178
83810
76935
28671
31929
92757
27179
92540
74362
67041
96128
59262
20082
89255
37435
1343
5928
95828
10676
11492
57331
73966
30115
62555
23781
46361
33796
81620
86789
9703
23129
79161
58587
20602
53679
56139
6692
50455
45720
90811
66917
53673
343
64770
33436
4655
4123
2270
88081
81283
14723
70089
80364
77736
45887
30807
85633
93135
14551
8428
77126
33734
11909
2935
2501
43326
88221
37327
48012
97495
45741
86569
98626
43690
94047
67571
61300
30611
13947
67632
46893
35896
90121
58192
40229
59195
36981
95532
24592
49304
8779
93147
48279
69851
33570
97011
62276
75169
98869
65599
96118
54953
52268
72633
3637
80408
55225
90117
8287
67749
70910
99786
5089
14887
6476
60846
50817
63161
61735
10988
6296
41511
73605
40373
53309
24473
41269
47264
82493
5369
17948
42863
85126
38273
91866
38112
84546
43846
21420
94476
28130
20347
5674
3136
51824
24388
38384
8373
54246
35000
76954
77454
44796
10769
31561
56173
58172
980
6594
59347
59410
92247
46070
82675
39488
60628
55068
74289
93774
89193
49753
38172
31582
32904
27266
37636
27134
5218
54713
92794
63542
52811
78803
79428
9953
31306
74234
73177
13592
62880
5518
2335
3754
57842
60934
2782
20392
20276
47412
87840
67836
41556
68839
64040
75962
67872
746
40557
63919
50230
33321
50257
91606
47238
99444
36674
74986
42149
61404
51660
46773
21617
86747
36824
30054
87004
38832
91078
36257
95511
3623
32386
58225
86940
76951
73478
59897
70136
56165
94796
92808
44211
8455
53198
714
30589
57859
40732
98843
7479
88308
345
43702
69467
24046
95091
79788
18090
63385
64765
34000
89008
75930
29131
15183
17621
13840
35592
12286
56290
3353
10743
4555
19118
92629
97445
52757
66405
68290
22503
14136
22420
97446
2134
82112
4371
65420
31235
23903
40015
30629
31864
92761
61523
65391
5837
84444
73746
80692
94212
39310
88788
9
72930
75327
15515
49431
80810
80029
13744
983
21655
49893
18671
74869
28725
7863
96076
33559
70557
13603
79008
57687
47820
94624
49588
29260
59486
56860
21096
66439
47276
31053
95009
5497
2111
13029
8397
75410
49584
58628
60980
51492
54399
78119
93565
58310
62059
27391
17178
55860
30804
75933
57137
22388
9035
46857
25383
82291
37266
80049
45195
20334
71253
91582
34717
69709
29317
72195
73817
96393
49101
51471
52548
27695
81203
25985
75442
11548
31693
76283
93457
63944
91708
95983
44309
53631
90570
17623
69537
72202
88412
73889
96047
34637
17939
48774
96092
29641
89093
2492
87187
91137
7603
68385
72500
47258
74759
46424
12449
30748
15597
71216
37349
69909
3690
38240
29217
21885
18877
6863
37044
16372
70864
58959
98279
53447
74522
34762
42034
69969
2709
65780
27790
31294
77016
99584
84536
69163
55184
56239
28479
29609
