29905
37357
96683
5789
57609
77126
63138
20930
78478
35443
54617
36673
73289
48183
82626
98983
74050
17976
61024
17001
66315
5623
45818
47217
71869
14027
67115
6889
53625
72249
48054
14979
78769
92882
63990
74114
43583
61481
99476
46537
29907
47695
82354
478
54282
78189
1540
35771
57465
7709
48446
43345
90729
58566
2728
81273
47261
34002
89167
92632
86703
92077
71605
36301
54552
62108
99528
76507
70606
91640
12976
68974
28423
96934
70018
97836
56764
57236
93714
18553
51049
74994
38917
36294
23217
93066
9892
18456
70367
70525
47468
90193
97223
42524
70947
99037
82794
85696
57221
9722
58040
85542
97756
54404
9136
2698
61582
34141
64259
33151
71312
5910
9879
62441
13337
35293
80968
56343
20145
86531
93768
33056
4232
69927
51878
41369
90915
46084
25485
87536
89233
5781
58307
54472
96923
68449
89138
74929
70682
98662
21796
46531
8259
66662
17255
23063
67069
63080
23248
63554
33587
9549
63899
59503
27045
58801
75217
14776
66137
63833
60258
8545
42575
5183
92306
11953
22034
52022
68560
55661
63114
9628
20417
595
80910
38108
49340
50672
83414
98141
64782
31102
86255
58379
3581
63294
74760
35296
40842
34926
79466
56238
67824
78246
55588
71275
92553
79829
17507
98042
60847
28627
65217
1650
24863
78467
14293
27821
51642
69928
52072
93807
67750
20192
1832
30865
56306
79008
85845
48265
71030
6798
84312
66072
31064
15029
37620
91375
12203
8201
33204
36223
53810
34807
356
38812
18947
93096
44924
47981
99974
42322
32919
36786
35996
73947
77154
31122
83165
57835
29264
17889
63322
96876
77993
17866
26017
33377
83171
86335
25438
78080
56425
29434
63422
52109
6007
29838
94095
53781
60264
93263
87716
66404
19495
35995
38805
97475
59681
64003
8962
45233
72284
62458
9176
11005
88033
73433
61005
63422
71124
6861
8197
99663
90436
29086
87574
33833
38686
92828
53705
67231
1916
51272
1335
28528
44027
67164
85939
685
46186
59512
19079
71944
94462
7274
5014
14164
47842
7193
36576
59231
45612
1807
93924
60617
72299
27616
85279
45855
48797
34651
64435
69689
10876
54636
36676
27724
51352
96811
50491
96620
87872
81573
5517
12738
36794
15588
24502
1286
46994
63262
55487
19417
65615
26039
13439
51746
53569
84468
37597
9763
39543
96253
86835
44535
73005
34830
68910
20266
79778
47515
57458
15381
67655
48509
14650
60404
62452
56380
97694
38918
21813
32347
22669
14721
5377
89467
6042
46447
89483
34701
86835
12009
14001
51000
1963
87310
88306
83075
83386
40255
78141
7967
38362
89915
228
21524
74962
47346
3631
24999
2352
96297
73389
8517
73231
93321
87078
5390
63800
21059
89131
85568
55589
53604
24495
61375
55713
72561
5839
96606
7307
34240
78860
82445
86201
57394
69690
72192
46616
15120
50801
67927
45778
27137
89440
82127
94217
76774
33505
69316
18143
61715
39527
95713
25816
49482
71765
59782
44407
68117
51624
48373
36902
59263
41780
88825
38065
81519
10093
83347
49137
53602
48188
44066
40582
59077
28177
32750
8990
17324
18391
51570
6802
13970
12675
95171
36112
15565
28454
73249
36339
69421
87586
74810
14478
80497
70361
94133
31048
74053
36129
96289
43616
33372
46132
4603
5554
66534
38724
72726
17010
27599
18508
53066
15765
69876
6273
67867
84304
91042
10503
50213
34584
63053
63488
88929
68264
8394
80415
13111
82048
4585
85915
42336
76682
7730
76031
47766
46009
67579
12734
88826
83658
8163
1796
93122
36173
28654
71207
76797
99196
15646
38268
388
92105
43018
16262
27839
85783
8381
26730
66321
57215
25870
97566
53378
15475
28056
18623
35559
69918
73397
1474
87375
85450
10972
27938
93132
79868
62099
58200
19004
19514
7539
80137
54964
70028
58103
62329
72744
50016
82784
14941
46553
1767
38345
77742
38555
22366
92321
7450
40098
89191
23402
16948
37481
52469
18925
37803
74046
9895
88184
94649
70413
56459
45270
36818
21640
28068
44713
71900
39856
41798
54214
20349
44770
22974
33740
58704
25473
24463
74243
27538
19227
22135
94957
84025
66779
19024
61324
89923
86187
27762
31152
53580
80580
49013
52218
87994
74452
43669
56179
52627
60138
37710
59554
59278
71776
68103
97998
61799
16582
39211
87472
203
16071
44594
29555
70931
86106
85982
94475
51246
83688
26593
75344
50903
71764
84604
52405
34374
93164
81539
95785
62402
93483
59740
8938
34676
2952
22822
9632
47575
93758
58293
10301
10251
93529
46044
82671
23592
72346
93220
69152
49392
31271
86584
85386
65597
87922
94275
41370
14682
68260
20817
46272
2574
37382
34899
8144
16019
18700
19038
44568
43396
38047
9651
98238
90356
58117
99768
24662
98460
25486
36453
46845
15660
24830
34460
56597
41027
49906
84303
66781
87226
86321
69125
84811
3834
64368
41207
25865
95342
67970
32373
45610
35667
95707
6726
40743
44075
33215
37996
67227
93521
18443
43238
983
56839
24223
43343
64450
9196
7751
73124
38577
35465
86661
17890
61759
43466
6781
47277
42633
10282
13021
89070
14729
94279
46854
43124
53004
58740
90843
6523
53490
12397
57573
44298
52482
79397
52704
49462
42376
45180
68358
95524
63308
70861
10934
17260
50415
6211
37601
52729
46500
57707
95377
26061
2697
59780
16629
43681
13761
11699
30957
58889
59184
64979
28399
4022
22962
48138
6676
76566
27800
26263
85667
50518
11776
61608
23991
6759
24080
90952
62127
75038
73902
78132
99378
80598
88831
28174
90844
91760
89114
79019
37514
80986
24744
60904
94174
62638
20411
11706
33967
57041
85576
8674
9873
47292
92642
56766
62300
34711
87764
97501
9499
18977
66459
45195
36916
31148
7134
34922
55919
80262
16843
4834
47460
4274
31215
25103
73990
4853
62641
44312
53254
13580
97771
5248
99141
9306
8390
3573
71865
51648
40978
4486
84123
25189
36479
74962
31659
35157
13498
81851
45185
22502
44007
91386
47441
80245
23416
60908
8314
5583
80359
56201
11179
70252
83670
15285
74002
47541
2784
60143
69923
70470
73147
33000
96801
3247
3117
44078
89868
85364
99304
68934
93127
70453
10596
47831
16132
30919
9623
94979
22319
85793
8979
87633
62388
89523
69788
22629
32365
6353
54212
3250
98028
4365
77542
64870
43202
76546
49819
89379
36106
44749
11484
97901
8564
25558
99028
77983
61585
93293
94049
38968
23800
47311
76392
18772
87252
24231
2674
62293
60042
76593
80646
76768
84458
57018
28644
12100
62033
77091
3355
52820
88376
50980
4520
98966
77790
5966
17133
75860
69613
3337
297
20432
19019
15868
30425
83221
67103
77258
31851
55304
34589
52409
21306
22621
43280
17615
28971
10118
4067
3061
36035
58822
45325
83133
62435
63972
17462
10112
61441
60187
65418
43136
78564
22926
75705
79468
78619
44633
29865
76162
86491
10211
55481
590
13588
3343
70162
62865
21230
78545
99116
42621
53029
446
31098
46972
72830
98876
22867
14705
79365
67640
2622
43926
20165
51959
58713
2276
387
27908
2246
39154
18455
80232
20435
93716
99527
85112
56612
96516
98850
54824
1151
62398
39350
59869
52276
24390
52687
21025
35111
89188
66413
99503
96348
19567
6752
6349
41757
84776
20547
31706
15978
90621
57298
99645
60766
55854
89161
83485
33658
77644
36570
11727
49617
9373
41002
70410
61520
4925
91626
55639
85447
95550
72973
30851
22071
21328
48618
26390
77338
15803
8080
42718
89802
98825
84480
28645
71951
17345
24492
20546
1257
88334
31979
49611
3222
44734
20245
31080
51520
83334
99745
44386
42182
17187
84505
85722
3814
55803
75926
65654
93700
68962
18014
16790
94425
81368
15766
91909
3226
55088
98470
55435
21732
4588
19944
3359
79233
25732
46923
44442
37434
92069
85514
36806
34713
9590
58469
43990
86330
9685
84441
86767
97134
25504
7585
43556
97003
83792
70120
43871
11571
72736
90921
66555
80702
92171
81637
76911
79719
3155
82144
72421
53265
75902
76601
93832
63796
47387
83716
46940
98536
70371
17830
50023
54156
59834
97420
63469
37652
73108
32329
27705
3661
80852
77738
36087
61101
54736
73623
56000
5052
97616
61544
68236
87673
25366
17921
25099
39883
56727
67692
83599
97157
51527
71762
24065
93492
49587
5109
15508
49000
6344
237
10071
29629
53457
55133
88067
37509
6877
69777
84948
7187
9695
56439
42645
66438
83151
94390
85524
71217
96846
42319
12245
5379
83687
50927
24002
89816
64688
42031
22815
29787
32272
74760
93211
30198
99002
20790
28771
81688
64888
74216
68849
77377
10787
32672
37122
39757
5550
67373
9446
49179
25091
97699
24304
29848
75205
47860
4300
16365
48276
15277
58064
92322
48015
54639
2827
17389
93268
39273
4187
21147
98915
12463
41691
10138
29441
72889
49593
85376
20760
84889
51205
67036
78427
36378
30853
70775
54598
23730
13701
77414
27556
92837
63116
11151
56139
88438
20586
59542
59395
44201
49102
45379
66340
44570
27156
99761
91356
61908
68987
49269
52911
54575
63285
1353
91225
39081
40567
16052
83247
12832
19376
97048
49220
73865
33943
83960
80391
45744
25117
34500
89706
42924
98561
94051
8445
70942
77954
27547
16505
68230
58575
16607
28504
57698
33722
10454
40225
47236
9324
22820
18659
43503
76754
69559
93847
71278
39700
57200
94503
16689
61286
19820
53037
25253
90936
29359
77364
29294
29832
36300
4507
90531
33656
38514
66808
9575
91897
95542
96857
44383
64902
17625
44325
84629
5070
46007
98529
84968
41673
63947
76943
28782
83371
16546
41969
56455
37143
57627
9963
51615
97643
93655
46311
98399
88025
23714
65233
42800
89941
62526
23074
87086
37930
36873
68379
41285
55752
20779
76711
3691
99192
62974
29667
73818
79344
44601
70970
76199
10401
63995
48360
92132
20685
89841
71296
72654
82103
420
72457
73364
87123
79202
56323
65541
66044
16679
39783
75956
68292
1479
95309
10155
4358
68027
57415
53993
48919
53510
65387
96218
22267
34723
41966
49873
64564
78989
87979
88964
10646
61354
21922
20388
77142
35029
23550
82872
71584
39367
66031
44309
22727
78817
30806
36796
56567
33048
74527
21744
15558
41213
85000
89458
33673
39752
77920
98715
25156
51104
60139
35637
1305
60778
85794
41462
32866
92492
24215
13178
30745
63965
64726
25725
45012
16299
871
90162
65838
93000
57839
20546
57632
2673
22070
43364
84943
70172
93060
91893
54495
82174
27493
72821
58182
96535
7532
7134
95867
44827
95187
78273
47084
96989
65728
50143
41711
34265
25891
38560
26768
24159
59803
3092
89898
51991
15705
4644
15537
19605
83453
90356
88779
475
61788
27767
19871
25861
53027
23695
83397
30741
95573
19519
51069
45339
32720
1423
36636
68449
64142
57628
90465
49329
51336
85017
31430
59843
58964
4518
29810
36838
24399
18411
98283
43594
81909
47857
29801
49864
24013
76893
54629
20911
86018
22954
87632
11372
748
71746
55040
4629
95118
19032
74405
7794
24888
25061
40218
48072
38636
60990
88983
6019
59069
57678
72100
17184
22644
4149
19175
33652
8269
76765
79870
30653
48062
88564
13417
86435
471
54155
77054
87817
23652
86154
50144
53846
41712
40781
68809
65019
65860
25119
34660
63521
12077
86578
10328
79024
80700
40121
38687
42302
57510
37858
85397
84242
47020
85554
96491
68340
63797
88030
36794
91187
52343
40324
21781
89234
61364
34341
66488
16112
59553
22559
189
44242
88034
56234
81901
55631
77905
99855
99059
96121
2078
9632
17612
41891
67632
35416
78587
79187
99882
95536
41657
57637
7465
42971
14985
89593
26089
2911
73578
29914
18790
24625
6405
97292
45984
95563
57158
2417
87192
70604
29544
94584
27896
29676
82825
94723
11471
66522
37917
39828
87098
81685
20926
88531
63998
13859
56768
46558
47569
93745
60387
10254
13400
41672
30754
63810
75179
38312
57000
45450
75765
23044
12546
74033
53752
56025
39055
36872
81581
43692
63573
44683
2665
80096
76333
1299
26043
79824
82174
73047
97617
43855
72743
70975
81755
2617
55126
24167
14023
28342
93142
1357
58219
76587
83365
15799
90978
91484
30755
91108
79821
52930
68870
42253
13531
62373
47467
17847
57283
68534
48071
5976
33934
97068
58651
78787
14066
38521
25446
90962
1176
10375
41300
44239
70623
69941
40660
42815
36154
19752
59208
26059
93332
63024
26965
50572
10580
89400
28186
7379
64955
94761
92094
39443
82634
71100
85186
9548
8289
32186
39029
5972
40898
2770
70886
50723
3604
2005
58516
28283
27972
33554
46786
79794
89925
24073
47302
45662
34904
13678
30592
92732
84807
71549
13160
39005
17483
38484
49088
94414
27885
91953
23561
81026
80425
6696
27761
93918
70863
94369
36265
78369
37123
58221
33109
40397
6373
42883
27165
15734
80107
38043
67297
25574
35914
97541
99017
68171
34259
71975
81369
64958
66777
56914
65860
42833
66993
24384
69720
29972
