45084
33382
93383
44237
67185
31546
72751
23843
12856
48109
3060
4663
78803
71594
26888
60053
95187
95964
39189
92988
16856
90787
98475
75145
58115
39621
87208
22926
98233
12699
79715
81275
45078
23596
60469
11326
40427
86360
39205
95015
11159
79658
81743
1412
5117
10704
94800
65388
42631
44455
86576
72727
82039
6320
46156
58666
2470
88511
63551
18161
60699
75154
15020
46852
65865
15134
70027
29708
44165
98724
52141
98655
59971
76867
18382
99622
19916
41864
36311
5664
67486
9088
29580
36800
57792
29582
44888
42610
1280
88407
17011
83163
76492
42266
60942
48349
51049
88222
65659
27289
59987
27300
14235
65775
88913
42108
20421
26209
87284
44435
62000
96567
37260
40873
84702
1947
12807
56129
45285
14532
16935
32593
95162
30608
39967
31161
77596
91306
51754
2001
1563
17419
40135
12507
33827
24188
17557
12760
46921
65018
52487
53271
64496
91538
61733
11495
61880
39724
12927
59469
37924
45381
30702
82737
46215
22772
91944
99955
79083
97006
71103
55643
62653
74116
64792
47406
47320
15274
86979
25436
32556
98355
23036
98838
65963
81240
57788
67486
54768
49655
61180
18423
97452
22168
97736
27547
58094
3243
72156
94794
51374
77389
90206
7520
49431
54954
60375
62400
13199
79900
17391
84396
69988
49873
2500
63927
98132
59242
13831
46065
17593
67296
86099
80161
54735
18818
13546
81938
46916
68185
80910
84388
55419
30764
50169
53987
11548
29759
18810
83829
39611
66006
62605
97996
81732
19672
6357
31451
91296
66863
81144
21510
27047
69163
87447
29682
38914
47014
70217
8795
20347
86274
73555
23844
44708
2031
28198
31625
9632
95337
61460
20849
83570
39933
6928
52031
84992
71692
46946
65192
46787
22473
97540
98719
10638
94332
11997
49675
12921
92393
2071
1370
55785
87114
13214
53167
20893
185
20663
15574
25815
77770
71322
11737
69
52117
24302
2059
44108
78737
13024
65281
69360
95356
72544
84481
94658
48439
17528
84946
93351
16270
21097
31667
4352
32918
56323
28839
18331
96686
89441
55790
55350
616
67999
12944
79179
41121
65402
18962
34204
70732
38562
5674
81180
29453
88510
56879
53208
73408
87004
95338
34880
42714
96531
32425
58774
44200
12791
4530
92082
62868
95096
76693
75855
13638
34584
98522
16694
6502
23335
67961
10693
73311
98845
97320
61115
31775
77747
14287
73059
32284
63678
631
78906
74673
69481
59553
30718
88613
73549
42996
38614
6444
46160
63790
85080
65415
56504
87835
72763
21895
74474
28291
69849
16943
79460
606
54944
25175
1107
86019
74294
78029
67185
61118
66727
50166
97246
735
77549
60274
61786
64527
99834
98013
49725
48286
47108
54737
94035
28920
29485
84233
68951
28086
17134
36385
70699
94320
5216
31193
51633
91760
93959
68248
50698
66498
53436
74701
30792
22983
67477
69393
35217
8361
67123
92872
12723
62313
90727
95047
97598
30260
56609
99407
92515
83444
42935
6071
69447
30370
35663
37384
59683
28058
76425
82113
88124
78695
82572
93755
74746
42461
14252
7943
44743
28741
21524
95668
60869
90259
50837
2957
60492
15507
39723
42430
79936
40130
89704
67734
8363
26777
91744
58248
74044
70884
24881
85101
98587
82993
30668
41476
62311
67844
99300
9273
62382
54887
70162
20355
91945
8959
11075
38182
14418
57434
16543
82969
83427
52164
10166
59363
72428
60888
33864
66175
9935
37972
96017
92158
90268
23909
61616
31339
29060
20673
79763
63625
80061
22100
20705
60281
95793
56690
73123
80120
7715
51180
93936
21861
7071
77501
31379
36384
44669
22884
70363
14094
89362
50860
37599
64217
5042
36806
50924
4789
85286
88984
51276
31389
95909
95695
68404
17115
75955
74672
43595
90438
15699
54157
89394
58406
32746
12499
30005
77843
71954
14783
8588
11803
33879
56721
18286
3139
96946
27768
36147
3589
19935
12653
78403
94007
55069
17020
53888
41772
39905
44669
96654
48788
97239
94177
18651
17695
42871
8872
60590
84798
61856
27983
31280
79530
96883
17190
2225
61758
84399
65568
71801
71231
55940
34724
32653
69917
8822
78784
2713
3377
36208
13565
23392
1574
81538
62477
25981
77908
1945
98625
78708
98311
46746
49943
56443
36926
84794
38737
30367
72496
63293
58369
92212
23337
33353
66208
12604
33553
48358
35038
82835
99150
47700
99571
22357
73152
74121
93204
93356
37514
69510
81345
53594
56817
13557
33052
22528
51068
97633
55572
32073
52699
63025
56991
13430
16293
62114
51462
20678
99385
54976
26010
60193
61510
64289
34468
42241
37254
52767
58618
8638
18917
2704
5006
4565
91327
68068
74400
57108
38119
60378
1268
92516
83269
47038
8318
75795
52183
69923
28794
58494
29144
73977
88536
25047
71517
77195
71124
313
32604
35480
18052
12613
28360
59436
41834
77879
94615
13915
92329
21802
25892
42905
2101
50373
78480
39961
71747
58273
80068
36096
28127
27927
65713
90532
10269
81835
55064
3750
10695
36655
60774
7593
33525
72373
15799
91151
57690
18454
59036
49775
81179
22456
66295
30452
75450
83998
94498
31957
241
35314
847
20524
94715
46984
75754
61942
58796
75183
83515
99046
76864
93209
55272
33478
6417
49892
11159
99723
11106
9060
73873
64915
60920
46511
77858
6558
48041
95205
49213
91430
51724
87258
52125
76733
82608
77026
4518
66338
34409
63096
89801
83679
11652
46858
20294
45633
95260
96932
76908
53141
9349
57207
73084
20220
39590
81990
54508
33706
64772
99757
11591
24129
48729
53263
96657
96517
43363
11994
86569
60604
79544
11833
41799
40100
67320
81782
57060
2032
54587
77865
537
99905
30633
2338
93504
91101
19656
81903
69815
77262
99152
11690
67747
56953
33787
5059
90800
20442
66264
11685
17750
54745
82942
36071
43736
41419
3485
15857
6983
4487
24081
69769
7139
5730
52400
32345
16161
48714
37314
41087
49383
14524
5265
87185
11252
33571
25910
63242
40190
96270
46482
15254
3187
42636
54942
60758
49601
83398
96698
70096
35249
17977
38786
57718
44589
90862
78463
5937
1699
88600
5465
34825
20481
68842
71338
96852
22752
51090
34446
18042
17182
86902
22999
45952
48291
51113
95612
11897
805
14314
38865
88357
31239
51002
67602
87236
52348
6040
39514
67964
92553
91962
13520
24611
13449
61546
80256
19209
39210
61371
46984
74372
83764
9894
44457
85402
91210
30981
3197
29029
26793
53547
80840
32806
31117
53247
13094
66665
72051
9075
57892
21552
76537
36261
10763
20030
7650
72593
40855
931
52726
9617
3559
85023
43525
93778
86540
82485
80172
44340
91748
22989
55440
71549
99456
84358
57256
41563
86753
73846
27255
63733
71266
91295
97046
76812
44655
60625
29201
2675
40627
20054
91432
74088
44911
44605
29909
29486
80934
17318
41325
64904
49077
57255
66271
93140
58784
13209
81722
94210
9096
80034
6604
53680
20568
92319
12100
37444
4703
53870
93241
60388
50968
81366
50083
24853
67172
51507
41767
9646
81338
19970
91473
91000
85652
38085
89946
96772
11179
41779
72008
4233
58173
10815
36277
6169
25770
28771
32711
41343
99263
65834
96094
1816
43145
82039
86381
49067
30475
97909
98848
93797
88235
54939
57660
67765
74758
62843
30436
20769
59844
43144
42583
35684
88198
24258
4918
94308
64284
57920
57251
36500
25331
67960
70214
76931
34795
27693
16041
50014
8583
44150
11875
94185
78014
31463
59890
27701
36430
29951
53601
61759
77552
46349
92457
73573
47526
62559
94196
16358
53553
5704
70684
8500
67488
52877
58194
12056
30786
16813
73595
7011
8796
90347
3381
56653
43671
28633
66103
69356
39696
84994
63862
16561
88755
66516
12100
58434
17698
82537
96434
37264
48846
96945
58039
38870
59017
91869
27561
68333
47442
8298
71943
10957
67471
63175
77721
25636
52441
79045
75695
21644
21553
83195
63623
50861
20433
34291
10954
98255
35485
96117
3286
7225
49015
16877
95318
67115
90418
8539
8396
65172
45599
44792
78577
64529
81219
99904
92788
24387
33258
99968
44478
66444
4116
35196
66199
40261
52813
70205
47009
81375
66811
73302
30529
26132
66512
25714
56542
201
58079
94140
71746
16195
97964
53483
23261
85058
46428
16775
29961
82814
99372
17628
38185
41149
95805
20154
60682
9199
38828
78502
44267
34054
49216
35009
66745
50453
21725
84403
85651
89251
31413
59220
10733
97452
81662
90103
71439
59477
19999
3571
16701
98794
15268
39023
7282
70581
41648
16745
46661
73053
21554
80227
12270
97241
20785
14058
7170
64239
17921
33412
26041
71918
60151
6806
84465
91652
88729
9456
12748
69245
19214
40886
61844
30745
16981
16843
10462
62504
72082
15932
51692
10820
89571
84006
69869
76939
97489
84005
7647
25272
7809
2842
71573
51165
47274
58263
77235
50207
43553
28203
35382
79918
28367
39813
29073
56384
74821
43686
75793
94121
37350
35304
20514
61112
77474
16229
71051
33905
71588
8965
31317
75330
57057
20839
91561
34053
31280
88107
53206
63985
40153
81466
9906
37181
93574
89875
39448
95442
78678
73971
8656
84204
38512
49760
21612
12237
6197
34194
430
30590
76686
10335
40551
23715
66725
6177
73466
94361
66799
7717
48415
19182
20998
88051
28100
94813
57045
78421
61166
65861
80205
93383
71933
54310
9461
58361
39981
15607
52126
16899
9145
48230
39252
70854
70938
33261
41712
10075
92397
46157
96298
25306
52594
45546
4588
95017
20432
79939
46850
16383
28375
89484
92174
28596
12989
91978
48376
29159
3594
29706
21442
7979
45583
30366
80441
75695
81329
73941
1767
22057
98308
53782
5670
5726
46546
96889
7407
92496
8443
75746
89776
41157
98166
92858
28348
91952
46549
35724
49245
34910
81606
16313
2308
16158
50422
10969
53441
83342
34993
48143
54862
10591
11780
89255
3621
55588
82180
60430
49235
13532
19399
55950
79684
52890
87567
95909
47709
31821
49767
80257
46344
15825
65318
20122
9706
86097
93649
54540
98417
91990
60605
85423
47721
11409
72082
42453
17646
26465
30667
47487
16347
51330
37753
71324
67073
13426
28583
59231
26611
81441
64153
36188
15390
47669
86286
67904
53398
10390
74020
27978
51212
64668
73274
21513
11419
1556
61104
60467
97442
25161
58795
12990
60908
26933
35222
89855
91563
31491
72418
86558
33411
2751
60621
26322
14690
73373
19072
30942
51373
77379
15219
4551
16822
80692
77291
99633
65898
66394
77700
90677
2214
58415
40745
72705
40010
43496
68480
17900
48166
90399
79043
71380
80081
24923
42217
3734
68504
54462
70211
94441
66419
94699
86082
81400
82163
53394
12565
39706
72376
90713
87888
3952
60831
2920
28873
98330
56313
90993
41020
62390
96470
27419
54063
62262
76288
8714
77263
37245
8645
36940
51801
71957
35340
64994
37653
76304
42664
17577
1020
93402
75498
8196
45594
70615
32208
93416
45454
46782
42108
35619
67215
55793
74688
44970
21865
39608
80597
62110
73957
40697
72747
2394
41318
57623
8731
53724
29712
60004
33560
50541
65603
54499
44323
5807
50885
81951
42334
32322
733
47233
59448
43283
80411
87538
20135
35105
46070
63950
83060
27085
14318
31265
11728
35453
9711
43521
63269
9133
23191
64007
78791
33908
2094
69547
21289
57614
66164
60955
34092
72171
44505
40567
58161
22387
12422
83724
92688
68532
18969
48268
86817
68586
78637
66150
37560
92809
68408
23912
77390
7018
47598
58541
40826
77936
74466
69252
33534
26101
67981
14847
26430
1334
82375
92948
21003
33400
66098
42356
24797
35286
32855
54661
88384
34632
34952
26559
45637
19409
35556
97311
93946
485
67033
89643
22676
4885
28451
52995
14087
94809
89491
13312
41048
33369
40011
80044
30218
52311
42949
82269
7188
95228
53043
31407
22356
18654
31586
78173
95709
86346
21176
22716
46252
90740
52028
852
89081
78521
45012
92188
3656
84813
67721
41201
18302
87077
90184
8883
88529
97091
98434
84060
66521
98426
38194
72477
72099
78461
71070
48086
83748
74024
46007
22738
56649
88394
2811
50525
68813
41710
77434
72291
74853
2533
28661
91431
49685
66417
15234
79548
79781
11824
64876
75523
78734
17251
64216
2978
44847
70042
72674
90813
86844
44318
99398
75476
63861
12155
94746
79161
49109
51112
15736
66252
6209
73269
62682
1525
86944
51247
61246
33565
98474
62898
73129
58153
8953
93644
28168
19763
63740
39882
63473
74535
19179
56129
94408
18712
53684
43451
24253
21405
12852
19965
98227
99435
64161
34993
68604
63055
64004
35092
31423
9416
53540
41917
23612
30975
87069
52809
72102
90661
71440
17632
45455
89127
75476
73701
47490
77424
40490
38559
44201
2651
69774
74303
66734
80564
80105
87053
91871
7434
95523
91987
69290
33810
73718
31622
39752
88155
7998
64781
54199
8874
19853
47183
54688
21586
20123
49149
4439
69041
48282
9241
65184
45738
30407
15394
87214
54970
53661
51965
43942
97305
75683
39394
30147
