53094
14348
46638
95644
68651
81090
86794
82586
62387
60855
66940
68257
81156
97313
27310
43014
17302
76391
41993
65884
94778
6399
58027
83030
26712
28833
73783
90138
83088
89192
18023
62053
85058
41989
4540
86709
3370
91487
15670
56534
31363
4715
83295
67981
13676
78211
86049
74682
86855
10215
65432
5902
72894
86157
48802
54217
28225
22565
47379
53518
13514
65486
5478
41637
11618
37647
7597
85517
35740
28435
87689
76892
14590
74820
80917
74484
82657
39266
99805
75397
12974
16481
47308
49241
38184
72476
4354
4287
25640
13817
67749
42231
77763
90651
66703
86679
41800
83006
79205
69176
49606
93203
99623
88640
66315
40504
77187
80908
13351
9042
81668
48666
72910
65929
56713
57553
50268
53217
28560
23117
56978
48817
75184
97099
35679
10722
40902
49069
64667
69382
51335
97898
61389
55090
81493
55701
36300
30585
17901
63976
48354
14150
2972
82990
97708
89077
39186
61354
94334
79343
57775
17159
64611
83969
80666
80700
14466
42712
11312
72731
89725
67483
10745
33559
69747
56708
49782
90032
80293
72124
55671
84573
65622
88338
77545
33236
41611
24504
16044
72312
56081
27483
43171
51104
14398
37052
13221
22272
24112
80560
19952
54518
914
96912
83101
94068
93149
49470
58126
50437
54107
533
32516
99517
63239
34347
31725
1857
7024
50374
57947
55088
2651
79960
86992
84909
85704
2712
91445
73642
77773
59358
89994
41266
33279
98875
49688
48883
62320
8019
36354
42247
84082
3000
94009
44606
1817
484
78062
14601
42942
42898
58179
42053
22047
58458
39963
11521
72228
82855
66672
27470
79069
34135
59203
39427
99688
53902
14605
83050
43982
78647
45236
74155
70221
35161
78682
61554
82832
59025
91120
41343
47994
67090
16647
23914
35841
5974
96007
73617
22903
34175
59480
83008
75973
53390
48030
99228
3760
75743
71842
6156
90557
41247
35946
26596
63824
87436
38987
12559
53776
30151
58037
31544
83431
45400
90893
68757
70374
60767
35544
99281
9957
63282
82322
84853
50791
12600
93503
38450
53787
81088
8377
26029
39392
15935
6984
79175
28736
57316
82799
38760
80061
78778
78371
80360
54250
25945
54039
29562
82992
40233
82450
12917
18800
86133
90082
12992
60392
84232
83178
28153
32047
82630
37975
1953
15930
7113
33104
4360
62625
54967
68492
75505
41852
87740
53149
18178
18502
26730
72586
18507
15972
35017
7706
68880
99679
6140
16748
45844
76044
80562
71236
52612
61325
29030
23840
13565
90193
21140
44552
79963
65398
63831
85956
40447
1423
36580
76039
89307
81088
64989
91145
82334
3590
80339
48595
25751
24788
54683
21779
74599
95512
58411
94640
41896
45083
33618
11831
91027
53543
5073
39923
71667
18596
52794
71068
31268
60859
9507
15622
66663
64796
60647
18778
30021
6874
37561
90945
25085
58099
64774
24477
37708
83694
22086
6034
2552
72125
13535
70785
79129
30530
60918
53110
34341
13806
26994
93527
79894
6628
21551
94109
53721
35005
59484
91455
77878
19748
36626
99625
79991
43233
43601
31692
43160
69171
86488
37519
98921
62198
72320
28931
44418
31141
95415
53876
81508
55577
93716
10843
30792
26255
10363
95536
28134
16103
79471
15997
45060
84616
75887
28430
33593
7810
10927
68005
27261
89420
89364
83049
34447
23275
23755
13630
83554
48820
30854
82385
42789
82536
70708
10154
44942
48350
13500
68515
17890
10623
44118
10264
2979
79339
86598
63764
10967
69497
34486
66539
99312
88155
27247
62663
85502
704
91859
89113
92941
20914
49562
4785
87612
44768
24038
67145
42364
52855
91237
23867
19136
97513
73572
39283
56903
31887
20203
43936
6372
22058
408
80483
41030
12293
58779
1546
80489
25463
70379
48471
70392
83941
50340
33560
20540
17636
32030
78332
72198
4636
53099
63291
33973
62056
75308
47636
46853
88153
82032
32372
98548
92282
46059
71602
75506
79279
17263
78360
69828
81335
74793
34459
45365
89392
22234
36235
93818
37273
46032
41254
3104
8243
82753
33736
46133
74112
63652
6013
82575
58382
89708
99158
35901
42317
93313
33914
72680
42139
70460
37460
55685
91298
70143
83754
75834
81655
28368
27085
56938
5219
93616
40748
75807
478
11899
61860
32979
14359
76990
70387
81467
65808
94288
54602
13265
44774
97071
79903
7996
10447
24216
17538
77982
90140
89507
65416
22778
20126
76280
10723
23424
51205
94962
35955
8662
84259
78062
85269
86468
63310
7471
86169
71388
57573
91538
25714
87749
83114
75977
78247
43107
65229
91575
13350
94756
47114
83015
59160
74953
48969
63753
10576
60175
94019
38025
86108
81721
63812
84205
92766
81116
76716
77452
57813
81958
52431
46886
35668
2508
44924
7427
52180
23279
17211
69228
55749
4330
43984
53728
11488
83995
56348
11124
83832
41195
13346
36075
73294
73820
6695
52941
12324
5646
34418
46663
47049
749
16148
28735
91571
13115
73185
90321
65867
49686
57116
15947
86434
74405
1233
40418
49858
740
1435
36399
1151
58474
86982
89290
85996
96403
72558
69985
44553
90703
95719
98837
32794
32422
6390
18993
24275
11174
90300
19271
53168
31914
98355
20105
71137
63913
26961
72737
21891
70937
30890
98606
32969
31838
86194
83451
14073
62130
1439
54909
89171
80114
95501
57162
38060
75587
63547
66544
89337
79456
85778
30329
83463
19137
48262
18233
7527
39209
48533
73297
94502
99468
44877
18532
65979
39483
72938
7154
68058
66574
87037
72086
86150
36589
94024
66617
14754
35322
20101
19826
34472
60638
5607
5339
20819
91375
632
71856
4247
61018
97729
46598
61713
6675
85256
18661
7960
65719
2387
38820
82835
55642
76812
32448
84452
21777
36669
68664
62786
84222
39578
82216
11812
43092
56221
80512
52921
31302
60589
44417
52789
34896
80536
82163
75910
55073
60735
38597
91973
89508
61905
54115
74567
89737
4239
20973
88979
76181
81807
26458
8942
95587
57692
66664
74898
76629
28411
66462
98877
39803
56168
67296
57926
32446
447
97358
93450
82634
6774
53338
34308
33622
33575
84931
98364
26353
98828
65939
20630
58955
24163
58770
69131
39613
18481
3941
341
21654
84867
54215
84899
62883
47631
26050
57196
92409
48153
90633
21697
39170
82449
34325
8155
25667
73050
66074
79316
48454
81126
48358
54577
54856
35357
77269
68509
53600
47228
84724
14353
26379
16729
81744
80623
688
41733
17498
845
92501
30283
69050
98639
49406
5845
80652
54670
3356
48429
66203
73204
64122
15361
55065
69769
4607
83584
96024
97799
7873
2017
88008
93002
57575
31074
72013
23428
3992
54670
77980
4461
1125
62648
55411
26775
9968
55332
42098
44351
95192
60869
75674
4351
64578
65313
2816
45825
36998
35888
78957
9262
43827
76547
26997
16389
22911
41986
29650
85159
9390
76206
96925
25582
99838
53477
47657
68510
45774
45859
94076
57588
81865
41573
7562
49499
73587
89578
58863
36573
9934
55922
75881
65206
93225
34408
32272
14789
99654
74332
43731
92252
76423
18953
87121
35030
2036
51157
79888
65000
18571
69239
8189
48208
63876
14162
75713
11402
71584
92896
81596
23682
34990
55370
12832
11683
53273
76371
32301
48590
85778
38421
30948
90150
43285
36131
40298
92072
60634
31021
17404
49209
29467
27682
21866
28087
79069
49776
85969
93169
9309
82278
23064
30579
25368
86139
56518
68249
24694
71848
76894
85860
41076
66416
70425
28427
57422
88000
86591
12425
86437
48528
49601
17012
18898
13097
3605
51118
8135
38498
51599
27732
79806
93667
53465
2004
31137
53514
29295
28443
21941
25259
19641
58988
87171
21521
44326
2765
37284
78660
77665
78460
39145
13251
89843
74271
98948
12337
2837
67288
11799
20812
74735
38871
81815
59864
12914
7369
79644
4666
18383
76335
31944
88320
77874
18953
42801
34334
35518
88721
8973
76115
35366
5765
30937
45610
85765
58300
97574
96572
26203
76121
27040
64307
84709
77501
90588
98058
85176
77047
84958
72720
66425
11894
43109
90891
4444
90688
38131
11960
67511
65051
57692
33521
42274
17320
84458
89000
36557
86255
16939
80016
16702
1174
58520
6074
24165
38571
18210
4029
49630
64353
48027
76047
9123
77975
57438
52336
49611
69459
13405
7014
48611
8686
90565
93698
83303
12393
3376
21025
22558
45214
74726
64655
24655
96593
78097
71175
10307
51333
17820
16885
20601
73163
9510
42300
90431
28821
71017
93203
52980
87528
11074
12201
25656
66704
43196
98602
94636
86445
48286
87418
90891
9164
88493
92703
83428
25680
88735
38555
78515
84815
91806
41430
66811
25689
40500
20378
61315
98291
90457
76472
27434
23714
39703
11016
60200
81699
64886
10989
27202
67767
6953
65879
53417
61212
77587
44802
75088
18679
12855
3164
97321
44908
62140
6468
81723
97776
55097
66190
88769
29750
64866
20195
54882
81350
80399
72261
96040
26860
35013
75631
55871
86892
55428
54491
57069
46483
93645
47838
68104
89992
26829
65390
67640
17474
75498
13443
21419
61651
44520
20123
62862
36482
21081
84984
4815
25495
10303
53508
65548
45391
52415
94613
34007
9903
27972
57355
66505
11988
32173
83221
95935
81801
70869
69524
62550
70355
7004
6552
40543
28903
29302
1702
1470
40123
1840
83835
3045
72185
23323
59082
5576
81391
94295
40289
59133
42884
12445
27498
37394
60837
7305
48173
73066
50749
72354
67667
31189
19652
13223
31301
61195
82670
71383
17971
65605
25156
99677
3280
86777
55184
86167
45338
93936
51569
44353
98680
36805
12847
70851
56061
49180
60712
76819
53961
51932
15625
42664
83598
26858
53016
67421
98191
78244
61006
18750
5413
90679
69538
15763
10395
26206
59233
85958
78585
13688
55577
57745
85119
20996
21684
52649
53351
81307
97506
41025
95373
937
46224
89341
2090
1130
51797
13268
53083
91934
65930
91744
81824
30248
25977
14470
3841
50697
14446
49628
7595
19763
27179
99036
57624
85389
9304
98628
41581
30690
68759
81222
69724
57958
66038
18099
7242
87559
51965
62431
16203
47979
85287
3793
86441
46508
44749
17354
87236
57837
26398
22191
37811
67991
93227
62260
66056
3892
40734
53895
90418
88999
89547
86487
87228
70342
59647
50175
13555
18710
5781
14386
47973
35777
25831
40164
42596
78678
98114
60147
51977
59774
30866
433
20150
11862
36988
31279
2772
65838
84171
91559
15163
63069
3585
18150
79952
59454
77583
43988
29672
81835
47649
20130
14283
94100
42768
87502
45108
80156
78971
40118
29557
28785
67920
21719
76087
12646
38467
58720
19870
62030
96641
58104
15851
18647
88543
99081
18492
22657
16971
68615
98510
91514
95300
84449
80482
25847
31462
39619
19262
62480
68413
8197
75338
14713
17147
11988
86394
84537
84484
16027
47948
9257
37094
80398
11687
54699
70343
38770
76292
61731
10326
46988
86408
35542
36932
26565
70223
71230
13707
17590
68037
40776
77516
37014
34413
94347
64791
72509
67109
34916
39395
29396
17920
11058
81438
63580
20179
80907
46142
34167
3564
28601
42965
50902
12187
19541
53667
46624
34773
4478
35237
67996
47533
22486
90732
15452
55267
9018
1225
71110
39961
23291
18275
52223
29632
71422
68779
14102
27826
76684
30759
88075
97912
66678
96811
14810
98187
1162
13510
5288
25559
72618
45207
26409
74044
97583
67168
84523
89294
34138
50323
96066
26525
66290
71690
92625
60015
83103
563
4594
56456
71618
1095
37890
84555
2223
51740
3308
6491
8552
98736
19856
6107
43319
83142
89840
63091
51943
92525
3543
18004
55200
27292
90566
34930
94045
72922
42877
18032
14156
18073
65762
6650
38241
91043
3792
44203
13079
51692
46463
80783
97476
21127
8076
99907
25624
66101
74566
83769
33138
92695
53845
67959
39231
30277
37254
4895
52624
33144
29334
53641
38262
129
99995
93036
91773
4508
76202
14044
83906
91839
26952
93517
7155
5229
17681
16053
50689
99656
62782
90320
61412
8706
41975
35165
49196
76788
90645
27077
8799
84455
82514
82716
61396
90096
9424
93153
67594
78937
8227
23808
53253
70522
22459
9398
40295
75815
36305
88788
9063
89091
1934
25628
18225
4402
89491
64488
19258
39308
23144
20747
48029
60045
11300
31407
77815
43081
41910
37245
38396
81405
49262
86716
12532
96832
30699
10800
76437
78777
34306
47651
31614
58058
29352
98178
18349
35466
3996
24062
38397
27601
88115
5907
78560
40332
46369
61861
55093
51504
86081
77030
45542
8043
14401
7252
67905
62966
98765
52063
40305
59046
6199
17896
8760
83810
45792
96325
43179
47407
73254
30946
64074
19271
94665
11713
10490
96233
36795
21154
13889
25449
69828
13629
15390
46856
29583
96652
83010
4926
53333
75718
36175
35476
81476
550
71595
39886
65227
30762
21121
56901
89605
22711
9652
35123
68671
34074
4481
67592
68712
35114
20400
33145
4084
71785
60886
45752
43373
52392
2827
60702
35190
26794
41027
67333
79325
993
76715
71731
31773
