20732
58641
51934
9239
45521
60894
83507
29648
97280
94230
76640
86098
47597
4894
76603
21582
75546
34235
50670
30460
66270
10218
7011
22527
92831
24140
77676
66247
66220
82303
2733
40176
73241
68328
13543
47656
1943
70571
56737
78414
75055
10909
3668
28950
30491
21713
46292
50153
81218
91215
41879
99273
27662
515
46755
53297
42284
7601
9784
31067
24703
83782
49910
82940
28129
96393
12844
17802
6391
94641
3103
3773
10607
11312
42004
2835
2745
70509
91738
55662
383
3503
43063
4280
37314
87189
67725
27335
28243
18691
75016
51547
40427
26647
54439
12099
87368
81850
86500
23168
9828
41170
16418
19426
94291
23603
46994
89262
96857
58870
5858
72961
33541
8130
25794
60878
38862
45158
18805
37507
51913
16968
4465
5418
74372
34104
80946
92235
4482
17374
11649
69679
73492
69363
54332
33279
79920
30411
92291
42763
13552
50991
39230
75974
30409
64457
53166
31118
69350
21048
21423
65002
36769
14884
65798
63213
72862
87691
76397
34807
43364
29690
35448
15098
29689
10967
89955
9241
6425
83003
65434
1997
22226
31005
24356
19297
29758
40265
45645
50813
3390
30960
50863
94977
67056
97145
23740
34727
72717
29973
40043
67626
56290
53968
54524
89158
26856
43364
30954
53941
83298
93991
54156
7032
33619
67908
81159
89239
67353
36967
65876
81919
56266
9746
39625
29930
77321
67501
96775
12701
55205
92570
39872
21162
68238
16390
49698
50134
96917
50492
86341
73973
26912
59188
83468
23121
61382
22024
92731
26250
1357
54278
98838
6871
43773
20930
48434
22506
49280
84899
51899
41074
5081
85694
10464
55258
53375
61664
52382
99567
70420
84516
84392
90782
95206
41636
12656
5244
72225
2125
47861
91391
44206
44971
14472
64554
80877
85443
77532
75206
25130
94368
11947
96811
31007
89124
64639
68094
46758
6944
35428
95060
34105
98976
87303
22293
91496
17501
46570
14428
4822
31382
2855
20538
55345
88953
29438
60923
91820
7482
43741
59520
97371
92550
971
10763
60234
63186
978
78266
82809
69644
68359
74058
68952
97139
42518
44188
30171
65891
90478
47797
32027
98568
59207
4384
11497
93908
16748
6798
86095
99051
32392
32798
62245
59035
51249
73175
45613
41034
45260
58290
3596
94599
76923
92052
47013
6562
10666
81465
42579
91608
39346
67565
73602
97959
29735
74419
19563
98912
94405
42888
51531
50682
96786
27362
16990
38690
1167
56211
75805
4464
352
90281
57394
16758
5398
4471
25075
65074
66646
79630
57379
53474
74184
58213
50368
58263
16797
14713
90698
833
67581
95757
45938
90154
85357
19122
73530
20608
18266
24897
19822
30346
15556
36581
5439
74171
14026
97591
80760
83908
59086
73473
22975
78404
60132
70052
90762
9307
66396
28724
91610
71132
46026
86432
67513
49025
98126
86672
77612
69944
47749
97800
87349
442
66284
3625
29639
60284
28267
10295
78150
54975
10246
2773
88059
64707
51611
5419
62450
84920
48825
33802
69616
77204
65950
35366
45812
49857
52618
64354
64520
72718
37093
94218
41636
30917
65770
86169
52255
86269
43311
92283
26803
53510
74290
41933
22348
1953
82849
23969
70829
34642
64262
90589
93279
43182
38093
89219
60534
70447
80948
69451
87523
806
16942
83948
13711
67119
89011
51929
40187
71968
25672
16648
53937
17564
34118
58319
31910
196
65482
8839
84463
18797
44088
63891
97628
84461
98381
25753
78997
46990
20032
76174
30064
20709
61875
54385
47148
32636
97916
44941
19342
79595
73835
28898
51765
55590
27639
70046
78204
99280
71529
84612
78347
61453
26212
32910
94010
61556
70288
45967
72356
83172
82018
10961
59875
42638
3689
14781
66158
23504
56664
41914
40908
37665
74091
3180
5299
98152
41527
97885
26306
89383
39795
96154
67639
74165
7869
32948
37358
76874
93322
64455
34166
16435
34190
10903
97649
27845
42788
1493
37769
74926
35707
43650
90410
64295
33661
82123
29887
59493
34428
83922
96845
60719
67643
88301
44742
33834
39735
48360
56203
58096
34289
50533
77697
75712
10041
89028
96814
36270
79383
53085
91920
7739
56921
90538
1499
76959
74420
58466
38285
14307
49657
69728
32656
31755
9847
31970
6859
82288
33990
84141
21861
48012
60887
51246
84631
10798
46165
11771
54221
50670
26455
2776
19289
12795
89030
60278
76051
17967
2022
5718
48273
27748
84386
26827
47135
90240
62808
32861
52316
14571
93566
57961
67792
50145
32688
17958
34413
80483
66680
32354
30050
71880
22392
24395
74198
47793
4310
20490
25351
51930
41285
19786
25471
89965
1164
61143
58383
27216
23157
35649
52875
70718
88052
19871
78946
80820
89042
62000
66744
12321
60757
38236
82273
27040
96461
79321
93628
6627
36510
34635
70410
11653
41317
91395
79274
51041
46857
71623
88691
20321
62528
63602
41997
67183
19963
41522
13036
42439
34222
97552
6474
53869
56736
1645
79519
96123
83019
67879
1184
68467
81809
88219
96081
30483
48796
20292
59400
93158
44751
13665
29696
8182
62254
17205
30038
80800
54022
84008
62884
54144
25179
97227
43672
79211
89357
80665
10256
69660
17478
12537
41620
66534
66402
82783
62415
8616
85563
49554
43915
88702
12305
53192
42057
97748
15186
28334
71866
74294
69515
86148
79613
1794
67211
85829
37718
88831
16400
5156
19430
41127
21265
12849
56941
54848
59015
3003
2521
16808
27097
3312
56809
93710
19363
7296
69858
79070
85537
69664
23053
88788
24701
29514
38796
16402
65075
63169
60215
11948
90078
29586
41432
46881
64769
85046
71038
47492
84628
49684
16034
64856
83400
11875
11636
61850
53785
89997
7776
40312
84911
88816
34019
45152
11601
74846
52996
17171
16615
46820
49361
20440
48906
21639
62391
57100
50090
4170
83197
33847
12059
47756
94366
74779
82653
93103
35649
42790
11175
50227
13783
6566
75536
81377
1936
30588
8377
58852
5242
17577
8986
78513
64759
10629
78791
83143
78809
99822
61087
12625
90269
86461
46545
34633
57922
69717
59180
68343
36356
68405
93921
58326
60153
29837
89687
68536
38567
75821
1963
11456
83617
48888
59297
1421
73820
82199
78251
8662
49042
15851
45813
86000
79346
44890
96171
90861
79809
67530
38504
85567
46673
39724
30556
72187
95420
944
23480
51960
1534
50230
42873
84374
53133
75653
90543
15547
20374
99444
27433
90872
61236
64997
82592
94219
18287
6642
90460
85726
99503
71871
65094
11660
65340
1711
8203
2852
44628
12595
65097
53158
54087
82173
72153
16490
74003
48755
19258
22240
75799
67870
75734
65489
92246
83330
98611
38213
69578
14216
42008
30558
75841
37143
27193
28130
74041
18786
74401
5046
87828
64507
99260
97381
71960
48196
94974
43264
30150
64902
60211
63167
37780
91258
51460
35686
66633
51493
52035
162
80021
45474
76627
81587
80907
94455
85974
50692
17083
72776
50133
21877
76880
32266
60614
65658
33443
18256
75421
77532
51290
65570
61073
64765
11585
13260
22793
85113
57603
17811
1219
32776
46597
34689
88289
81311
29471
4289
7441
34039
25080
8775
14104
85285
46845
63782
96058
91368
16285
20773
98056
83394
76068
75084
21414
60797
42738
21208
31736
37711
86136
68942
53800
14968
25454
49772
97175
2248
53108
35579
96766
13054
32003
5313
63647
3371
65678
88531
61517
24948
14298
32871
48788
70550
63480
25319
54247
53092
59259
83522
28421
57068
31227
49660
88422
11992
31524
80038
83463
94609
75259
55144
82544
53117
56367
10683
32415
58185
78520
54387
9427
43138
13614
52089
11574
18204
43464
41559
4871
52278
69072
2157
27460
8917
36448
48416
68913
34668
50459
96498
5991
36349
63690
92589
25500
98490
41201
99800
31850
66500
39342
62796
45247
10005
68525
48001
68065
50233
62955
11201
73883
20214
34277
45822
33833
44940
27611
35807
51228
37655
22951
10133
29354
36210
244
50156
73333
13430
88957
82750
51350
73057
73668
27745
89158
98865
18731
93409
82281
72623
42162
29960
48439
28904
49646
51065
39880
662
77698
63164
48252
33182
74076
80659
37764
91955
46222
4395
72720
6936
58984
68463
98550
23138
57583
18615
75964
47739
93596
73565
19042
47715
24435
112
90511
35569
79742
33057
22646
81944
31942
17819
36420
60165
84206
78000
90057
16068
8715
85486
96641
99265
25348
59952
80062
63852
15234
10481
92884
44887
41460
29691
96480
79769
69058
22589
62326
8789
34859
18972
16101
49204
65725
71200
5737
68782
68464
25071
61454
47464
98784
66615
96155
86552
11686
8453
75170
28516
79793
34643
37315
98824
72998
93085
92440
70038
21265
4628
12576
19863
23815
56460
49131
88368
31546
49008
33375
76800
83288
42325
42821
21861
78016
27244
80083
83679
6529
62641
15383
98796
23857
69313
30716
16403
53544
53544
32124
34108
76151
46808
81571
36188
92743
75542
89211
46830
60818
79758
17018
75933
8824
61030
92100
69662
96927
15728
71965
48890
2827
45946
71407
33610
36950
30527
85173
71035
56620
71200
47874
54160
36133
98477
50801
47143
26272
94781
6570
92628
34616
28926
66381
75369
21957
99942
47006
76279
34322
63816
80461
82894
87127
59746
98816
22944
88819
3218
60672
26148
13607
20777
85597
46327
76785
3256
93215
88221
83748
80871
89322
49316
74656
80645
70828
11689
14356
47193
69767
88212
48621
86038
74070
11583
51064
83854
25725
44916
90780
58046
38577
48788
30285
30214
50625
59187
77295
83996
53440
36033
46920
66966
31920
41476
25247
21349
90573
16065
17495
89218
69491
45081
13794
81920
74956
28784
1572
84641
77146
15049
39077
55557
89597
63980
44786
66173
67522
89258
88210
50525
12361
81432
88192
60911
25521
17814
84393
3685
58562
91252
5411
8422
60342
92010
81735
70250
89797
88037
80813
20449
28779
18658
29251
52461
23352
79123
5258
99440
77429
62206
65710
77663
61518
75397
32095
10326
16000
95584
42224
96006
56896
2470
71724
31657
28165
17963
31120
95350
72307
66979
97416
72880
64773
20997
81450
31705
79606
1963
19753
51811
18540
94581
77751
26151
49282
85741
88283
39343
55089
37317
88715
28493
18394
41596
51685
45551
80082
92672
57168
81770
42922
37358
34730
6195
95738
60501
53101
49133
55818
94008
78659
84508
9533
41393
58498
99256
34970
24691
92199
45981
80792
46985
8587
41215
35397
37946
31076
44411
75507
76685
33435
93673
42048
20233
57797
54478
80736
19797
64416
36653
56233
84831
47468
90077
65179
55032
35
40406
80138
91068
53750
52933
74569
16719
31046
47040
15733
11555
89436
32403
52699
13654
98149
75352
18439
14105
57102
69604
62346
96171
78552
23870
11879
54499
48439
56652
33146
80973
28845
52038
645
97803
79070
33451
49689
7421
50351
78258
22013
20220
28256
38169
2142
15872
92452
14681
20339
42817
13049
15227
36524
98842
9064
16227
5751
76905
81786
52043
44750
48467
50388
71819
70368
79461
82033
76179
30810
30870
13787
15355
12818
1864
11494
18322
73840
11917
94249
85810
58234
74502
46265
66837
19194
96646
98372
55137
34318
14869
31975
14782
56075
63440
96685
2793
36623
37934
5348
76033
50274
83966
69789
99486
67208
74188
33184
6081
93062
71202
83850
83974
64686
62187
3108
30807
31272
94419
10945
54747
76095
43434
17332
30411
33862
30951
58347
68196
87237
49897
60332
94840
68324
64345
96042
92511
74642
82475
24420
99724
79186
41571
7098
54010
29571
53557
63469
65733
64075
56004
10066
53396
27359
73996
39219
32948
15409
63516
34082
69249
62039
61498
14619
49917
8148
58250
22325
24515
61061
70090
89316
79829
40298
31093
53934
78289
81454
40615
63655
55458
30453
57855
32972
23475
81410
6624
23577
89726
82434
84402
68423
2211
99640
13991
45734
37812
390
42487
66034
66861
62133
80780
63989
80801
50753
84666
48921
25647
11651
27558
94408
86291
10780
91143
35106
97849
22139
83210
65818
29645
21516
431
21390
76526
79582
38353
8000
53281
58830
22147
97046
96513
1845
16374
37227
76723
91915
55767
75439
41496
58902
56789
30338
10492
86547
7040
14504
36460
79392
19757
64298
54789
18627
37046
59081
12358
14235
97214
85439
10727
81889
2546
64308
85891
30842
42635
12410
86897
41276
89361
79141
35409
22266
16665
32618
93825
17870
46990
72595
76783
64034
88558
75389
42633
22011
8299
27150
35440
88899
63058
56118
42635
67058
80584
35425
31160
22935
68752
43701
30301
55560
32650
37775
22461
18276
43862
1333
326
43201
81557
87831
91750
66712
95856
24422
86334
6441
34642
96145
34959
33419
43728
7897
51409
3988
82889
97968
75235
98658
42281
2802
32444
5988
42535
8383
31232
97128
56526
66485
97614
4705
68857
93030
64246
69012
94936
1755
21832
38527
77391
38789
73480
40103
76925
51163
72797
45917
78106
71893
85576
54157
97593
48900
46546
21986
51725
61004
65566
5017
47464
65151
93758
63136
19678
14614
18114
98187
74569
4015
60331
92467
2758
