22453
87006
95946
42621
36159
35050
42269
46710
37075
85055
85837
84741
83243
54608
74764
5500
4729
12816
10580
875
38030
2903
512
54355
86661
65285
78440
88281
84014
10337
9016
64118
71898
93627
68203
87434
52992
40336
92041
86224
32971
33131
36698
13261
18048
59336
98470
76194
92879
15156
94219
15553
88821
3760
97785
44797
77835
82869
86989
18330
67792
42577
8840
85699
60206
98895
33996
99194
37579
25909
61010
48746
35630
65895
96331
23544
26955
51912
7089
57880
82733
54177
44585
8316
97183
64506
17720
1991
18167
95910
70911
1728
98464
39867
91572
83362
9091
30558
79742
53744
43601
79005
61709
44710
5648
53334
499
30538
13567
5366
8131
29666
46535
73499
12677
23423
6624
65210
50291
60438
25437
47517
61011
58735
18677
33252
35440
96919
57903
38988
24439
77264
22793
75565
16300
15145
20709
75006
93607
20520
11633
56499
47887
9219
65169
10022
33488
29646
62155
49588
12188
56814
41743
17662
96188
71244
88737
46319
26385
54694
11172
79710
66987
88703
89509
40393
15652
29719
12641
19201
1946
87477
18516
18885
42088
94720
4543
69383
71073
19533
53365
65259
77032
90099
80802
38349
64814
64794
32825
95009
48488
66354
37464
19126
75437
44160
86874
82836
65257
48179
33049
87941
38721
94325
27645
4944
88932
40253
12294
46464
61961
68961
1042
93827
48875
3432
3659
7534
54462
15262
51312
51070
78636
65376
41214
36089
45521
77879
20219
60499
45359
54306
36512
557
88335
95116
50816
15287
38997
20925
60281
78070
62302
60429
43637
85569
18937
21970
35709
37957
29791
42170
12091
9097
92624
48628
2219
79372
11788
63433
24798
51177
10762
67721
55882
74172
7992
49375
37585
2559
63888
62246
72811
6062
22291
17589
98099
36777
230
92341
95788
66359
51493
10324
9902
98982
57256
98290
20817
88273
97201
2329
64308
22011
17422
30089
64331
66296
6673
99313
70051
18891
98121
77466
658
7242
797
52573
40672
53470
27173
14581
99276
68678
76229
34415
71965
20186
82951
19134
47078
18189
68180
1995
180
55916
39663
1897
11255
94308
43309
86342
36490
21504
81620
36478
15393
19247
89039
6314
25583
25060
82156
57430
73265
50103
77491
61136
97019
70473
64227
92731
50268
98501
6090
13891
75312
91585
1600
13484
93986
51652
33153
97763
47676
10977
6277
91734
63981
78466
23518
5439
40053
17088
7214
98811
94800
8398
18530
64953
38780
82006
13390
41358
5033
42587
87942
42758
15741
37118
44471
83253
90785
17276
7936
3691
50283
64147
48656
1125
96520
57733
95421
8384
51910
39318
89822
86153
75771
55728
58790
78000
59286
31782
47517
14491
99616
73813
99901
66935
97710
97222
75462
84489
25862
10831
86110
40514
28268
63194
72169
77073
68712
65118
78208
37266
87861
20329
50161
1764
38184
11871
63348
97145
43003
28604
86885
34054
97269
56469
90818
15354
36440
8637
70690
81228
44743
75715
60400
940
56050
35705
97155
65276
33824
56943
68028
31672
73559
20990
38972
64400
85130
59713
80447
23286
13536
23453
23032
9427
1469
71617
45993
19124
50991
72776
59680
98273
43671
24219
46377
3278
56018
27412
95156
64139
29507
66622
31620
69974
38911
36184
84049
6960
76597
35640
5691
16205
58264
80044
81931
47685
72426
52603
46247
68839
87303
92810
96690
89198
87338
75931
33886
52843
87712
33072
63663
26689
15751
42062
94093
65392
48707
90140
47333
86601
72061
31274
12445
94209
26648
68782
71250
48065
51186
61705
50992
19449
2867
28104
62605
25909
49845
43783
30306
97063
94159
78257
8711
35876
95104
37250
1482
76747
67669
16237
81580
70976
92375
17529
85240
16631
36468
69958
91905
75307
31240
10094
82966
60590
36615
4038
71909
66075
76682
95107
72073
56359
47188
8346
26193
93174
65792
92288
28847
63146
34473
32304
32218
75126
46549
27179
23169
45713
48063
53177
50059
86406
41504
73645
82256
36360
13401
19047
10221
78595
86303
9395
66408
16014
46115
44783
7361
700
89821
85835
39249
51473
1012
65800
69602
90866
81613
43394
75211
91349
86766
11306
82470
67064
40334
44524
36815
17997
31803
41648
91387
63283
45543
31196
97523
28416
2831
34070
8459
89338
61257
59654
8388
47813
15210
90842
50106
66806
28178
46788
14730
49670
29557
41726
65924
3299
88198
84270
74729
20321
66401
90212
30658
41165
78965
50528
28444
39809
29325
27536
46435
20243
7738
13687
18362
30857
70975
35242
44085
62631
69080
52083
62259
93673
72615
63865
56379
17484
49628
45367
36753
72966
75393
33544
88373
10070
6784
43844
22041
62006
58769
23043
40541
3437
55683
75105
96969
36417
97926
28315
54310
55913
21971
3285
45561
6753
83225
16733
63133
3063
39237
74186
10588
88226
69837
23263
42314
87186
49401
11692
86590
21442
56462
53811
63661
55178
30616
70600
44357
23921
54740
53297
88707
90464
26743
25773
44465
51922
28799
92753
69056
40039
97012
86189
43549
96248
4601
34414
85267
15012
42293
44220
42430
65769
11513
37283
23175
70543
72142
23600
23457
19550
45916
93361
56254
40752
14201
35007
38382
49344
26732
69815
18550
43746
91325
87907
2505
29676
14587
68696
31141
54290
68457
46905
64109
33328
69318
73016
18846
20320
47543
69180
84945
57707
71091
11167
31660
3388
63211
20398
53061
56848
18549
61396
67924
94378
51220
20240
10323
90115
7237
80386
13589
58558
66599
28709
74432
78265
61128
82358
95656
77568
67465
61202
39625
79004
68845
58494
45089
6569
39107
53088
62857
44293
66765
64907
56334
32516
75469
66776
64175
49568
65739
19599
62357
52045
9733
52357
15882
78667
25364
17279
73655
4980
96438
66325
69119
81302
60350
52114
89713
40923
2324
16056
24942
34435
92394
29984
84408
51763
7388
48831
63058
99111
92163
78116
19322
70947
90326
10557
6655
14791
75069
39930
58305
86368
51028
97417
29252
74427
81849
77856
88912
81269
178
10970
85385
37647
67870
72184
84517
10205
48054
1865
68111
48892
44927
3492
66840
93571
26799
35410
41364
95731
40761
89577
91352
51656
92823
17490
60942
55250
22643
48332
81298
42365
12530
20074
82573
73259
68861
8503
13195
33316
39053
91450
70267
9956
65267
66676
77538
15635
9282
60806
92701
58065
59418
38512
33137
47888
74449
68564
26480
70076
959
50489
28907
60149
78694
93868
75342
15581
45020
5600
51549
57709
67287
6838
8937
25506
16276
96024
61966
14421
50372
40031
39532
29288
4276
33460
21920
36443
80439
18227
35071
79167
41554
16012
46991
25218
78244
93828
82913
91945
53391
13368
13358
48092
19175
95969
98029
20474
41750
66707
21327
9037
9738
32703
81495
46873
97244
60537
93561
85326
6654
65716
48494
28702
62272
18024
73329
3432
29534
95510
82233
7313
57930
14978
57396
20468
9745
29023
52060
80401
57741
54633
45240
93185
21831
24908
80018
7530
9286
77474
96464
54957
16312
65689
4946
72029
44092
50386
39015
16298
38346
46694
53611
39163
9920
44035
45793
73147
28426
17876
70537
15914
94732
82239
98239
78484
32047
26216
16656
23038
27078
54931
50521
13628
99995
13415
23005
14720
42843
71661
66179
51886
15195
376
30922
38794
10854
16318
35562
73043
23236
98693
55145
9353
72520
57721
89654
79497
34102
61529
97989
6265
25871
15889
35912
44575
81434
9282
92966
43500
51697
48030
14362
71990
79237
21040
34699
70211
21615
48760
83459
51681
3573
54068
1551
61458
27605
26266
91986
74725
68688
56161
41350
47424
90390
86016
24016
50009
41738
23086
13695
46276
54385
8041
39360
66182
76125
51314
91553
91913
56016
7477
55072
3656
15983
14662
42255
18314
4102
80135
30087
74699
5106
37766
8998
2262
76526
42115
3591
63119
7645
3056
16860
97804
14736
67377
66122
67524
51637
13538
72960
72480
53341
26680
6997
96686
69352
82143
45822
36724
15408
97091
35177
53473
84174
7595
90426
21439
19180
36959
3775
91621
58216
31818
36689
71049
55042
43450
23178
84339
6563
8196
67549
18252
51594
7589
27958
51413
34963
84452
67151
24180
53030
23219
84140
16137
60474
99667
45685
10079
99140
89495
6701
34687
14529
99795
63230
54394
43785
76660
8118
21818
65500
89099
32914
88810
19041
87607
30914
45029
17783
5079
88335
66173
45722
91076
47976
73161
43876
86155
42971
90697
51440
78950
98720
60984
28410
62422
63919
52205
11522
23966
53842
50350
22767
5471
40117
6962
14576
87660
67257
82448
2653
78313
42824
35657
15773
62117
66946
67055
78625
28913
60886
97233
22893
88828
2861
30404
20791
33164
72417
73583
40936
88891
94667
44691
42367
30284
72601
277
83925
77320
48701
36330
95867
55866
4355
38718
43103
73571
57787
5824
22126
55834
87956
5901
27987
75204
83338
25496
52221
8523
24470
7059
2911
58175
12676
51293
20881
8486
71522
31560
19092
85505
76660
83333
65619
91356
66276
91791
36869
46033
58518
55568
24046
80891
15706
61108
54021
7826
3899
328
6321
28519
15444
22414
40428
35869
58466
7809
85994
44546
54165
43871
14834
82761
32352
98295
4267
62758
59632
13104
89330
88997
28569
42260
10407
52999
24491
38840
3464
75290
83332
60841
26453
14323
51071
42740
55763
73707
12330
7153
72012
22643
10101
72909
3859
61877
47814
43507
57061
95881
59882
1623
89451
43313
54822
95935
90588
54482
35115
43566
74848
19215
27176
30125
35503
71235
45593
1880
2295
19291
19677
29923
15836
58798
11014
5703
89946
29946
53898
36333
53959
97084
97462
15670
24596
12394
35521
3332
43121
98609
1630
36809
89232
12423
9228
32138
66113
42860
80200
59887
84381
40290
77122
78186
95071
6630
69101
40001
99436
2762
79791
44538
6451
67824
46712
86146
99568
5733
54928
45401
78058
88151
67017
39230
47452
46836
44660
88499
8625
14273
74255
36557
61832
80916
12924
12218
23063
29647
43725
4430
14284
12570
66010
94540
7471
61147
84053
64014
43747
54804
52181
45138
80011
27737
7215
29793
12809
69164
92804
86556
2177
48151
51411
19333
29757
47237
48910
17543
18794
10814
9226
32195
58079
16254
61616
91033
81853
87312
95600
31311
99090
57644
97270
49345
76824
93450
58164
85733
62907
73473
49663
5817
8919
90017
18518
71052
50175
73833
54877
29637
99098
12294
74760
11892
12680
49577
98418
31284
88931
79588
15662
1145
1
48641
42964
37083
54325
23518
29309
88799
95861
10729
75754
52127
98678
84435
55774
81237
30067
51988
71885
3401
80333
88828
28812
6324
2284
32817
20487
98097
90148
7306
49265
30271
64883
25927
20342
12981
16838
17194
51053
84867
40251
53334
9897
99264
34978
96802
3311
49941
98364
73818
60737
40294
18725
67635
4921
32088
95535
7977
21457
65700
70691
65431
29343
16886
95916
73169
41087
27234
6351
71073
90440
93476
54034
9341
51040
38290
2334
47970
91723
47840
45727
68751
48287
27536
43816
192
4787
94580
5875
39972
4438
47809
60742
13278
3227
65714
10642
89909
43378
78582
3924
56312
19026
76407
92606
44498
46163
1608
20432
34341
69048
90634
48800
59718
53641
67675
12345
93109
7998
12699
93599
51288
33368
95100
76144
71507
4746
87366
10694
30758
64692
13157
55162
16930
99920
15920
16770
52073
58789
92886
48635
11745
22617
9830
88066
42517
44900
3867
57115
65609
73727
31682
33429
6135
88731
16618
5861
68267
41167
28519
67886
55031
85225
71715
77923
59956
23237
53922
84323
79574
80059
44528
26435
15722
81011
70537
19369
33934
90259
35524
89012
18797
29049
31293
32857
89718
51205
50590
73577
29145
31150
72841
82030
65117
87540
65444
26804
81120
64501
44578
1668
39724
69465
11818
6123
10995
90760
98214
53498
95879
25180
96971
61287
60471
65585
81887
32368
59018
2232
8236
27840
79793
6603
56383
3273
77293
84955
85693
90801
18877
38629
13123
89866
90913
19907
45561
86809
79248
11518
74450
89433
93682
61089
8226
17816
80091
88169
34205
60190
1253
89017
70760
88109
43304
83787
33598
77124
28441
96960
73089
15038
91132
80631
62715
27064
38375
21596
19631
57008
83253
65848
5217
75785
95812
97575
23391
40106
61036
24679
38795
95974
49404
22796
55558
53942
19442
63728
61594
39523
78742
97160
71524
4736
27604
18130
56668
58195
21204
15690
33250
40468
22136
42075
41799
71182
26001
74226
34805
43683
57502
85999
29980
60077
56355
39637
84666
70078
38498
1889
422
81768
90520
55415
8826
35001
3126
54231
95898
77279
34554
63119
88293
65033
95690
68106
43383
69326
40429
89478
89272
38630
79750
3491
61477
79062
22317
96407
44441
54665
98892
92671
62423
49146
13747
38032
45943
46639
48344
95052
4458
97119
74158
70447
41324
2035
90657
71017
21254
4746
71788
97478
12892
8695
89271
83913
35481
73029
33712
78327
76405
16091
95748
70352
99617
62235
33243
280
83631
27652
94061
2067
97696
89719
79557
30928
26891
