83909
56793
46325
76292
3609
46488
77728
66221
92476
63027
30936
10665
45868
45405
50747
2138
21913
89414
25891
62775
77761
23029
60172
72111
91235
34901
56932
22221
54018
358
53710
88632
79064
7124
53202
20658
73300
58693
46405
27104
76817
55147
44752
19528
50613
16793
91327
34006
92483
10163
42473
35258
70045
96414
80983
59051
52249
85974
13363
26607
2590
79710
62863
74418
29340
98450
49998
77587
94502
90265
44051
45247
33773
49846
27396
93941
59802
62494
88826
89256
73159
90500
4072
41539
51354
49807
82950
96966
87679
53453
96025
40751
90402
38049
92160
86420
41862
14231
13757
49773
49412
43513
479
86510
21091
83482
89448
91890
31952
53999
17088
54035
65274
83773
11317
45046
5677
96206
26572
49636
29801
11166
88073
23186
58783
53681
18614
82786
29512
83719
8116
63426
88993
76327
95004
91699
8006
42393
38480
14436
97450
33936
59940
57884
57776
9188
46178
95127
97930
73694
11966
6824
12011
50028
93238
69468
71019
8532
74341
13855
62359
47014
52550
75000
57970
14186
6975
2255
77420
56376
13969
27951
54652
30182
17786
76615
57181
19036
16709
9994
74467
73987
65871
51350
19929
58716
43991
50066
72601
16398
65377
93264
15047
10871
9190
65810
33674
30691
94524
4169
15783
36602
66110
40536
4283
84660
81336
19671
46037
58408
97809
80115
48367
23010
85652
97043
48295
34162
46525
22390
26110
38689
44893
87960
2924
64127
47274
24243
98557
63640
66630
30018
36300
24965
89546
99585
29371
71358
65232
96624
6700
26509
11098
66583
71039
69790
36833
72099
65865
76274
94973
89613
97133
43955
98990
27452
81433
83874
90565
26561
73728
79500
99763
75457
91727
2331
50059
63663
78894
69288
39638
17207
57270
26671
84468
34392
3081
61979
27753
7913
6226
76000
89740
13500
29274
5831
3239
15615
83300
70436
58763
59999
2502
11779
98772
26663
20484
95649
757
9991
96971
37239
89023
84944
50950
21745
3571
82587
24289
47933
5058
22377
93656
58687
26940
8613
37498
79361
10045
92550
2624
20264
77425
60817
64164
94978
480
4123
15071
56539
58522
48939
90339
92526
54431
62686
5810
61848
88267
60260
90073
12585
73469
41352
65965
69844
55491
41486
76096
64806
39460
68180
18656
29523
96329
27355
19501
72428
7049
29951
7444
89676
98895
61569
6796
44370
17418
11622
30668
30057
32081
75640
47176
58114
20049
16490
81446
30659
23540
9273
23105
15225
82576
5902
80953
17353
76361
46145
35605
16069
60164
97079
76695
89146
67817
38507
986
96677
16531
16651
65034
80581
30136
45753
59295
67468
66512
95698
39160
21456
92547
59852
4752
66142
93908
92440
50560
30766
70372
78566
60689
89297
14180
29288
6395
37159
89787
12943
47615
72749
25583
41842
47870
27603
71988
86349
26612
14572
87662
59141
83317
18558
91653
3977
5538
76282
78116
43285
4455
69222
70670
27856
94516
36213
29950
8501
98838
28984
78425
93071
40146
91149
44338
50238
18653
26582
88345
40502
66171
88197
10721
5990
53714
6259
54156
54422
51050
23088
83958
76105
61443
74484
34139
97474
43443
95700
53158
25635
71642
94832
94391
21361
2308
14442
69231
21044
61723
55281
80923
4090
49671
13467
15355
39418
73091
44081
45230
75414
90876
25668
8924
21625
71304
72861
6687
15360
32705
63922
64271
33302
43965
78773
85577
69752
86987
16390
78395
65751
1164
38217
87950
49691
40492
39858
59889
71524
42171
78333
89982
38924
41677
38874
7339
84233
43626
48133
94511
14958
59922
75988
27470
73009
88721
137
13027
90599
36987
54727
91049
76236
22628
36226
103
83839
33406
88463
46582
91913
10000
54234
7216
9502
10224
42103
65750
72764
70717
70640
98205
14832
2075
37916
11191
69625
9003
4657
20762
56388
18694
62385
14159
51670
92855
48639
12089
86344
79058
51285
60255
54316
66421
39630
27192
21487
76601
82878
27058
66551
24789
36929
95583
24235
47343
14257
9533
98449
62271
63505
44160
22482
46563
27942
94271
59290
42617
62342
8311
97436
27484
35336
45984
30642
91613
87643
33322
80994
77501
98803
81939
33405
83813
49213
20040
63617
31363
11284
51637
72382
92385
63948
13195
58517
611
59948
54733
59515
14653
95193
16887
90750
56399
89581
80268
81183
15198
56198
53274
94877
29552
41466
96428
84754
62467
90920
71276
72727
63754
34091
93683
68995
60357
29672
90446
22960
2044
25990
41870
42910
3961
71869
30445
23057
18527
76678
8312
72118
10378
99187
90365
9987
36388
82488
68434
27996
6337
40166
37919
90257
77304
41145
15210
57572
64703
50951
40445
39017
78114
90104
85462
86215
66847
61365
15403
89979
57345
11226
80439
379
3318
18277
71654
42936
21295
19632
73241
28956
25813
95675
52502
35539
130
70850
1839
67943
11459
44494
17453
11811
5224
10471
22905
85625
55044
94087
16966
72895
90920
44682
36383
41907
13783
33537
3625
56640
25349
48710
70644
67801
24049
58858
92931
25314
15900
65578
12181
61165
92036
35713
31728
32450
23042
66262
17546
74552
83997
26133
87187
10080
64168
47612
52226
60098
78303
49292
93626
39935
63833
959
84728
70452
82858
28344
63484
47264
81624
18646
96562
89181
23320
43619
3420
37834
61445
30313
91646
36873
77148
50468
10629
24452
5686
87667
57236
88587
88259
6087
27949
54104
66399
48094
45273
39124
42676
65129
91476
15794
68108
51465
38296
89017
15729
729
93060
42879
85636
36357
4456
53712
28054
51512
2160
42830
14630
94195
9578
88691
94135
7769
68502
98833
40908
56487
16266
85403
40451
72065
52511
35516
21484
29992
43003
37029
70821
42887
88860
28485
74227
75725
43037
45712
38495
26741
67752
39106
37706
11040
9208
50365
59278
38437
36938
75885
88307
23486
57120
47981
90667
60324
29649
63331
16587
62293
34128
99334
52134
35985
68728
49088
64551
55909
11025
32494
21579
19006
4705
67044
29048
7039
4242
14989
92414
70862
1019
43280
92137
30152
34510
65775
40640
46549
13726
94569
96829
35414
47435
46047
7593
68827
84492
48788
78099
70353
10007
38541
19213
46680
83120
18872
29124
74707
99915
43561
17082
11961
17631
61535
73537
10728
83274
48261
89078
87929
8667
31380
40503
98766
48064
76181
28674
70312
24620
95173
84268
99286
71684
47090
48091
44519
81255
89858
44769
33792
61016
74002
85237
43498
6953
17820
71823
89474
52518
35794
24192
29716
43355
9766
28044
86818
62914
39052
12069
7229
46317
58199
24101
18007
64396
53280
58152
4239
53084
34086
66499
26795
67853
71055
60485
28772
19757
9484
57864
95867
17142
42682
28852
57961
35665
39685
4913
57493
2886
21063
25414
6366
86114
35694
74227
7288
34082
63420
8871
91220
17026
9864
1407
66519
82045
1761
94524
69260
3168
67123
73023
69174
76463
53762
52452
31998
1427
5683
61785
683
33151
72395
73625
24527
58078
60398
3497
34749
37852
9865
52365
28217
42285
36460
61576
42888
98557
85295
60655
90759
57652
26325
33609
55863
47173
5614
84421
38485
28116
13302
6584
46120
84227
2843
71186
10164
28631
2684
53467
72939
59147
32140
1615
55203
23665
67510
66195
65443
74848
33787
9426
79478
74239
18838
93593
63682
79884
53985
79980
57907
11721
79664
59491
59601
25539
84859
64100
27376
64513
87514
76990
88389
66470
35304
43871
5270
37634
46826
52019
83338
11675
71273
32281
84128
17684
96059
58372
73980
53655
42207
98219
87228
58340
69831
3309
85736
32630
40208
8741
22472
6414
25325
35237
65488
39231
67394
66226
23958
86869
48172
11996
20899
31138
39870
83832
13224
37030
6534
87612
77992
75867
90414
99991
73107
81659
75454
89514
15540
82254
84766
98471
5728
46579
22553
54724
88750
35274
8702
79196
71942
91452
93664
91299
8914
51656
85949
6467
2161
20236
87548
51032
56906
27371
83855
68804
3166
16096
42968
85199
98646
22880
7880
32703
71931
19493
22435
37104
56133
90941
59999
38001
52907
35853
25322
82587
665
96675
98955
86542
40928
63607
45313
55017
31175
80285
18505
77062
56863
58537
23963
6512
47668
60511
7987
15490
19775
78295
92749
50973
85336
81034
11785
88901
10313
31739
89839
7608
96286
83940
48460
58189
36985
16124
98298
40421
41026
10114
74685
77200
98075
93033
44266
13120
3537
81536
13730
80194
11918
33341
29372
92798
34796
80517
96129
20779
63812
49146
72721
81679
37380
93794
41155
56947
75263
89520
60105
51200
12575
13233
33522
83448
27285
93141
42377
1747
25681
94679
12282
61940
33901
27435
84757
91495
66723
96804
66699
19769
49152
81727
14837
980
77264
9231
5013
88310
76856
8645
52788
37741
35010
4220
90602
84145
24531
39935
95803
29917
45081
8088
28575
43308
75488
38613
99642
4140
94019
58489
97866
47362
97728
65884
80224
27194
52292
29312
31749
78792
38470
78545
72285
85760
94448
83960
25033
22670
70199
70493
390
89715
91212
76470
44435
49693
94506
88784
94289
38978
81808
7384
26467
39801
85033
46567
84276
94965
14342
19752
44567
25566
7054
59111
22666
59758
33324
20312
83956
63653
21990
23809
50125
58921
63630
67013
37821
85213
70417
94382
8220
80253
36620
61462
98169
10835
71583
17074
60630
16698
31674
93468
5969
44973
64116
38203
51549
6634
31866
17777
57038
74952
4324
48001
59252
69458
46627
58875
60063
81791
24023
90181
1377
95055
31965
50279
54609
79525
41670
54579
4779
26524
14466
88048
3668
68647
65339
14242
50556
41160
51583
30551
29948
60332
35668
43312
30143
6050
33936
67114
14973
59862
59617
46056
7554
43887
3302
19423
74190
99521
89313
27773
21781
23503
94276
44247
58342
24065
71656
59022
60713
57021
47997
1053
98882
78981
19260
95330
65362
18413
29208
61830
47036
49432
22322
4075
94533
67566
83180
9329
24725
78812
65557
20357
1658
3048
95459
63174
42187
11759
68319
6357
59242
19708
30938
39961
60291
79239
55390
45899
25489
32841
58431
46341
78624
88151
79760
12322
76493
97986
69298
1234
31369
53770
40262
90173
47932
69338
25924
13553
37543
48708
60964
90122
84002
52282
59482
64412
12611
2822
49791
72480
63840
93671
39882
99737
89004
50825
2557
9858
53245
28863
67323
21142
25583
2719
59832
78779
84801
3258
8905
86859
39036
77590
74139
55297
86484
53930
82559
30557
35079
52310
76291
34132
90595
18621
82363
42007
9669
68512
65406
75709
16219
24792
15694
29168
76682
77327
84847
7601
82859
96859
86904
49705
44849
23960
61415
69358
28134
93153
3535
4142
25715
16555
53805
29722
48414
53182
59225
14482
63342
13649
18039
96297
32202
59489
36108
15957
51583
79181
23630
38997
48992
41457
48405
96927
9736
86589
50670
24901
1435
33746
33837
27331
85578
20984
61250
73704
48277
6175
94309
33791
33771
93008
74860
45945
41006
57742
33307
66232
44561
66767
45722
9434
32931
82257
57570
65440
19877
24795
68241
73434
94327
86353
72446
56274
76657
5011
46662
94801
51405
64243
19909
26545
95554
4785
39904
2177
51018
48308
85950
82254
15077
91271
25879
92980
65271
59310
96037
17985
11245
13508
30967
68642
97629
41875
29157
64077
27915
75278
94365
8874
96936
56686
34076
55774
27572
36232
37880
92341
15972
40647
35834
72523
62911
48331
33385
53272
61218
67837
2017
54934
29924
95341
33443
89872
70259
65035
98854
43464
80381
33183
86347
45509
70027
82885
62638
58904
49992
78248
58520
7721
87583
10714
21041
67683
96898
89421
19187
11320
74023
1105
90682
41266
66765
82155
88696
76984
51228
86158
19813
9433
64042
47416
85203
79608
55962
88171
51391
13971
79455
11335
59844
14386
55071
92353
72841
34377
88146
67426
30107
65322
97802
81855
39157
67274
32108
88208
43963
76238
92956
51215
30183
39954
13783
98894
98714
38709
12666
71477
15828
48197
91488
59447
19327
33410
75016
46929
54630
83602
501
58206
57347
44545
83566
27226
99957
22546
61446
80113
19056
48486
23127
71970
73903
41831
35367
23541
13156
76946
31117
54006
70096
58431
84748
82510
42094
83247
53502
54909
33802
95249
92908
65397
8304
49808
24761
63862
15518
83549
53599
72834
3483
22996
66225
18044
57633
43918
73983
90977
40949
10274
99704
85347
62552
59512
1546
34942
49717
7820
4133
18393
44731
66075
9725
86747
49157
42510
21422
49480
10229
20160
10906
11670
39679
11693
24430
41776
55233
64536
51075
81062
57169
85625
18112
23183
41486
24354
82908
32028
60632
19597
7393
51002
19260
93988
12108
78148
3464
71180
46545
8131
16253
12014
28284
82051
52417
70915
32658
94067
97844
18844
5622
16472
81211
60396
53511
66798
43800
72082
49094
29469
69403
40966
62230
15187
88177
36703
33820
11908
85051
13887
42022
53691
93210
2044
15112
21660
95141
54412
76737
73016
25981
40652
99932
7595
14616
32205
93458
661
32089
78716
61837
96307
13825
78828
38984
59481
86687
86593
72466
