68141
43333
60279
87259
12140
16219
41483
84466
26348
88864
58588
80526
87022
8620
39913
37455
14149
8756
68508
62136
50261
63225
69077
77774
37927
8282
38838
34392
11878
18793
4841
91142
39001
50427
62257
48526
57693
34425
47148
18610
94974
75636
36162
62430
65971
96758
14798
91341
57139
17075
2341
73355
32695
75229
67303
38836
26062
19095
29633
81563
41399
76193
65853
35688
15294
22771
49063
86617
97174
49349
2780
72393
33679
57194
1809
13645
91477
41085
26973
67451
49413
87508
54437
72230
42348
47473
63746
48772
11581
84568
53616
32752
975
31322
7125
19883
74033
35055
40364
85022
43819
83843
37038
18810
74546
17351
70717
81344
1319
44008
70924
40861
94510
72189
60461
73645
16294
86714
36632
8225
12265
32673
28917
23483
5313
49912
23367
83413
85797
17909
19797
85505
7599
52054
87798
74667
44316
58478
79481
93691
1823
35514
79630
18647
61218
32209
93971
20709
34618
93817
51423
60270
84485
99351
60069
15006
38147
68382
78502
69576
60142
83753
27126
56615
93816
52899
9257
39039
14976
90755
75641
8641
10064
1686
74007
94989
72661
88116
94027
19090
52444
36181
98634
89105
4230
41884
42516
37664
67464
90097
94278
30986
72001
55629
96706
47539
62200
58766
95737
3994
43442
39723
61619
87319
1165
78497
86203
77507
96349
27947
73545
65975
63392
86288
15501
60013
77311
43383
90549
62435
34851
59317
20123
79294
43602
69767
80302
7498
39301
55739
98620
44799
45927
68680
69465
80960
37100
63391
2350
30430
62539
43545
66560
91577
38170
49999
4380
95270
4228
52073
66973
55083
15498
64110
26073
40903
9267
33946
96078
74128
91377
28110
39844
66036
79634
17504
71775
40545
49631
59443
32004
25472
67221
24418
25413
31739
92701
10038
4171
25920
23274
9816
54431
60381
85007
57215
24117
54827
17498
75946
16661
58216
17873
63594
83943
59900
91848
25495
88827
7293
68283
6499
60562
91310
52462
98123
73196
60258
49631
61097
56591
77598
24644
82727
59280
36221
87687
83854
30850
58285
81339
60380
97848
66614
56345
51892
59480
55003
92700
52399
2943
45977
89877
59345
79307
19820
87723
28183
87880
35953
47602
40012
76410
64934
10087
46426
42660
34158
31782
9245
58547
67281
86153
17619
60843
35967
71485
85712
71723
11957
28034
81582
14367
4376
25791
52866
322
56447
61247
73002
94542
45933
89196
16738
194
23771
56262
6101
84110
11605
16992
9681
12958
26683
92856
39219
88097
6503
75729
89730
81077
22030
94191
27031
6256
84735
54318
81530
30797
45449
8894
87848
36434
90650
89471
47696
88058
97249
23638
74973
70500
92341
72585
24941
21398
55278
49501
67201
65135
6641
32073
86605
21800
38122
69238
65903
2118
41362
70870
82204
81248
42927
67517
20534
56039
89050
32353
4378
20278
12540
54634
67445
52087
7730
46037
74263
16624
43984
81963
35360
74344
75778
88473
54454
53786
61645
18827
62329
81429
88340
92330
65901
35021
35670
80240
48279
20386
70804
56548
15267
81514
95088
13526
17954
7550
37202
376
86481
62
81732
25686
18900
67458
65181
29044
57857
56510
39707
51203
16761
36752
2569
8320
50962
777
27776
13705
12047
23638
55914
67549
66673
72587
87969
84783
98150
8843
78486
29349
91840
79062
52750
36531
5281
53519
62599
54960
52082
86856
89272
65074
37395
39980
18678
86603
77868
42601
98515
76287
22882
68537
23296
62816
84166
60811
10644
29512
27079
78675
66181
32242
11624
32554
43282
77270
55148
36611
25795
383
44493
11820
95144
12043
22667
19261
37503
78238
80226
94976
78897
95427
49365
88636
64859
1281
87399
72352
4587
16693
12392
47817
23840
39218
42156
85328
86996
97649
33527
99891
39798
10806
61877
25214
53167
53794
47590
72086
73607
73103
48054
35266
32192
32427
42475
18582
28543
65907
43768
57725
38443
28875
17262
86786
42382
94424
87569
8827
19832
8347
67593
55731
52259
23722
74959
37363
72786
81004
46695
62028
34610
38800
83726
77539
53154
5418
78056
37881
32399
56108
46396
17558
78040
26301
60220
57490
63089
93401
54236
97855
22594
99429
89155
93111
96047
9805
32607
30557
2803
77948
15283
66098
25093
81014
84812
7543
56733
98837
2097
30010
65744
73215
72728
32319
19702
36448
87862
70060
85037
41769
75726
24753
58518
16229
1835
74770
8190
52916
12969
5746
20279
1670
74573
36574
62180
48885
48500
659
65364
15679
40777
13132
10405
84863
65552
3244
21130
67399
608
76005
60775
19164
32142
2179
63993
48910
87684
80665
70642
54131
55376
96869
58978
35775
73401
68161
82994
29121
90348
37609
38570
65309
17108
88037
50931
67970
83944
29938
11926
79335
31199
1137
16418
82695
36446
90667
48717
79445
18354
52127
78226
41886
27417
72650
84601
78906
66395
24914
65684
56206
84598
66671
64677
12290
97751
74038
72189
59546
70980
52004
85343
14451
45430
31171
9059
39163
13284
78300
36439
91341
73018
64089
95680
26280
85352
40629
24030
38668
34359
59907
91373
72976
15063
61752
98600
7938
62772
43862
60392
40828
25959
23573
51434
3231
28329
53456
77774
9647
10210
27178
96891
69483
28127
99899
43776
4775
4289
91483
59606
78472
61010
92777
52386
41883
16755
47096
27158
19378
5585
48375
91511
43708
29879
70107
56953
25376
74332
35020
95462
28246
19644
88233
49118
97314
86629
86904
21719
30286
87240
58158
44710
53474
82735
10839
50454
59459
29966
50563
60341
23077
72178
23950
59599
74126
53398
45386
99377
48969
99380
56746
83471
65892
536
82829
43426
11430
13616
83685
95081
65264
74752
84484
82480
13903
2259
50082
44974
66747
92267
21646
55752
94000
14169
20494
5075
23174
72776
87124
89431
58895
36884
32927
92463
22924
25208
54603
78252
2572
58597
78998
67193
30883
84366
74000
78682
33954
18720
79614
38413
66713
8368
78059
16179
13958
83052
30348
35752
47992
17363
21838
76909
45253
8448
72479
29703
14020
11457
20789
13889
55783
4327
42367
99724
58553
17942
31910
37574
71600
21660
82335
93528
21263
12607
37200
34810
71803
1774
72444
80529
71192
88569
35629
6777
97375
92925
56349
1661
19998
12535
59201
21123
38860
84026
2739
53189
85607
45980
72794
17466
39500
90730
57304
91507
530
72828
88752
17345
17412
44804
75441
68531
17369
46879
12452
38557
92434
72110
58478
55861
64687
57790
78338
92151
80910
57859
78790
5577
55201
14532
66720
12920
39531
69999
18334
36385
99191
52301
21343
68108
72916
81072
65184
89970
19089
53993
18182
79647
55057
56535
81061
17906
78795
85786
43276
88290
13665
74149
88238
27387
60379
92625
5837
11110
24768
49870
79684
67686
6928
33140
6705
16575
15968
7160
38557
69873
41714
30171
37706
81922
13425
55196
18904
78713
36006
44430
62675
64422
37498
42692
39613
67488
39529
91336
40179
27654
41439
41835
37983
52039
56626
79542
68698
77086
38491
76064
54235
85172
30546
86840
76033
35913
24485
59970
3481
97037
27028
83583
33452
99433
99245
39972
39527
42555
52479
92557
66664
31070
49277
40714
43139
50312
95889
44279
13614
81677
55449
50794
44431
63840
38435
70630
8672
60986
79297
21132
59740
62899
22217
81969
66697
50541
29324
77418
80514
75697
73393
65763
7423
81297
89133
67152
14531
47372
7361
67835
27106
13392
27471
69916
61773
61977
97722
51847
65212
44024
28442
90398
91670
47375
88505
15623
32896
66456
39725
17913
77056
69477
47954
43536
70252
5891
8867
28416
77012
22776
95765
35270
14153
12715
15249
3321
94344
35522
3467
26271
29447
55878
52963
36829
15195
78692
80440
60647
24868
6189
13988
6293
2325
7996
56
83190
18532
6647
74868
75806
29610
51375
76579
9371
42135
15298
13201
72773
68693
11936
90058
88436
68951
50922
40913
46604
3487
4694
14457
21139
21769
82095
78180
13507
85687
33626
2773
25530
37721
40371
54420
82254
99448
12149
49661
90719
6816
15641
84101
9861
51816
34486
55595
91176
19551
28007
5655
13903
94069
81610
55634
7792
38115
96004
25505
62053
78200
65378
33439
35936
62273
59002
34645
81941
75539
43312
70745
66614
54264
62068
3777
46012
26644
77577
8578
91137
62771
56289
46249
64714
77522
98243
51189
59905
41158
61199
74736
83330
15372
90040
42056
42571
33710
93072
14190
46454
98863
38337
29897
39747
7443
43063
90424
90862
99214
65500
17091
95008
58184
13403
84188
55394
97033
12006
43768
83468
2343
37619
16868
1531
78729
66017
3813
91521
15350
94521
29584
6614
28543
71919
38531
94796
16038
21255
13182
9984
77450
45876
60161
11852
19664
6747
20196
18618
78607
34839
15117
30771
760
69270
75473
71478
70976
14401
66698
82692
92908
71896
54353
29079
82552
66844
59865
12051
10948
9702
50728
21781
83515
17460
32562
55208
30209
86980
71155
38806
39416
65561
42249
32571
9743
32955
24460
24758
57288
90043
70635
71705
95268
35859
83748
53087
7342
9036
66176
51677
31073
46777
25353
61041
5078
61697
2728
33047
33358
13818
45343
87515
28696
72113
34944
71784
88287
7462
3176
16959
54771
37971
76188
1603
33843
35181
59518
65617
81748
67044
19372
17710
23953
93221
92725
81784
45551
79582
56825
38462
79530
97697
10364
88299
26658
85634
85734
5950
19132
70427
3386
3349
69814
31695
11953
37032
49515
90474
43826
54930
6431
94279
80241
78217
31272
15212
88897
4751
29593
46736
28631
11841
48972
24541
84925
45324
61482
62672
66639
35008
18970
15646
37237
81053
81733
80496
35294
8106
90754
96398
2389
644
58403
88538
57379
96019
68346
55027
80160
91609
74889
77563
99223
3779
80549
58290
6966
64962
84326
24641
72975
34195
64494
14418
97230
92378
30899
34972
28118
42286
1195
9021
38650
76781
63795
79553
68437
17456
4828
51231
55687
45562
19186
71138
717
76778
60810
77476
91036
73839
95112
50934
46617
30363
70442
64637
60696
29232
29269
76023
87759
22296
54746
99772
82453
91345
3012
77599
73757
69828
4800
1170
41257
55030
64553
82537
4269
71192
66064
20375
80258
48121
42693
61878
79043
43420
18084
16610
84391
47748
44574
71268
3835
62859
98275
61837
98939
20626
66825
48248
89613
86067
796
87474
35643
14674
91362
96021
12139
81042
1194
49744
18364
41124
94032
59106
63007
40377
88527
19333
65616
51289
43396
98568
30223
19149
96538
83157
19231
81942
48632
80881
22907
36192
45443
12257
69968
54897
40433
54474
3195
24892
56907
24241
20095
67442
92222
55777
71171
19928
40799
12682
89670
49075
69528
67783
24768
41088
80916
88216
91350
17440
47394
36174
87353
35056
47977
48165
7964
83287
83145
56107
13296
75641
47369
56735
57887
89193
18115
76789
34305
40443
49480
54518
43837
1431
50417
27875
36928
12201
65795
62778
67379
81749
45118
50866
4636
27943
51906
11585
98132
34537
41471
60253
52768
38223
31672
81182
48814
91468
91730
87202
97390
33223
52511
42763
19594
56999
22529
90499
61284
3499
23485
82015
29099
58935
11358
90690
90840
46793
66723
69048
86923
81354
45030
25827
11582
67968
33930
4498
25122
7071
75392
70541
57054
71743
56662
59822
30401
25641
84797
18793
22624
89900
6645
54284
68112
65068
80375
58689
75010
80762
6174
85936
34774
53854
39955
58881
79613
36880
14516
16064
86767
52487
16641
20825
27845
44393
40611
57251
1365
77889
52760
50905
26888
34510
45599
82755
17017
14680
40860
35347
70284
19293
31529
20940
73032
70890
2074
25533
9330
22341
19787
33162
37544
7463
45704
98955
40791
1447
77305
31950
88954
61841
59015
90616
60047
4630
29647
81065
22487
40125
45475
8702
79050
20215
17751
13775
98325
28912
14479
59512
26257
31138
86722
56885
37825
9603
92618
88359
34312
69054
90411
9907
76356
81215
54366
12554
38379
17256
43130
52099
224
22017
2141
52612
63250
23308
90076
71487
77010
4662
55077
98617
78095
9450
7821
60198
75471
25279
93499
31344
81196
55698
81008
19575
46056
74478
86097
38290
35599
69127
54674
39027
33704
41735
50561
25833
87063
68768
85388
60575
15986
78912
77456
17666
53630
88162
83616
2815
47685
66368
67406
77291
22390
43910
84569
7388
46298
20547
31667
55956
65166
14521
75661
90431
52898
77715
4129
23026
4620
61142
348
50547
63722
59568
69030
57655
20179
65069
53679
14726
84952
3433
47768
2747
4156
5280
34683
24679
172
29216
38456
30870
55805
89216
73758
79433
40450
7466
44370
28322
36455
90995
46078
46943
10349
58540
6265
16829
30817
22417
13359
39229
47547
6495
86285
70404
54736
33410
40715
9565
75893
9099
37174
43321
47601
36929
72025
71511
52413
86063
13479
35294
11098
14619
7848
88358
67023
2551
81534
70647
52030
64976
27250
24490
98722
82244
7616
59979
64392
54897
1116
21984
99686
36648
12255
13603
30364
14624
68498
13611
82790
12134
24789
89609
75291
27954
94957
54958
