26342
1928
12505
74861
13905
93943
64342
6513
626
5563
33019
95741
48108
85124
16598
15692
75498
16218
82118
15784
41372
19311
51817
26985
23215
90963
12706
11802
62055
4166
58278
35069
6139
9961
86564
41221
23693
36910
65327
56256
58725
72845
25961
57048
18538
92632
17645
68271
95324
11046
59033
14952
64208
28428
58742
72101
65545
330
84422
88650
35856
78785
70729
73280
36015
74722
8684
64758
26127
84354
65423
67586
78828
91945
19248
54981
55218
56938
97273
46125
52471
98637
7267
70452
25045
13224
72838
83877
40417
34220
17694
53215
44973
99548
26107
34482
6710
94808
71493
40806
48395
15127
69354
89722
4699
71155
20358
98666
1209
87070
94478
37067
18255
1939
19385
95632
65532
38855
84459
72750
40012
4703
14495
16092
94514
53819
92848
11412
55684
82991
37188
37047
71827
45074
73110
86157
57638
45103
68062
70538
54610
15193
30047
77868
40120
21916
73133
59200
68507
20366
43801
1124
5916
25861
20091
84103
33524
98114
68603
33293
1261
64778
85499
29231
48989
55414
66245
37791
43584
94848
61036
47113
66386
94
45313
85876
98726
8171
74165
3528
66085
23040
74918
16010
646
90978
93224
86723
12326
69525
59281
19199
20069
38319
26560
84688
29117
14983
4075
38643
15391
70443
46884
15594
67212
12817
39016
69608
99372
65606
50916
59660
8783
58338
67012
61509
68766
24988
71129
54804
25341
60889
79941
66862
56767
65152
36838
13472
46310
19913
7934
64333
59125
57780
75035
30035
70836
56951
22087
31212
11904
28239
23342
37328
50060
53718
9991
38744
29432
3061
38530
22333
52268
74481
30060
18719
28017
42434
23490
81762
81484
45409
17071
2322
2840
66143
73571
48871
44831
52818
23379
82499
65076
32586
25703
80857
95664
85346
40005
41864
76776
57043
75127
66020
82855
86626
83098
14326
60621
345
80966
78425
72612
29426
84981
20325
4090
74512
61010
91882
86784
23624
27776
18
38462
41853
70500
65481
68400
19274
96528
43384
95361
98967
88812
620
25571
58126
72451
1782
87432
68392
23207
76555
78593
52097
27362
80140
19664
49514
80123
78528
53419
94557
81601
97468
39632
55210
64567
8613
66623
28080
22140
6541
99833
50664
61974
46681
30675
75739
57114
51875
12023
32308
77274
15451
76951
99888
32747
5992
74190
89426
48466
56781
11509
63027
99595
17030
17247
66007
918
39761
25586
87066
26686
43210
89635
37609
16231
52143
99084
17453
32788
418
82060
76193
1618
24749
98811
3493
71940
98303
29192
37932
139
74964
9010
29040
86354
5332
88351
72358
70036
36338
72508
94955
23050
20852
93330
8989
8501
37298
21985
17990
39044
40471
64156
66195
65795
72773
46752
66116
90240
18325
14546
25820
93307
13275
49748
63991
12169
77512
19812
18427
79621
30698
31666
70375
45556
60302
64475
20137
94547
44550
38951
43660
62879
44645
60123
1198
54817
89734
891
29007
29300
87373
62272
82437
25300
74661
21042
92429
50501
13097
74914
75516
59197
86846
43335
62163
76463
19069
30611
55633
54677
93295
61392
63650
56569
70001
73757
74229
33056
27734
22303
76460
31764
20460
84486
89548
29836
51734
46877
57524
4442
41849
12205
82763
40464
64723
12623
80722
67664
47237
93804
53144
23407
23249
94387
32556
15429
25726
73749
80749
38452
33976
13857
65470
44723
7221
6519
6837
54
3986
70123
35986
78459
26844
441
62253
8051
68619
74047
28744
88715
77929
55387
64164
99510
10192
13153
69359
71769
74353
68761
6842
63314
42544
27444
23785
2182
14669
7721
74404
8134
58206
64080
53035
90077
86583
69433
95622
24120
85068
71530
36634
70067
10509
86580
99127
70716
53808
32241
13038
30502
12109
11324
15232
83661
44802
12268
9106
75520
35351
68366
66781
19920
6620
91294
95873
6707
34446
44291
73178
88789
21208
64836
28106
5341
8214
8843
27670
40823
52405
82196
11117
90147
66455
37809
7427
95289
12946
91294
83836
70262
20856
9788
9475
36936
91761
37004
29114
75251
4356
13673
88172
8989
81685
57090
43326
67036
23112
22003
12325
36858
86211
11648
13777
38178
54514
78733
3814
10954
67588
64285
36523
56252
99091
20485
47035
68003
74593
28203
4921
78734
61085
14144
3585
72324
80613
14136
57626
13989
2790
89282
80999
65817
18367
96872
4669
11639
44227
8901
81646
49812
380
4413
69795
74950
40429
77342
6345
46483
87472
7217
62531
96411
13119
3261
31357
58303
92078
84856
41408
10380
73428
88331
81953
89832
90027
11361
51765
86840
25453
53419
14623
53387
22430
48755
63913
69447
91273
71067
95089
38766
86723
58194
87898
29260
28395
10386
16836
23744
50163
84409
48342
22021
88248
2817
12152
96187
96684
66398
78557
65111
83797
62484
37661
77444
85999
15059
45184
36884
25676
55664
79094
22279
10172
73633
77188
10710
67079
45428
52026
58269
23991
43820
28383
7843
68691
10842
44461
38599
44134
13524
73530
54952
33439
94868
11371
63217
79153
45104
93517
70880
9658
22257
43902
65426
79584
21010
64165
66413
68151
34359
28642
97608
56768
4263
20032
52187
29228
34024
9991
55103
87550
3542
50798
50241
38222
68287
13614
95240
30185
10814
22130
28256
87350
80593
2507
28003
62771
16730
47647
75588
54910
45359
52673
57943
30769
28638
65532
79712
92996
97888
99400
59094
62774
87288
18208
70228
22566
71305
98058
93244
66747
92241
30997
232
79844
95718
70977
34607
76826
18412
35704
30480
23233
61872
47803
24285
79981
25123
58135
25575
7426
52918
99222
54146
51667
23887
11057
48437
88876
56582
59683
74305
1099
89374
30553
93451
3977
1507
39302
46504
18327
73564
6259
99268
3459
58861
3987
98255
59514
88045
8533
37284
52583
92446
14451
58454
76154
65358
51527
46874
75716
12009
71069
12588
71966
36633
41027
80895
71113
16539
28348
24740
3856
51999
64309
52501
52201
25980
84079
79775
33723
32461
28891
1002
65850
94732
46275
51175
73485
79530
22789
88309
2353
64136
23739
36623
92374
244
92853
28021
38567
73316
72873
93590
68295
20168
4864
43927
85079
15951
55473
93698
17332
80665
21579
30350
24733
96468
50412
77447
210
53078
19759
11994
6903
26773
40290
60672
57880
82086
55541
74340
93864
64272
27118
60658
40738
81004
34138
20253
55728
99612
30750
97517
53513
26053
30796
48836
46004
25066
54352
79084
1003
12742
96298
82047
5436
47301
75222
785
58889
4512
16679
6558
22447
35732
27282
19084
45475
22974
98342
68956
77624
33589
18874
86835
28606
65251
767
32895
44868
95073
22516
29225
40798
44911
74585
19254
73601
14509
70203
74008
37003
97880
54797
19863
57280
64068
60216
59224
46000
34643
54377
29608
39348
18287
65257
30984
54615
40330
49674
32212
92209
61487
27484
29137
50829
33380
16352
19
85709
84255
65332
18760
10884
9314
46029
19845
97441
47092
7235
44203
48683
44797
13542
41365
48200
81086
71566
88160
59416
49259
46384
17943
64574
39078
52780
92634
37982
60890
54403
66155
92673
93712
44710
80118
15318
59441
50154
14426
24948
46840
59576
27639
410
95379
79969
39510
32663
39158
4398
70831
8261
17404
53845
89980
45071
13212
38215
88856
73460
98020
73415
98034
41060
15444
76373
65332
91559
4025
28553
79147
57885
7332
59899
4434
7520
5382
74654
53567
5925
49131
81805
37834
65698
37265
93533
99542
29577
12899
71251
43741
30290
86678
81839
16828
45463
83711
82757
66136
7225
96398
6956
61515
14337
82220
62608
67247
72608
85805
39746
85286
92023
5553
15983
69443
8915
51005
7373
41497
54928
28176
2674
65279
83806
78245
33087
50108
3873
71301
40122
49396
78418
67366
73881
93295
67331
31747
23994
46978
97920
45561
46672
93853
74673
91612
19351
21968
94076
19476
93544
16731
79591
73367
77481
90960
89883
84548
54172
26535
68260
44249
26743
49150
54101
60626
20083
90923
26952
80543
43902
28127
39299
28320
31692
89913
45206
13247
81258
98020
10561
34027
21523
62350
51731
58188
39131
97382
99116
81608
41865
17552
1540
50737
12641
77929
69989
47304
48287
82098
93331
97554
33440
62619
14157
62325
86234
71405
22251
69168
73484
76179
37254
63861
86416
84646
84471
59459
99949
62868
94039
9860
66314
89933
31910
33151
85500
68393
97416
32475
25824
51321
89641
33042
88932
40264
7169
71949
25599
35502
70515
67777
13793
94706
84847
62534
95365
96376
14775
29584
66660
73998
80511
94444
5699
7215
69646
27161
99884
74515
78049
91744
22010
62547
15022
63249
90029
43228
79045
65755
77854
79536
58611
16488
38157
25459
76672
95539
91350
18424
53177
7527
48418
70697
53096
29269
92121
7405
41407
18545
46292
97401
55475
79690
88433
53622
61157
90244
85825
59018
58556
26548
34747
83686
81390
41591
81971
16331
97310
57839
25413
24154
84415
17499
40107
18871
61782
11954
70287
31449
37949
85148
25274
37969
7108
70253
7626
36756
16082
36863
8898
39110
4938
4971
73755
60645
55913
27683
20888
29551
79723
47087
51832
44369
77165
51906
709
87022
23757
95384
137
91496
24621
12942
43264
78029
89303
87230
2888
5377
46106
25750
89941
19876
33427
628
74849
21632
14631
73184
2400
26482
9228
94086
86162
16850
75496
25646
41522
50400
65457
39194
74155
59117
87283
31804
13483
17155
70224
13873
98255
34450
50497
4445
18557
5497
80347
32292
57457
94925
72205
30818
87983
66536
84230
79753
86231
47441
32115
14677
44055
99139
95206
8685
9434
42365
88178
76343
43966
74439
37555
27192
72324
46907
94282
23752
6528
11287
31334
91854
63088
7902
89534
66077
69641
38117
44731
13098
48844
95585
94419
67817
4120
92170
89776
12035
5369
66444
24527
62678
81599
60491
12195
95017
80457
11920
28282
58379
28064
54548
21816
40199
58144
58087
62367
82405
97009
50846
37488
75584
58356
91543
12203
15391
71001
80522
60595
81171
28941
10510
48013
43084
92336
48932
5990
46808
19908
25636
56436
84633
80770
36643
51573
33986
16999
92990
5236
29774
26028
78053
50826
61085
71091
59814
63584
22187
96477
41813
50227
90926
78200
62550
66865
78477
82966
34471
65311
41816
81561
19980
72125
31208
54410
9080
86017
81779
88777
948
94560
107
83838
25968
71627
33173
84334
41540
6358
51713
29865
2369
10388
91051
73344
32280
12606
66764
38933
74118
11506
43709
24458
24988
9080
87018
40507
45287
6144
78255
78984
90656
90727
20562
49578
71410
57273
27068
90215
55810
45680
40181
39265
21472
8346
40027
48008
33066
56697
76447
56528
80407
30723
92540
73437
24615
44938
84020
47867
29092
63446
49513
34986
48980
52046
82709
4246
91582
84470
85255
30532
76311
76243
34619
95177
12296
31209
71860
11541
18078
53477
36088
7500
83277
97078
48584
90485
64194
84790
18843
75276
85380
65255
98486
24306
5701
27673
6058
47396
13323
76552
21417
87401
97813
59010
89766
13028
39436
87781
28201
64330
56553
4071
59852
28845
58429
94256
86358
63543
2304
64673
33041
92019
7321
97752
55785
85957
40071
75115
17347
79129
19850
7666
68983
60376
18001
88801
94508
76312
38657
22771
58031
20587
11454
79298
30800
32439
91641
17619
58617
41990
67126
20591
81227
39091
94969
63051
99830
41893
81709
58601
49717
19993
78864
72855
7044
90103
9150
78197
57088
67687
98777
28565
921
43932
57234
28955
36598
3374
27798
80420
92293
4038
86136
73699
10653
23762
4887
39493
17010
97848
65900
37430
74004
43335
42610
78429
36293
74089
3250
52418
39989
13398
94697
87600
50428
96098
35481
50102
62995
85429
37641
45799
9135
85275
22170
31969
43131
36722
29383
19531
29232
69697
19703
67895
98964
12873
20227
87527
85165
27123
19806
40395
98880
53896
806
61353
72139
47488
12294
76310
21467
6194
18277
62880
7210
75594
17423
28142
1112
40568
37725
89055
61509
66501
84227
29775
21865
83649
23959
82200
31408
15576
5209
76821
40405
93187
22819
91682
50906
80730
44622
74975
54753
38375
29662
32435
1707
42678
41931
19437
37994
51944
26830
51622
44228
66375
67716
99107
78823
22676
83874
66230
35619
72828
65717
87811
67689
25321
28244
68928
56254
78100
46437
182
91035
760
50376
7461
93893
56579
68228
76388
61636
27718
70412
59525
55458
49035
69390
45526
81985
45797
40216
49860
75737
68451
28359
49178
26446
21375
75149
10472
38858
47219
12926
68095
57756
46315
96407
88728
83020
91797
64940
82484
11161
26581
10317
6110
97938
53877
64916
43181
70925
72346
84141
75270
9863
11346
28162
48446
57049
28169
6850
71452
48979
67098
97358
55197
13271
6274
64896
8081
71797
63153
18456
6595
63455
25626
11716
10487
99752
43786
82763
87979
18173
63317
45270
42208
5440
72043
90587
1234
96253
45706
65032
49602
96652
70573
93128
71893
38146
3138
6293
4821
31155
6458
73531
69845
72808
28697
78725
61586
82392
98253
22054
13941
