33044
89747
61616
52382
12197
28552
8482
73739
12315
5120
6511
66388
85784
57644
46508
6065
93502
33725
7877
70803
77439
41443
96081
29274
48545
22928
3536
2499
22122
33914
72037
42719
93901
89440
55082
87199
19184
11364
78421
81962
50457
22102
73349
37105
36853
84178
40
66842
29925
16832
58669
89784
58630
23609
4416
36124
96315
87849
46280
83973
33625
25584
22393
99122
94863
13122
31094
58296
61008
30990
18055
23024
21854
84988
55634
90471
46996
23983
25209
64377
11984
1483
99824
59192
40635
17680
218
22822
93046
70020
8927
79714
41732
83790
40236
86206
66254
64446
67111
61615
60663
32011
22381
31167
52092
1749
24841
28765
97799
60521
85235
95411
49777
258
58819
29687
59793
49900
98769
95899
97478
8163
78443
55680
39676
9499
42770
82919
68543
48153
16721
28264
11065
28510
81914
37243
969
90372
4575
67860
57763
67681
14058
140
68605
45993
90362
37658
23293
88240
58938
64704
18941
34188
74592
59266
7864
5656
73727
8241
83668
58998
61225
41830
64780
57164
12068
49002
6232
66447
74663
63378
379
72253
178
8520
73193
90500
13480
56292
74291
88672
51338
44345
15409
30114
58992
44108
83082
94284
36646
24224
78499
76664
91266
56781
35458
33912
24798
44846
64157
19353
62454
71481
23780
42849
28415
66314
71304
96535
16865
82169
37766
48641
61683
57482
79156
26280
6066
4227
56807
92569
69565
4151
33183
35525
31408
76129
18223
8871
53531
21005
44748
88069
3391
89936
19442
55920
13860
17303
82222
57286
43482
6749
9067
11447
14570
93143
48092
84548
44983
22857
6051
58979
19287
95067
23388
383
58280
48422
3529
4701
73201
79209
12954
70873
41622
84760
56920
88239
95639
96052
53679
10997
23302
41621
55894
30661
67043
46147
73884
26553
47157
79684
63985
80143
44487
12720
83790
53548
61661
7649
9954
89693
38962
55206
19097
85592
65296
64439
5067
55649
57450
44130
127
52296
52601
57572
24602
47088
20689
99091
66696
43179
68384
92888
96070
15169
32867
96282
27337
65871
68324
81525
46958
32427
3667
36842
7903
2118
63648
21488
34687
74507
4147
55144
80274
51236
90568
97550
204
78587
19882
83051
76597
14494
34635
64872
44885
44252
30781
79133
29410
99244
37744
59047
25506
74796
55913
39319
511
17927
55259
72519
88487
56816
52516
92264
45021
38219
49638
85208
66912
24331
88673
15439
4405
65622
17098
48344
31411
42020
86922
4956
31275
60358
73398
61017
530
37540
49414
4626
60493
76927
68915
16609
52600
91573
74322
67272
93843
96642
70440
58276
71433
43555
33705
49282
81918
80246
52754
68908
26900
6110
75774
72476
59386
49443
91464
86193
63154
58614
22143
88959
81917
65906
79295
22977
26214
76157
90033
24809
83336
86830
8705
13880
6940
3464
36728
16010
30626
99108
17718
62344
95660
75886
51469
61985
35042
13094
50397
93106
44629
551
57735
59842
79652
15940
64433
55211
27364
37709
47509
8274
78800
28625
72198
93144
79661
99742
47712
30601
24407
61667
29770
4881
59374
57335
46827
6862
26935
90195
72486
90209
71920
21466
2068
81246
18068
36121
79645
59395
80487
51720
82194
10790
23391
82576
2314
99750
48975
44327
82038
72003
79761
98167
7427
9098
65038
3518
88332
61353
14189
47470
62778
12641
85943
15059
71161
90169
56451
50357
58903
86894
21891
99667
98748
7816
50313
53296
56641
35784
64599
80522
20175
95102
17314
32164
19828
61880
92674
21318
5348
17108
8633
6235
83498
60150
42269
67096
32490
44853
36580
66492
79828
97391
5227
25746
99591
44029
79875
29779
36192
22466
44568
77929
44125
32412
50879
66159
95058
42461
64764
44436
20679
44916
3917
91486
76780
48676
9079
77098
93978
66358
17835
32146
86952
31178
41236
16296
18534
99945
26879
76831
13594
41942
17607
54728
9077
10979
29533
44986
88464
86303
30065
54699
37256
21677
83871
92315
59251
94160
33112
82064
15454
49890
54476
55579
67910
61700
19249
60089
83087
31056
90995
81686
38659
92906
57240
16268
86410
93589
27374
51370
21987
43521
14548
67728
22525
82562
90402
73590
48564
93661
15446
96331
13323
4059
4091
96923
482
33696
32151
82250
83732
17525
59346
86334
63152
69153
43807
2745
23666
16950
49832
30179
19966
48552
32250
83270
36120
72888
85226
84499
12738
2223
40802
66050
51219
74374
29165
59030
1617
63362
48506
59039
71883
53693
73840
38553
6453
35615
36463
84018
77760
72428
3998
12137
97717
39095
94071
16242
44558
27060
36555
87542
98610
27178
16691
94519
25771
47495
13460
14096
34726
27886
4494
22619
30214
84620
12609
67021
76900
76393
25917
50940
63271
14553
5637
80704
62941
64274
27422
10679
89907
96279
1497
62371
19575
49011
33371
96590
72935
70530
84102
95310
15189
13225
59366
95747
38970
45958
34298
2172
17684
23906
75132
51930
92221
15874
30095
5709
4489
60317
12068
99802
47356
19688
47881
82910
38789
10605
31759
23948
16603
3930
54134
26162
92371
2198
88951
69274
81947
18158
3757
75852
53686
43694
28193
75121
77972
13099
18129
89330
77613
51933
73981
81695
73243
97098
55438
87563
7889
67644
26754
35796
5083
20245
17944
82081
48083
6361
91732
40389
30205
33066
64240
48480
52192
51281
56192
10340
46978
99576
76576
60596
23742
33780
80924
42985
36325
1376
91003
20814
23182
3621
38505
75019
26331
69173
32576
22432
84138
85367
49331
60967
16404
64028
90998
98651
64421
31856
85741
56664
49241
12844
13807
78456
23216
63177
45110
47196
10573
59727
46726
49676
17233
93419
79096
38805
39982
10495
4739
18353
46475
44691
50501
46661
88756
33801
58675
40259
80922
10254
51931
60752
42030
46508
73810
7264
31605
65597
11231
3805
83913
27451
50403
55303
67917
31506
96227
3797
73674
22102
61811
54745
54730
4497
84001
79746
68176
87732
37275
16507
36978
92943
64734
13329
90549
60956
54109
95185
14404
16822
67914
69264
75660
45063
55172
62980
95702
3038
6909
98544
3458
81568
79494
95389
82844
79573
15097
89059
54238
88515
22051
92519
44450
21944
81612
14814
23618
160
85828
43248
50830
41655
44556
79672
57321
20600
5118
49160
58273
43476
71802
28585
96617
39167
75215
85727
30644
14052
78114
23691
85264
21496
41021
21067
93757
4524
62743
13564
55369
90972
86908
30143
66825
85508
15225
62585
45622
80819
76454
35925
35265
88279
23088
81540
24116
44312
11010
69733
30119
76257
3567
38367
45340
74392
78175
8779
98648
54831
99764
95022
49374
66739
39095
38372
39049
86210
87940
67897
49829
78393
94607
11568
93995
74635
4049
68487
66263
32622
76627
79025
6184
93872
95925
36099
25460
94855
57948
4523
76517
23877
25238
63609
45012
36938
54443
74497
44416
55156
51970
6777
9547
86257
30669
9662
10706
71637
93010
30867
89895
17351
14806
1481
8620
30997
25832
26298
49837
4201
65512
39214
36923
30771
95634
89985
26273
99365
54891
90748
80645
71262
74022
13472
66684
82526
69972
73985
72810
93304
71686
30863
86070
23205
79616
73039
98502
70933
76731
3688
54459
56289
73623
53210
93067
94876
55036
16457
56567
49288
84747
46008
14089
37092
21638
29615
48012
18787
60024
3967
54888
72760
30722
25532
26456
38989
483
81705
85674
93683
55012
95506
32690
17972
23517
42418
45003
69220
25191
47893
84908
80214
21791
90168
84130
47787
86420
27757
47311
15461
50701
51386
92031
21145
99514
57121
82115
18307
32117
62042
91789
24596
85364
76668
82182
47526
65199
42938
34863
27664
21576
15242
52690
48916
6812
2338
67556
85686
48932
10236
99865
56872
77320
30296
57764
29440
15105
43487
11914
28011
24585
99973
78850
94074
22498
71465
67883
41819
80703
99831
44874
16835
83219
57260
57374
46534
51636
17817
15841
82473
27083
94432
93022
62447
35963
10907
24842
73264
33612
70237
60513
12008
13875
13616
68733
17483
31712
25117
4597
32406
35939
74411
96336
14657
43003
60382
98532
19472
18429
94464
17840
35945
17117
6078
32626
6688
70876
44937
48869
75053
93295
95549
62459
37407
81671
44414
81043
38954
82050
56190
4696
84956
64558
86619
60565
84462
11733
14917
95256
14614
59242
49597
71842
47129
85390
46361
14696
68093
84926
91269
47370
20156
40285
44131
70318
54132
86554
22419
27352
9852
79390
68173
63623
45713
82292
12267
68911
35695
71861
13028
73358
3259
26831
54515
13869
28381
48977
63318
51094
92267
80373
54834
38157
83136
55019
95636
39852
57003
64414
60114
40126
63844
77510
56400
74072
42233
47785
29823
36623
67623
30254
81280
38394
31268
29376
97670
4389
62649
61787
64313
35022
14797
37174
94998
22208
69629
90381
43956
55594
73864
82057
36737
39804
79462
76270
88587
14429
31160
53890
93147
85803
81274
18997
69436
67536
33461
23761
56410
25981
88434
54911
51045
60518
53033
58067
45268
58553
53943
61494
3814
46172
58062
96494
60195
91267
37382
17900
51777
64011
49329
67345
84580
29366
25325
18750
41117
40099
72338
69111
71955
17417
97547
13298
77406
28944
53857
83906
18863
34604
1395
47227
86350
41910
25218
12705
21372
43753
14249
35794
36439
10806
97449
97036
8444
23269
64930
97436
38950
34089
22814
84292
80116
87870
27752
24904
64457
98785
94010
4694
27501
12140
49908
94287
5649
3948
6920
1814
24144
94753
89457
85076
68721
84114
92516
28870
68680
97995
76959
6084
66044
95988
1407
83918
47139
34831
2798
68053
3658
49485
23832
13827
35089
50509
76350
61960
21555
79282
52484
32194
75075
90176
72133
58376
1874
46995
99974
70995
19597
54524
57480
20809
43842
27514
88599
34664
95875
40272
47199
85740
84516
25064
74239
37917
40991
72772
24021
26040
62487
27324
47641
60983
83417
93785
22822
67008
19358
15501
72979
83879
31565
23213
53759
78433
765
60077
62955
39142
33304
88758
52193
79905
10492
26374
59954
93464
98203
10948
80286
68691
19138
56030
93868
38539
35254
80321
97274
23728
27930
1236
53166
35190
15373
58226
6634
72701
22769
64450
13950
58332
88518
80148
63608
31018
39317
28411
31510
2760
61097
41377
31708
78446
16279
78603
92065
73297
12542
94123
83044
25485
84425
33532
42044
76021
61522
40157
88461
93204
67393
48141
46422
43327
50162
62367
37254
33849
27924
68282
36079
52994
51725
66480
38516
70717
40987
98009
86876
44157
69941
69803
58184
19499
8752
35768
54017
72726
3582
48805
29418
95960
88785
20674
32917
72929
65278
46186
87313
23971
20028
89049
96257
16473
90283
4869
15496
16564
98033
61114
78881
71395
72895
96406
79243
52990
30579
50494
72736
92815
31095
29659
75879
61982
9862
46581
55776
51512
4911
52650
47517
91515
1842
35978
14032
26625
74951
27858
19646
12102
36158
40644
99315
69687
58912
80095
20272
24473
75061
16800
38143
84819
75583
26773
39015
38458
23684
49946
66298
94487
21929
77106
41676
83766
53273
96099
58111
69838
25893
51502
26009
83208
23525
3113
19959
41422
61981
33979
77627
82225
80379
96500
4128
4662
46108
62182
53454
71679
40078
6660
48105
57682
77488
71414
72676
91240
16310
2742
45619
29300
82409
93258
75678
54765
88395
88222
9201
88602
92888
46333
74832
95385
19720
70796
59592
58029
56176
65347
29953
16930
61481
71881
64879
5277
43368
55339
15144
62852
91596
68920
54320
30215
93175
37020
48464
490
61811
8823
19493
12209
15382
14330
65940
84807
73312
2109
54715
56522
98305
12671
52707
43894
73208
11547
12305
5292
5654
17188
77532
82559
70432
18397
63801
4316
12467
8055
20307
75539
69154
93160
75702
30150
45531
1444
22602
93837
90441
80859
72380
515
77234
53519
48664
2672
91871
50864
70739
94452
93340
56213
4357
93325
9430
80185
45428
68325
20289
41840
49131
46044
5468
33221
43913
909
46924
64146
86934
38975
12196
55642
6705
99690
90790
95366
39844
65188
66596
79674
31257
56136
26527
34387
44070
84449
26129
62496
10179
60088
84966
64698
43548
1432
94244
57122
30050
65786
49067
49429
91741
13042
73527
33902
68476
65557
53059
91800
16716
96389
50952
23854
51366
411
56836
84402
9923
38800
86325
88230
10923
19464
47748
97258
92715
47324
79038
58546
99205
11298
77981
63523
60993
53754
96838
94923
30402
92599
65196
6010
58099
51785
29586
22656
53280
24451
23629
27045
20928
47182
94119
82879
15152
75945
31648
89843
64572
97563
84079
84811
86422
35703
75399
93200
14152
46570
46645
26148
68454
96933
77605
77119
26845
53825
66500
88420
86441
91379
6239
30336
70402
64366
93803
51006
50389
1168
59710
64329
46993
97770
36635
10911
28184
19343
33931
32847
46966
11192
79558
4527
8430
56177
50706
80252
75567
90852
4258
74126
63429
87616
41055
25207
58252
99557
5284
7033
52768
13423
44675
35105
90032
95197
29445
10564
40080
78973
84367
64148
36238
56917
35200
68478
34012
