34456
17544
23171
62713
80607
33593
12946
92063
89788
59486
37185
28589
52689
2490
12203
72312
89079
67220
27169
25147
17131
73187
75663
18291
90175
21270
99036
5427
80881
11069
3856
67301
91481
6935
80272
14654
18332
84313
96388
40413
9950
98487
77946
48576
14964
52786
43780
9186
53975
33022
55036
10165
74421
91439
95207
40984
79297
8383
50359
77525
29899
97343
51467
83418
27754
20184
99217
3825
29429
36252
86124
4190
50769
25870
20560
91605
45541
12171
40714
13622
83529
32979
78781
42694
21309
47896
5895
54731
62486
70594
38018
24067
70355
11260
998
75586
88301
64063
19884
2918
40173
55480
37197
56184
97112
47385
92040
37602
37509
56985
11491
98855
16976
73768
83977
66788
72455
34708
63858
11553
34688
78737
51456
45459
12685
51336
64037
82833
27336
2943
39586
21969
82249
69601
4523
94047
57623
75369
48326
34617
47739
74832
90130
85546
80816
91793
39428
27841
57686
35957
67820
19661
25734
10881
51702
82391
23391
87832
75436
92156
75615
56845
91898
62886
95277
21801
70058
18854
90643
949
1197
21231
76778
72325
62266
75794
32781
74817
91889
85170
57327
51505
96569
42467
63977
96805
73735
81156
66155
21694
54656
36086
94580
91228
60021
49112
6493
90821
75085
66433
24687
35247
29665
77465
75829
38602
11681
86132
88652
93421
31668
1451
90614
86587
84092
57752
11086
80402
33304
94863
57303
29936
89283
76756
15085
85634
64666
70365
38204
13002
6362
88005
6511
6732
86856
57353
84257
6453
92618
76290
44816
53289
5522
52736
97775
50888
23259
84224
73306
65723
83788
18986
40933
17889
84442
67337
91821
10417
35531
49671
92400
82827
54676
63461
98456
45823
91363
33684
79698
1913
42681
53299
34621
73672
82191
48037
60734
54186
45529
78926
69392
46358
95752
95530
45689
27077
19914
79850
31640
35165
57292
43724
97723
6492
14687
98549
32301
91037
12216
6158
25995
56874
3282
18520
60344
17503
65230
87726
11814
11478
76378
73110
91381
34805
99120
80451
95801
64432
22197
63178
66515
92379
1090
51070
64418
1265
18815
54698
30642
64154
72907
7243
31858
95708
27833
77448
79075
35105
42132
45966
4973
64801
15810
28012
20140
11660
68167
18056
50919
5366
62529
157
34977
25663
10384
84434
5416
98814
79704
77207
35723
21642
67263
4158
41929
1252
21393
6900
29636
90372
80740
44795
53013
92510
82005
76261
37529
36432
18193
27727
18472
32652
67952
76632
75494
73053
8795
83580
61619
74199
3214
78097
71197
36736
90617
29373
54933
1972
76864
84978
62463
49594
11011
33992
80162
39041
90744
88853
38624
63701
94067
44779
11168
85636
58343
16878
93735
4040
60423
26896
78853
82609
91750
44363
11339
43312
19292
11003
25178
93218
62761
43829
79702
5591
88660
44360
22394
48478
87277
40335
44326
90095
21393
91887
78899
25140
14731
65587
43654
75381
19447
85410
56323
54463
99874
21018
34137
45008
5389
97131
21947
43169
60368
56242
25455
62608
78748
66928
75807
16713
93849
81319
95789
37425
16846
41137
82020
77871
89918
3516
80585
71415
34095
55398
26608
78133
31207
37777
14539
49650
50703
43554
90494
14629
95865
57628
37165
56505
50078
69077
80182
32951
9664
80273
49244
48400
59246
68259
24568
63817
48518
54973
62740
65060
1524
719
10930
79399
5849
72164
66982
38123
30535
17461
89157
9890
27497
85480
65397
86662
9663
56713
61283
54266
44742
21699
70868
38624
21686
99386
30739
64791
67526
34632
6473
30605
99082
10227
38667
84745
18140
9096
48205
91246
65817
28054
93493
60365
93122
39753
52874
99530
82594
18657
13994
55048
55280
37102
77339
26580
62506
68234
26585
16203
33601
17012
59150
91657
80948
77476
5664
15983
28469
73360
89221
67440
74055
22170
56401
92120
43625
91539
81904
32954
93612
37201
56783
91252
96544
77896
16692
1665
79213
63911
3342
19867
82653
10674
40230
39114
16567
81048
16917
19662
34726
36560
22160
72997
37784
43317
24575
99705
5890
81851
99307
63081
32449
64524
77941
90482
9979
39332
40131
55738
21252
91045
82197
10841
54365
24280
67254
35237
47286
54465
84398
9560
57684
82493
87220
46656
70062
70171
58113
48707
64337
66804
91488
12044
2628
79752
89633
89590
62437
57175
14156
18132
61938
33112
11635
27
36196
86425
33697
16685
15606
71188
7374
78563
20483
46987
48948
89622
91821
67552
88220
70250
39322
52915
20657
58231
17561
62808
51703
30805
50435
4468
92820
37827
85852
50100
2700
52564
26104
90026
55371
40247
30874
37445
58811
89026
80408
50764
61813
93531
97467
53336
30900
80450
49506
64331
96741
56381
2117
32560
90714
58209
60311
99407
28414
36379
29733
26541
7524
40089
66492
6846
34104
21879
89351
32841
5206
83465
34645
21239
10521
11970
8409
92310
36844
79231
36491
63696
55709
78515
5004
1763
70512
68976
91527
91293
9583
57071
73426
2934
57790
63388
94996
44810
40908
20321
48960
42449
30630
73740
61984
58269
48678
80896
69581
56912
64618
39510
11802
23191
61023
30093
32977
45350
25307
50485
83029
59473
21513
17524
53511
94021
60927
34450
19332
75457
83724
83208
25706
71284
96078
50560
91323
23444
30432
15304
15643
13016
24624
57497
27764
147
11502
70655
30457
71054
9696
39492
41127
92256
15314
44061
25094
3020
88939
57840
7087
2295
25467
50336
8297
13765
68433
53239
51404
85904
56809
89392
94630
41795
93539
78910
72603
44601
35822
93340
30023
83245
13090
98001
33951
75037
1358
91295
28054
10144
10502
91593
1467
15649
90430
54015
47264
23800
68404
96263
181
64643
47751
91082
50611
52038
17766
51704
73109
29660
62628
41592
66560
69240
40135
96720
38371
62173
51807
10766
70617
4246
11924
56497
50091
26771
33560
62103
60403
76352
39003
3267
37308
56292
79773
96522
39877
12179
89247
71067
86916
60976
26322
19337
94983
76931
70001
31574
37141
56179
41579
37501
51987
39680
99736
57596
8803
31839
1869
99901
81895
73011
47466
81471
41539
92068
47440
98821
60865
89151
90160
20123
4238
94570
99423
87393
35137
47586
3685
80502
82971
52435
51317
74689
96649
3603
4727
5022
96903
75355
89537
29188
93152
44707
93252
89071
78672
65753
43299
40399
50314
23294
44574
64524
20981
19293
76940
2420
74993
43753
68167
58723
248
94994
23265
83694
49727
57539
18549
45164
38075
27067
52440
44481
11809
63845
98543
57544
65222
9079
59738
87004
23973
61028
57229
15715
39551
25630
85439
76696
50076
59371
94107
34419
82607
96003
62804
17463
33080
89380
17302
11288
72867
23697
16375
4424
47982
84398
88461
74204
53576
50704
25657
66975
70965
39941
41024
60659
71854
91968
29659
15007
77413
14302
68644
40985
48294
64346
78417
61169
76921
6953
48509
31672
89571
24212
28353
84172
69613
27888
86498
19681
7484
73563
16004
54061
88927
31636
80701
42000
4584
42743
31108
3197
36785
78229
57959
64170
73120
34380
98140
50832
14053
91080
21423
89887
8416
64469
52539
28322
67775
11808
99668
32938
62533
75913
96128
33721
74695
69703
88998
61294
52239
52984
84094
73832
88259
28035
8712
96856
46625
85645
24441
62695
65985
75732
62609
46369
4284
74474
89127
73885
10954
25810
53445
45675
64391
26992
22640
43801
39407
19088
27936
43361
19593
61207
91150
43634
86080
21981
66411
81305
75020
62671
51117
715
24368
18496
58500
8370
62620
44071
92587
75699
21298
64793
49146
31704
4614
44612
9913
33278
93630
14245
57167
40061
84601
61414
46711
56975
96140
34392
58196
55519
23687
85768
49435
20208
91607
30849
77711
28487
92100
20415
25419
83638
70650
28011
20151
5573
36101
32760
24157
46335
9718
5976
83926
84503
10883
85211
32894
70325
11690
63750
74310
85184
4565
45548
85480
15017
16793
37100
98548
88050
3192
1062
96809
73210
13031
26011
77856
68871
4362
93984
55714
55310
19612
58814
85338
62657
78762
32202
5
10037
36159
30236
81286
99727
70394
39374
53910
24491
23515
3827
98040
21673
27133
78961
4107
93365
75260
17116
56473
93200
89240
48945
20812
4512
22579
8043
52447
19057
60340
37670
6322
67334
98798
97614
17464
32193
39386
55074
28459
5866
288
67179
15359
77599
2677
95635
39060
53208
29310
53636
82149
63414
29747
30750
25181
68328
12031
99956
88361
32730
33252
8675
9897
88634
88379
2800
69280
28648
6617
83997
45194
59161
66509
81608
74861
39336
83141
64512
35240
40410
91985
92197
55401
10348
43007
22939
22555
54779
63237
9994
44476
41680
38462
44598
37868
82950
68779
40598
97185
94105
87739
12146
84280
48301
50085
15518
83526
61080
78514
55277
41868
96749
73624
95572
59753
1926
60896
68477
69609
56077
56457
93188
96347
72199
89318
9746
87681
73694
79906
8947
25984
42569
67652
89718
37335
94874
56941
1057
89901
51844
21630
44590
58947
39814
66711
47685
14504
7416
91610
24279
57547
26386
42734
59637
70219
98484
95712
25003
9579
54965
85923
56509
84801
50891
45016
98844
69517
98931
86793
65412
64615
22430
31055
62421
98801
45625
89171
61996
6540
38295
33521
86750
92966
92125
30649
87953
31216
74377
88560
27894
86414
88480
76115
92646
9576
63923
16315
79608
87326
67021
91740
48957
60632
11932
18151
72057
21499
73625
80144
52125
66263
93077
97609
46501
51581
89474
97485
27275
34766
64604
6554
33447
43791
39570
47637
83396
15321
23605
55761
7103
50188
18204
28298
86654
95076
13552
56268
11115
35043
87195
85041
30444
2446
80648
82183
12193
17716
83479
72303
19001
23337
93408
3362
32656
90225
4769
6318
57001
43479
12869
52990
24868
69533
9875
68600
47389
45390
79952
26816
84481
34863
18418
44026
50669
84981
63907
72525
81797
62064
79758
59778
92621
39236
96457
66156
73512
24120
76574
82049
99210
66471
59960
77414
62076
53524
14535
27050
98188
46939
42384
78409
14
38883
24595
592
27476
1007
81914
41888
1221
54259
87004
52299
81276
62596
88267
19996
95968
68872
85344
96819
5308
81805
4736
34958
92634
4694
27051
73187
95552
74127
92994
30185
74407
12833
43730
66391
87540
93537
41409
79300
99286
31971
72084
82830
62363
1901
67482
94486
16782
5606
60121
47336
23793
45133
9043
51448
10738
30533
75700
80136
52622
57550
50107
86310
30879
94927
3395
38866
26531
6159
54125
477
46539
55748
29451
84270
46780
56867
54027
76286
19237
23349
82942
72995
38558
13002
49188
97449
13753
74279
65590
59260
96968
80891
82896
45603
99723
56048
48697
89606
83059
26589
27120
3792
8664
49304
12341
36751
47956
1161
78577
23896
90842
10233
96674
87496
10006
6313
97767
8934
52483
24064
87493
26628
75299
83036
90100
40579
61630
26601
39977
7382
34938
87247
15264
23807
85362
80293
12869
6966
81271
57604
7679
2888
16864
84151
89978
48636
21967
16174
40432
12913
88770
42258
30132
95939
43122
39923
34362
51500
44812
28061
67718
30151
79690
30088
44976
15407
98541
91919
51088
8135
59608
87544
52011
12339
72780
11602
66618
89859
20252
65053
31060
16207
71436
91427
55992
30302
6987
51621
97913
2657
79370
52944
6373
60668
2776
30350
12692
901
96795
22200
45642
84709
19309
76489
44872
86427
3377
98702
28374
71744
57008
24794
98213
35653
83061
78582
47876
22360
15201
90901
46690
66374
72747
33126
48922
91194
62776
82659
74720
31363
9203
28806
31750
86900
74953
17563
67339
38181
69955
23216
40417
15383
59425
75464
59193
38613
41584
63343
35341
2454
17479
75273
28394
65598
60676
5636
84120
62756
766
46059
95464
10959
84582
30460
38777
15225
90079
54737
32966
87190
49591
69562
26640
37453
89761
55660
97955
55749
72753
69939
40935
4059
42259
84163
99110
67855
44616
34092
85300
78783
97470
53292
17856
68203
27242
74046
17014
9592
7557
93072
97135
55248
53440
74034
65686
32582
76902
98922
87095
44343
17261
75685
91846
77388
22807
30376
81960
43196
53739
62213
90914
40719
3659
28040
77693
59389
34547
32753
93235
71924
65069
52380
76889
74904
62515
1916
82344
92005
41122
65382
55465
50929
47095
21545
33117
76620
95721
96828
37990
31753
62594
88368
16758
54358
5755
48196
21938
31527
51091
46264
69794
2514
1068
18713
82840
14995
82499
22234
74234
87759
6730
92228
50797
60949
45507
52004
6272
26112
75259
58370
36371
91642
80480
70323
41699
88987
93601
2628
38227
70287
88225
44823
74519
35317
62199
75754
21312
71907
34276
65362
31967
89383
40626
72103
64312
64073
65382
24185
96805
13068
89378
36192
34947
40115
65690
89393
72253
43712
81680
43020
22932
91095
27470
29810
68616
17794
39552
32148
97861
75950
28907
72583
45548
31698
46030
50324
83037
37359
16627
11692
79774
40947
71474
71896
96587
89528
76867
90062
84442
46474
18045
12863
91241
64293
7536
3598
72646
11708
33436
77787
72795
98038
61964
