42132
1482
41860
84590
55370
91555
13493
71060
74871
63949
56736
67411
31787
69373
33766
90905
4291
17409
49030
46556
86140
3812
87973
14931
62051
92160
32781
73873
73640
64832
17233
24319
18161
42545
28142
95252
1003
56165
30988
91603
57243
60707
51780
3842
19698
82958
77565
17250
89151
31440
16495
22160
38878
63491
46568
6999
51406
53373
18156
73519
66400
56885
23031
91318
10412
36726
88094
60105
59614
53183
74580
38720
97293
59796
26696
45251
12236
8068
21388
41453
88378
83640
87888
86140
5332
80469
77837
26385
95722
94126
81374
84842
2094
4554
25000
95129
92936
86413
40250
96289
96231
61765
20175
31469
75923
76244
72848
31981
84382
18484
34807
94285
77849
23980
98191
41876
7842
50062
48983
52534
58586
37578
82021
94806
36309
81010
35719
93916
70315
88555
92740
4367
97291
73101
81025
79695
10159
7767
69920
88241
50923
33874
13827
22104
53599
15424
54318
39020
98220
2081
73899
97786
35203
20610
83238
46920
19609
62946
86457
53651
6711
58754
91010
63975
91853
38601
94863
67674
26375
41137
88316
99973
7095
49778
28084
71328
92658
66728
90227
17817
54039
51427
27564
64049
73225
37483
24838
72755
81918
87758
61185
72242
64625
21128
50359
5982
56530
10862
33725
95682
45948
97815
66568
95549
73927
82919
60781
67867
72468
87448
67073
98959
64134
37512
4991
77359
42352
17562
5864
13580
59817
11433
59652
44365
64348
89392
73638
80967
67964
28015
78286
33883
25205
19163
54632
16428
26590
20837
64946
73563
22186
39685
5531
79041
65277
79875
28167
54728
63708
24225
56783
88390
73981
80040
82277
1271
38654
28174
37429
89750
24561
68833
47591
79417
93333
90931
46656
43494
41920
21442
45128
23125
14328
22722
63175
2371
51713
11945
3209
30639
6224
35030
70177
68406
86014
1919
60457
38470
37113
92982
24999
93888
32116
40536
95179
29583
8095
87186
97877
80640
96241
53360
71763
67005
86401
23587
11304
89322
52213
80045
72680
35962
75505
43052
70112
32558
54481
95105
25043
71212
62130
48509
84351
2681
22218
49927
44255
41875
13304
73644
80041
75789
35190
64195
37334
84071
73963
508
54946
59273
81885
35012
83529
32732
86051
72183
74610
45797
86681
43011
85640
25023
52717
80053
96579
9332
21974
74531
69126
89975
79492
30453
4609
17409
22770
9712
47094
78215
35288
81345
54201
89972
92317
56354
88560
3240
9610
99148
96794
52972
71386
54265
82668
88625
18221
38004
51062
69029
21916
53536
19460
61329
93510
81538
35425
33873
64297
12811
630
46640
56653
47750
5104
40672
96474
19963
25152
13235
90537
71229
88188
75418
60152
28918
35778
3799
3447
88013
67452
9824
9696
89425
72575
79603
2404
28933
83629
68304
43168
10472
73403
84920
16526
63231
38189
62624
61111
65666
13053
25650
86342
30720
87995
59584
62296
1775
26670
97509
99952
12468
89913
1786
89383
42379
28537
37906
87968
93684
61226
7219
96921
52506
89128
58065
63070
56129
41971
69577
39352
88204
94829
41271
44419
18728
81821
44724
2909
53720
47446
85551
10745
1309
9905
58951
95476
98882
49654
89602
59103
94434
31354
17357
56186
37334
95906
46737
83266
13791
56966
64814
85250
66412
97265
22647
32901
85705
64485
64393
63723
16516
3483
4009
41049
10493
46760
99545
29003
47561
10075
82583
96869
16227
2754
87251
24807
48624
62125
22986
50750
64365
43690
30083
95927
28407
35439
61286
27823
32279
81463
1588
85126
33032
25251
43047
42451
42502
40450
57255
21040
34901
24363
87621
97205
98763
35399
24152
22850
78011
76108
19377
36342
67903
33763
83645
15581
5921
17611
11736
5351
3974
21591
94056
3859
90807
5714
24861
19594
78158
82019
81570
16424
40762
31467
97216
82708
51342
41259
43120
85265
50572
3907
78587
60814
15209
27957
18448
18008
10173
63848
68960
84655
20010
90281
25946
48085
78343
46667
85854
51907
48712
10927
40128
37718
17419
14271
91483
48550
85377
81780
58640
41656
20022
45175
76250
57513
50464
75460
78606
36522
60416
39947
28948
83404
3160
52241
87868
86385
49322
61491
19328
48930
6408
29930
44725
34782
66653
19818
5356
90031
22646
71172
84747
35353
13839
16364
44419
84780
66998
96308
28589
35929
52254
54135
58022
1890
43683
16339
56005
19657
91316
5069
4149
86090
37218
86872
10131
29061
11171
98768
60934
55715
33025
41461
72666
35528
15653
82729
58907
63329
5162
78945
66473
62283
54609
16460
19764
17151
28339
3143
57763
87962
11070
28530
72192
22986
77789
89425
65486
56914
65654
72220
70677
18683
44493
96771
29662
62104
13318
72066
20538
5044
12840
24861
43484
59802
89852
68792
76135
67168
3893
85366
55426
98192
54505
67084
33833
9268
62205
23872
53437
33342
23648
11235
78043
57266
11790
4233
19945
86129
60308
41345
41741
10467
9075
1013
41720
51071
33309
17600
91199
58330
83869
87718
83819
67306
56243
51093
95046
24469
1629
18390
854
69883
30257
30160
78055
60157
24454
57881
5504
18376
69427
2202
62743
45954
41263
71262
33632
1712
7320
9526
87584
12321
68303
81996
28705
18619
78208
59362
43070
39264
44831
743
73886
21436
60238
97685
47069
58894
2555
38986
50310
98576
82022
7872
38525
43077
41728
1931
56792
40703
55056
75471
73358
14250
85263
76220
7912
93304
78771
87815
38388
8137
1736
4422
93080
46390
23898
38567
34211
52539
89968
18477
35231
23391
58226
90664
31427
25441
32747
80625
76197
73344
7945
48671
39212
83879
71041
92584
78884
23636
75184
70488
92651
53092
64092
35271
77128
99100
19098
54682
59707
33558
9768
49336
64751
76806
1754
61991
95372
75624
32914
24291
75722
28649
4872
66010
17312
84398
72681
71687
2042
1604
64316
11976
78312
94885
31104
96382
39507
91236
20401
83874
16874
93237
61929
29118
35003
61404
91907
89103
40702
42576
53850
81877
95403
97452
39568
10740
21612
81618
27244
19690
10572
31868
3259
40461
35055
10080
49142
13088
28891
34879
34628
38418
71764
73579
19606
7156
93606
19475
1072
32501
6971
91020
51080
24348
79628
23197
25191
7616
98900
69639
25036
67303
85089
80079
62704
21242
42531
53866
56420
30689
42599
21796
60854
15872
82813
84268
33139
90829
93524
18528
17542
63821
83656
56720
16190
80235
71154
46962
3438
75796
79550
34369
89838
2514
83770
7442
74783
23554
42730
55862
92684
65108
32856
17157
18700
89535
20040
31533
48995
31102
58858
92054
21128
7915
55177
96593
52098
91254
68864
8925
89099
85091
20748
32565
73911
18909
30205
29561
70029
31546
24870
67224
93748
9933
69748
22135
77289
71298
98587
13952
20076
76314
38987
48458
82331
50947
26529
73601
95254
98994
60282
69490
42786
800
387
4950
809
33983
54829
48952
57854
92183
94524
62500
38462
76257
62398
69197
21682
35871
3000
11931
98257
34165
94779
656
28770
70793
38646
22038
49888
49779
70661
34022
93558
50144
52487
45111
26761
41257
43118
9954
30741
56363
88912
61966
78640
58083
20474
35324
87274
2920
87491
60465
50998
22084
91390
60059
20706
752
19082
33122
20130
46956
54116
51949
24332
44568
38812
64110
97020
83345
73861
94603
62903
42507
94661
23178
70476
14183
43116
86040
95190
29650
99650
68406
92895
58491
19353
56896
40991
33806
51362
17211
90658
88657
48507
99355
74471
5402
9190
76270
73604
56939
60404
91849
61575
40523
91616
51117
9048
73634
11705
92084
43066
77649
34839
49950
59536
7852
73199
88435
79644
7349
63297
20916
66850
3926
25199
54179
86924
63643
98024
53643
21543
73321
18466
20302
2090
40127
84645
66857
58646
94280
60996
38534
93049
41113
8391
39101
78061
17581
11204
9895
49213
97659
3149
22722
16296
72432
84322
87610
90782
28495
47879
79642
1095
99874
35024
29998
28163
32251
61496
40116
75500
24747
70449
10335
728
47454
45910
8
14618
74130
52541
73393
78408
43890
49224
81623
4407
44435
61274
31732
28386
46378
45351
71341
87658
26279
82020
70271
19607
51155
55005
29377
22557
86689
3109
68406
92218
88468
73128
34737
67579
87405
57437
52965
18270
30863
41911
13320
62194
9746
80603
12420
48667
14239
22379
4730
59282
57006
61953
38515
10793
7866
31351
40612
11244
13406
44547
67549
94755
5647
40225
54222
4948
25205
77448
41526
10277
19622
30910
4970
31807
16001
19239
44031
65166
48740
67961
39444
32005
99563
171
11422
91006
95142
48075
8049
35295
4917
56655
68712
86520
22402
47588
64882
63881
41371
88738
30137
19809
18539
30433
73840
62465
6997
84420
3800
94751
91500
5299
79151
81030
28081
3654
22518
6490
85641
7325
73405
80601
59546
84334
56589
65373
48675
2262
16529
10750
23157
46416
91906
27765
87730
38659
97230
49564
21025
949
35332
61008
72106
81246
82367
4056
40788
30007
91341
28032
1625
44273
41882
12670
36418
91490
69790
83989
97860
46907
51487
65208
99607
52693
1028
89446
98479
95977
68056
24179
29401
80446
82743
96584
23540
50109
59864
8833
27401
41185
46103
85652
75976
27115
52990
54578
76224
31697
34479
7685
76123
50262
11217
81017
32660
82581
52692
67927
44214
78551
41826
53036
85938
81700
52005
75593
22652
91766
4271
59204
97699
51081
99882
70715
21227
57646
91644
9816
74921
991
28822
54992
84026
53773
47929
78310
71168
72469
72838
18349
88250
79729
7393
72522
80127
22186
72129
28632
48471
87659
57207
90660
69078
25137
3928
86905
53430
87199
83272
24694
77328
25326
85477
24443
92438
12418
59117
96131
54928
97047
25005
46699
30385
88410
30856
63985
3157
27860
98016
36920
14617
98401
74019
57351
15287
37343
85333
1329
91325
80322
94614
83055
41897
77348
39376
40585
94275
60890
59776
49237
63383
29249
74334
84918
44845
11863
43370
50501
17639
52359
80437
78221
39670
31964
11593
12112
25082
66678
98294
97319
14132
42875
85819
2183
76329
80644
78957
84319
32405
21144
44838
35998
48937
53943
32301
42385
2500
9964
49277
14794
23817
18118
94037
31772
22466
97120
28220
16067
3825
49051
41487
9121
5327
17997
35529
79266
77059
8723
30094
9761
87040
2594
38355
17859
47643
13691
27789
39137
31720
4701
96372
73220
27600
8661
85300
38761
20753
33008
8433
68676
70546
83153
70804
40032
7873
93661
33622
40932
55948
71476
74311
47314
88344
29210
85723
35433
7201
75571
55123
15466
77966
37582
48260
38199
74256
68344
7461
68983
5847
54769
14362
81815
61457
46524
98328
64331
18272
61743
77749
74161
68951
47307
99693
56790
4881
39141
61587
25074
77869
64643
32082
41487
89450
84066
88031
18471
65691
67732
93630
75755
33224
91655
63949
90656
32705
61760
68432
96291
53695
74215
74010
62157
4952
860
69716
34034
59166
64071
73614
10468
51510
16589
55007
50260
65040
99550
54843
76984
76103
11020
53328
28072
23703
8502
35676
92227
33110
7522
18223
41103
59825
98025
25081
50653
52676
48299
57488
85834
17173
79204
191
90913
30829
80663
43758
72766
77300
56966
79114
22830
36744
76388
85234
76307
27866
21569
98269
55364
78021
63333
67947
49360
60971
83448
53286
51875
64238
24541
16148
41985
37640
34879
52924
39215
15944
76388
2003
98321
63434
63102
52514
48238
51761
12864
17110
64335
50115
79502
68803
56455
58561
31885
77493
82381
14402
36793
94773
80836
15019
79797
31029
15515
66413
56925
25880
79920
33722
82328
83713
14832
51109
19370
43734
14074
13974
88357
94640
40609
90567
4063
12130
37520
19295
62430
67460
1224
6952
99024
46875
27396
23694
79960
89734
87486
17622
12290
85992
28106
69976
47800
40397
96512
88667
43053
67290
29463
37260
61494
62870
50253
11994
14233
1423
57379
89522
84381
20778
99237
25042
65217
37515
95239
3179
52649
17629
38059
70968
61650
1150
72032
95381
32871
11018
2244
79390
33004
65411
65449
58054
86392
31130
75158
40945
93727
36380
46916
95566
25645
18076
56425
65076
30063
44025
25682
89975
35212
16780
67560
21255
42705
40272
85525
25062
56841
23469
86817
14500
30411
90115
95477
64153
8525
46928
87808
46750
90935
57151
92023
46824
24818
35373
24759
49954
1248
52249
39335
2533
88517
33831
16633
11319
24098
45648
18831
8382
9602
4138
93882
81279
5774
85808
86269
12760
93531
86030
5936
50933
45923
32267
20641
2803
77169
91858
80596
38799
26294
17887
78955
10730
92568
51459
74497
82620
88138
95508
80817
48625
18647
53749
39764
86276
75544
2877
80934
77719
98053
86086
24426
32748
33512
58644
15588
28387
58125
12831
75332
22673
3637
31647
19203
87193
42506
72276
2661
25578
4269
86031
72606
73012
97195
76577
66418
84455
77678
9918
1653
82219
87984
78220
82641
34294
66122
33710
67973
48333
33386
4360
58826
49979
21635
2990
12177
16903
95614
77261
32264
16756
64047
89110
41500
14362
66210
61475
83353
74365
76852
