41570
62871
7395
11457
68309
44729
26798
74859
60262
46163
76745
22345
18654
5240
89939
51055
11911
85255
49602
93764
41643
85308
75608
25855
54346
59171
71428
62730
66487
37512
80178
86889
50960
79370
37552
90836
2808
54574
63518
81631
21266
96527
96786
29339
39836
59026
50693
30069
50246
33560
8701
81692
60237
72877
24471
94688
34329
65406
13488
8822
207
9864
45233
99352
22804
76426
64981
29929
14399
13020
45689
66422
22648
63481
49439
79864
51571
88888
51902
28566
35172
87705
45513
20328
55486
27802
69338
36054
54220
42345
19771
10238
30218
66164
48689
49013
15809
34748
97190
59621
26461
93000
47569
42484
6349
97206
996
60901
77175
45804
28914
92920
77813
93613
11611
44908
65392
48167
50485
3877
64407
11913
96217
44872
2652
76977
78983
74308
8779
70211
99158
31979
79240
62774
23900
57725
16740
39145
48310
5477
49947
83603
7158
55037
54670
40600
96038
1677
39480
19223
76637
2737
26639
41376
98077
52568
81176
12035
35685
55848
8711
45668
27610
16639
22450
98410
99565
90645
29393
97910
80393
57469
15829
80145
47740
82122
57666
75967
54944
71887
28522
33903
5252
3934
36903
58004
68283
9105
17172
52590
77953
47751
52776
20001
33286
91655
63057
31432
50488
23872
29001
40034
85297
37393
52152
45482
92378
74084
86981
64228
82010
99541
346
72243
1312
97488
35667
98536
10249
50072
25154
65429
77806
43876
1987
20288
25869
23461
59095
60883
1234
40898
12863
15376
15169
12644
73239
93409
2307
3246
12140
1997
59627
57155
36124
26823
67364
1771
63656
47873
49497
8465
95832
42014
3712
8228
30635
54980
6916
24957
97593
13136
11949
85952
76232
95492
27406
1435
31975
3771
14763
16171
77771
34110
50853
66206
52739
87119
64644
58132
23226
61634
84447
16638
81704
48331
61835
54729
25653
95474
63550
820
67596
49763
255
79772
6871
81250
31148
62937
79293
26140
42502
81569
59380
36089
39421
21002
69157
53518
27476
86925
81499
96175
24145
7526
71239
23521
98403
9400
59732
18829
48400
40109
19170
26928
50586
31227
12417
8943
97294
88418
99499
59784
9129
49362
98398
67044
92294
65354
86292
61193
32264
24763
15585
6124
27713
29259
99113
89219
25149
89205
80028
33337
85710
28813
19407
48122
44020
88481
73304
72814
55625
31420
54470
44195
25574
68420
54522
39842
37558
94691
43590
15396
27061
39522
83200
80190
5604
40817
48802
24023
93292
59524
68738
16186
14635
58744
23337
88550
24608
69651
59315
95139
22736
552
5570
87536
69683
88410
17214
92536
50398
7192
68973
87555
99373
13991
15243
97320
15021
75805
22054
99615
5059
64905
84665
1268
76957
40017
94659
94617
51603
16659
75459
83795
98840
95117
75251
60372
41539
49239
70974
13545
66997
80366
76574
6441
2662
70796
21206
19246
20913
46995
35305
14720
55512
98185
60310
11788
87253
58940
75985
4116
57375
44934
4190
49953
79029
68748
70028
7187
85418
89217
3404
80665
75693
29352
21357
24603
92147
65974
30998
70676
34788
24662
15679
39774
97439
46662
81836
75718
2218
26910
54182
94366
5690
14417
73176
15153
2587
19532
77731
41425
7612
91739
65183
8556
87003
10795
70702
99997
15528
23818
98654
90463
82617
21098
40284
28604
20202
11237
22671
36996
37838
36347
46296
65497
6614
32886
39524
78503
96637
8142
26123
76561
9934
81513
56456
22630
28082
22906
96405
67347
45722
25898
95299
84882
70693
96084
26035
88000
49774
96938
10932
65932
32886
9526
96921
68042
31785
96955
34166
87720
94319
569
97559
53272
850
79439
99741
26956
68871
154
52822
57408
21339
55836
45752
35537
13275
6904
79129
48876
46368
33018
15886
65345
98645
72692
92383
18517
37254
45250
2563
57719
10823
26287
6909
73706
73246
21488
37362
82209
3502
71439
93669
75146
12833
98242
3441
11265
89009
73657
27747
13573
8787
11607
70130
8615
60224
86584
73788
55518
17505
18449
5566
72920
79479
40884
66319
28075
10757
68946
921
75754
48922
47483
18358
56627
8958
95298
3555
83717
61017
60188
81699
84622
90843
70407
76211
91715
20587
89670
66885
69353
1647
84330
71323
88047
29364
71437
49730
13887
60731
33592
87081
36362
13248
37125
48188
86720
16328
71966
21793
28705
44007
84772
42606
55181
24492
14060
48965
66199
14281
59428
56078
72185
99010
96723
85327
47233
53777
926
58698
65737
31988
79782
21715
57413
50516
92815
44653
93621
77394
86140
25824
49465
82224
13718
39128
15524
22330
44972
76893
84298
51183
41043
13611
25363
68688
6894
82446
16081
73059
49866
55259
23022
64868
37696
83213
66623
50569
54206
88411
38773
1521
98367
34227
36626
25352
19317
63669
68376
37753
49161
82766
79677
51825
92282
54672
21723
87532
76129
31818
33924
2750
49813
47049
28338
56896
28074
43083
16828
13460
31637
75227
18213
49079
66506
19086
48207
31619
33286
52377
11245
53534
75209
90701
5590
1666
26587
96720
43316
94922
4271
67129
77148
17973
79492
19336
80153
91546
49064
18528
76129
62761
44312
46785
55529
77690
58083
44998
26324
54388
2925
97432
45831
9819
68238
57869
43288
84375
94362
30273
43300
99518
28636
29871
62847
72221
90907
41324
32518
26408
74559
93280
6385
90555
78252
60481
10021
6892
89453
55502
52166
86768
89932
20870
85257
13382
29694
43491
4295
15812
24124
6486
13933
64668
55243
8927
92464
45066
50909
31944
81759
797
47345
81216
39185
75935
49877
94095
58237
30499
48076
14171
35784
6058
6538
13398
90264
51698
99451
93409
64583
40668
38308
23618
33460
23096
25826
91261
21300
11567
38159
34514
198
49933
32803
41875
7459
51529
38422
51071
90708
14674
59843
87456
80638
61752
25097
51102
19576
4627
14667
16670
96381
46164
61655
63002
15453
1063
804
41630
69902
7905
22836
34524
26048
73164
85657
24301
41869
92588
23988
8229
98415
88973
72216
69617
28236
47019
45133
95376
41933
44574
72721
4715
13644
36512
18713
38355
35147
40988
79925
11637
6594
84116
83505
68060
29264
61583
9975
60899
88243
72349
14546
93013
58098
28777
13230
16707
97655
26330
31963
85217
45946
50597
87249
93534
98809
13747
76749
12831
58244
48011
53337
96055
93908
71291
57673
60772
53691
92264
83169
89608
8023
56304
72917
1283
58241
61496
21033
35210
88802
66679
45463
30982
27972
45598
82862
90443
59558
79074
26839
13075
83178
87848
41267
63767
67785
84939
31393
35465
84230
83789
71356
93393
48831
62744
36480
15714
5663
62288
45517
1752
27729
92247
93252
84145
28752
61916
33902
87205
50521
9761
77660
76419
31138
39399
96841
23401
84452
40920
58780
19423
39347
34737
43306
68049
14382
93034
36856
79208
7378
60963
87774
99107
28521
73485
86599
22999
13471
15539
72692
41568
43221
76675
18272
13315
69679
98652
32094
45346
32777
94965
57055
22234
57798
74408
92112
40029
55464
31930
43137
68903
98460
85575
80832
19743
11692
74222
73571
99884
2488
90487
9124
10545
6239
64413
79142
84678
51383
6524
72534
18453
61468
41943
96910
9582
6917
45574
55443
47175
25682
66683
57917
8852
63425
847
71735
18367
73760
49550
58556
53412
76285
66396
70690
52107
39290
70434
96755
78114
31388
91513
18549
30423
75522
38706
17452
84015
37938
64863
10805
34886
76495
7010
85939
83299
85383
66928
79495
81079
96969
52673
97144
65874
49332
5334
72082
96866
48330
88551
89034
68234
38339
89129
35359
31931
78334
88569
56605
27089
46546
2600
85756
15180
49731
27618
69989
88616
23280
27580
87092
61756
75593
57946
28312
1996
34527
14522
66872
51691
89043
85888
21776
21137
22320
23295
68057
42677
84948
63841
67718
13895
11273
50963
24874
92141
74803
24176
86839
2199
49634
65865
78530
33153
84294
25581
49283
60165
76546
21115
99832
77082
55130
35265
360
3117
21606
50063
16005
71994
11785
40926
88107
58151
55355
918
89925
99325
65281
11968
73966
90020
65407
91145
57109
23482
10212
19024
58490
70416
10371
2765
74038
60002
67682
37277
36119
17168
75595
14254
65032
99613
6688
24419
12047
60483
53739
3684
35023
38129
69235
54342
99950
98435
28203
79122
8753
16764
12645
78453
28644
72195
52228
99428
16726
44119
89231
16041
5280
58191
54657
30030
998
5587
20861
81893
60982
7409
28958
24625
11214
77181
2573
13717
34842
68296
72076
53879
48443
89595
62831
45073
95075
24400
1258
95412
29116
59277
9957
71928
64328
63294
19821
96421
75491
58479
4772
34967
12901
86083
43096
1810
31588
1747
85201
3458
11383
31430
22404
61324
60757
44393
11301
28951
90523
40492
8185
35505
98508
86361
73033
38784
27122
15377
83026
18533
87491
69061
78650
46606
25152
51630
60381
40377
407
42409
62085
93120
18888
64019
73464
998
23524
28124
51691
74812
29809
59659
1877
42160
47178
41519
37534
67314
63843
7228
48150
29124
53643
36874
10594
11870
18314
44838
75057
19132
82634
37395
41580
14564
91762
5985
8236
96439
25580
82088
77542
5972
24584
10337
17505
17699
76250
61185
51560
96613
27103
58899
99771
66805
39773
62289
71168
77595
55400
93247
40695
10925
73952
72292
53259
56034
12440
4581
46308
42165
338
79072
88377
98930
13381
87778
66242
47584
62720
22821
40908
99019
67177
97482
9190
38253
33854
495
59129
69304
27389
48141
66676
98914
92959
38960
41253
73454
88831
87508
37795
7443
20760
53208
86888
1515
5388
80578
39260
72346
33217
2927
44429
98649
10885
53685
20891
69758
82099
31927
5519
77866
37870
70340
81516
28622
24778
2636
6014
55099
84554
64000
81582
47493
95683
20965
76343
52755
74112
91125
87859
60581
76447
65106
48591
63266
7576
6343
52478
75486
60830
7325
81608
86084
43070
68247
14307
64677
52261
90123
85370
70781
54494
86270
26057
55135
21880
11194
96267
7933
46533
86766
19659
32374
83327
89186
83190
51579
26182
60086
31666
84255
82565
92886
1544
73275
23698
70236
92060
89020
22259
53474
16701
59946
49502
57154
41336
72693
43129
51724
13063
67262
58497
66915
54567
85663
38374
64980
18151
3064
84786
70932
75676
97495
5162
6390
98034
76131
63117
29157
38812
52837
1370
1924
87468
16852
44655
63520
59519
5980
46796
50542
12431
27977
74773
55206
80460
89398
42550
6971
54181
14028
13025
70454
73088
54777
71411
69775
88969
92976
39092
14024
92519
33494
81213
78501
34154
51152
2068
23179
19137
4198
63635
13396
46728
70868
73479
60429
3230
79629
85492
940
30868
23500
67126
23409
62818
67001
20866
54583
51668
13493
91051
33815
52641
16258
89536
4890
45916
27313
73618
8505
75747
70857
78068
74227
2357
88465
76923
11562
27361
4154
16485
91642
28633
3596
41302
65687
11781
38924
48477
74658
91828
55366
31733
11975
16590
95485
20039
18134
32997
97676
72813
96125
4137
42488
21553
82142
20218
64020
17876
30770
81816
39280
83051
31354
22711
41472
99076
8445
40623
24740
19110
73603
12559
28281
68950
64108
44977
66011
82486
12078
34441
79765
70216
874
79255
49319
74544
28266
21724
41202
32151
76729
45640
2308
29932
71358
12754
42107
2853
59031
50018
7607
94275
24910
34728
23072
71731
6234
83023
35888
55185
70645
72332
8991
5191
11925
50640
23626
38964
16554
2333
30111
19303
76851
31446
72616
54986
65245
71758
75505
94236
20665
7618
14104
82039
10488
66435
73520
79280
837
41580
63921
43292
85728
47218
57631
74031
98707
62873
10165
33728
41778
32547
51183
49769
66324
3203
6577
89003
13256
86960
6360
74478
45398
22997
97914
33733
62804
69093
98012
72560
769
5388
98416
1115
54337
78176
56233
18052
4534
67638
7933
77146
91351
40881
949
70945
12272
21110
77428
99729
69397
71003
39202
84734
47588
81342
62228
12915
34486
61937
44665
86808
80002
31762
91683
33202
58479
84057
50480
51593
8147
32747
26581
94245
23500
73484
55686
43345
62970
35217
59908
52514
24184
97779
29667
19153
54293
32448
34999
25572
31539
3019
18203
19371
45884
74628
84925
55653
73339
27618
29673
59171
22014
44668
61585
58148
85638
84791
44086
10304
98536
38841
88917
78817
80964
73949
5585
39659
32543
3872
30104
59068
6719
92280
90165
98605
5538
2756
34290
1625
92795
84477
86888
32533
27723
4236
82181
25565
9080
2934
45240
28560
90316
72626
48475
19569
91533
87964
94429
5327
55412
36673
95948
98686
53004
52986
27356
46212
44586
57814
54486
58128
34179
22128
36288
42276
29902
17760
38053
71731
9366
79021
35521
50629
45404
2848
81866
7224
89096
25588
56830
38049
8489
63561
902
1968
18865
98775
54564
31441
47430
24864
40030
10543
42118
22015
43878
67603
79930
17788
80677
86762
81173
43873
97252
69956
8906
3207
83031
8185
91208
30217
93734
84550
20691
24090
6201
99701
94687
15539
97152
22523
77035
6180
38652
51130
