41598
41482
8985
37112
71700
74994
87211
45752
7385
97321
54828
4780
54633
42148
48101
8278
63204
72766
46178
25978
29099
18708
414
13445
45864
4224
76758
35291
17482
91151
52352
75484
11981
93729
45749
37042
98968
4061
57737
40217
82560
90702
18204
21803
36746
17470
84744
84487
4526
76462
77754
40797
15927
38799
30750
4857
33766
68672
36692
66762
69111
10212
27839
25454
83387
94207
41275
12380
63908
47565
75406
65229
52031
17119
97111
58087
88444
94931
21987
58280
5577
3182
4127
59339
56732
7961
97224
36602
9295
34358
41310
32817
48166
15677
65591
53355
83436
44791
98000
84267
8059
23030
9661
62120
91355
84943
51490
87958
67969
32117
88794
99533
37433
30867
38004
62904
415
50630
94398
37437
65990
32117
93594
45508
64891
9358
31597
25541
45476
43646
75734
67282
35778
55308
37532
20606
42902
93682
74560
62121
19008
94297
79857
28714
17186
36688
80286
58232
51971
94026
57638
72596
54767
37649
21323
81270
4764
83498
82917
50066
54119
75687
34643
96615
47389
96002
72333
1316
47062
84797
86197
94775
58395
18227
99115
98708
37288
28954
63583
61470
72845
51480
48546
51093
40238
34175
39669
18812
77546
86183
131
4549
41017
94022
2187
95164
91247
82574
55765
99469
44669
79011
32901
29554
7510
40087
85773
46013
36175
22660
39677
7454
40288
49062
40118
43186
2951
16146
58589
30537
97292
56375
56843
55282
82142
37968
47360
2277
35036
75170
36983
62604
61681
7352
1589
15471
38102
82201
79099
87739
53883
38883
32604
93422
78625
86374
25192
71873
9246
57599
40358
83794
47683
88655
84416
56557
98138
87320
78904
91479
72329
18676
49657
49463
52500
8561
41864
12642
78143
36589
49369
2433
61648
31466
46366
78848
14931
38766
95674
34677
79863
52377
32724
77419
29270
80164
53639
61355
34162
38739
87286
82534
13786
31542
75997
41025
9196
40354
63746
20574
15764
40006
2187
44131
80275
50125
27593
21609
86491
46544
61425
97570
24278
18997
23276
91880
92039
43720
53508
28607
62920
34740
25119
9798
82802
67005
23240
94591
25595
38813
80360
21784
65114
47706
81652
5653
36006
50977
15520
4860
29276
76417
54385
19197
71903
95622
51184
19996
82586
70448
54235
38044
85441
31151
80405
35850
42966
39454
39934
15427
47399
40697
60669
84451
44756
15036
79609
45931
56110
27129
24903
98350
47131
53589
57886
63576
23734
30496
38278
80444
9332
87504
98191
72696
34913
51769
39166
3175
82793
70347
28322
71459
42579
39399
39749
42036
34343
8575
43742
3066
85615
33865
56515
10451
43740
49728
35675
28649
13440
66264
30322
81019
5976
20028
60613
41670
29197
44997
26429
47472
79440
31993
76410
11057
74146
69245
26532
17471
96662
27000
59046
20468
92814
86726
4087
41918
24610
8886
71661
77763
7135
32321
23030
24430
49483
97255
70945
50459
44647
31464
119
85498
21582
29115
4360
87395
11450
56143
65311
7959
74182
20667
11799
7791
30509
52292
19655
30372
39825
63883
25720
36058
14488
16592
80056
87753
88881
10023
3943
15305
53076
68085
6959
60761
94920
27335
50705
69548
40062
14799
49433
30706
71098
98909
92307
65886
35090
28214
81015
96505
65998
52275
98336
93570
16495
79928
55835
24287
28589
81615
47771
57797
49209
70400
93161
49281
57665
70384
34520
63937
15858
77716
1335
80193
40695
56176
98399
46549
64991
36080
95564
81008
27101
61153
96841
36751
42953
11565
57572
20838
59044
40946
25504
74340
4792
67710
26185
55909
47838
42345
8355
35092
46617
54383
88411
26267
9152
85897
92159
25353
60633
16102
26377
48638
40033
20587
92246
37654
66600
83812
79381
99407
23609
5317
93627
5977
49687
67427
87636
3418
80546
87816
90900
71355
34169
56854
41707
11186
39258
94939
10230
11148
60101
69229
36434
52183
15422
56707
61324
71529
75889
11312
77460
1361
65488
69277
93936
13912
77720
83041
9933
46739
58834
26143
86640
49896
66069
2685
6666
20187
45032
7676
9130
99476
1701
19321
38732
28974
13978
13567
21167
8446
35497
56710
46341
19774
10927
68460
66083
39029
63169
75086
86008
12677
74514
38052
85243
13969
43921
53430
49533
98185
13551
68767
62237
64531
35103
20861
48186
55416
45494
14513
63459
616
23570
79257
74538
97898
83351
31303
27992
68997
2004
19230
71834
15716
24453
50121
84408
49481
99601
79576
61222
74577
44979
70135
62868
78687
1110
37677
88480
54184
52345
28814
30283
43739
22130
44285
32105
6635
37454
74914
87986
87482
31063
21956
11029
46467
65903
55171
88685
71908
64473
28308
33195
21607
34391
25722
58898
85035
1773
16253
86242
57556
72100
59562
26125
83115
71627
41031
21221
6355
89624
3281
4662
30954
88333
97972
86896
5399
85397
16038
924
14422
39085
66784
30799
96926
735
5018
44413
48428
75626
80994
16389
21517
990
2233
4107
28365
74883
79562
7747
71383
17369
2472
27528
78535
32921
24131
96524
92852
43163
54310
22410
60948
21521
79184
40503
74443
95952
47084
50199
28724
77711
75024
89516
1674
50952
61007
68297
78323
81532
47003
66757
31530
75219
50747
40107
49447
26273
28036
17743
26093
96516
4215
61978
93009
65161
37367
45414
10306
59342
49701
89381
12408
32034
70106
19387
6973
60361
50208
21325
54547
9276
73677
10929
92641
94093
29437
29093
98910
36584
98443
49083
47256
64180
38892
53810
34336
80633
94505
9280
26102
99260
38999
38379
50061
56102
7636
18007
68059
80099
53503
26169
97824
90917
9493
61835
25136
29833
30500
74200
23518
71761
13997
93527
56422
55121
90747
84212
60215
50821
85019
72425
14620
42079
46935
87469
88678
5055
92402
72675
85336
13306
19170
11379
53166
94685
61189
91509
96970
78859
97538
33257
79548
86530
13886
13380
37486
1820
46071
45317
809
20881
78304
21574
26344
37402
89369
92078
89719
9904
80938
28611
20583
46835
29468
77884
34161
86695
72532
5045
92836
44888
81741
25980
45325
85374
34000
79880
60098
45499
51987
93993
47595
3202
93484
22554
47693
16082
64560
97459
76596
13343
93709
8283
4765
54610
87840
80059
95933
81158
65363
60750
43185
21812
45751
51348
98404
63145
66778
10278
36022
40242
28484
41444
66351
91962
96884
94185
92704
20842
68626
94912
35185
36143
52721
36304
73037
9050
16707
24723
52871
50976
56312
45796
39495
74818
18933
85431
49396
61639
73965
83298
59136
58116
92767
48025
13259
7102
11467
43160
2804
55111
69778
441
92835
90180
92009
29957
30412
27919
38489
28039
35777
93368
52599
93212
77592
41446
47739
43623
76147
61948
4831
93025
59570
47798
74230
77677
44977
96946
61830
74698
41791
6348
28451
34145
1341
87458
30026
66366
62862
83958
30743
57660
79329
39538
37955
3417
68984
63589
32061
10761
81845
60076
98116
44678
61632
10540
90814
28644
28055
41307
78328
98787
787
85694
92571
87453
47474
32237
78439
48000
28134
80755
19247
54
99898
99250
39536
68735
45660
21187
89391
50112
69836
78330
93198
76245
6815
31528
81387
7458
42320
58523
85814
8423
292
11296
42476
74738
16536
89033
31060
24686
75658
56809
26966
11192
18144
53211
84947
93651
3960
80515
4965
80242
24142
25388
23123
52818
9507
73873
66801
57194
20080
65815
22578
57211
47495
22423
7211
21825
54530
86554
5542
35980
15339
8669
8127
27016
39271
29427
38367
14263
54496
29706
78898
96161
24909
44965
33191
35842
83456
66345
85220
69250
91884
8980
56483
74370
10800
86311
16013
22545
94053
11972
48849
38974
93440
91314
76544
57256
28996
92765
45033
77009
11143
41435
55532
45778
53215
76682
81405
45192
29865
35508
37879
78316
88214
61748
82235
28160
15027
6867
70212
84996
66227
92075
79143
41993
37467
19373
31628
20797
12585
36733
22115
22245
40802
93915
710
14153
79863
91069
50025
10632
14483
11479
41824
57229
62212
30973
50446
44953
53827
71391
66693
7488
92706
99347
89566
56432
93681
31121
29590
33579
71500
70231
56068
90613
79269
49869
30451
61161
92585
69475
53440
81511
40914
83734
94962
66088
2921
93105
59600
7538
57365
1040
27299
80678
43588
75744
23018
19895
27957
35075
37876
87093
93920
24751
46366
34279
28003
26518
51080
72632
9129
39872
38902
95016
11033
77716
13504
95587
2265
23926
48982
96494
91676
57546
59668
53981
81071
32342
27070
92194
23036
70310
14648
61185
73817
72905
8549
3775
51601
60025
36282
93816
12396
94040
21949
51727
14333
63254
65375
1088
28904
6734
67092
74321
98830
848
93195
57096
46998
17626
61646
15094
90074
82079
57048
96625
49451
49161
21773
34047
68738
40827
81019
92686
2276
24175
43627
49728
40849
20255
43300
49156
90410
2975
77500
94400
34172
53927
46427
56874
56269
45294
17647
85174
89154
11153
25446
16458
2987
83796
82827
28141
96651
78015
43328
92989
71431
77354
96980
75072
37483
50675
15617
83763
84083
34028
40196
42014
77085
4082
67706
136
32265
88823
43060
53958
84233
16705
99991
58063
36011
20812
26675
89132
7328
36490
77437
66059
81416
9291
26282
1746
36956
82359
84075
25072
37976
72600
79424
78191
40707
7637
25466
42758
99068
51897
61778
6571
7043
43731
15039
88582
22529
1910
67927
13216
49812
99392
74886
45210
28155
41495
28260
82586
83003
68207
4886
53312
4076
16361
92419
82904
71523
16630
71793
48360
83004
25721
14363
71432
18947
91306
9522
61873
3264
81590
23310
18478
67869
39780
95086
64303
40468
1363
7795
13213
26298
77214
29334
25224
96419
34690
13825
37563
11440
43510
88337
87729
1788
69369
93414
72001
18238
94570
38852
44373
73787
6416
7881
98329
56716
50298
85643
84302
88072
80129
21165
90686
49326
50025
11422
42889
42993
99558
86415
70398
4447
95004
72783
11622
32176
26078
84517
93211
10792
38360
17224
13302
83145
49321
77662
77925
23928
47495
12240
31419
2505
10246
92006
74113
80234
75284
16836
20554
19050
20347
3840
24773
12932
78570
73087
87819
97932
66349
1804
91832
77108
66328
23348
60247
40763
51459
13312
15382
58579
52367
9104
86777
74829
7783
41841
27402
35619
99681
80699
89358
77858
99268
45225
59570
62227
94372
80501
95204
52644
30504
76271
3294
84471
60077
20218
16158
33862
70051
50212
305
91986
92725
6336
2125
68135
85190
66306
45726
1357
77047
86774
63576
77326
39781
43421
86987
78463
85391
35781
83989
15564
49013
93411
76081
79141
93660
36432
28877
22335
86606
31358
17241
93736
3806
61461
23675
86699
29097
56750
45888
75068
31000
58986
81261
87712
39138
34416
7795
71004
69262
28771
74721
36889
94966
47132
18931
41905
39848
63432
82217
5753
86534
8544
90098
46730
95981
545
36327
14669
50354
34824
76884
15811
74888
92620
88145
97102
88639
87575
4143
59136
13798
60226
90733
65118
16209
24749
42922
89072
90133
96056
16629
57160
13616
99072
89601
22924
37063
14489
99668
23970
95335
30564
25182
2583
14476
81486
77703
30667
88832
31493
27937
8733
12475
29720
45725
94799
14088
81226
99993
36821
71785
7250
40471
8864
48689
41682
72649
21729
72783
97585
26376
19036
65962
58999
74787
1931
85896
33829
45556
49451
39721
15407
63119
31431
48880
22263
97493
16352
52801
4231
14469
43702
47813
15147
93809
86773
95883
55176
68366
58174
41738
90301
28485
87249
66401
7541
43782
60724
80127
16901
28957
81187
78622
97032
67165
57300
15849
82645
75032
93445
49951
21273
47504
85669
30352
84311
19176
86043
58500
65465
79700
48311
61211
17169
93487
82419
7535
34480
44844
73446
70037
92162
46148
96037
42083
98661
53773
41078
38027
92260
88139
97170
77573
99540
34400
89142
75052
2986
1216
38663
40670
18934
62528
28031
11239
92417
62892
48568
58231
32990
71287
43828
87471
95504
20813
99911
79228
22392
87493
5442
32762
17305
24850
80348
31801
84043
73081
33086
92669
27223
15164
75180
20415
62357
40437
16299
69425
38944
85886
44051
99679
20691
70605
883
88433
38915
88158
70812
36333
37400
52232
85131
58073
22984
16913
10518
27454
15890
70973
7217
70600
35604
56802
80253
50378
76426
11479
48271
11294
42340
62891
89625
62986
94722
49201
45751
51966
44590
55257
29111
90938
57142
17242
91750
64365
95557
27692
61299
77624
34142
71986
71939
99024
32596
1364
22224
79010
26760
25195
36478
95985
32703
64213
98620
37148
28735
44488
85651
65243
64007
57507
34511
28263
70376
7808
30374
18745
77572
20678
75017
98186
61570
11067
78183
70522
97098
94871
62041
97549
84899
49715
47181
66543
87046
51168
98354
72856
19039
9941
29468
25995
78496
69344
53397
65272
31298
24349
51297
47554
63769
3268
52876
50138
74002
83453
34258
51594
79628
3343
17962
11214
64880
94677
26800
35548
41262
27026
941
11396
90901
22236
23270
67635
23151
96595
98174
15154
3479
17173
88169
53387
75576
34794
67342
