3534
75463
43139
6672
2004
86917
7498
30468
47561
34006
94075
93240
44848
55595
60708
49881
4991
84916
47874
30578
62010
14603
2247
15251
18253
74250
28455
69965
86438
28349
65407
54553
82093
34034
54883
23832
30274
92813
52355
50261
8401
48536
11385
91495
10643
73048
21841
66163
73380
29402
21781
26222
26013
92716
60244
35007
43726
51753
66223
19619
48378
11660
51520
29739
85262
95846
48487
41855
78911
50154
55602
39334
66175
38725
28135
40285
99196
12299
62386
96773
6421
42348
59718
77754
63290
93830
90834
93405
97663
21716
70529
70163
34556
83716
14701
58534
5316
92551
35970
57001
25152
85537
41835
9209
96136
640
38267
40543
76733
91209
16409
18931
39558
37261
47273
70010
8805
36251
89395
91279
64724
9424
46291
94080
82658
19017
91772
47247
2628
46137
5513
76345
29881
27829
18690
84724
58239
91405
11559
85649
3948
51318
34236
20096
82314
83074
66033
22227
19409
78672
26957
61979
11618
79968
86039
99247
1790
6015
45504
61771
23297
24416
74480
82708
60255
10444
80267
70905
41817
69936
14944
28502
20315
84309
95342
99570
19541
62573
5651
15337
6324
26857
55091
87460
36732
30472
15329
19811
91781
30313
78637
7132
79535
86913
88746
8829
5540
52488
27259
4686
30152
57870
39161
60594
71871
70923
49827
57676
50107
2836
23939
44703
97152
22826
85849
90253
96119
38828
59686
29601
18347
88396
96439
16488
54755
35295
4492
4121
29884
40494
12900
6230
68931
64394
68807
17226
33068
23197
95696
21906
17426
19483
80468
38233
56683
56470
11827
77724
87910
63601
47866
11084
77156
12076
39507
11505
56945
19615
16298
88651
87485
39970
1852
628
23771
62089
94206
92834
35606
91981
79047
44296
44715
228
36443
99932
71815
77907
66677
78547
13085
84090
89489
34281
81060
9005
16051
74077
58379
85571
55127
56312
89146
58472
38550
39214
54215
43021
15729
84349
74993
26847
50206
81043
9276
36853
91596
71660
60681
64963
27636
64184
39953
75211
17918
36507
79615
79315
37133
87534
36455
92049
76008
28740
47591
52963
15910
38407
80568
45980
20757
11968
24080
84921
73575
98069
7032
27281
71002
204
31429
71274
42147
27982
81462
86057
62230
30311
92968
66561
51380
89194
35449
18733
4913
40177
92407
41528
82432
52770
99908
27481
7806
66062
75273
59389
78968
89651
7028
44317
36346
57153
63311
18830
61910
18457
94462
24342
66188
46832
41557
33852
17244
43348
41972
94937
38853
93222
61856
22891
82361
2085
93054
3913
63167
80555
38767
87760
17604
57585
8771
25435
59680
33262
21083
49
33729
95612
22623
24409
50774
56411
4632
74280
89209
58287
85132
55003
88825
76325
82548
34880
23555
10611
98939
55694
35661
3517
20405
16278
37568
19763
11545
43697
54335
81848
59005
75256
83320
23197
61293
39347
76549
73676
94727
11945
10719
74721
50390
9238
77857
19474
25992
38939
72756
20496
45358
35279
80252
6789
37328
58546
20542
10109
99147
17954
39404
54914
7209
81575
70383
87775
33307
83978
14992
7174
42708
6467
35523
79981
14341
61550
94480
29874
18416
41695
78559
84672
16300
86221
50719
11082
31477
28554
50580
13588
3884
20531
92187
6545
98610
738
22170
49958
70397
16417
19657
46317
98772
29849
90327
11862
64269
58984
39675
12969
78401
93521
43800
97415
55528
51629
61195
99150
69942
33312
27796
86906
87889
5959
81375
17960
94542
91149
52782
7990
56487
56028
89957
3559
60380
30480
82225
37314
18499
71591
60054
91706
24141
89557
69043
38985
43222
24500
60276
29973
10472
23545
66932
99828
36397
90018
10221
95500
34575
76971
95550
26195
40111
38079
18423
15893
1662
20428
31076
37108
698
85967
72628
45738
24872
82319
83845
10761
6987
89318
96013
39140
86527
54937
20711
64071
50101
66184
3961
70144
34123
3361
88446
92129
61542
41263
12340
67005
42351
97040
95716
16304
14983
12773
95946
45084
23816
13122
79936
97037
5914
70949
73355
56574
41135
5539
88065
29973
84060
1310
23574
19017
38932
12243
3394
22244
81762
97199
752
15907
38306
7970
8773
20698
54845
93452
21867
91156
52448
55091
97594
51897
50904
74807
51522
94120
47596
89276
18231
87107
2038
7079
25689
8554
47487
71652
81438
63552
91542
76580
99487
66346
27917
81316
7196
95414
305
51752
75468
84952
83588
42278
35942
49231
77912
87135
37605
19654
44393
23721
12283
85494
44696
7047
81525
90472
37472
5498
60871
9209
75191
90000
25076
8119
65507
17435
18555
47592
30646
95389
66529
82473
12295
24831
43480
84884
28526
11841
16329
48219
7900
12203
53251
77104
29557
59330
23743
70343
92843
27831
92975
93747
50648
47193
35875
66445
43319
62219
94008
5940
9024
78864
12798
46510
20862
79458
69028
31244
96047
20290
61570
17803
88344
61961
21090
90551
30241
76765
19627
78026
20500
14016
36268
87762
49774
81890
73026
70417
2399
23799
31622
46014
13476
1956
89430
71176
91742
62290
76542
58427
64430
4932
84035
55099
85456
67557
16108
97133
73009
20955
8653
45302
65679
70745
87409
33882
93227
69680
59427
33286
32045
23556
28121
14250
10869
31005
30078
99038
37273
96916
85754
22373
63680
44014
58817
71183
18201
97637
34549
42776
27033
75553
95320
50766
2479
79429
90610
4208
34470
42310
33147
17233
56279
21367
55589
70556
91719
10591
23337
94642
40868
10476
11277
90606
65272
88353
74639
63530
52424
28715
54513
85786
97515
91537
91905
73814
21226
89385
18307
80790
53073
80520
55197
75382
10767
42449
48351
23992
62415
81647
77197
63464
20659
52094
41994
14779
61322
40963
28386
33489
73519
16891
53908
51449
27006
50097
65531
14003
23666
746
42904
88401
13376
68730
86334
45591
88522
96697
49401
90786
36673
84304
78843
92677
33530
6541
39045
40878
20267
42391
8622
10087
80547
82011
26163
77976
85091
91844
53403
52201
51485
60681
18150
35877
41639
28257
69042
88795
94300
30418
34313
47326
29680
56486
38826
68140
52557
28606
37618
69996
89806
18081
24391
87408
78200
31629
91489
10106
64400
34703
31413
80891
86173
69485
33343
60695
1243
63328
64076
30052
49529
39743
9154
16177
86064
98998
14220
66050
19424
3510
67333
18394
9064
62277
37472
2898
55618
62838
56850
421
81337
88948
16317
88846
49511
81720
24345
12937
84496
18331
24897
7670
24181
30917
87768
18141
79733
99875
65206
55403
35654
44374
63858
80954
4492
65704
10990
29230
81300
52954
22426
76540
54192
44569
23174
33189
60943
51824
12135
28032
6264
31510
92069
94230
51875
93192
24831
40999
78356
63601
74299
4042
28821
83045
60750
28529
76751
83565
8644
39819
48388
80893
2189
16035
45740
24962
56356
421
10025
23831
10749
36993
61385
65302
29323
58376
70041
2251
13803
21459
79713
63108
51824
97412
8511
65253
58060
70308
53091
96377
24759
89771
72517
84578
7327
3582
37918
90929
37581
34706
18473
30961
64656
16366
32951
51358
73928
14863
47081
19891
6064
45670
96334
78401
32969
97372
97274
4539
54816
6677
16255
92878
70619
34002
21802
32687
29317
93936
38300
83980
18451
9839
70115
8516
55506
61229
84501
44914
16143
49968
65417
89637
44003
46594
30258
96331
79321
9942
49432
24171
41918
8746
98868
29426
20547
79045
99400
68902
67602
9983
31226
65206
97323
32000
93963
82034
38329
75872
1207
12087
25686
49614
24235
44962
82583
18060
10526
60518
73877
93112
46766
57817
57018
73893
36121
95113
97925
73895
25492
99435
55033
79310
13546
95348
35144
18890
84373
68768
47095
74957
80370
71792
7279
4750
50948
33585
26752
60265
71752
80535
18641
26403
98416
40105
34408
57036
34879
38901
73778
30781
71840
89540
66288
87617
42339
61384
95743
95184
90676
38066
95138
53302
7385
76257
84974
68499
28585
15989
4498
76539
79076
95009
92993
382
17650
3102
67837
45217
1084
82364
36129
88747
28481
68691
18378
21596
98038
75128
15908
13431
23774
34124
12237
95073
93601
60622
82856
74210
19308
16497
73985
16040
10533
75752
29112
4394
35560
13629
66443
58858
32643
78081
71908
54324
39339
77469
25212
63235
12377
87528
32618
58563
21509
24945
62093
39025
87069
94652
87345
5278
51042
66826
49985
18642
34879
85808
2890
66958
58918
67434
7272
43498
7081
41064
3280
35964
55506
8646
9656
20762
42560
73082
92902
26903
92638
99207
94580
81257
76002
76494
34813
25868
16575
80164
95207
71167
48711
11230
38125
74251
14016
89608
82791
57380
96321
71126
22072
90153
37322
53490
49524
63845
10238
29972
68012
54200
21470
34608
92855
66735
32418
90184
49983
47055
72246
72450
1990
2290
25392
14069
93491
12328
69258
59165
43100
98590
47296
99214
42129
41148
94247
62405
3075
44488
41447
3129
68463
21929
2039
34256
75371
87494
32148
23439
9644
35628
61693
63242
84177
3246
70446
93689
97392
20135
43735
7147
443
46267
87801
93876
84367
34427
87996
8898
50201
3943
80144
86542
30692
27086
63774
34541
60035
33138
47721
16486
57143
11142
42951
38238
79486
85337
76182
49167
96410
29772
43613
87959
77465
37599
63584
89804
63397
9034
40767
49646
76650
34503
59308
83093
68095
12013
95879
62793
28563
854
1271
52945
56662
16450
38727
60579
11105
34293
46299
53786
39042
70396
17198
89637
52360
79021
88106
9211
39560
54572
90370
24365
77706
25418
60111
9044
81107
59591
95909
33738
24047
39480
57618
67284
51098
76484
71795
92860
74252
32264
5266
79678
1983
75707
7007
88408
82366
42251
52458
72580
23468
72646
48571
834
86669
81941
26766
57934
29781
66723
82478
79378
30475
85787
26413
92436
43386
34287
76381
35215
69396
42069
43086
98079
88163
87788
18628
3830
53070
94524
82548
4140
78660
21051
77404
25139
71848
10252
89564
60072
79865
46690
99445
34021
1820
20355
88124
74932
77640
85991
61978
55870
73006
28256
77539
84450
65443
48179
86577
16449
60780
46372
74685
73877
25829
46064
97626
84354
94830
75508
90766
63077
98802
9803
18829
52745
24021
81076
12724
30200
12921
80466
98430
21422
7789
73132
20998
46378
95315
50709
24250
38878
51532
49959
62073
85221
47043
81128
98793
41748
17138
94959
36919
46377
23349
60352
33324
35936
59241
10706
67624
47141
66016
1553
24509
21475
34117
95007
11883
89051
67654
67094
19923
29264
9507
35081
21339
82911
24241
82696
85245
17133
2762
51362
35788
89464
26165
33477
49412
85391
72078
84065
3852
2045
8466
94858
26827
25697
53514
79644
52580
23641
90897
17945
69680
9117
3971
73710
50231
90184
92196
67060
3594
56080
52714
8754
79839
53975
4968
1183
68202
17434
39927
98213
80533
54503
1795
48193
7644
33355
4400
95687
93767
93129
10280
29123
85317
7175
18338
2330
14273
66146
64111
67983
22468
13474
86404
99457
75975
56009
37951
18257
34162
58532
78009
42274
82070
50756
54279
96441
57604
6214
35308
25188
10728
8334
8542
86327
92005
91283
19507
21873
64590
90579
82376
93437
79295
71207
85869
62516
25590
35922
59889
70048
6160
79699
13958
15772
61060
27290
81329
96439
66422
28502
19408
43511
56890
19628
20232
27866
51878
26309
43914
90039
28466
21759
62081
70435
30286
90339
88698
55248
67232
49174
57328
9200
78168
31625
29908
10263
53778
38219
22006
80990
56744
99295
97458
79748
11249
47912
97657
29999
89946
1824
74811
89328
0
63464
45230
90853
29095
15642
60158
12439
84057
40186
82577
28836
5918
84011
66709
86647
39637
1150
8201
11827
19469
51973
11109
46639
70306
67621
3014
50587
84311
4074
50714
3808
38092
70420
40164
76166
96092
57999
46733
15151
92118
2657
1256
59296
66870
98333
15775
66720
73216
63060
55359
28057
59672
38795
99229
49116
95520
32647
72291
65313
38575
8645
66971
91724
99114
50342
46519
77770
99970
4040
10747
7163
44395
73840
47944
30250
77076
57634
22117
73239
76615
4787
91404
30037
74814
93494
942
76815
12832
3347
3460
25734
2199
64598
41203
95766
44207
33347
61627
47158
11726
97959
58972
2782
13770
47977
93382
45667
72171
93280
24059
64094
88031
30942
25443
73195
59891
26282
87084
95340
29333
85643
49148
99213
25891
33888
20917
2019
77487
56205
70563
54254
36370
1520
90693
25950
24457
89106
54357
53105
30801
70617
55094
65946
85115
98425
32665
15518
63115
44042
49324
37847
18355
69333
2784
41371
10215
91433
56885
69271
62653
48554
56004
64917
69859
62729
3272
91645
17084
83150
17034
74904
62168
71602
49704
69263
86575
14025
31842
5810
66650
90364
84992
26197
76431
94837
87331
19604
76663
25747
16807
39703
35917
32062
87953
30128
66453
91604
84475
34945
89270
3842
52025
90299
66838
34446
42151
22818
55600
68721
48209
43852
54356
23330
55934
27016
92060
2797
21146
36411
97351
69411
99327
38181
79092
7083
16927
97858
45756
13814
45937
31437
