31130
92763
11248
48884
69970
87525
21505
96918
55519
18093
77182
67502
55276
72292
64476
78032
88456
76170
68743
72209
41400
27863
57226
62913
11243
15241
46030
7458
17387
98246
56730
10756
72430
91085
48217
77727
35212
8093
90713
81164
62379
68065
99823
12737
93975
534
2807
16935
70157
48443
27193
24440
5558
64756
77160
64410
25713
4059
28261
26003
25897
22819
27552
26601
9094
50794
92798
29719
83775
69499
82390
67501
41453
10429
27573
73733
80986
82460
90625
12093
18200
12594
61403
57142
37807
12593
14109
36744
398
74479
23747
77696
29923
13295
86759
24823
48229
43976
45476
73328
29870
1140
77532
10029
34983
41911
62709
63246
45275
52522
42846
8104
7597
24451
94031
12670
8806
57795
30606
55679
30246
11228
34958
35323
22652
42332
82322
17923
76433
49402
42352
98172
26238
67932
46672
59168
90525
73442
36627
56433
1373
35027
56721
12923
49904
64803
46778
77093
16447
55741
1630
78035
5021
40755
45481
90299
72600
41151
62342
29441
42284
34996
92740
30610
18065
28070
39030
45529
59029
86291
66324
34434
28741
71308
7006
91881
30212
96996
60929
25342
74046
53589
68210
42999
26774
23785
4536
81745
18492
20331
63398
12293
95866
87978
1766
69379
46189
79943
39793
63374
16209
76668
80378
27188
1269
62377
10122
25991
84654
26780
90150
73693
488
81948
82894
82305
74359
43731
97183
30323
21675
24181
71511
87843
12673
61553
3416
99493
45174
95987
86405
46417
20118
63347
56266
13659
61587
8510
86553
5290
2386
51486
56431
34230
5088
62921
85141
89891
85730
12675
84193
80245
95881
89425
52253
38095
3459
38459
74815
77131
1358
76509
56760
77816
41064
18347
29065
52107
80099
66206
41294
66340
788
24031
96510
40159
78186
17806
17643
65842
91067
20399
80452
44137
96410
2866
69819
65788
26725
74590
97440
11018
58619
77882
14507
78037
45963
11575
93241
63993
55047
189
77134
66666
55960
95569
85913
58633
41866
60352
72565
39938
30984
33674
99243
90694
53955
81613
91605
76800
5387
45005
50494
47509
18688
91518
42629
6781
5986
60302
41248
53593
84741
69137
75036
19696
93857
50953
20771
25386
39109
87794
46007
82056
40011
40488
38842
18813
65959
70518
18224
28557
93241
20956
12860
99329
52706
97212
36007
93732
3923
92577
31680
30302
29856
61164
72765
1226
16596
8380
60895
46741
66718
41081
36852
61366
31529
60894
82165
23588
1802
92992
27952
69945
14802
61887
992
98145
76515
50921
29432
17950
86848
1029
25055
62876
78717
4546
47092
30860
56693
30077
63347
78143
13978
13833
73968
41441
33510
84542
38720
32431
96337
2688
81208
27094
2108
25867
33613
39850
86249
97848
19193
16095
32974
57775
16447
56488
39134
35753
59654
24969
84711
93408
62786
48059
12379
79541
85904
75100
42054
9438
3391
83985
40894
39498
8652
66201
57721
60402
12230
53678
90360
36318
89297
70107
12864
70641
37638
27125
82281
24467
53559
44759
26608
9497
38543
62174
54599
85746
64344
51517
56557
25616
2806
75294
15480
70065
57425
69526
63757
77098
28465
62148
36530
72367
94786
9254
66716
2401
35990
17047
11234
1204
84713
95721
69074
51324
14016
36603
44673
62676
22891
24823
69150
28970
76778
69995
98304
81674
51819
19233
66174
24934
72721
84957
18685
41471
15088
9875
90468
94834
24725
22051
50731
98530
85667
54898
56338
29342
44664
23974
99182
37230
47726
29565
66590
83775
49213
58411
51100
77001
34109
30894
23310
47386
69674
64527
58748
73825
2848
87480
90813
41336
44518
92492
94314
91087
60391
36967
25908
41969
83611
90548
12337
57653
43588
79557
4657
99012
48564
25842
15
5889
16044
25649
60514
36282
96863
51854
90516
92170
15350
8551
30794
97064
10956
33543
89026
65583
2777
51645
86715
26443
90572
82424
41262
74493
55282
17089
45946
33259
85043
76533
55805
48935
61435
35678
92798
38682
62806
66829
14503
67629
92373
92821
91473
21268
56973
26375
10199
75128
5822
16262
34317
99007
65553
42790
69641
34137
35451
12838
66399
98922
10078
63943
98794
5391
95759
66568
33446
74959
4690
66048
54907
60927
51233
67959
80788
22578
79372
63040
6510
5276
61818
45207
43084
11809
42221
22035
73319
75806
20580
50729
61698
13267
85370
42109
52187
29100
14155
7461
56190
79083
9111
68732
89428
87028
75423
31071
3768
71061
29389
56999
6186
24431
26192
59940
60861
50085
9828
531
18987
75712
35024
63484
6056
28668
63113
76138
3795
21587
83732
34567
41449
29988
54281
92020
97556
97856
7859
97218
78049
47825
89107
49104
71471
80550
13861
41281
49795
47935
56442
24409
28345
45618
21508
2196
8980
11544
12304
55555
32471
7768
7790
25988
10732
41613
91628
9788
47137
73974
1248
72980
83699
6682
28388
52749
99778
98549
97596
38754
93156
73316
77203
70361
75349
43977
1539
5637
91724
35099
56212
99483
82953
99630
6364
2606
63339
76730
79684
2601
99390
99755
73067
95017
70929
62660
78467
81909
7685
87536
89849
36666
50210
51751
69299
70599
32580
74169
91218
40066
45362
84282
86743
31974
96367
93482
85730
85946
46505
50271
63029
18606
21391
61970
3191
32052
34816
88803
20660
16441
41503
87114
88226
42655
11682
8315
10206
54264
50697
80853
32501
85953
8555
60071
42815
121
19948
87871
62597
9148
66220
60209
97859
70848
13241
52000
50601
33611
82500
56172
8091
33935
41745
54328
75480
36739
64904
48342
4408
96160
72552
31538
65391
62485
43291
95992
47374
78663
25253
2371
59016
63144
78646
6050
40850
65650
79167
7817
30980
58529
52929
85906
84284
78826
97697
71437
32226
6364
32503
89099
46085
32882
9318
47203
62756
33585
97606
90304
75722
15492
21949
51623
17392
16082
73164
16648
37478
121
95077
23104
62445
50217
74362
6121
38555
14399
6833
98111
36865
43836
67957
30191
86762
35330
71398
18142
55129
33483
15343
15827
31541
98245
78200
18370
53505
80526
36018
85750
69860
21544
3696
65338
88519
24408
10901
24645
5436
79361
24328
40672
10940
76920
55492
78708
15145
1444
94060
17909
54610
57429
187
47333
72469
96382
20282
14438
31518
88495
70987
80384
89582
8723
89794
11947
54775
72835
65012
39290
82659
60005
66471
51300
53589
32901
37929
38256
43815
85197
83260
69788
34162
6564
43086
99274
76076
73409
24328
26248
7820
65227
86204
42522
75465
82511
99361
93542
42592
42908
30716
94780
47892
34238
40660
27936
19536
48373
46983
27574
59048
13105
7131
78664
38718
79692
87596
46486
69856
40004
52708
64635
64142
43476
52458
96281
27257
18159
55217
36992
42119
18872
39248
13696
57556
80256
41874
58600
20786
14397
43268
10202
59248
40771
58604
64461
18969
70145
42265
8062
72692
28219
47957
30004
44105
25600
96822
62863
51555
88743
16564
53933
16944
44363
73622
39480
93445
91680
77605
19247
4542
18320
95234
912
89220
7639
94515
28287
46024
25911
96344
94069
80203
24825
22268
85575
77152
20769
14951
35762
47177
45004
87824
74400
87838
13737
22832
69818
11564
22737
93874
63211
38489
68132
65926
54252
32230
35554
15029
52849
83342
80258
782
84623
61579
89266
55487
9480
91448
13612
20575
92629
37488
91666
82088
11438
61045
88454
4963
69369
34989
58152
44156
82413
72295
66316
87732
77026
79676
76471
84948
35576
39536
65750
34303
88160
36759
67227
21377
73194
12276
57045
62724
85643
98397
65579
55873
87179
73754
47637
82771
21929
69068
27544
26695
43820
6475
31643
30479
57479
74888
202
11703
90599
94801
45927
85711
13820
77683
86919
55078
15170
16697
29232
14744
68555
33298
12238
31198
6250
2353
98284
28035
29246
91470
62773
15671
97658
86538
19527
90237
83821
50895
67792
16159
65203
6326
12136
39521
92215
42722
43
65203
73507
39114
65681
12799
53158
31124
15052
1539
74304
87869
68702
96633
205
48213
67092
77105
42636
39079
92194
53216
48650
11510
93980
76466
76080
89218
87343
23098
39238
67882
9242
72651
15714
4172
6412
33471
18801
264
35579
79828
96577
38659
79838
86967
68425
10086
25352
44024
30229
84102
87426
14973
22577
20831
11651
32018
92753
29242
71182
95486
92156
7534
69160
8530
58323
4898
67317
55418
98497
69232
77583
79382
39808
3110
81601
74530
83877
31270
9670
27312
95146
18221
16985
76600
99287
1488
58072
23974
75403
98114
14010
95857
32140
48274
94122
6092
1833
44657
75648
23669
38185
66994
9210
16747
5010
50410
16124
11581
16567
55767
28033
53118
53791
63389
85628
92436
11694
12363
65008
66959
90674
20733
13960
99063
46380
72314
53875
19070
71865
7997
13344
85396
98013
82609
10899
18554
75
74165
66145
88494
68818
73215
50125
84997
49031
15453
19679
29366
62923
63990
36030
22739
18362
30511
57450
49043
82288
12234
75960
83083
91991
26121
10027
24539
61361
6416
63147
32036
70398
67592
93861
94807
46795
6144
8799
39913
12023
76462
65238
30467
35939
31668
11350
68597
50550
38269
86485
15690
84682
86086
72620
54391
30070
7737
74643
20749
33049
50549
60024
54031
96640
23466
99484
3581
58868
81216
47946
38030
35747
70455
16085
86460
81513
24488
36205
38745
81626
76651
40221
13216
94255
60338
35972
73479
76267
28050
44077
72592
47177
34
82670
51070
68740
72925
21210
77476
7810
64609
42243
30009
18430
92057
42031
78824
99313
99256
65814
7620
76284
39868
23318
40089
14548
56690
77842
42461
59978
70552
21357
26822
47798
61469
9215
45109
76127
96197
2067
96240
24298
97737
67069
76333
98557
89499
65210
67177
84751
15847
94021
46201
59214
31668
66803
33304
69132
70378
21517
56256
49382
88590
96232
92052
44626
73097
88482
23065
39589
26919
58
36740
96127
80762
73004
85902
94356
62207
34921
95493
32471
70168
98383
56700
50085
26873
64778
25987
31083
36126
3558
84049
40852
56217
38992
7549
27123
32586
84680
32108
44874
55398
99781
29125
85909
89146
6725
72065
4054
96585
34063
24350
56542
66673
92584
92850
71156
90188
36333
35676
24421
67218
58355
55478
45448
89756
94905
92646
17132
49731
49415
78645
16065
31143
81798
78103
64608
88940
40251
20744
57784
10718
20609
69432
85526
39541
80834
60445
32880
41299
46962
55944
46894
95051
34760
42386
34453
5820
99065
22356
98129
35098
15635
47637
8927
78798
44435
94942
15316
52404
13891
92362
79310
8322
29588
31481
88725
9640
17715
70787
92141
11826
6123
96938
17562
32747
9912
16361
29168
988
93731
67241
1271
29938
20767
92914
93079
27806
32382
63773
34630
3189
18352
83016
86827
57976
62938
63299
28238
22862
69999
39784
72126
48557
58894
78312
76542
35479
31383
18207
35277
35233
49739
37481
82512
39343
48031
80527
86847
10203
19612
31193
8041
80085
23255
5000
99812
61476
88936
81051
58549
28011
34857
7246
69304
73958
64461
36484
93197
37683
29466
66713
5119
71598
72164
47802
5586
4789
17064
19440
31880
19306
80865
15703
46448
97623
32235
10220
35885
51243
94898
27077
19230
1475
76405
1851
60398
27556
41661
2531
26490
54276
54004
99482
91707
15848
28292
15518
54416
98152
76365
28921
22345
34639
1089
56792
29393
57951
13376
32955
99257
25905
69580
97125
7869
7674
69576
26290
58102
29993
17714
94408
79323
40524
81369
67527
50773
32498
41597
46746
78430
89708
73986
44207
2804
27885
40752
51171
96831
75921
58123
22678
39069
63993
86026
15326
46119
61012
42197
37144
1378
78905
5632
28857
35844
48624
80574
29218
81728
42577
77220
8562
71088
33829
84764
73333
73502
18729
88162
61338
43855
55440
84703
3
17548
59464
14111
40885
76911
56309
28177
14128
30982
18425
72251
47640
76391
61173
65879
48945
18545
97769
6029
1898
14010
48791
46606
77776
15290
40646
18603
76707
14899
11746
13424
35397
49947
35329
84481
42638
36552
64257
84303
87582
44856
38604
51286
32650
42713
72285
57590
60535
75899
21821
31244
40517
87024
96038
20621
36962
85469
11305
89535
83552
35489
97770
26739
47232
1470
46409
33122
83309
76232
48188
34499
89926
7913
81175
47015
64275
80815
90894
14897
2681
59699
40913
91765
61544
78407
53558
78540
2001
69755
60085
26257
83733
57931
7244
48348
93689
55977
43843
60856
42710
23810
78570
28642
18188
92656
79006
13792
5111
66780
13706
24060
51834
3949
66826
26172
9367
59154
23307
26560
67872
68679
27503
61879
58728
46439
30956
37885
16691
10863
59540
77237
99692
78667
85167
92351
63893
4991
98116
79031
10585
28468
36695
76874
94398
84573
38252
49909
52982
75684
14505
43900
2132
11190
39994
14915
98779
59848
9870
26668
94162
25477
21567
6542
16564
48725
74223
13359
10628
75467
80686
58366
28446
31947
46935
55439
80041
26870
76538
58548
58472
71987
77333
23188
90192
47964
54715
55786
89939
71874
37622
65245
27963
12062
56777
45463
