37265
98188
67909
70118
75460
37058
52317
60130
83196
30654
63357
98187
42394
51773
69854
78612
32270
95119
5570
66087
9609
90247
982
28999
82464
64209
27328
31572
22528
7587
35947
15917
73096
79980
77100
50096
69831
83274
30033
38781
59699
77880
76421
46777
92355
81283
82722
60045
13162
95838
64691
76302
46928
39724
64741
43704
46447
97786
97194
88404
17959
21455
78857
55641
17278
45115
98725
87918
17816
79565
8680
37806
26606
30241
51916
40036
42350
51734
6503
981
33647
19070
28656
64541
31952
74126
850
98545
29996
29301
58156
3460
87995
14154
70050
96357
35752
72798
15812
77925
61578
1328
19032
74487
73346
37183
56518
60912
74256
70650
7137
63502
44818
26643
93133
28725
88059
11091
10545
27092
34795
47815
81947
17607
51504
16887
86122
60181
36473
80375
15356
3833
59955
79223
62196
2558
55362
95861
95303
75747
92510
91346
89796
18942
18695
44578
48093
39741
64006
26685
79575
47207
17313
68979
92202
15617
55771
79452
14517
90445
2598
68396
59265
51373
14149
84742
14864
84197
2019
96264
9666
62302
81194
4804
57828
33255
51585
28142
25173
55510
15781
49873
2294
76045
98914
56253
78
13303
29326
76155
7063
3153
70338
43009
48937
57381
68566
87264
65888
79730
28216
50202
75084
24168
78953
46034
25589
40143
26420
95292
3913
4071
99915
19507
87876
13545
72608
74889
41435
81805
21630
91481
13029
33573
7777
44952
85030
15143
55640
62794
36697
29544
75189
11409
91481
15107
60719
78145
59692
90904
34389
21262
71532
32178
87374
11079
74100
41889
87889
79004
63076
7462
73310
27321
76913
26701
71064
77911
51692
14292
37824
21352
47501
55594
36783
26673
89788
80595
90095
56308
81691
59336
77559
99658
25235
4667
70657
54928
57850
78968
30313
82361
28798
37894
7844
55361
15761
22861
12507
23329
67057
89810
8034
38878
5714
18654
84089
30908
14762
80381
45855
40496
44472
39714
92430
82932
28050
36647
24183
27987
47658
62289
66587
60356
87069
10835
21091
92915
28504
54473
66044
38234
21703
85445
87250
56848
52731
64327
75560
40568
7638
59044
31666
33402
2774
14281
21775
20174
25436
92793
92486
2388
2137
56082
64283
86657
96884
5646
74030
91220
66586
21606
82737
6823
81506
60816
47876
19105
220
43049
79951
87208
46805
95693
31003
54548
93897
19491
11181
59838
80838
86774
98976
16663
74105
68702
11646
17397
27832
59358
16059
59752
5803
29638
45518
91403
33176
14840
16012
60054
61257
13191
19331
2224
73851
23676
94352
86754
10662
92435
33757
33415
88356
80482
15226
5695
53184
97017
12023
28259
3869
39972
15260
90419
93888
52878
66662
20746
75930
67296
35966
46419
16246
56519
59510
9045
59388
7412
35107
93386
35487
68860
6834
18509
20713
16096
32585
18674
85153
79207
94747
62639
37654
66055
99110
83192
82955
62178
82765
45097
70335
24013
93549
72252
42872
93100
35007
97306
5195
91129
61545
57006
13898
61380
53185
1109
39882
84436
12543
12146
71536
7244
67933
85534
6712
99944
34862
20668
72290
45798
95960
59403
67865
32898
70799
71028
31777
88442
39663
39075
35197
57552
33846
7059
92922
38318
72476
33602
41115
20483
90385
98372
95009
98732
53137
13907
91223
91022
56838
96899
1400
43327
30874
62388
64925
58180
22998
50177
97095
80213
860
21653
6405
20125
53406
34365
31619
68286
6298
42936
8687
24497
55699
3371
43273
28427
47468
69138
15270
21531
15171
40433
88001
54607
39719
83848
55839
45494
9144
91749
58237
78945
35738
4179
59640
94371
48277
10992
23673
10680
29772
81692
41531
57473
69816
43789
56858
53709
14721
40543
35258
69747
87801
95401
14385
81852
2996
13196
39218
37885
39047
59172
65591
71970
76540
23521
71978
21031
72655
98831
77648
61215
36745
82129
88691
43960
94710
82636
79178
45014
89509
3679
50023
12187
97563
13169
93308
12168
63860
28931
8843
64413
94008
35556
46537
1340
8790
42211
50862
15500
18848
94367
43900
55961
51554
85851
20074
2041
56928
87501
24844
66826
43115
66069
5280
73974
92543
139
65911
96792
58108
63953
50749
65209
29535
4551
31848
44979
13181
62014
60761
87287
75995
47684
95378
97705
36269
92798
92565
13385
41225
82100
21300
25261
95047
33125
21658
50953
47864
45308
95508
58161
26879
24634
70110
91029
67984
91699
31334
55467
20292
95893
27967
69419
35862
66722
75205
26355
4381
34911
487
4107
86535
34884
85078
84451
4558
5268
49768
98200
65337
83847
9769
10037
8626
54531
44448
49942
42431
17514
59065
51112
50783
89260
57812
65037
29028
44828
47209
7899
82791
87360
88725
61924
7852
24643
34886
67760
55027
42405
65216
90278
76312
60562
4169
1706
30152
93999
53815
50528
75744
63888
93364
15599
21251
48679
99211
75008
55320
75448
27698
87525
29310
20808
99251
2487
75181
75859
43097
74968
38443
92316
90643
96952
42375
62079
13960
29938
62453
95139
22840
6678
81959
28331
64363
49922
17316
87147
88920
73545
83015
39160
91252
43062
47511
72984
96661
88361
65566
54713
71233
86175
47209
88285
92312
46993
77499
28787
78235
22195
22798
1825
90679
38909
51911
80829
80114
81958
97780
27771
72049
97547
20261
26913
53987
69872
58981
97782
45358
75165
23123
85784
29396
81674
66049
26989
52769
76629
84392
24818
5204
71248
90662
52367
89064
39160
91990
24907
80253
79263
51562
5788
24296
18539
24454
21142
14484
15128
72924
46245
98451
83320
24864
43862
1445
30299
38536
97391
34403
96906
43106
82111
64169
91980
59218
59824
33790
44684
49030
57529
9985
35858
2039
79920
64913
61037
18430
94845
25017
59890
25745
12489
70999
76830
21817
66453
45064
95639
1009
59079
51793
94737
50333
71712
80588
62317
44069
4265
58893
30140
57516
69675
72560
29537
45937
74781
53154
54452
59073
84888
328
87042
39991
58695
75919
67666
2290
45178
22993
94371
7473
86074
87777
56657
76365
67383
3123
86326
80371
98908
46027
55949
34557
78468
67488
34929
23275
83558
93677
96836
80035
17868
9524
25964
51395
88674
58703
63672
14079
68681
60085
52321
69051
11019
81828
8011
89094
83625
93905
90507
44497
51855
61930
51202
99051
83625
92772
90727
58330
34448
60038
70402
19576
75613
52689
19541
20680
2398
14922
87349
25171
24294
49766
49142
71844
18494
96753
54726
46620
73305
58074
78735
13138
18054
78527
22016
75115
69918
81936
91845
44241
33725
41603
16050
91700
15118
73460
16959
80762
97215
88310
74637
59748
91476
82554
60711
58398
4119
59578
62532
87714
83341
60067
83912
12363
48739
46397
8906
48625
86791
70489
82928
82277
56212
92182
96151
24170
26245
89007
37903
36014
84618
66084
44579
90916
6584
60452
39190
2048
68315
58740
53225
61966
39175
48350
10969
24239
47468
52761
36901
9904
39400
31761
44077
84873
12374
53043
32694
70640
76548
35864
64426
80567
84514
42283
30748
72264
50230
82456
90825
46747
39373
55730
52858
54002
32588
48673
31302
14226
70788
52967
47380
84126
24100
58542
45214
15089
30120
61296
29906
93432
46704
38817
69618
50442
55179
74557
50843
29925
29874
65002
7746
7077
67665
14665
60730
98339
7488
51295
30195
30601
88336
29882
8188
27726
73472
97730
9033
53362
45935
47102
94256
53143
2124
75520
23021
96602
66122
45454
88997
24269
79343
2702
81159
97266
14572
80909
84782
22902
99974
97548
7556
81255
87570
46919
19937
32659
31328
81731
26225
20799
94350
1812
35155
50657
69630
13224
2013
22651
88386
15284
32605
39413
37235
43897
86778
56853
94304
12210
14138
48573
41796
27676
98941
76865
19696
49090
16934
45731
53608
92740
28345
13421
37578
51268
97632
43274
1256
61358
12647
96290
29655
12161
36328
9649
44128
92029
98817
72674
46931
40651
59937
50125
34428
29891
66242
35082
73870
33790
82543
44816
70075
92954
80263
7407
31846
81795
43002
29606
63247
27044
79984
90818
19501
99178
77097
55444
69627
5488
94463
26414
78761
21708
15079
75066
2899
48822
8663
3926
10830
40688
26465
13808
42974
89559
81181
42585
13766
73253
59622
94121
57463
2815
35291
65808
72137
76866
34405
74612
87143
55973
37847
42252
66628
79531
14961
23864
56716
27879
41472
78906
6582
13228
74560
74453
50005
45521
16065
95168
7054
1117
58119
83975
69859
26452
70859
30655
84846
48318
45247
93988
65930
34384
85327
92785
66026
57562
86307
67962
43117
80204
31521
2857
4553
57221
18703
67860
96964
8794
19414
43191
49282
94688
25634
63732
18681
3830
58982
78115
93792
83121
69884
5207
94502
82533
23082
37744
63007
63501
78752
83894
25656
24344
98654
30584
32524
40240
52147
76545
40239
40168
34720
55795
38983
29729
19258
86019
27835
54841
20302
51665
83748
62193
26592
32067
66592
74265
89548
20989
15461
86906
17229
88702
89714
66751
24827
23386
71425
24577
77487
8720
6265
23054
73698
75207
55616
82901
98356
5482
3758
38673
74569
15549
75324
39664
26542
98330
69564
18622
66649
16653
19938
96659
71693
9704
87807
99957
27228
8388
76334
2635
63656
28789
17063
57440
20258
87976
77874
96720
47028
77851
82742
53107
42650
27833
93167
16482
43082
90641
19005
16202
70324
19091
69721
90956
96709
37318
64643
92847
24646
36936
278
84131
48481
64547
49213
1203
97763
74440
29567
93734
37341
82188
50934
29521
74341
12379
48126
49309
77369
58365
24712
19312
28099
61859
87502
29051
88376
46830
18209
18623
84187
87677
99166
38557
72031
56816
15263
28281
35753
12862
71021
68522
46227
62831
85747
34625
51341
19351
36879
87475
45823
90288
57569
76132
5001
49682
63782
15506
80299
37810
9790
23931
43008
54228
94249
2028
805
9678
27632
21640
47128
10843
68992
8785
47739
47353
17105
49653
14136
35584
31621
43352
12991
11903
78636
33402
98282
35796
8228
82565
69473
87751
28254
15542
77689
93891
46523
8581
72024
77491
52246
42834
72084
9654
13978
98030
60857
64094
62932
94659
9321
63370
60164
10913
95293
75901
85485
4871
51562
10395
35692
25034
66751
29025
32197
91972
34155
28254
21368
2204
75931
70737
10067
42029
32513
15840
61345
61814
3472
52050
66240
91902
1092
36522
41520
99458
10174
58784
73575
61789
66701
38238
48834
49619
28169
54516
15542
7129
52408
35640
50661
87780
7251
16893
37548
60972
69507
3855
74552
11933
85573
90473
22808
92571
32109
84723
8110
13647
14374
30555
27456
42002
20631
52622
91883
11380
41666
77395
85591
97130
51814
64645
66885
17490
7492
20012
93092
21700
42270
31510
57603
68758
10491
84342
28706
44492
99464
55289
54529
17883
2072
81474
14426
82969
12620
18657
99114
11810
80206
56052
46282
4553
31319
39514
69308
77753
58161
46384
55137
30215
91894
75498
4071
16119
29815
87791
16512
70343
47321
63089
21997
63355
77689
58376
4249
2310
51088
36555
12579
55089
75698
40458
42964
65868
8209
17418
92974
64463
46590
72446
68133
80363
84783
79742
37223
79601
57308
99751
29622
21438
23716
32463
91127
48483
53964
70627
44163
4173
50727
10430
80091
62197
77554
79912
46968
98181
10166
90410
46240
91461
2800
75113
80149
89026
4589
23815
34023
8475
36495
46609
52554
9319
39565
85541
61314
9318
73750
7525
76282
35010
72949
9969
57045
26849
95569
5060
52636
12682
20332
4685
16533
36370
23435
20839
42836
47874
3668
53239
5644
48327
50899
88035
24606
61973
88056
4330
22098
92409
26266
41699
24772
95993
76639
15829
52021
49418
63923
5872
28610
80239
73781
8167
59122
23432
48498
76971
37608
41022
25065
49989
12792
28009
20653
60751
33431
90557
35433
55535
76556
8559
85181
11249
94594
4839
92103
37792
10815
90660
89501
61889
67119
5446
78071
31757
8825
19804
12586
74665
98771
13834
12942
26499
68370
93911
9056
43594
69945
17233
6756
72810
25842
36349
41155
53283
38139
16159
23570
294
95192
41794
1203
90443
85639
3780
81428
64306
87312
76417
63382
8564
44634
1979
77192
63653
78715
72995
64561
60520
63144
9734
6573
36334
20234
71959
58095
34445
18962
7573
60420
4474
16419
45209
3704
30787
10189
52606
66898
81386
634
78509
87354
4385
38273
68227
17563
37695
53944
46690
40004
74077
30983
11633
52808
75216
36728
96048
54693
98243
74218
71517
98722
2896
61636
80572
64913
56890
12902
79879
59540
98602
85180
57073
2716
94341
25452
13976
47244
7462
4046
42855
30908
80349
72795
46629
45561
34531
45150
1406
76970
42073
92456
76587
69614
19965
44192
70752
56929
97223
12983
10354
26877
95046
72792
11876
94173
71154
318
78381
43261
25134
77025
32935
91037
96252
79656
85846
16421
63292
11522
76018
97986
63875
57392
49043
30829
19604
63161
51257
63405
1437
13697
13014
94291
44945
91732
9848
98596
86397
80957
17878
81876
21769
93491
16373
48780
31950
37234
87256
78094
