2977
33314
92593
71554
66127
16041
59488
40682
55388
22435
4429
93842
8735
8463
18385
88507
16357
99684
55917
21977
95011
90318
40073
9924
25242
65557
54283
67724
82533
22974
2933
4969
60289
11211
51963
31120
78201
8350
10175
1857
35086
88700
6923
40093
99455
66540
88395
21398
4091
45150
4964
15934
9888
1832
37333
16033
82734
81644
30984
68335
11630
29557
1461
26961
84376
9504
63668
44573
55302
8568
80060
50021
18067
25657
86365
75497
25454
55830
52662
42029
69281
80087
660
96421
28057
6234
96809
87468
62929
91129
14692
98356
68767
31692
85554
15480
22299
1061
89584
67246
97256
14394
52204
19032
38272
68320
14136
53209
10624
54418
13897
74405
40045
92753
87282
91537
95169
17157
21784
82185
66454
31842
86546
39488
10702
18726
83840
84130
44381
1534
71652
99206
52115
20969
1953
89407
49834
38708
72398
15601
75208
32932
66455
66945
95985
93746
91505
7334
52941
85136
15352
17883
95793
18730
50503
56086
81517
94440
43122
93746
29617
53936
899
86473
40157
87080
62096
37438
90883
42329
88726
90198
63195
63503
18356
58918
58339
47548
25126
67272
37681
30653
67131
64615
19703
63221
22998
63418
92177
6741
93310
43566
19597
80989
61954
87003
38808
35931
10317
4856
9505
13170
37953
2187
34956
23895
78291
35577
84950
62901
15939
89243
23232
13488
53335
30737
68794
15782
13587
50705
38125
34642
52023
64152
82756
43306
31348
25025
46424
46760
22668
69235
75415
69157
11589
27092
68849
51841
4170
5020
30142
88832
97919
19972
52047
16654
37278
67677
75183
86083
87443
84413
45814
90690
76112
9877
47147
47099
84014
91902
19570
13712
83937
36817
72025
3541
70806
43669
46299
14672
65707
63763
60368
51264
64139
74278
23250
15675
66886
2639
26955
71887
20713
62564
40928
11497
98142
67624
74356
92308
69923
57366
41978
46522
47679
50551
90588
99334
12263
61555
13153
56201
70444
82148
30974
50011
91581
13478
52476
60570
39937
8362
28321
30958
55977
234
45534
63725
15446
52471
52885
37562
82567
37966
68900
52903
2204
22441
51890
97916
21292
98193
24501
29968
36511
45745
22526
41620
99753
63238
57890
97903
99012
82579
94725
78052
46792
84305
78693
56400
94954
34052
67264
3663
81231
10472
48419
99230
18923
79210
50161
74331
39802
46867
96588
44328
45177
255
21891
847
95650
70572
67031
52703
59587
64526
88235
61397
38810
22943
57064
85046
28719
66260
86635
44856
39694
20874
54636
1985
24895
1471
8172
83111
50468
77662
44089
71894
23790
86994
91808
2576
34300
49339
97009
64910
87954
93855
85992
93189
72690
33495
78845
63908
8985
80330
27177
60505
61304
63480
65107
11956
74093
23372
50774
94436
93886
29525
91761
58237
57554
12686
56300
15066
20364
32184
59297
56767
92164
8489
70702
28760
21700
41470
22166
24573
17468
1388
1294
3479
91554
61268
46379
47452
24618
60341
42470
82582
20253
86204
71464
29537
33593
79030
39960
28115
37893
78278
54238
36503
97391
1233
7027
99762
20292
50647
99783
86342
87020
8252
26191
32724
95135
4
22153
71196
168
82846
10701
41185
4820
41399
91666
10184
28311
77391
37561
61726
21148
36553
19066
31065
52550
29787
40010
45079
76423
56966
57158
58403
41020
49407
31774
62550
79556
76172
78464
32601
90172
47178
80352
14313
50712
82379
92322
28627
12575
77853
24964
93343
22755
64741
5898
73386
33916
20107
93863
79403
74849
2735
94116
15639
23394
24249
82673
35967
19716
51502
37030
51831
32282
25086
30452
21650
53628
79163
92364
64009
49255
17988
47500
47354
55633
87551
23938
85997
2023
76005
60094
26834
29573
38134
46264
37062
57296
31182
63099
98517
74324
72272
16557
3833
35414
23134
92891
85024
2965
75819
53382
64684
6689
84103
82372
3155
46712
94298
97173
35527
84473
43724
87875
92144
12807
41280
40916
3413
10780
99233
24880
61562
41639
75061
42089
11459
36099
19150
24299
30807
46710
87327
34018
7520
995
92204
47714
49134
66316
59322
71832
81659
13927
68293
61867
95177
82139
80176
98317
6440
38296
90295
69412
64180
19633
77409
46095
38554
9847
35570
70871
75419
43699
47612
80693
94506
19711
63317
51066
73455
36641
65379
51902
66158
75653
24980
65928
44802
49622
64043
50775
17346
32953
79220
38059
28293
74663
36697
99347
90242
99461
97165
20820
72241
75873
14085
74450
42957
56042
12999
17214
98874
13996
88186
2652
78115
75655
2269
1584
43293
50956
3828
47333
17864
3668
8316
56601
8627
47260
59328
31656
98718
32960
78500
69908
41627
51667
72414
30478
11150
28216
2501
22756
87060
84737
14754
35046
59263
36609
98307
41430
44735
40240
80334
39884
37661
42939
85107
18947
54145
48197
81914
86180
98003
7518
48347
3532
95038
51165
34284
53757
33904
38365
89653
93662
23423
67666
37343
54384
38342
96135
1579
88238
78444
64694
54240
36575
58150
8835
54492
59484
33490
79093
48043
78040
35140
13937
23958
44721
74974
44148
13362
31026
93592
18413
37625
9570
34976
97430
68630
89837
50811
83821
17754
1708
42761
36019
81835
42323
53446
10175
32412
99288
66252
53984
60824
2875
54006
57966
53112
69622
72672
70028
81684
78882
53930
1020
76246
3779
55995
63422
79658
75633
73154
16935
62513
81861
98456
79834
41845
59068
99618
22277
10135
77195
56594
67451
29124
16991
80972
25929
40614
68783
96198
88791
69655
93601
74473
73758
2960
35381
28597
47936
93599
42066
28064
91240
53399
18187
79678
12575
49729
27854
84605
58728
40177
58505
30824
45465
73235
153
34123
78006
53508
45104
65366
75596
30109
77218
8026
27526
3626
11820
49232
85232
69593
9090
67737
76038
16686
13684
40992
34839
34004
32540
6556
71836
76493
10310
26385
6319
75178
75516
99734
2185
34262
24877
22450
55548
62348
61562
62400
37258
14858
61565
50097
68896
5917
26230
62640
16883
40443
58291
20064
15701
16400
72379
70946
58164
76176
38103
53971
26288
19244
43005
85138
65046
45503
36315
22560
65789
32936
92188
57663
69564
18770
42746
28349
32967
69710
27649
84746
62660
64642
58972
52804
42542
3099
83646
43412
45573
40958
5358
41873
95248
97309
53488
18723
52145
22725
19404
54274
21283
91059
63102
69757
8210
64807
52857
41046
95798
29680
68120
96234
65742
97319
37443
73326
98325
98040
64730
17717
83460
38459
63457
88047
9732
35201
30984
95500
78189
23946
19606
56286
44384
97011
93138
65819
20990
42220
72525
15201
44995
46184
92399
83605
39203
16846
82652
29892
67903
60012
97443
88490
30851
26763
17411
10769
8767
34781
68378
18865
81152
20051
96524
33494
96235
77931
2188
60479
95381
77735
12234
92739
17794
15225
67257
62670
72664
2138
40092
87561
8255
81818
88140
26519
65943
60625
32744
90651
96214
86132
54810
36983
4412
323
83714
16272
39221
96672
12737
47501
48299
32922
91236
86782
40741
4423
30571
79898
36001
99920
70325
12224
94921
94982
57898
18559
24308
33714
61829
43953
20348
81002
91035
60898
15671
2304
10636
4718
19508
82516
53125
1449
55572
12298
4944
9336
46595
73718
54009
50044
8977
1684
11645
94191
83314
49364
17905
49959
95022
18834
29612
54551
25477
94468
40242
75381
75523
22252
28575
5142
93212
56781
16940
72949
39172
3835
4384
24755
1453
91819
53590
8377
33342
23113
97479
82073
80813
51017
75668
80722
43577
46069
36915
37201
95398
49605
81299
66100
64821
66284
65997
33291
11007
87567
26025
52088
88623
95601
51562
25557
41817
17257
83031
48244
23547
46037
39559
76353
64558
5768
61032
31684
76361
93374
23117
59459
14162
72401
30161
21285
74273
16708
16812
29936
58964
23036
98673
43636
42057
93999
84993
34017
38235
42484
74960
56882
98043
60954
87857
49613
13802
73877
17601
16962
80977
98739
15597
76657
57054
91308
81953
67945
87419
71736
80079
74027
76044
4794
54136
75821
17797
98010
26553
26106
38054
4465
79380
69270
89332
39389
36154
73600
65941
12180
79379
66384
10023
19382
85738
27424
13341
94331
70263
98950
44087
51339
12490
8191
13373
56012
24209
20936
89241
44214
67686
32166
30990
72771
2840
3877
5400
41410
6260
44030
9121
61898
27281
96081
73405
94283
9909
76850
88291
83585
14406
83712
11689
7298
15953
63696
48155
37079
99249
18664
75671
58759
27740
56136
79336
22414
24720
1987
20860
16492
94229
41162
45700
22042
69231
50826
55881
39288
69731
65484
38853
85506
49315
87962
4293
68577
74424
61282
45017
41405
66795
42067
10964
59984
77200
9891
54631
65942
17999
94195
68533
74145
42384
24586
8626
37672
96354
80062
12317
92703
22729
60690
21303
91235
45282
91609
93182
7244
20180
15225
35531
75108
48148
64394
60933
53526
14804
47901
88031
88512
61610
57914
95317
68003
79001
29185
17854
55513
79102
34738
53582
11718
83321
95592
88907
3590
59382
84865
99786
88774
54999
44089
77862
25903
96736
57875
51260
61726
27806
96857
59845
42223
73621
34747
2161
78615
45444
28019
2268
76176
92311
63241
91920
53903
52201
92147
83319
14225
25812
44212
27259
10196
97015
52005
54717
34115
10786
54962
80558
78217
87873
40347
55596
25191
37891
86042
95485
26048
25542
32868
49057
61169
61952
30024
13431
89406
25228
73685
47055
3720
45200
86649
92679
20731
711
49347
14948
52899
73200
25194
72943
89534
62833
12967
57481
3532
82377
28444
26476
52260
47953
23320
67648
83681
73518
31443
91799
2009
1655
77940
25926
39149
98365
87410
81536
34044
53531
27574
37104
59635
56667
34656
50323
40127
67843
98529
38831
87267
20090
23973
72660
80453
37947
66355
44622
99554
2101
19821
94532
51682
86332
26834
92560
76358
22576
59619
86491
37470
25511
9955
54868
56535
6938
919
47981
46162
44969
90540
24787
29007
23468
46328
23688
93256
27703
66361
606
65818
89640
57434
83281
60606
76784
76628
29058
61591
95900
64721
66540
41891
66592
50796
69861
22420
22143
65172
11507
52729
16793
54894
41512
11157
45040
72794
45883
6129
63193
85518
87204
61165
41980
9535
70196
9745
58728
46847
45199
70530
85943
48352
8679
63185
20472
79734
77270
55597
95807
43482
38904
25368
19365
3882
64322
25079
55165
1422
98179
75939
22421
29206
82133
17501
73093
87424
4832
75231
21047
25781
6732
46701
55730
78067
9984
44329
53445
63717
76956
82374
72269
44302
54991
15829
9187
74308
68822
84059
58757
57337
59506
72068
97535
52726
13700
59120
18166
28672
31560
95435
62865
54780
82859
59035
1284
70030
94891
41778
1658
93917
66570
73028
96606
32403
80045
96722
47654
82336
84727
32004
63677
62686
93117
64438
49932
14800
47014
81865
81284
94691
77537
23130
69130
58294
1923
60688
93503
84854
36539
70735
29579
24930
52852
41641
15334
93646
14375
86772
77762
84323
83514
67703
93528
24642
22360
41374
18542
70633
97646
90861
13602
38159
78464
59280
96534
67177
62758
17969
39160
30639
78726
29155
77964
89848
24815
4347
16888
76994
49839
77663
45580
12495
52402
48471
84812
88937
41495
46271
64635
77157
27152
63774
95301
38725
53143
42993
75114
38680
17768
71329
60674
49628
98399
31603
70193
31140
34414
34014
57481
71956
48250
2423
77494
49321
85811
9352
81322
46038
56206
7615
35206
70536
98753
36162
82625
24939
46651
1089
89368
86054
13565
33764
60402
95714
66873
89123
8111
62120
68037
28052
28621
95976
12124
39999
56950
62261
30450
61710
76425
82733
91857
89696
17603
59639
96629
97885
38570
29861
22304
88419
58710
37561
19674
72222
7484
48388
98761
15319
28121
56809
60073
36195
91767
86433
7849
57596
36831
26263
62338
91021
21755
90131
13204
85735
41670
20692
38078
27953
97843
34774
7770
24284
93655
90612
31155
26420
21780
97415
21635
43858
93954
55916
64590
1390
20060
49763
12021
42034
34981
6643
37591
15818
81909
82476
82923
17240
7716
58853
4018
22212
15473
12003
71740
15824
6063
9787
59290
8777
16845
47598
80572
90425
86176
33907
83558
64442
60016
64243
61139
36165
99964
62414
22310
98665
55562
52251
95113
22935
61999
40140
40325
10393
82391
57711
5692
44803
60530
69041
12550
94593
21756
79806
28838
77040
26470
31268
40616
43402
32998
10965
59065
11481
41720
60938
79875
49100
11759
25412
45732
21223
65341
53806
28458
51540
90074
52735
67021
94200
43348
92508
67496
75105
43732
48442
6294
46107
82313
84321
7589
45890
52883
89292
69594
14961
1646
62092
55585
45913
56152
76
81774
47757
43841
81552
14357
65978
31342
19063
63746
18068
9098
68415
93494
33484
97034
98695
85695
9790
6427
81871
76563
23462
72811
7676
15849
50226
34736
48345
84116
53267
81592
16151
36444
13709
61647
60692
51899
78350
31975
84218
593
69435
61159
94302
3844
51014
54418
24009
74007
34396
89330
74131
88486
57019
44353
64619
52219
2112
