40776
79367
73190
26242
88880
13788
46784
55636
61315
59003
80411
38106
18836
754
28752
13690
79793
32832
72735
83138
33482
51271
32511
52391
34879
19039
16774
70694
63269
90118
90802
95211
75893
37430
68082
47280
44464
65679
31827
96029
24179
78804
16235
26702
32147
11666
28636
50066
92854
32601
61989
51887
86318
43183
25259
70243
75058
52858
72063
35430
15066
16284
13708
48555
93815
21500
47744
48293
92204
62430
62197
11174
17485
95508
38682
4387
42387
717
69538
32595
71130
61484
95817
52438
1943
32597
40959
64915
37144
84576
52210
42649
58074
80143
56636
34375
31489
380
80902
93479
24504
85036
18583
52916
1061
41888
89726
28445
87176
94026
33432
57506
71248
98044
65470
88475
42938
72027
37198
37624
72775
28979
19156
65923
78712
56229
13940
33986
31465
74524
27511
30488
90823
19069
63088
42763
54895
13019
7882
1056
93829
91018
89904
28610
69165
98892
6776
53986
61866
58728
30669
66201
91089
54360
40407
65224
10857
58689
23369
64224
76161
3742
80775
45086
1549
85269
80242
55854
97727
48747
69458
47568
42622
5235
8575
26552
94822
30305
74091
63983
69819
16253
7215
19576
19179
86611
41745
33517
14048
65256
61615
34887
63710
96423
99370
72571
2015
7545
17010
79426
24488
65938
82826
70642
86280
76104
82360
8136
24557
68735
93611
14791
42242
18944
67177
30265
57321
19560
36692
10260
82609
72412
21625
23512
26932
54907
91829
58741
72944
63979
78051
56778
66048
96821
10246
56680
44246
82829
52464
22837
89463
8266
88813
64780
73043
53972
84335
76097
20511
2299
68918
99874
65873
1571
93372
20025
77527
82365
43962
93967
82805
58898
89147
54795
14969
93464
28251
56247
91549
49383
87611
57507
79864
36965
3492
59139
37057
22525
80021
54515
42081
78031
98698
16859
19315
71041
57195
56014
77051
78546
82095
47756
33889
92399
79403
66024
89929
21983
64636
419
49487
96889
1484
49207
80196
71125
96931
56848
62432
96800
94478
95060
27139
85449
85957
74244
48556
17112
64251
87514
16756
66206
10151
92786
93000
20136
66218
67014
68034
4653
23068
60305
92931
23591
93592
9877
65423
91102
36672
70871
47844
67072
75278
2792
90104
27981
50073
16927
86159
80942
49664
11490
89622
20869
33494
27524
66815
92320
26314
13096
23097
2695
2545
6019
73899
48565
89971
66304
64332
67748
12463
45149
5986
59041
44747
36114
70998
89214
93564
25394
24816
97382
12654
35817
87605
47627
58512
8454
78201
82971
84000
22131
62626
97905
55406
59775
59867
81128
43792
99356
31537
57739
31458
57380
99054
26791
68087
1079
35823
97954
51584
2687
54404
96772
78424
33908
11204
28563
60714
46300
19915
16638
89279
43754
38065
47663
20072
83015
75783
39523
33924
80270
88241
24086
52846
76849
87931
81431
519
29146
8537
92283
5307
31755
35295
25037
81747
52839
98585
51811
28566
75369
25608
99820
25756
84882
4698
20549
94225
23073
24324
60715
43522
37018
20767
23658
18184
17225
4189
95348
69710
71423
19814
64078
90304
12283
42835
45924
44882
87877
72678
60285
41258
74323
3748
35401
93931
4366
22096
90870
84607
77519
44454
10402
32800
37859
13264
52587
88451
42510
3080
25794
33441
43659
50923
86174
81379
4370
33622
10605
28138
28754
71360
63814
75033
9117
70612
72601
7935
47555
69641
30151
93477
34391
80928
16846
59120
37678
58297
11517
44115
66085
39345
81382
78228
53122
30876
89169
41593
51699
46460
40237
25711
21395
28316
40129
92503
9131
95243
41825
49421
31765
67992
39292
50870
97403
59398
70322
44102
39614
32428
94147
59212
21139
40364
56963
38458
78119
79629
66153
82324
44260
10648
46951
66868
3276
73452
64659
58648
83713
45374
92324
53129
22599
1168
95929
18120
36097
72460
99219
67927
21368
66046
10082
36546
60666
85772
44125
74728
11167
33490
81803
83754
75015
54366
64031
78766
34112
14821
29185
41680
4611
10720
78278
65958
28477
95527
7873
66095
39211
20359
26227
61591
93151
29123
51102
16905
6848
68069
95608
23634
22094
53055
7515
30158
23554
20387
57
21905
20307
56443
72941
24244
28821
10885
35116
52185
2364
28271
50938
77533
25695
97227
35768
95546
51128
78511
73499
85878
99175
43340
63449
4875
50198
47944
9949
1844
64504
51066
67642
3568
65546
32226
2587
97590
87323
15234
67768
59606
10760
31229
76358
25992
57056
64683
70566
97107
84518
19286
89245
50907
10197
93780
41987
52648
52830
47585
16564
52976
35628
44183
87077
80256
33385
26733
73681
17036
14233
61834
96465
11696
60836
54981
86249
91458
9234
87323
88511
95063
39822
96811
93351
34190
39885
33169
33658
16925
30184
56093
85509
93206
67172
78063
80926
89045
86931
93810
62897
25929
41843
22962
49048
27996
43893
42715
98793
5409
96760
22864
52457
33305
73300
50020
28990
86754
79506
24152
70595
76445
22872
55090
66964
4250
83459
93078
76233
33346
85805
43811
83520
2529
70670
2381
59891
39694
55198
70099
77672
97944
21848
90525
76519
56943
46107
80947
41638
32844
56010
1980
26304
52413
38547
72370
19781
13105
2221
26078
64971
32188
65850
32470
58978
97416
36204
81072
82629
46009
62852
40161
69483
90715
90229
10422
39901
49194
5799
1838
38275
88318
58488
64786
79384
33905
98461
98514
5116
81966
71590
97438
55751
72951
6943
125
55994
73683
1618
41902
23954
69554
18442
95128
38102
44767
39347
72144
40880
95489
75901
12967
82777
89229
97983
15597
56620
40460
14969
54886
15228
5733
4817
3847
129
27622
99903
27054
8494
88596
32708
77339
11358
83309
84021
85166
57965
66742
15062
74334
51011
12806
84673
94515
65547
30894
65733
7361
24354
58019
38027
22146
97514
40682
36308
49263
59230
90750
34207
75643
53952
96289
95015
61644
12750
87517
2760
68534
69716
39190
58818
91573
44090
20686
50998
78214
7454
66196
57453
39715
40989
32170
65336
89338
13706
75313
91730
8650
63201
11731
21282
97721
56725
4493
53309
51380
57317
9143
84040
3235
63950
41937
12507
95912
56154
81260
91232
98452
90838
12499
12411
87687
45185
18388
23364
65378
94304
1550
79439
51882
60046
83384
85773
61436
96657
74316
75019
70535
59208
14767
97624
2794
23552
81213
99205
93131
24006
46357
68708
55857
4694
70623
69491
56991
19666
36758
77426
56398
79119
7990
46927
33158
40937
59458
57795
75992
59127
86642
17782
23962
24217
33464
86045
16224
96014
9838
39844
26227
51010
20797
45958
47761
51524
34188
5337
96418
41653
36515
12647
76562
83868
6203
56694
20431
71255
42885
71529
37825
92268
37107
41056
11776
10238
74887
98651
92247
60827
20566
25628
75380
53298
71128
46889
91016
70242
78318
69361
40577
39725
95889
60326
39201
54763
50163
29032
45083
98107
37556
93731
90986
14677
79460
32686
2894
3418
71791
63989
12996
86605
16042
46513
47168
539
63129
88978
28042
67925
20474
39198
95282
90142
35537
29780
30481
49152
52241
36937
71486
14521
3556
9524
7081
73939
97495
26821
78711
66322
3301
81967
46555
21638
50015
24487
7437
35232
79349
7172
59818
69505
29827
85606
96680
86893
12570
18292
50804
4159
25033
82398
37738
49174
43209
72704
97648
55661
78210
20423
3216
99913
77213
87054
72752
25131
12455
68322
1519
4805
83647
66052
80350
9001
74173
59692
4216
12829
80990
75595
33088
13131
54352
30473
83606
29141
74230
78732
29749
25061
44344
81146
61356
12131
89259
438
56726
77152
69592
35014
38233
53998
29292
96405
1592
38706
80796
22293
61685
41138
83666
64700
99847
75625
16280
35439
65971
35482
15456
85884
39402
90145
20845
19201
25727
82052
28834
33098
79395
49384
64197
94455
43007
66528
17840
1820
47149
28961
87700
46627
59412
50481
23305
42668
46206
4253
56215
59316
45143
15497
26970
42739
31876
8131
95318
52479
71390
65233
8855
97967
52170
21896
54435
51738
23830
12318
46846
93469
72914
38711
39609
44859
19240
86812
3321
88670
59833
86827
44671
69884
5846
87815
64697
80182
81719
84527
12389
84730
22780
80172
74781
22056
19390
73284
29316
38097
91857
15085
63083
42075
85401
40187
25280
51585
7685
91705
27571
84695
52332
25494
15206
9068
38371
2263
3857
60680
66808
13579
96656
93332
97806
13948
76137
98489
94069
36960
95421
28673
9317
23599
53643
90778
39863
97999
43227
51353
24736
24524
4590
43547
25675
45635
26271
60934
48754
29053
76886
6542
69433
29593
89417
64723
65799
12738
44239
7688
85121
65408
74819
59726
26661
1418
87825
19775
52448
73433
57824
6503
22700
3927
43388
56781
2922
63510
23423
39119
30999
49918
47515
3691
80590
30462
99526
21178
88187
91524
85251
62102
5079
89511
74249
7261
97957
7713
69874
57390
57543
59259
2050
18352
29630
6752
21042
71697
41148
43795
7224
22924
19271
45853
33909
19012
34829
97598
37210
78893
20191
94085
81336
18218
18347
4091
47267
97808
49050
43737
40610
55498
46466
94457
52373
35862
41161
20810
9155
24748
92311
81278
1504
80127
67542
39646
33367
24028
99241
4413
21754
64719
31718
55817
19715
30342
39121
35934
62245
64269
76791
41332
2484
29623
85924
11353
1230
81310
29505
40602
2916
67522
64557
70554
47433
73069
11095
31237
26902
32152
27605
52030
79704
15142
71045
33205
49943
4366
86205
48724
30627
33910
50096
66136
50141
97978
15936
6045
67039
74380
71803
64115
12809
65494
31476
85420
43241
49563
35358
87863
7398
95099
1383
15559
45865
64725
80399
54348
18153
93319
69251
16003
71858
45073
25722
30121
36977
66935
94828
63275
87358
4069
32106
99833
87845
44077
5310
62616
78931
84363
46720
81751
51163
10986
33969
28282
54818
35040
72568
17906
76685
41940
99191
205
58692
96032
98569
53417
12611
17329
58266
20932
31325
53739
73411
7536
5230
1770
61888
11618
83931
7363
32432
76937
78472
57001
98281
29243
38998
96715
24821
96747
76342
42234
48333
79607
62703
87977
17648
99006
34728
49773
88895
1583
11602
84676
12633
18492
40597
56146
45870
77838
16918
43974
38850
16466
10337
86587
64769
34288
78937
81018
17497
22716
12025
68861
98168
99589
14758
34734
34691
27755
80755
52814
54735
72943
66544
94802
52800
22146
19153
75176
56636
99167
72342
15191
73355
42356
96028
65668
64654
15771
45599
97265
89913
61640
87466
43744
73326
88155
67581
50261
3958
22549
1210
60921
19807
53351
58220
99419
23597
44773
16564
23153
87454
68762
25361
46076
90015
97717
87755
89737
63588
74913
96764
19892
91880
83923
82396
29575
61345
79420
85864
84640
98334
32767
25710
98833
27297
82684
40664
87105
86547
65706
57106
24656
90568
69155
79002
82967
66224
63513
51523
43758
25943
57414
63621
10279
17946
9026
20580
36183
85894
17710
91292
88789
72847
91629
6886
23291
20361
87314
11274
34122
42887
92819
26977
94058
81102
65437
51621
73838
30388
8290
25143
55510
89531
59822
22220
93774
20900
47415
44054
72148
16753
36915
86059
29559
31900
66467
86132
59930
66285
59564
46900
39256
44444
88166
35795
66722
83235
38958
93638
35364
11391
9046
81596
24453
49187
95517
44455
55117
91641
63577
805
43873
96758
85871
94827
78826
9337
34693
97261
92275
23936
51344
59564
53649
56262
54759
9628
79389
64253
41720
84817
3261
59236
32216
35782
82401
16197
18742
62825
21768
83726
54729
75142
32611
25641
45352
87055
7697
33979
39864
71877
78602
43509
92960
67685
98359
2106
59032
32210
66718
29102
44128
7994
51100
1943
53101
9448
25931
53876
61086
47430
49283
40758
1549
29613
49757
9886
94848
1419
36466
60821
9919
55599
84418
58626
31777
21523
7728
49132
61631
52263
57962
940
87082
34166
76039
57261
4600
23159
96969
38051
36697
84178
92707
48325
65416
89613
57524
18537
83549
83315
53200
2171
86335
36704
32127
49081
77814
27787
44127
22606
67519
69839
26277
64073
43769
55096
3969
80633
27901
59015
53343
44647
47370
45090
138
39728
43198
57787
33291
72318
34752
40795
44687
40802
17338
54795
76998
41232
16357
91967
91336
79926
2652
23359
83442
41946
83923
9044
26990
2576
52480
21483
20209
29461
74615
94408
90429
28139
50323
52875
97447
87761
56368
13592
6707
63165
43798
40133
53147
97273
31280
49157
66478
27256
8091
6603
12757
37523
33306
68478
27602
16773
98182
68984
66049
98559
49570
86810
53056
7016
46924
12944
52203
7477
1200
78812
52192
52609
16471
45570
45825
44041
44444
90575
10583
13703
78911
35463
98292
41416
35667
6442
625
8524
2834
72514
6710
41946
64624
50475
46584
60605
39436
4831
36732
81663
82371
84189
49658
73729
73215
96565
50076
70580
29325
80467
99590
86359
53260
44646
90416
37005
58977
10444
14671
86746
6536
32444
3186
21370
60997
96847
24967
93630
59864
65259
5853
88580
5838
19886
73989
49425
80276
31924
39346
