3791
8931
23580
82193
47173
65296
41598
69763
62260
42479
83035
49247
19
63712
22173
66362
84274
5804
62642
57446
38967
50902
3187
13909
84691
42767
50321
59131
90591
81801
89086
92561
95928
32739
89270
52502
7668
54148
58280
66832
55617
34275
54724
37680
92185
18370
84579
67604
61891
40154
18574
41637
49448
67890
70508
84065
7472
73737
19755
25427
27194
81715
42666
78494
94037
25249
69344
93881
22525
43608
13485
82548
29109
31204
20252
99320
94909
71526
4849
30605
90512
40648
7445
2133
58013
52369
68378
82837
63584
14707
25037
93332
3037
40066
93368
68508
44152
3775
20592
62238
11155
22003
33602
98290
9093
89207
17493
17500
63604
44560
2364
10409
54735
6424
28251
6008
69130
65815
19186
51126
5846
10257
46123
14850
71868
5688
43580
2096
96374
11234
33946
4617
40907
45622
30906
9583
92197
96448
20517
11870
38289
53604
16375
45869
93074
65679
2036
20884
83393
62729
30856
47752
38310
2918
12025
85282
76140
16315
55340
83006
59076
43854
18768
50462
94680
90407
47179
64142
80585
43555
14495
97347
14504
10151
59576
61629
98862
66481
18068
6860
10713
34249
90384
55214
56035
599
86315
80630
68480
74255
18874
8488
3636
7847
4552
52257
21422
59433
56198
36212
85285
58275
34486
64367
43566
56316
29840
11036
57047
12737
74000
45091
2691
94846
19869
27245
32642
93800
71062
83459
64236
94934
30106
24853
98011
72016
13172
90326
93090
15072
1538
80901
93485
55174
46401
4039
12790
98599
98070
98031
64385
23621
33595
17791
44149
13641
24292
1736
99352
44317
25741
95630
93957
59446
69890
38567
70701
16623
13962
47138
75303
63185
13361
61284
83765
84334
28305
76621
83989
43597
3260
25497
85536
3551
94793
95939
12899
52336
3672
73700
4503
41977
51747
8665
56127
19826
23012
49890
87197
96422
80157
41991
88114
31167
93224
84437
9073
29695
90139
53830
17598
61136
25559
55295
56072
19284
58990
74643
84191
2486
20494
900
80916
81921
77422
77353
88077
6447
82580
60299
56833
14425
48289
69802
45878
96142
59642
93885
25748
2623
44724
90007
18597
38679
13722
25572
41516
89447
92414
16210
52480
91007
51642
51277
62915
58969
57730
67331
98787
28400
45128
18790
70348
46318
93418
51216
72775
25250
79900
9344
73940
37936
19054
50754
33471
92067
27035
67181
8706
61054
23309
26406
65143
88816
26415
50338
9304
68069
7153
38601
23637
84793
91090
58326
16913
55463
74605
19515
30138
15136
95330
66273
4067
66936
31359
1261
23679
2138
95147
57246
53180
49403
82160
3826
22586
85804
49058
3048
41415
19945
65488
53985
41048
56462
88710
38464
97286
44105
12572
51568
52130
43531
16479
73797
5622
29368
26682
39514
51802
25919
61569
41017
22544
1443
59481
55162
57597
1655
27495
84867
7236
64712
94964
39853
92832
77780
32378
10823
18301
11512
4909
2868
9588
38279
44456
54191
96481
42263
76339
18127
62435
80854
45071
72645
61264
69690
72062
34530
13778
34069
15506
87158
40482
94215
79440
39091
66431
14029
57215
74384
65259
81016
89811
70249
65859
89273
96753
33444
83737
7704
37791
80238
12239
89155
48266
5988
18737
75011
17842
32334
70544
51627
95702
49989
14935
56106
2103
81749
50060
77376
2572
37278
41188
17644
14658
75060
13635
12420
73710
82567
66800
30302
94736
381
56369
11531
55173
10010
31623
16452
19113
37250
67176
47964
28775
67541
42773
61109
43488
31577
45944
79214
84467
17462
14813
63706
51246
23066
81769
40172
31346
89853
61083
4430
6684
90366
36893
22801
39477
28556
14726
35327
52472
31394
57104
38700
88827
60778
82642
34731
74332
50242
9305
50045
18825
17179
86344
1444
17740
19390
59560
80437
13073
4009
51373
29388
6038
40951
62184
78777
78126
15646
28034
59065
7345
58610
43004
83200
52388
26503
30080
31345
3360
6611
45443
17744
37314
70898
96569
97166
79982
11139
58325
69348
82113
88112
11068
27036
37362
63115
869
57736
63043
35283
21487
82965
91018
93238
76703
85562
55286
33552
30260
23531
50721
49010
28777
86059
68433
63262
68230
5150
8586
81295
23139
90524
34804
13621
36635
85473
46052
16061
70536
25857
47113
33008
1185
82649
31414
47410
7213
87745
1319
80906
56738
72029
43633
26306
52959
18675
11211
58884
25282
56790
35507
57700
47271
39137
80030
65213
47933
92608
40000
83891
6406
11848
55572
22904
28044
46183
28264
46122
91675
21782
42537
2937
65342
36363
57830
37382
80921
9034
10627
14727
62688
56700
28029
71432
20435
38008
48597
67435
3768
26589
51610
6288
57459
54594
84503
64592
17763
87844
49207
75426
23612
23327
9456
34688
10300
51608
59187
94852
27884
4791
7406
38924
39382
64050
31420
46622
48926
45667
85067
89476
83294
50588
74695
55992
46177
76337
95559
70139
24188
81556
41556
96510
71268
38879
78290
60772
53744
93001
27628
20927
62540
1659
69408
34071
76470
99100
14532
25193
22137
83753
4148
22700
64420
37408
48890
39471
6695
28891
81432
70142
58569
59611
56308
65603
67848
6906
55393
4168
6638
41282
32166
51867
21068
93788
19405
17771
94966
49440
13002
68335
71098
89067
29541
85350
20894
58191
18951
93433
51958
1860
94845
73244
41279
47420
6060
23539
13723
69140
35217
529
75657
70471
84435
63900
92160
55165
42568
27661
20392
54240
11872
14899
89749
54159
46386
32726
47201
88363
45346
37241
70244
65518
64651
70362
89426
94364
64078
87379
26770
39410
4407
96034
10679
18139
63497
36646
63933
83202
21158
56512
67169
19041
58524
98297
28093
25272
19823
96418
20383
94041
18655
21173
83396
77599
91798
83291
35030
62687
52016
78984
57504
82519
37639
79808
23626
94468
68187
72605
92790
53231
69050
84392
2453
59495
13137
83844
68230
17738
59855
94411
56972
50140
59858
48816
83467
44858
99697
54244
33823
92361
15941
8468
52346
21736
41493
23535
7928
41092
73436
56037
81343
53417
75225
61034
55160
26582
65939
68378
39557
78057
54215
2967
19422
59066
28208
93422
67564
26532
64465
83544
84481
89405
7362
23548
79794
87143
86292
39282
82163
46975
97795
31426
98413
46931
30743
1610
75518
91601
73751
49374
96717
26938
80235
1258
72360
97333
7435
39347
81916
61760
99562
6364
20240
43009
56345
33893
55679
92602
73401
93581
30544
28539
58561
57816
6195
61714
97383
12587
37915
65469
28719
5396
22258
83616
99182
75879
37406
15602
39801
33795
96846
57138
18415
84916
82016
98807
11263
50417
98611
20868
37656
74309
18531
66810
54475
62603
62214
80456
10719
34770
57794
59550
99185
29696
24745
85599
98789
49075
44979
15701
69293
14594
9206
61758
20629
56035
94724
10020
39817
64998
866
70026
52548
13822
56224
43426
52374
24031
64921
52507
73904
65474
22921
31736
82607
42438
63462
42524
67299
1425
88444
46465
14427
97333
26665
53321
23471
10573
25106
28395
31274
30662
45824
26319
21490
79355
20539
33653
85044
85848
86657
24238
4145
14240
4098
88526
67103
5130
32091
67194
15709
81766
38766
13052
86680
52990
42970
97269
13171
30071
10044
40306
74454
80311
57186
12759
37237
72512
41512
80023
3995
666
19441
25926
17044
86735
78371
41542
70452
15568
87231
40733
82471
29813
79739
68584
18390
34242
47902
98760
27027
35109
64504
91707
20577
45915
62043
49670
61986
10482
94554
41230
76126
87241
8125
9798
83757
53140
17214
36386
87714
35804
70467
5866
84501
87907
71032
86570
40075
53893
26312
58470
57219
27418
14680
25547
89151
85432
85728
54529
57389
85525
95207
21628
66130
51050
78138
42706
40498
95667
3560
84999
65374
84274
55165
92419
68890
56276
13561
33893
63433
28331
93741
75954
32600
92731
37809
75334
26021
41008
60516
24810
53482
20652
47009
41414
17513
20671
68827
86446
19893
5967
79221
86712
85978
64727
74241
7438
76331
4715
26322
89983
66598
76889
19231
20368
5830
62795
81911
85615
2565
37609
98812
40008
32940
52636
22686
71056
15576
43693
10453
30815
5771
78028
88441
20091
44716
37293
70753
70095
23483
27788
27447
17498
34133
84337
19317
16036
36737
90959
24894
57803
85301
82118
63835
13948
72488
98632
87760
8286
50900
51257
41370
97960
71431
18255
86440
74418
20135
11897
11251
14984
29759
40092
90236
93659
48331
1048
55552
13618
30076
66794
42522
4671
13928
35563
72085
876
97745
30005
37356
66515
97488
80229
66977
66765
92286
34683
58550
33730
36799
69343
23819
54687
95755
49631
72596
78630
20794
8179
84982
55999
18572
46177
6943
81132
46002
67579
9663
33595
29820
29766
89894
24052
40480
82262
93436
99346
45763
59734
6231
51439
54792
963
764
78007
58803
34776
54165
60895
38840
4164
1579
82606
2244
87703
70176
56409
32071
2236
29420
33613
94397
59104
81395
52037
22296
57777
86815
75004
65452
35745
92734
26556
20342
96074
71290
7477
53002
17579
12241
72393
5015
54353
59538
79396
65721
86321
14643
11529
53659
27857
29265
18759
57159
91174
49380
84938
49036
56696
5118
73454
66155
99458
4705
56047
88574
27862
40698
76187
77188
42557
7294
80649
7789
80188
5791
79843
17247
15186
39595
98335
8067
51038
45889
50092
54415
50205
80912
37063
2737
73297
8558
49164
23188
96573
26258
85002
29394
23564
19695
96591
34679
82642
23630
17955
83469
95179
12615
15377
40265
79199
61755
36416
43442
78183
27760
8992
82761
5289
86698
45279
81177
58750
89891
22267
73533
97141
43463
53074
85384
14833
16462
81333
80949
50605
50454
87547
43883
11232
66621
82226
66700
76763
21048
6128
20539
75824
74483
64487
2184
51244
72038
41399
7066
93189
35824
60574
5816
71855
94002
38730
45523
37799
586
8879
43091
23187
21866
88596
78940
28257
59733
23112
62812
60651
16886
32370
90164
93052
4477
3462
45377
60525
99255
48883
17607
40872
4713
10873
84729
52814
49128
28696
9287
84404
51768
72003
98148
68807
62654
36436
41298
59536
87492
27257
2157
1427
96714
93388
1073
26257
74563
34752
44264
73134
65203
62039
21556
99469
6402
21328
17109
73431
40797
74526
93624
81402
43914
52820
88637
87982
5606
85245
5923
71187
29214
28872
69362
70102
29830
38560
39908
17042
75032
5177
93553
39347
19308
80358
53013
67031
12816
15048
36096
74573
86501
54241
99483
73471
79415
2695
13298
40971
22166
78676
77154
63052
71957
38425
51007
23353
13343
51347
79586
5027
45809
7702
64207
18690
63991
27237
12831
1193
34215
18276
59662
57141
24692
53797
74050
84933
44336
61278
89622
73667
2594
51996
39843
8961
49055
88753
55434
22431
96104
15560
83616
32073
49856
34233
74070
80764
77385
5592
19332
47017
17402
57992
99922
68178
51678
22797
28771
16402
30155
45823
75262
43289
16766
13115
39770
38421
4208
85011
37893
72876
5847
63269
15089
52326
380
69609
37340
13287
87604
88803
81242
22458
2045
32377
30465
47881
50871
82751
53073
87336
43708
1646
75678
60562
59069
9715
57179
97804
72027
65699
89221
65221
39583
93324
83369
75455
98102
81159
24019
31975
141
48554
81812
7071
51780
48794
20814
30270
37970
40381
53056
15405
63542
845
28905
35474
39349
38793
13370
137
16852
229
93373
36494
26387
85986
33820
17592
36804
33113
49167
44799
29640
67056
15974
55646
78021
47
81743
51924
389
6316
2244
23524
55565
22306
11156
82908
27128
11488
81100
21682
4368
50398
15778
28938
86153
39115
85918
32629
67994
45634
1061
21876
31960
55354
5988
13178
36657
60988
39349
30735
3554
51536
97169
48
82262
61712
83058
19284
21755
43966
50052
70762
15138
66513
64328
24254
93427
85995
52771
36762
70315
78694
86569
85129
40627
68588
88354
73015
84766
39750
23767
72852
89566
69196
96092
86647
89444
20955
42265
53663
77714
1701
77878
19733
39999
98371
77410
24109
39110
47301
23488
97036
25259
62473
99087
52643
58284
47466
77333
18105
77503
96496
2983
96807
44622
39621
93367
4860
2923
84168
33051
98785
23153
53466
61718
60151
19258
89942
33637
4284
44407
82942
8712
94893
99503
83408
48970
53733
28630
89399
67023
23652
90409
4222
29402
83947
22308
51615
27896
24803
33536
98298
94988
45757
31692
13313
62584
19188
29159
23504
92388
49679
25464
98170
36431
53730
15306
84062
71247
31412
69031
60313
10054
42876
32847
6005
66115
19012
23093
77886
59922
5264
63158
95029
86850
44216
22039
92254
50224
33840
95803
29236
37813
28360
59326
76605
23529
10640
11184
36888
44882
66516
81713
39890
18477
52293
3205
50775
93207
51351
93205
55846
98265
77831
69890
894
96750
91413
61830
52404
86387
53679
5385
78855
35402
82958
98685
5898
99498
15673
59830
80864
71078
70983
7401
71015
41272
81987
67936
60138
59178
29928
14296
87930
81441
86059
34231
68600
96711
95960
30093
56361
41139
66805
60134
61067
61207
8259
