1532
6812
59298
28029
57148
31577
83111
58652
96163
39106
53667
51989
48647
12466
65228
70461
73295
7054
97256
53673
46719
2849
30885
63234
55217
16088
81189
27269
64127
93398
46711
97683
42557
19381
82785
45308
18402
22010
72153
62979
48840
82355
17171
22541
62793
30576
37556
54028
12521
20028
45990
70659
51507
70998
25380
1205
40251
26032
28181
66190
32227
84803
59637
9101
96441
3117
56751
86764
63582
28328
95175
53774
51905
93960
47603
46308
38217
50161
78090
80348
52242
43571
66549
35655
11118
2147
89314
85670
40237
96567
75223
42544
80343
63485
9731
79745
28726
63128
36432
89826
11953
89241
58389
14386
13267
54998
4104
8558
9227
3465
75505
56002
12428
62984
89849
86860
39860
54300
95041
24809
62729
82272
86063
80254
82591
59768
16547
94501
11799
33579
18856
94930
56770
61311
11335
45505
35715
91920
19189
52030
2546
5228
64364
27569
60572
5390
24247
59556
71176
87541
83750
93042
30420
78368
13666
54381
32926
75080
35322
38988
73536
56570
74396
74896
31858
81231
46304
37969
97267
97450
52382
84233
50114
26222
69216
55293
72710
83129
76273
42852
87310
705
10261
86197
37203
76522
93458
99633
49753
38657
44044
87946
9940
38392
10383
23343
9000
35933
20197
24053
53000
4249
22055
15395
88256
41219
86448
24282
33134
89214
74350
75167
21739
28566
11985
11623
76488
31762
54886
24222
21459
51094
59325
36659
89145
90393
88485
5604
40869
80477
58874
14497
92615
34928
99445
39967
99504
79998
18690
22492
78137
28177
84463
62442
92547
8646
65888
83995
16313
62189
62271
19943
14577
91165
8432
31708
70354
47217
41443
68674
2064
80131
51235
32265
66642
45092
15467
85266
24437
83605
85336
54360
43849
15333
61530
55225
21145
41255
89732
72420
46696
5070
92227
24769
22871
62312
11883
81239
14147
20597
94508
64606
20971
67523
9443
97442
74063
55304
44174
34480
67123
122
16440
4864
72579
27790
60018
79295
96402
88331
45794
36888
22843
7626
91317
50847
64584
525
56784
13626
75024
28633
51652
63756
80794
91281
67936
10750
98432
76080
2784
67756
34096
163
71779
55594
27020
40225
47547
8817
62481
98215
21566
30475
31540
59732
35673
14070
51432
89182
82627
64696
50717
11568
70127
83359
93186
12449
48572
2675
21771
58289
89991
10363
70701
33762
43296
18537
79302
97937
26810
11267
50202
34639
47515
78319
71641
57537
52627
14586
23996
18928
35818
31589
15629
57646
67090
5964
57382
41446
15516
48500
88850
81854
77318
49873
96401
37804
2834
5521
36855
38194
44113
16649
46579
31639
24542
2233
86668
27236
15368
15102
7911
87223
42311
36949
41862
13575
96336
13191
59243
57398
12611
18133
14651
8236
6050
76769
19197
86741
45820
62550
14177
34393
22599
7542
93405
38227
55787
5726
15283
81649
12187
88375
71055
26568
96159
77980
38955
23312
26285
58403
4853
68003
23191
69834
42217
83790
35325
26784
67256
61137
31203
27213
74122
88505
82077
69918
91327
3447
71782
73841
77521
67773
39697
31673
99637
56052
66166
83951
50401
82269
2542
54709
95911
834
12378
68040
10975
25144
95805
64897
99651
90324
53803
49096
47796
60807
85433
95607
14715
67543
74419
15174
75113
30779
23468
46647
9887
45234
53040
27744
46858
89025
95350
3761
54150
2471
93713
24961
75459
73695
29094
18234
67013
63826
90903
33277
89381
17078
35166
96467
48373
97287
43445
33169
98657
3583
40626
4423
13233
48501
46417
60325
12619
47056
33513
37994
5781
36359
58144
15339
83544
95638
83674
87101
2240
37022
52333
12223
60511
45786
14736
70214
20594
21754
43538
43366
61436
27326
24582
76090
13294
22833
66972
82897
47016
58303
19435
70965
96729
70260
47467
86041
56033
36658
58239
53982
42872
16270
70191
75362
51464
90856
30995
59718
5205
83334
28492
85338
27517
84844
4429
83015
27451
30521
8406
92920
57189
72417
52641
10182
86133
13378
88245
16799
25764
54854
90840
85138
67186
74741
90178
28954
62723
58195
66828
33125
89155
3645
11399
27743
30026
93979
6345
27008
36443
39747
62627
84174
80262
25962
28750
63568
37933
94023
70179
46865
43460
91974
77193
99341
31122
33254
6345
60795
74292
50384
83934
73815
74496
66580
99241
57387
83686
64834
77089
91257
11379
81185
13990
4328
655
35407
34358
90184
54247
17750
19545
67267
61349
39239
14679
29219
82459
84406
10026
35226
24446
27954
72302
89297
62255
98015
77108
72081
42261
53330
67606
37480
50534
65992
33093
81016
29509
34787
15486
44578
76004
35235
31547
60746
83531
41469
46565
31495
94065
16282
51367
27561
61767
80590
96990
46279
5300
60754
22253
43045
42715
58593
71437
8414
9913
61708
86786
41908
26410
94203
41928
81745
25387
39681
17868
29304
92218
61210
62743
40781
7097
97700
31397
7070
88370
92215
75252
28461
8500
19105
20600
83003
16284
290
41483
75602
47375
27650
67874
68687
87011
37706
14363
73962
97278
23014
42065
63779
42614
68596
690
55915
25975
28457
23048
4652
25475
50593
69204
34966
81523
62080
42009
80039
35324
58026
94260
41558
52973
24572
6441
26781
52821
74725
61688
53632
61697
79844
90287
86558
50019
52831
72121
18899
59790
83805
39060
135
39358
97985
57888
97719
89876
98115
54483
75518
59775
74348
92522
21823
16758
38542
66266
65490
23362
78047
5029
17065
62425
2928
78887
38205
10981
28590
37040
26394
95363
25811
79788
76035
71398
60906
57598
79716
7644
12190
31723
85747
86697
83325
64435
48705
64559
6126
92058
73730
72271
46412
22660
25335
93897
42750
30080
82516
18560
98645
87131
35699
377
58017
9653
39989
44865
39184
21585
55760
1166
72452
28549
69593
46590
73808
52050
20303
92860
57551
72589
59010
96577
42593
18076
42174
27126
74946
51772
77496
93400
56681
94783
85043
94645
45082
48083
50127
43090
23176
57213
4912
49007
17483
86149
27270
8450
23545
47275
36638
62848
93893
89239
98372
42874
68913
21678
25555
77412
33744
18145
62875
27153
53885
20511
22830
29434
44913
56394
3463
48029
68389
53319
21879
76514
29541
72495
21165
25945
71757
38915
68482
4255
64003
15036
92446
44672
67312
28320
36170
21078
67708
38064
42483
56175
98181
86015
56855
40589
40380
53630
32880
99270
156
90418
40122
8428
84680
16102
66211
28807
95263
47196
25870
96606
95583
28031
29827
3925
7795
19413
34199
72241
45146
58832
74355
98518
37366
54691
41412
40529
61485
30226
32542
31665
75712
64898
55661
87024
23430
60495
7706
71696
86596
3965
61207
45793
71275
31782
34439
36575
83182
2641
76621
92248
83710
88580
33679
41322
9476
46960
33414
98507
29146
90635
55429
15170
43622
77819
80836
75603
82004
95662
52328
42745
74031
2119
55696
85227
13628
851
25119
25793
41299
5433
82689
40911
60475
39535
99835
83952
24225
61161
24788
47166
87541
75533
75770
6014
91425
68514
29586
58329
60422
10215
19296
644
39829
92608
22126
39617
11302
86250
39933
41118
45497
67792
40198
60411
15399
55350
70988
55434
46275
29267
40096
8175
56179
96635
5359
52903
8869
218
69164
61892
67504
51357
93782
83990
47688
32427
25573
80614
39677
29553
23671
65308
99633
54298
72369
2880
82420
59293
97108
34813
27806
78160
26782
44162
57960
20283
76666
96322
73959
72263
85125
6235
21030
23798
69662
65523
19359
63820
4105
96031
90005
51402
47359
52478
21521
51003
32950
72417
99479
88392
77033
43918
6437
76678
96196
47962
12232
94447
77934
37331
85402
98766
61810
91552
22876
32948
76268
49696
20459
11783
23757
65391
38242
1530
21771
26663
29901
81496
80168
76195
29829
79258
8542
30463
70700
88216
71684
90875
74919
24508
38719
37822
19763
83058
45287
65303
56613
28699
78132
45951
28162
45473
47974
16347
62680
64933
95790
82749
96215
22324
40541
77417
74832
39864
31398
36149
92744
7211
40306
55402
7160
59750
34721
68264
67717
25911
68952
11045
76439
11729
40491
32502
24440
74269
45095
5670
13835
62255
48764
89443
11814
6771
71654
20888
38317
9478
43544
75221
41164
3073
42436
65355
41969
79568
92104
7027
11364
76674
14424
15374
69508
25912
71555
83239
5760
25984
57477
30165
82190
73627
31242
96509
99819
9754
82106
93140
76752
51720
10245
45185
81197
80705
64971
47617
13989
72160
45704
3556
96997
20085
98619
22101
76898
76790
94066
1496
83758
8780
26900
60267
71031
58606
52522
78638
46204
21068
81227
57055
51917
84834
11810
49887
20446
83052
74334
56688
34439
80216
29430
23936
50811
73302
98007
17375
547
72621
93611
47755
86007
53351
14312
72749
32536
63085
49298
47100
6349
50701
20558
4704
71287
99799
612
71089
25619
57415
34831
62
32940
55453
4197
80425
88187
16713
84574
83791
90844
5953
47171
76102
65998
26229
8564
22463
25318
56889
50165
85450
30800
38849
65110
66425
47268
93644
47614
17821
82913
14743
34099
59084
24393
82034
83465
41508
65912
85904
60613
67210
67361
23192
63020
97323
76743
35928
47724
45892
51574
76601
57703
16540
52060
14349
23672
5422
74951
76133
81860
9765
33179
56447
10270
59713
44624
55997
30902
91318
97158
97425
58047
34579
36582
89396
98971
50752
39127
12118
43846
87392
17562
78927
4412
77238
5026
57812
57960
84964
65203
77190
68522
69231
14262
4900
4451
89694
60150
33568
72000
6049
87386
19343
71169
87855
77375
70010
41029
53703
41169
63154
5844
55352
39111
70368
29992
93628
59416
45882
83513
55679
28989
23922
47204
65406
45413
72521
11159
98346
48591
6560
77819
61515
73255
8303
17439
5409
88864
75118
47805
25062
97450
84624
49483
4816
52209
43664
99776
27442
34898
53028
84032
80866
96890
85678
74214
83541
69820
49010
90542
42758
16719
8289
97276
39446
27746
42323
68172
41422
7933
40756
16983
19168
21205
17333
18046
13547
5099
74179
75318
41212
13731
30677
84753
14610
95516
92478
94277
81018
4624
10819
45851
67545
74697
97511
57782
1416
84638
85505
89053
32633
70889
50735
37671
70328
60359
88996
61186
19149
69931
77788
77088
34654
50591
78481
88319
3442
4408
34054
30675
99152
34580
34304
77171
80069
98899
9365
85500
57732
16623
81180
32294
64967
93818
82948
81153
94804
93395
36193
57163
49628
70500
88449
99313
65181
12603
62108
511
6214
6306
83210
4838
29178
93085
60046
393
59214
47136
31504
24772
58669
29002
64393
91450
45628
17218
12535
91994
52471
56461
30160
7724
47705
44009
1044
51517
76123
87626
19387
73189
53876
48718
67085
59889
35870
23326
82864
60690
10585
17187
79932
77154
76905
74307
64459
7886
6139
16503
3052
70372
4325
64906
97302
43674
23178
55408
68506
33976
21661
17088
14865
35204
43805
17104
62740
77160
33439
24907
87339
27586
4298
53970
52861
92456
28635
33452
79686
19765
5192
42187
74630
85589
40354
80509
27190
55913
13491
11147
27734
88919
68647
84498
33666
71345
59592
3003
40643
33152
53665
82489
63745
82637
24612
34591
31446
41035
56966
52411
58526
50117
49864
31603
58251
66336
56081
91387
75285
17036
41527
56335
98030
5772
78781
59315
21875
76672
88886
65541
65182
80267
15368
27068
34904
41542
73227
52991
27725
41856
15632
41636
18296
68240
82047
10051
45245
36601
17720
70295
53141
12056
47035
42385
91972
49325
82148
14744
82566
73348
52238
38817
10376
35295
86104
81158
10612
50626
29700
47878
61188
22746
84156
186
88567
57482
81360
18191
37377
97524
6810
12901
98876
63457
47971
57923
31517
74637
32990
35476
71202
68274
80945
32674
48967
60847
77909
38509
40407
17748
115
64840
15263
81709
66990
53553
92127
23657
4351
77931
10394
52997
86171
3514
80397
92410
93714
83034
76540
35936
56848
10044
28424
9693
34822
46653
56701
83471
55395
89349
8391
50289
75707
43513
40676
84205
5866
14302
65077
91582
69106
31723
78158
97569
65471
79017
49965
79992
64556
2986
42247
76602
45343
71618
59390
82715
7343
42727
89998
57555
74118
67585
10023
62157
75969
22573
38709
28782
10708
5460
27
78752
78026
75075
2943
17275
51626
67431
13278
46319
10230
81766
29024
49615
25965
50461
72518
52861
34224
14866
29760
65903
14946
8949
36379
38811
69000
55320
7704
61253
3760
77799
95735
2401
53325
25990
6322
32646
49760
61159
48006
44146
5779
62404
73868
53684
81408
9406
95591
85018
40334
17395
96661
98807
50587
82038
27816
18480
45525
22958
49327
44644
64034
51500
9709
67478
92447
71274
9867
7480
67237
13917
7913
4982
60936
56023
81551
12412
74714
27484
31138
57572
91917
8414
50835
86144
73525
44759
80369
82336
19211
27650
61982
43105
70510
37239
21023
71667
70787
66113
27373
32484
64478
86814
21705
68846
95897
96050
28301
72922
74913
95496
29437
68304
48784
82823
28444
7965
90708
24620
56154
79103
44175
99626
71979
92399
