22061
96744
78001
89182
42761
29657
29035
60923
71069
30625
28422
86834
2008
40822
7527
34207
58024
37372
2238
31749
66168
55836
11886
23726
73642
62451
35677
61488
65901
27238
56020
72044
22299
28147
55059
69008
19922
34531
83125
24315
39117
6140
41531
62880
24670
59027
79415
61220
98602
41951
54295
31522
10880
19080
99948
42414
82552
22461
99799
68247
51109
70885
56239
83717
182
49326
59697
69249
22030
58050
32388
1844
83998
65335
48647
16424
23772
48869
52922
73898
5731
978
50822
10097
50598
45065
60458
98169
72722
22986
27427
45320
30815
50011
93526
15730
68914
97627
66269
57559
43282
38199
87565
65705
34469
22614
80544
88876
53991
96655
21251
95894
36487
30170
5918
98551
57853
87972
6075
79986
4939
77372
94613
36328
33680
42026
46655
55062
26115
53439
205
96213
39954
69448
25635
60799
30710
81308
64665
14929
48339
79477
5063
43532
87849
54811
88051
13334
94970
97404
94804
15613
44121
89240
79361
44540
49195
84696
78171
21942
80573
37246
45492
13790
38465
10936
13691
32217
13542
83758
8102
97884
94578
76219
60474
49423
59999
87129
21433
49619
95920
68437
97416
16671
91951
33313
38140
71174
30052
15912
65473
74421
31251
70076
76967
70104
78995
62891
78953
59932
10471
9296
57499
79087
55290
20614
12367
99812
28316
87032
44740
69618
48979
1875
49228
22012
89152
55069
53497
16843
9072
40894
62691
93816
58619
20924
44760
19718
18236
95238
3232
26155
80526
12902
48140
43312
93535
3577
54843
40046
499
49915
47624
9464
13208
98299
78996
59127
29217
206
65675
40784
8994
54175
33334
45666
6599
84868
1788
48588
85937
95372
49077
93675
39566
60820
77133
12577
76756
32056
9682
39057
82394
10535
50106
48359
25042
64208
93235
89333
39879
10105
11816
79447
1423
90894
95501
85080
60493
66390
32456
60238
98694
48001
24828
31328
11677
74141
85907
79688
68045
73640
19239
91155
10691
55712
23277
63588
82102
17366
33886
18169
96164
65345
30916
75718
91338
29103
39741
55837
62687
40566
24399
53296
29422
54281
32296
83149
26446
38534
81265
97511
13887
21196
81007
44117
28931
22282
56661
31444
20887
20594
24105
5928
15661
11564
43665
16544
83464
90567
90298
99286
24338
21354
41445
95734
50429
13833
20655
86550
93268
18163
83995
4196
82781
96104
49309
79070
97679
18344
30406
97657
73578
49351
74823
98117
50774
33372
79812
62952
25147
92569
89943
40647
78618
24084
90558
77892
30280
64292
4706
83232
54245
37640
46853
56961
38716
4225
95015
67599
64345
15295
36020
91865
29409
87769
42957
50389
66963
10614
98642
74020
29210
98217
97386
54291
26155
35066
20814
91134
89794
67390
23960
28175
46803
51816
36579
18180
78095
77625
83327
49839
81654
61267
18291
46166
13523
89292
34031
58939
48792
55390
40622
6870
77078
50459
37188
86303
72985
24445
52842
3528
44543
50684
66083
60550
30451
32664
16105
50032
68810
7414
42297
18719
38585
14408
80216
57718
68497
2245
23744
87260
8313
66008
37580
57796
81766
37300
98748
6958
11640
68068
89348
97638
39188
79456
80215
87177
72314
11292
92684
26856
38306
23963
16714
94374
5368
52290
80182
6363
20657
9063
56661
12827
4905
27111
4992
64945
14779
75318
20484
71428
43804
94354
86930
32380
51956
20753
38314
27902
94906
69752
15262
41618
10955
4717
61766
88358
90950
62788
88385
14411
49063
12214
14786
2845
52990
77680
58206
19425
45707
8040
88496
26758
29753
23818
80039
39950
41908
17456
88238
24454
33640
38928
86837
77233
79959
29391
89377
23427
65463
62035
19149
45097
37382
2967
63258
11814
21066
25207
45371
85143
41961
4363
5974
10712
46658
913
62455
43040
80807
3555
34743
78535
43992
95271
27940
41193
77628
9925
37966
61378
25982
30323
91662
45080
81282
91308
64050
8152
87811
93152
4297
47193
66730
22789
75176
11357
55437
16619
4566
7126
64257
51469
81403
2437
10845
14562
87807
81405
45582
71603
76642
17255
31056
5896
32024
89150
44112
69660
52318
53466
54907
65519
36030
32490
37089
26649
33818
87706
27404
10779
48281
49524
54615
22194
16779
96995
80461
6277
72091
79795
72512
72446
34704
67157
42050
62101
50879
40030
84451
5032
97105
47342
33287
15655
16813
77198
13027
12299
71330
18386
81364
26823
84914
47039
86813
65750
26942
45862
41787
74164
69194
79950
64582
59305
65581
26064
67846
95264
17080
72028
81007
97686
22816
41145
22587
30285
79594
17353
13923
41152
83154
7594
25785
66353
59767
16729
91493
24446
21414
51570
46746
4594
78690
90642
14197
27640
34189
66429
49073
94027
5046
62619
49513
33640
575
46270
9291
52357
17577
24383
14997
33723
70334
22854
82480
77886
28859
99047
62821
37389
81688
87913
0
83013
50934
74339
56128
18000
89668
59616
63927
54011
1677
66113
20484
56517
16705
33409
27275
84531
69886
47476
3918
51168
44444
4520
48074
96402
40466
43022
59953
47816
59656
61426
98367
38159
30650
60645
49051
18068
12485
25404
71628
73939
59921
84177
25333
64046
92859
26279
20687
80666
83998
19084
37505
53299
61437
41687
510
17040
87056
30288
85884
24241
65897
5519
29036
96149
11714
30268
50107
13992
95972
65974
28420
27897
22582
38575
63471
91209
50561
13396
69226
28767
58396
65387
22115
80569
93560
36181
63455
50429
14730
66578
36442
41038
53168
83716
13659
64218
97794
3788
80275
18352
53175
29969
24851
55535
29265
57119
90343
52633
96582
94571
81170
21926
27403
30837
77767
45237
97471
31078
64801
83229
84818
93817
90176
69058
44464
25558
45825
22436
37710
70137
46296
96465
21648
26450
77356
10170
28148
76293
71984
37026
32607
27217
48794
89907
60833
91310
25953
77323
4071
98383
18488
83828
29470
24391
35681
56498
88991
87945
74416
97909
33947
19879
57181
65550
31940
67036
26661
75774
32533
58981
11454
77225
53023
52649
40725
82250
40401
79450
46726
48928
35364
3796
69591
80550
6560
23074
58065
92769
93519
83744
80348
10482
27772
67258
11735
14251
86598
43476
55888
7262
69639
47107
88966
23217
68891
46104
36568
64846
65424
2397
90281
53335
14089
47000
58963
17718
99534
33132
77317
26131
16244
33951
33787
51871
55621
93399
64313
58540
21099
80573
48195
90623
8766
7363
59419
74430
52743
24737
83992
33444
51632
16987
57823
11540
12971
17407
3969
69770
83868
64555
64049
44204
37923
5355
57312
38175
83978
12864
63479
17974
9895
28316
82352
59045
10638
1161
12689
29461
40375
81225
49031
38736
95751
33817
22459
31675
47677
19759
659
98628
54812
40930
23496
13905
26320
88104
73342
26647
11743
77722
16070
62924
66957
27476
84204
12532
57995
94841
42269
15192
73598
58996
34138
64854
80360
46073
17489
17873
29525
84361
36382
50888
5411
46804
89598
66020
94286
40537
92107
73131
56760
3081
75097
14867
46162
12522
30539
60816
41962
92215
58419
96877
32689
85765
78757
68505
95463
67104
64726
93657
72580
81779
27606
83804
96614
13575
54631
2732
38579
10403
45497
39295
38762
17554
38596
68589
34282
91778
45313
18812
29662
45736
11558
85848
6019
32352
91164
20574
49400
61938
21149
25719
98881
18385
2767
80130
97784
5854
92568
69898
66640
19561
97950
4055
62823
80471
52188
98272
92872
12063
30050
25374
34778
35278
58282
44539
71401
95210
28242
75657
65647
54836
49243
66000
28862
23782
39261
42719
52012
97308
16101
17700
7900
28848
54156
92086
53957
93213
57173
54671
60065
84229
86594
81880
71252
60142
4915
21852
29079
8007
93949
60414
99776
28904
20131
4839
4496
855
16532
76087
26297
79687
12928
60637
96681
46299
74616
75714
53847
11881
44225
11583
68553
78713
74037
14126
95455
18796
30166
87710
44544
38554
14640
73505
58656
1747
25930
29856
46698
49447
70472
49614
88400
63202
83008
56697
35852
1071
73558
41053
54257
33949
18039
54354
56179
45503
25294
3110
76784
28877
61415
28774
95833
327
85918
71637
59937
62362
41251
12255
94498
38203
98508
96775
33990
57265
34934
53181
19512
44367
55514
62123
92583
22751
98376
50382
27316
73306
79619
90050
44153
89651
86713
45238
28758
18515
45404
32607
90009
47583
59330
64265
82249
15447
66006
45064
93296
93528
1528
71820
34530
30528
3448
39218
16782
20401
68554
10711
37664
38542
43942
66663
59024
84739
36768
8788
18507
23234
17023
88099
20475
48968
79195
24001
11190
19166
28760
85715
67904
14810
83738
89482
21118
27014
89188
94292
47032
33144
94928
19151
80778
9889
51917
90617
13384
23522
96976
68804
53643
99159
81209
773
6748
90039
81924
62411
60923
58740
42343
35756
47084
2557
60910
25467
63199
69956
97041
65206
88539
72441
71791
50620
67207
60884
49898
17052
90740
10226
78750
23496
77418
29623
16639
94761
10574
3154
8878
84939
11597
79422
51063
25401
25319
90308
45739
28164
52282
17790
77269
73340
24714
82935
8346
75233
52523
52558
2642
73523
31947
82521
68062
55654
69726
11589
86117
44914
57510
42140
98223
2438
22367
80320
18493
46940
44645
46515
74754
29928
84899
79385
7074
6410
63385
28053
41094
66083
41609
60592
3929
52900
510
63321
84227
62241
82585
68870
6559
37701
14553
10904
1402
65983
55142
51613
99243
57914
56443
61614
57961
21451
78829
27673
32398
7363
43260
60601
86406
11012
25494
85089
25139
13201
16258
45624
32257
70622
87343
65149
66913
76390
37306
46060
96260
70939
20022
63385
21494
98615
58971
20793
31316
43410
93965
20481
37355
80365
62600
38406
67567
79018
45381
41346
86996
46335
90380
43384
98157
95807
38934
783
13822
70456
6493
46331
78240
39388
66018
88153
94417
12919
68827
46424
19286
63007
2775
86741
39758
17322
86383
19295
34835
5113
21931
65946
18320
4721
79758
24479
88730
51626
70080
11296
81452
36577
64822
74216
62691
8296
9823
80673
75410
99806
71917
44431
31075
36985
98110
23674
83467
59742
37319
4906
27273
80755
44444
52907
54299
29517
89854
9711
14332
86563
51617
78578
25534
54915
75897
22681
36320
75906
79041
69428
45868
53743
20935
36675
70704
6689
70743
42996
56822
13839
69123
63818
5570
30046
25292
39737
54472
36725
82415
19310
81544
38924
15471
31212
34279
47683
1723
33969
15979
73999
56987
7287
46770
31983
79644
80918
11568
81501
20470
24326
91555
959
23639
34339
15956
56893
48846
38025
11181
21262
64437
71007
30673
51275
14812
4656
27164
421
36846
18036
9433
12850
92898
84781
6458
63554
84737
58573
50263
54320
71534
70453
51302
44915
68343
75800
55923
45237
2007
50399
12316
86203
98309
41957
32236
55139
6620
41506
28690
70956
57320
92293
97917
1103
99242
67963
9974
85163
81544
33676
77722
21758
56212
37092
38963
10991
19575
64911
85490
32136
80986
13790
41706
6338
27793
13062
26380
62136
26149
53511
31899
6494
11836
84490
53387
9418
43366
66180
48027
16912
64743
32471
29612
1803
51772
28024
57181
81847
27916
75211
95013
46492
81580
94474
68396
33253
23311
13605
76005
27279
67433
54467
20524
1213
29566
40550
48632
87016
13675
57133
18206
83155
9264
74099
68514
7132
51001
84852
36730
68751
232
48752
82049
6165
47457
11304
91796
2025
26706
62758
8108
35051
84636
54873
28057
9166
66402
97437
47352
7532
45549
76441
76881
56825
37017
89186
61711
34132
88000
40253
21788
76058
32929
3714
84761
49909
20173
59772
6551
63090
84494
80588
54357
41296
72403
94766
10166
99572
69788
93683
88990
36954
3551
46253
76073
96069
26645
9673
94536
22040
81189
31255
68409
50077
34698
17893
26273
56642
47203
98857
74217
13828
60471
24861
12594
5187
77730
40197
15671
32821
32897
75756
20830
27094
76214
19308
32762
91773
40856
57229
42848
62378
46043
14373
70947
17660
5751
95293
79086
50463
22520
53172
32894
24514
22337
35708
74874
5926
94621
16002
40047
46163
32804
29516
22956
82085
90630
62043
85047
21859
31383
57616
13771
92976
25047
84171
99791
72698
26684
43182
44211
80432
70719
28832
77193
11153
24032
36909
43710
73440
39319
67627
95732
27411
23416
71031
15069
68650
92450
85854
78870
30940
26916
19064
49342
62413
42092
81102
30577
52349
71118
66844
48485
64090
47341
46514
78048
55509
60201
26804
45684
65426
73733
77473
77528
31033
65235
97073
74405
81161
43807
68344
59818
73356
31381
85639
94636
60806
1136
86417
75901
46695
40543
91147
71063
74912
31798
2701
42038
88370
36495
80533
51503
58402
94970
61259
15889
96712
42568
78622
82679
85063
53936
71789
60902
90359
90717
56515
28809
51838
62132
69881
50023
98141
61317
14271
10110
77158
69197
48118
53950
83531
42822
36244
44356
54290
71180
67946
37873
65030
64748
63107
84135
13191
78667
2530
30016
54464
53648
27406
31690
76793
63119
28330
7139
63171
16435
57437
7597
53713
73959
10704
31821
51494
58786
80053
76486
66409
78093
8741
85165
42773
42225
70594
25449
75053
50722
16635
53354
84428
29890
83438
42211
54171
48499
73255
14532
53148
57693
12199
30648
48611
78552
55904
79672
60229
47607
80380
92298
53704
47281
56958
90714
63482
26541
96832
4850
69949
46185
82843
49337
87135
29767
65125
52390
20489
98197
13013
75392
17357
87223
83746
14772
35266
96851
87721
34481
21069
63993
53741
86851
1685
49709
27897
75946
68696
10707
30369
35798
62108
21
44615
78625
92125
84915
65657
29641
33957
75592
14871
61353
5083
17526
50002
61748
83026
99917
3440
63693
85313
66845
14509
67365
2547
74645
78651
92146
47957
9815
23689
54472
41421
23162
19330
39094
94794
13915
70477
56384
84758
12801
10738
58229
55463
35468
47548
30220
16725
18970
60185
55072
24199
13205
54238
15525
96454
7388
71559
31461
83155
51117
94781
41820
48084
66764
63889
27852
57641
54546
11812
79742
2781
96500
21097
17686
29912
26543
91586
1073
7281
82797
73127
89790
50401
91639
74149
85494
46611
73432
90306
83961
53527
11625
68255
38471
50134
91806
62999
4567
89375
40972
12676
64087
2784
40149
66017
78721
25136
54034
55433
19159
71625
78587
29310
44347
92084
67670
45286
20973
93725
95898
3312
44193
43109
30591
95957
57852
50293
83973
81977
54539
29232
12957
528
2720
63490
93239
65437
7658
43189
328
2294
22384
3682
14488
98531
39242
55652
3238
21829
38781
24136
17529
98004
49328
25184
89636
17121
26767
27480
22932
42234
71324
61984
4601
55692
32396
42215
33167
59234
56997
94953
75720
23723
67283
65631
56535
25242
129
26580
39163
16679
666
70168
7015
25907
52348
51086
31274
79784
54997
11392
15136
28575
20861
52626
65108
31323
74288
23444
14256
98323
97510
56880
93123
99565
58289
93860
83661
70342
34899
93546
49738
62894
67993
40498
9753
38736
21143
65041
77799
87279
1537
73523
97373
86475
76100
79051
40835
26371
59551
88460
46575
73781
30817
14000
75694
97281
89856
28725
718
81164
70419
88616
11270
70111
42765
62617
50242
66127
11031
72430
92334
22328
18920
31123
1950
98339
82179
18991
40313
9959
50509
64211
17440
98763
78986
56171
44830
7209
74036
30071
51341
13231
72502
23699
93698
34111
26123
44625
13495
726
44942
19625
36468
12585
75933
40551
12760
20811
77647
98466
62441
86187
93615
15245
40822
64922
18133
7782
44838
88299
82783
96428
74367
12915
94705
22926
64276
25008
14118
45343
43500
28678
48785
74405
21003
55524
62197
32496
81087
97286
26109
81928
38473
22931
37208
45695
33094
13254
23637
30821
11514
78698
8440
71867
58200
68222
6582
83999
65263
61304
76370
96454
4340
29126
80020
87143
22472
70319
67
20244
14055
98776
56735
38372
2573
41187
79165
9740
69508
1458
12192
26796
81166
69641
22576
89221
89675
69521
85370
88296
54632
62553
4708
83914
58372
55575
44107
1620
39936
60013
91227
35350
42947
92806
15210
98203
98183
99231
62993
68600
46883
65602
6152
77438
37878
76910
20317
17328
68173
42195
89009
38062
18897
22489
46575
50575
58000
86272
4170
95661
33894
78657
54258
67162
76743
4180
36114
20657
74604
88267
73001
52232
43384
94651
67682
18849
39590
90043
10195
62879
95985
69094
41647
75061
32607
7930
57480
37946
19915
54562
92996
73305
58318
81713
76763
31653
90249
87429
49643
2922
86673
8427
6839
20382
4631
70369
84130
5367
64179
6550
91364
39798
68524
50318
31304
11841
59143
14626
19970
49166
61994
1092
22031
84890
38316
12224
13194
76794
10011
93021
36808
97929
4777
34243
67250
46593
92307
30775
90493
54053
16111
91042
45543
13370
73490
74832
72847
42581
45340
97939
85425
71247
42785
34920
41758
566
77396
17425
28052
49949
36722
43362
53567
57492
24200
98839
96587
28594
38977
35458
63237
64430
5936
52067
12525
9997
6231
7375
34074
33846
73778
74931
45898
14754
10819
71186
62596
93487
73883
74090
82893
69107
49057
69845
39906
53293
3042
33003
46904
43671
20117
56325
12846
86135
53865
80348
29484
1718
12302
40048
56027
78568
29021
21413
12416
98281
56517
43111
63670
76425
52467
71342
39783
23422
25757
45244
45031
68505
15819
37444
43757
81363
14114
50085
35150
8997
2670
68243
26808
7286
44332
42839
23848
95343
1393
54861
74280
83083
75803
86763
62089
99018
21266
38689
4792
92068
67386
38779
70208
71035
2935
46404
1917
31818
77597
88869
92184
86554
69140
41547
31108
33427
80676
42343
80915
11086
55651
63246
64821
85193
50776
5825
84559
49364
42123
49767
57108
61577
52683
70294
13251
8345
68539
55280
51164
89856
10618
94602
35488
49306
55789
41704
93956
50896
7436
86852
75281
66986
39078
17838
24508
55945
60337
56301
52349
63436
79250
81988
99950
77839
43653
54415
14306
78229
74250
90540
63039
14682
71756
9495
28121
82219
50191
65646
46029
92465
13205
86803
67638
27944
67053
68400
19568
70797
40570
76628
32103
89782
59227
43100
97114
43772
8891
7341
15858
10484
97623
61885
73209
1531
62952
88529
5337
10191
86445
92513
56850
53018
63542
92536
38870
66249
35470
4120
59845
73980
42374
6906
36481
31222
43930
64339
16845
55411
48483
96434
46055
39001
37432
20229
37502
29096
49794
29947
19506
80491
8731
35301
23719
95216
37217
31062
71717
12276
43324
78698
37584
93079
4266
2594
88767
21711
29284
78733
57562
65433
80527
34210
12469
99210
34625
83465
14371
51587
18829
91258
91001
55043
47949
26558
29761
57270
27723
29202
4983
48587
5676
70345
49092
45924
6073
2737
2708
49382
77068
35182
17398
50513
53139
15138
53776
70665
69028
68046
68444
48338
33854
96082
90498
97787
35031
30896
16691
82641
2791
97615
90784
52820
64208
87707
20981
68358
6984
61834
81046
96511
85125
77562
94644
40703
65253
47765
36459
57563
26454
70102
31323
3576
83944
24614
31009
70006
41805
26143
8466
84547
34826
64722
57044
18577
68030
96227
17400
46881
9771
34354
23607
9310
10757
94197
64712
87239
76406
78720
56604
48996
6956
70631
48886
90906
93984
62234
71210
26393
25828
91183
33297
83346
83688
7998
27750
6854
37608
3013
71969
43258
96790
22892
41517
68295
97919
32355
6247
6829
63709
13927
55893
776
1593
6563
89601
8091
8698
99027
97681
97064
21007
64324
82085
62369
52276
49624
10092
77369
15300
82277
64226
3860
57564
97213
95434
39421
6664
85000
1860
64374
82252
27917
40812
64298
46833
14960
86511
31007
26602
36501
16554
55847
97601
42946
61441
29333
98243
51395
24888
83116
15365
75623
22673
64755
53554
91400
23555
23909
97330
38792
4372
17701
5400
74135
68883
35087
43688
44976
91188
17898
89219
45219
58665
41817
49776
35438
35961
12561
61897
6692
38495
26596
93279
98319
88674
54108
60043
22834
79180
56131
67923
30823
97802
15199
52181
65096
34335
33915
90962
57417
10405
83745
85626
13282
61409
97924
89008
70762
30498
62777
37657
62526
17878
64805
49127
4066
5064
41265
59677
58462
54266
34779
27998
15658
3738
73703
96438
53540
39045
89362
99588
75710
89365
90342
79554
80309
43976
82986
30451
11259
21679
57009
29000
58774
7279
41299
15695
39394
18455
54232
47705
64529
65374
49264
58438
22867
17049
74689
10256
99793
83031
69304
84592
77298
61305
24736
35472
76736
97648
31600
83279
72133
74964
75358
94122
13840
93471
67025
47949
56564
88004
70869
23478
7375
91023
94120
44226
77703
86971
24369
56438
91056
67274
99376
43820
99979
74468
58768
85464
32265
98414
54713
37750
29709
67174
77987
93330
25615
74362
46468
31796
32444
91522
31306
89862
37691
22368
56613
56611
77675
92946
99387
68093
46920
19857
44831
57675
88652
5578
47932
7662
58801
54775
20811
68830
50837
40089
5924
45397
35223
52659
67024
25048
64126
54406
25981
59038
22073
65285
77899
42878
97665
2324
89124
6201
74906
50786
30313
30337
42552
30560
60391
32901
15135
57725
30600
5722
76483
23167
16677
14567
9837
96416
17337
84973
34047
43203
1105
66225
63694
70257
23872
98216
69198
86325
90895
8062
97773
97424
6674
68354
51957
18233
45301
44689
33525
18773
1237
85246
81177
36399
90827
77595
49909
77460
38051
97223
37377
81997
8939
2356
31902
82842
7526
30707
20951
85160
50817
79135
12610
80366
37469
64227
17126
79370
49547
89160
26135
59187
47830
85598
31932
96858
42617
86854
19250
40226
81393
54875
46217
31545
91853
60347
84716
54642
6563
39253
60702
609
24860
39281
58176
98994
18031
70198
93199
55078
55532
98460
35146
3627
72590
27599
59505
36214
50579
60636
32233
1312
37768
89787
66876
44058
43901
80185
63773
74863
50745
961
34889
66677
69222
1703
92009
41230
95980
77041
13556
78785
67388
71298
48241
92304
83970
74563
27226
91127
75806
75184
11005
95776
40364
55965
70428
97093
6175
23971
404
44131
53548
57003
11354
84183
67234
69814
95905
63800
7960
48455
91961
42960
52831
66925
25073
95640
59927
16016
61245
20943
16605
78263
70898
68631
32993
45108
47182
99309
23317
18957
28758
21731
44386
24296
92535
68027
83701
30322
9421
19394
52407
25868
86818
57670
64250
25458
70862
51222
21038
15433
16701
80053
48916
73637
55726
47674
83242
6996
34423
13702
84773
77706
73574
13219
48893
54698
33602
20022
26850
37198
20657
21633
9356
43572
7731
61048
2864
99749
86379
83133
82350
9122
15997
52122
8775
45325
52210
12443
46285
34769
53593
83525
8946
22736
81481
31447
2498
34503
23745
85467
50285
55391
88848
42473
81820
75891
4304
74425
25637
79001
1548
94530
98714
18191
92195
55348
87579
32644
56197
11823
17388
4096
2522
8381
28449
68144
25058
65267
40981
37106
90647
84351
13498
26233
38702
10926
49611
80221
60765
23837
44318
93123
99894
26234
5205
15429
22737
60535
71283
14205
14217
23049
57099
60883
57084
24899
20148
23969
66774
70698
80922
28543
807
58997
51566
80015
70192
95172
79325
90343
76606
75385
71005
92471
61197
55863
1988
83254
64525
94645
12531
91758
53314
81375
70544
97472
27909
35690
36305
59413
97576
6258
89716
91618
81175
29042
99628
70262
41978
4222
12181
67236
49271
18720
3017
71848
27700
44750
99659
63064
34042
75429
92000
82984
69877
16548
22909
42778
10168
61127
60380
85024
35357
85085
78184
57615
56746
48393
12088
67746
1103
36498
91673
89480
44748
78855
21571
88139
37584
59987
74445
30238
1404
98808
14557
65090
70245
90764
14711
89973
88408
72109
34999
81175
27000
25953
70170
20122
58532
334
52950
45382
53620
35379
20011
31975
4801
14465
13425
24084
83876
27898
87664
73116
80406
55460
61934
92750
72215
12618
87586
41893
85419
62000
29064
58062
83262
21072
23662
72792
27368
45558
80875
59351
67020
87892
68847
98709
54682
8035
6326
60150
6037
60759
29494
83174
18030
18397
96567
83201
92911
17939
93634
39262
13300
99556
9714
47545
13459
15360
30791
96508
75516
93876
89018
31785
93468
32266
38923
80327
18556
75200
43766
76198
74278
16829
59716
51056
94407
8790
71005
44878
12016
61212
44347
75829
21398
55615
6265
44747
92986
38979
3947
5082
76803
74141
88648
82511
26727
59562
70209
14799
809
524
89909
93944
22908
82690
72765
4623
89541
83747
39427
20363
72318
6583
88496
30908
11863
25234
75234
61369
99832
69582
87932
73062
12673
98915
47543
96958
47186
4038
19223
56547
5894
59772
41112
18399
92762
21593
61639
52853
76844
84089
58381
23817
22910
11225
4198
85065
52058
25491
75568
97943
63792
76757
76479
20180
81370
92765
23117
24874
65984
31379
39663
63126
93239
34019
18562
85520
89957
80597
71524
6360
34368
22315
71392
60031
97812
61110
19937
6031
72835
88725
97799
25912
70214
49004
56695
96152
46674
46109
1261
49798
40886
13765
57261
26844
88929
26613
14680
72350
53728
43595
35929
36459
64613
14221
33726
21599
39139
97250
66116
85058
43542
29549
81388
90545
27391
2918
70442
56711
31533
87415
93436
85575
91256
86448
20919
5705
77734
57511
89820
35391
6000
59472
67946
43554
33919
14228
22925
82174
39344
94353
88277
25270
36663
41902
40705
40022
35647
7609
72826
21747
20431
9887
57724
49281
68424
91176
11567
15633
21100
58572
22740
91332
11929
36278
68603
49617
69490
81779
85713
86095
58814
64535
92726
78560
83658
37165
10029
73466
71017
7672
74924
22802
88412
67434
63667
24711
25165
33824
92730
89321
24661
78937
58531
76964
54878
41362
24943
14445
25058
33215
56204
68679
97138
62503
84652
5554
20435
79613
29873
84338
23458
77750
81732
71031
20600
12556
60933
84046
24201
30766
89884
96355
44294
76897
97742
35089
87779
18456
88715
8712
22419
6475
61444
87354
8911
32151
40539
14946
58613
24562
39763
4529
94925
12137
32581
43446
78503
97848
93652
3850
92992
83909
56793
46325
76292
3609
46488
77728
66221
92476
63027
30936
10665
45868
45405
50747
2138
21913
89414
25891
62775
77761
23029
60172
72111
91235
34901
56932
22221
54018
358
53710
88632
79064
7124
53202
20658
73300
58693
46405
27104
76817
55147
44752
19528
50613
16793
91327
34006
92483
10163
42473
35258
70045
96414
80983
59051
52249
85974
13363
26607
2590
79710
62863
74418
29340
98450
49998
77587
94502
90265
44051
45247
33773
49846
27396
93941
59802
62494
88826
89256
73159
90500
4072
41539
51354
49807
82950
96966
87679
53453
96025
40751
90402
38049
92160
86420
41862
14231
13757
49773
49412
43513
479
86510
21091
83482
89448
91890
31952
53999
17088
54035
65274
83773
11317
45046
5677
96206
26572
49636
29801
11166
88073
23186
58783
53681
18614
82786
29512
83719
8116
63426
88993
76327
95004
91699
8006
42393
38480
14436
97450
33936
59940
57884
57776
9188
46178
95127
97930
73694
11966
6824
12011
50028
93238
69468
71019
8532
74341
13855
62359
47014
52550
75000
57970
14186
6975
2255
77420
56376
13969
27951
54652
30182
17786
76615
57181
19036
16709
9994
74467
73987
65871
51350
19929
58716
43991
50066
72601
16398
65377
93264
15047
10871
9190
65810
33674
30691
94524
4169
15783
36602
66110
40536
4283
84660
81336
19671
46037
58408
97809
80115
48367
23010
85652
97043
48295
34162
46525
22390
26110
38689
44893
87960
2924
64127
47274
24243
98557
63640
66630
30018
36300
24965
89546
99585
29371
71358
65232
96624
6700
26509
11098
66583
71039
69790
36833
72099
65865
76274
94973
89613
97133
43955
98990
27452
81433
83874
90565
26561
73728
79500
99763
75457
91727
2331
50059
63663
78894
69288
39638
17207
57270
26671
84468
34392
3081
61979
27753
7913
6226
76000
89740
13500
29274
5831
3239
15615
83300
70436
58763
59999
2502
11779
98772
26663
20484
95649
757
9991
96971
37239
89023
84944
50950
21745
3571
82587
24289
47933
5058
22377
93656
58687
26940
8613
37498
79361
10045
92550
2624
20264
77425
60817
64164
94978
480
4123
15071
56539
58522
48939
90339
92526
54431
62686
5810
61848
88267
60260
90073
12585
73469
41352
65965
69844
55491
41486
76096
64806
39460
68180
18656
29523
96329
27355
19501
72428
7049
29951
7444
89676
98895
61569
6796
44370
17418
11622
30668
30057
32081
75640
47176
58114
20049
16490
81446
30659
23540
9273
23105
15225
82576
5902
80953
17353
76361
46145
35605
16069
60164
97079
76695
89146
67817
38507
986
96677
16531
16651
65034
80581
30136
45753
59295
67468
66512
95698
39160
21456
92547
59852
4752
66142
93908
92440
50560
30766
70372
78566
60689
89297
14180
29288
6395
37159
89787
12943
47615
72749
25583
41842
47870
27603
71988
86349
26612
14572
87662
59141
83317
18558
91653
3977
5538
76282
78116
43285
4455
69222
70670
27856
94516
36213
29950
8501
98838
28984
78425
93071
40146
91149
44338
50238
18653
26582
88345
40502
66171
88197
10721
5990
53714
6259
54156
54422
51050
23088
83958
76105
61443
74484
34139
97474
43443
95700
53158
25635
71642
94832
94391
21361
2308
14442
69231
21044
61723
55281
80923
4090
49671
13467
15355
39418
73091
44081
45230
75414
90876
25668
8924
21625
71304
72861
6687
15360
32705
63922
64271
33302
43965
78773
85577
69752
86987
16390
78395
65751
1164
38217
87950
49691
40492
39858
59889
71524
42171
78333
89982
38924
41677
38874
7339
84233
43626
48133
94511
14958
59922
75988
27470
73009
88721
137
13027
90599
36987
54727
91049
76236
22628
36226
103
83839
33406
88463
46582
91913
10000
54234
7216
9502
10224
42103
65750
72764
70717
70640
98205
14832
2075
37916
11191
69625
9003
4657
20762
56388
18694
62385
14159
51670
92855
48639
12089
86344
79058
51285
60255
54316
66421
39630
27192
21487
76601
82878
27058
66551
24789
36929
95583
24235
47343
14257
9533
98449
62271
63505
44160
22482
46563
27942
94271
59290
42617
62342
8311
97436
27484
35336
45984
30642
91613
87643
33322
80994
77501
98803
81939
33405
83813
49213
20040
63617
31363
11284
51637
72382
92385
63948
13195
58517
611
59948
54733
59515
14653
95193
16887
90750
56399
89581
80268
81183
15198
56198
53274
94877
29552
41466
96428
84754
62467
90920
71276
72727
63754
34091
93683
68995
60357
29672
90446
22960
2044
25990
41870
42910
3961
71869
30445
23057
18527
76678
8312
72118
10378
99187
90365
9987
36388
82488
68434
27996
6337
40166
37919
90257
77304
41145
15210
57572
64703
50951
40445
39017
78114
90104
85462
86215
66847
61365
15403
89979
57345
11226
80439
379
3318
18277
71654
42936
21295
19632
73241
28956
25813
95675
52502
35539
130
70850
1839
67943
11459
44494
17453
11811
5224
10471
22905
85625
55044
94087
16966
72895
90920
44682
36383
41907
13783
33537
3625
56640
25349
48710
70644
67801
24049
58858
92931
25314
15900
65578
12181
61165
92036
35713
31728
32450
23042
66262
17546
74552
83997
26133
87187
10080
64168
47612
52226
60098
78303
49292
93626
39935
63833
959
84728
70452
82858
28344
63484
47264
81624
18646
96562
89181
23320
43619
3420
37834
61445
30313
91646
36873
77148
50468
10629
24452
5686
87667
57236
88587
88259
6087
27949
54104
66399
48094
45273
39124
42676
65129
91476
15794
68108
51465
38296
89017
15729
729
93060
42879
85636
36357
4456
53712
28054
51512
2160
42830
14630
94195
9578
88691
94135
7769
68502
98833
40908
56487
16266
85403
40451
72065
52511
35516
21484
29992
43003
37029
70821
42887
88860
28485
74227
75725
43037
45712
38495
26741
67752
39106
37706
11040
9208
50365
59278
38437
36938
75885
88307
23486
57120
47981
90667
60324
29649
63331
16587
62293
34128
99334
52134
35985
68728
49088
64551
55909
11025
32494
21579
19006
4705
67044
29048
7039
4242
14989
92414
70862
1019
43280
92137
30152
34510
65775
40640
46549
13726
94569
96829
35414
47435
46047
7593
68827
84492
48788
78099
70353
10007
38541
19213
46680
83120
18872
29124
74707
99915
43561
17082
11961
17631
61535
73537
10728
83274
48261
89078
87929
8667
31380
40503
98766
48064
76181
28674
70312
24620
95173
84268
99286
71684
47090
48091
44519
81255
89858
44769
33792
61016
74002
85237
43498
6953
17820
71823
89474
52518
35794
24192
29716
43355
9766
28044
86818
62914
39052
12069
7229
46317
58199
24101
18007
64396
53280
58152
4239
53084
34086
66499
26795
67853
71055
60485
28772
19757
9484
57864
95867
17142
42682
28852
57961
35665
39685
4913
57493
2886
21063
25414
6366
86114
35694
74227
7288
34082
63420
8871
91220
17026
9864
1407
66519
82045
1761
94524
69260
3168
67123
73023
69174
76463
53762
52452
31998
1427
5683
61785
683
33151
72395
73625
24527
58078
60398
3497
34749
37852
9865
52365
28217
42285
36460
61576
42888
98557
85295
60655
90759
57652
26325
33609
55863
47173
5614
84421
38485
28116
13302
6584
46120
84227
2843
71186
10164
28631
2684
53467
72939
59147
32140
1615
55203
23665
67510
66195
65443
74848
33787
9426
79478
74239
18838
93593
63682
79884
53985
79980
57907
11721
79664
59491
59601
25539
84859
64100
27376
64513
87514
76990
88389
66470
35304
43871
5270
37634
46826
52019
83338
11675
71273
32281
84128
17684
96059
58372
73980
53655
42207
98219
87228
58340
69831
3309
85736
32630
40208
8741
22472
6414
25325
35237
65488
39231
67394
66226
23958
86869
48172
11996
20899
31138
39870
83832
13224
37030
6534
87612
77992
75867
90414
99991
73107
81659
75454
89514
15540
82254
84766
98471
5728
46579
22553
54724
88750
35274
8702
79196
71942
91452
93664
91299
8914
51656
85949
6467
2161
20236
87548
51032
56906
27371
83855
68804
3166
16096
42968
85199
98646
22880
7880
32703
71931
19493
22435
37104
56133
90941
59999
38001
52907
35853
25322
82587
665
96675
98955
86542
40928
63607
45313
55017
31175
80285
18505
77062
56863
58537
23963
6512
47668
60511
7987
15490
19775
78295
92749
50973
85336
81034
11785
88901
10313
31739
89839
7608
96286
83940
48460
58189
36985
16124
98298
40421
41026
10114
74685
77200
98075
93033
44266
13120
3537
81536
13730
80194
11918
33341
29372
92798
34796
80517
96129
20779
63812
49146
72721
81679
37380
93794
41155
56947
75263
89520
60105
51200
12575
13233
33522
83448
27285
93141
42377
1747
25681
94679
12282
61940
33901
27435
84757
91495
66723
96804
66699
19769
49152
81727
14837
980
77264
9231
5013
88310
76856
8645
52788
37741
35010
4220
90602
84145
24531
39935
95803
29917
45081
8088
28575
43308
75488
38613
99642
4140
94019
58489
97866
47362
97728
65884
80224
27194
52292
29312
31749
78792
38470
78545
72285
85760
94448
83960
25033
22670
70199
70493
390
89715
91212
76470
44435
49693
94506
88784
94289
38978
81808
7384
26467
39801
85033
46567
84276
94965
14342
19752
44567
25566
7054
59111
22666
59758
33324
20312
83956
63653
21990
23809
50125
58921
63630
67013
37821
85213
70417
94382
8220
80253
36620
61462
98169
10835
71583
17074
60630
16698
31674
93468
5969
44973
64116
38203
51549
6634
31866
17777
57038
74952
4324
48001
59252
69458
46627
58875
60063
81791
24023
90181
1377
95055
31965
50279
54609
79525
41670
54579
4779
26524
14466
88048
3668
68647
65339
14242
50556
41160
51583
30551
29948
60332
35668
43312
30143
6050
33936
67114
14973
59862
59617
46056
7554
43887
3302
19423
74190
99521
89313
27773
21781
23503
94276
44247
58342
24065
71656
59022
60713
57021
47997
1053
98882
78981
19260
95330
65362
18413
29208
61830
47036
49432
22322
4075
94533
67566
83180
9329
24725
78812
65557
20357
1658
3048
95459
63174
42187
11759
68319
6357
59242
19708
30938
39961
60291
79239
55390
45899
25489
32841
58431
46341
78624
88151
79760
12322
76493
97986
69298
1234
31369
53770
40262
90173
47932
69338
25924
13553
37543
48708
60964
90122
84002
52282
59482
64412
12611
2822
49791
72480
63840
93671
39882
99737
89004
50825
2557
9858
53245
28863
67323
21142
25583
2719
59832
78779
84801
3258
8905
86859
39036
77590
74139
55297
86484
53930
82559
30557
35079
52310
76291
34132
90595
18621
82363
42007
9669
68512
65406
75709
16219
24792
15694
29168
76682
77327
84847
7601
82859
96859
86904
49705
44849
23960
61415
69358
28134
93153
3535
4142
25715
16555
53805
29722
48414
53182
59225
14482
63342
13649
18039
96297
32202
59489
36108
15957
51583
79181
23630
38997
48992
41457
48405
96927
9736
86589
50670
24901
1435
33746
33837
27331
85578
20984
61250
73704
48277
6175
94309
33791
33771
93008
74860
45945
41006
57742
33307
66232
44561
66767
45722
9434
32931
82257
57570
65440
19877
24795
68241
73434
94327
86353
72446
56274
76657
5011
46662
94801
51405
64243
19909
26545
95554
4785
39904
2177
51018
48308
85950
82254
15077
91271
25879
92980
65271
59310
96037
17985
11245
13508
30967
68642
97629
41875
29157
64077
27915
75278
94365
8874
96936
56686
34076
55774
27572
36232
37880
92341
15972
40647
35834
72523
62911
48331
33385
53272
61218
67837
2017
54934
29924
95341
33443
89872
70259
65035
98854
43464
80381
33183
86347
45509
70027
82885
62638
58904
49992
78248
58520
7721
87583
10714
21041
67683
96898
89421
19187
11320
74023
1105
90682
41266
66765
82155
88696
76984
51228
86158
19813
9433
64042
47416
85203
79608
55962
88171
51391
13971
79455
11335
59844
14386
55071
92353
72841
34377
88146
67426
30107
65322
97802
81855
39157
67274
32108
88208
43963
76238
92956
51215
30183
39954
13783
98894
98714
38709
12666
71477
15828
48197
91488
59447
19327
33410
75016
46929
54630
83602
501
58206
57347
44545
83566
27226
99957
22546
61446
80113
19056
48486
23127
71970
73903
41831
35367
23541
13156
76946
31117
54006
70096
58431
84748
82510
42094
83247
53502
54909
33802
95249
92908
65397
8304
49808
24761
63862
15518
83549
53599
72834
3483
22996
66225
18044
57633
43918
73983
90977
40949
10274
99704
85347
62552
59512
1546
34942
49717
7820
4133
18393
44731
66075
9725
86747
49157
42510
21422
49480
10229
20160
10906
11670
39679
11693
24430
41776
55233
64536
51075
81062
57169
85625
18112
23183
41486
24354
82908
32028
60632
19597
7393
51002
19260
93988
12108
78148
3464
71180
46545
8131
16253
12014
28284
82051
52417
70915
32658
94067
97844
18844
5622
16472
81211
60396
53511
66798
43800
72082
49094
29469
69403
40966
62230
15187
88177
36703
33820
11908
85051
13887
42022
53691
93210
2044
15112
21660
95141
54412
76737
73016
25981
40652
99932
7595
14616
32205
93458
661
32089
78716
61837
96307
13825
78828
38984
59481
86687
86593
72466
3791
8931
23580
82193
47173
65296
41598
69763
62260
42479
83035
49247
19
63712
22173
66362
84274
5804
62642
57446
38967
50902
3187
13909
84691
42767
50321
59131
90591
81801
89086
92561
95928
32739
89270
52502
7668
54148
58280
66832
55617
34275
54724
37680
92185
18370
84579
67604
61891
40154
18574
41637
49448
67890
70508
84065
7472
73737
19755
25427
27194
81715
42666
78494
94037
25249
69344
93881
22525
43608
13485
82548
29109
31204
20252
99320
94909
71526
4849
30605
90512
40648
7445
2133
58013
52369
68378
82837
63584
14707
25037
93332
3037
40066
93368
68508
44152
3775
20592
62238
11155
22003
33602
98290
9093
89207
17493
17500
63604
44560
2364
10409
54735
6424
28251
6008
69130
65815
19186
51126
5846
10257
46123
14850
71868
5688
43580
2096
96374
11234
33946
4617
40907
45622
30906
9583
92197
96448
20517
11870
38289
53604
16375
45869
93074
65679
2036
20884
83393
62729
30856
47752
38310
2918
12025
85282
76140
16315
55340
83006
59076
43854
18768
50462
94680
90407
47179
64142
80585
43555
14495
97347
14504
10151
59576
61629
98862
66481
18068
6860
10713
34249
90384
55214
56035
599
86315
80630
68480
74255
18874
8488
3636
7847
4552
52257
21422
59433
56198
36212
85285
58275
34486
64367
43566
56316
29840
11036
57047
12737
74000
45091
2691
94846
19869
27245
32642
93800
71062
83459
64236
94934
30106
24853
98011
72016
13172
90326
93090
15072
1538
80901
93485
55174
46401
4039
12790
98599
98070
98031
64385
23621
33595
17791
44149
13641
24292
1736
99352
44317
25741
95630
93957
59446
69890
38567
70701
16623
13962
47138
75303
63185
13361
61284
83765
84334
28305
76621
83989
43597
3260
25497
85536
3551
94793
95939
12899
52336
3672
73700
4503
41977
51747
8665
56127
19826
23012
49890
87197
96422
80157
41991
88114
31167
93224
84437
9073
29695
90139
53830
17598
61136
25559
55295
56072
19284
58990
74643
84191
2486
20494
900
80916
81921
77422
77353
88077
6447
82580
60299
56833
14425
48289
69802
45878
96142
59642
93885
25748
2623
44724
90007
18597
38679
13722
25572
41516
89447
92414
16210
52480
91007
51642
51277
62915
58969
57730
67331
98787
28400
45128
18790
70348
46318
93418
51216
72775
25250
79900
9344
73940
37936
19054
50754
33471
92067
27035
67181
8706
61054
23309
26406
65143
88816
26415
50338
9304
68069
7153
38601
23637
84793
91090
58326
16913
55463
74605
19515
30138
15136
95330
66273
4067
66936
31359
1261
23679
2138
95147
57246
53180
49403
82160
3826
22586
85804
49058
3048
41415
19945
65488
53985
41048
56462
88710
38464
97286
44105
12572
51568
52130
43531
16479
73797
5622
29368
26682
39514
51802
25919
61569
41017
22544
1443
59481
55162
57597
1655
27495
84867
7236
64712
94964
39853
92832
77780
32378
10823
18301
11512
4909
2868
9588
38279
44456
54191
96481
42263
76339
18127
62435
80854
45071
72645
61264
69690
72062
34530
13778
34069
15506
87158
40482
94215
79440
39091
66431
14029
57215
74384
65259
81016
89811
70249
65859
89273
96753
33444
83737
7704
37791
80238
12239
89155
48266
5988
18737
75011
17842
32334
70544
51627
95702
49989
14935
56106
2103
81749
50060
77376
2572
37278
41188
17644
14658
75060
13635
12420
73710
82567
66800
30302
94736
381
56369
11531
55173
10010
31623
16452
19113
37250
67176
47964
28775
67541
42773
61109
43488
31577
45944
79214
84467
17462
14813
63706
51246
23066
81769
40172
31346
89853
61083
4430
6684
90366
36893
22801
39477
28556
14726
35327
52472
31394
57104
38700
88827
60778
82642
34731
74332
50242
9305
50045
18825
17179
86344
1444
17740
19390
59560
80437
13073
4009
51373
29388
6038
40951
62184
78777
78126
15646
28034
59065
7345
58610
43004
83200
52388
26503
30080
31345
3360
6611
45443
17744
37314
70898
96569
97166
79982
11139
58325
69348
82113
88112
11068
27036
37362
63115
869
57736
63043
35283
21487
82965
91018
93238
76703
85562
55286
33552
30260
23531
50721
49010
28777
86059
68433
63262
68230
5150
8586
81295
23139
90524
34804
13621
36635
85473
46052
16061
70536
25857
47113
33008
1185
82649
31414
47410
7213
87745
1319
80906
56738
72029
43633
26306
52959
18675
11211
58884
25282
56790
35507
57700
47271
39137
80030
65213
47933
92608
40000
83891
6406
11848
55572
22904
28044
46183
28264
46122
91675
21782
42537
2937
65342
36363
57830
37382
80921
9034
10627
14727
62688
56700
28029
71432
20435
38008
48597
67435
3768
26589
51610
6288
57459
54594
84503
64592
17763
87844
49207
75426
23612
23327
9456
34688
10300
51608
59187
94852
27884
4791
7406
38924
39382
64050
31420
46622
48926
45667
85067
89476
83294
50588
74695
55992
46177
76337
95559
70139
24188
81556
41556
96510
71268
38879
78290
60772
53744
93001
27628
20927
62540
1659
69408
34071
76470
99100
14532
25193
22137
83753
4148
22700
64420
37408
48890
39471
6695
28891
81432
70142
58569
59611
56308
65603
67848
6906
55393
4168
6638
41282
32166
51867
21068
93788
19405
17771
94966
49440
13002
68335
71098
89067
29541
85350
20894
58191
18951
93433
51958
1860
94845
73244
41279
47420
6060
23539
13723
69140
35217
529
75657
70471
84435
63900
92160
55165
42568
27661
20392
54240
11872
14899
89749
54159
46386
32726
47201
88363
45346
37241
70244
65518
64651
70362
89426
94364
64078
87379
26770
39410
4407
96034
10679
18139
63497
36646
63933
83202
21158
56512
67169
19041
58524
98297
28093
25272
19823
96418
20383
94041
18655
21173
83396
77599
91798
83291
35030
62687
52016
78984
57504
82519
37639
79808
23626
94468
68187
72605
92790
53231
69050
84392
2453
59495
13137
83844
68230
17738
59855
94411
56972
50140
59858
48816
83467
44858
99697
54244
33823
92361
15941
8468
52346
21736
41493
23535
7928
41092
73436
56037
81343
53417
75225
61034
55160
26582
65939
68378
39557
78057
54215
2967
19422
59066
28208
93422
67564
26532
64465
83544
84481
89405
7362
23548
79794
87143
86292
39282
82163
46975
97795
31426
98413
46931
30743
1610
75518
91601
73751
49374
96717
26938
80235
1258
72360
97333
7435
39347
81916
61760
99562
6364
20240
43009
56345
33893
55679
92602
73401
93581
30544
28539
58561
57816
6195
61714
97383
12587
37915
65469
28719
5396
22258
83616
99182
75879
37406
15602
39801
33795
96846
57138
18415
84916
82016
98807
11263
50417
98611
20868
37656
74309
18531
66810
54475
62603
62214
80456
10719
34770
57794
59550
99185
29696
24745
85599
98789
49075
44979
15701
69293
14594
9206
61758
20629
56035
94724
10020
39817
64998
866
70026
52548
13822
56224
43426
52374
24031
64921
52507
73904
65474
22921
31736
82607
42438
63462
42524
67299
1425
88444
46465
14427
97333
26665
53321
23471
10573
25106
28395
31274
30662
45824
26319
21490
79355
20539
33653
85044
85848
86657
24238
4145
14240
4098
88526
67103
5130
32091
67194
15709
81766
38766
13052
86680
52990
42970
97269
13171
30071
10044
40306
74454
80311
57186
12759
37237
72512
41512
80023
3995
666
19441
25926
17044
86735
78371
41542
70452
15568
87231
40733
82471
29813
79739
68584
18390
34242
47902
98760
27027
35109
64504
91707
20577
45915
62043
49670
61986
10482
94554
41230
76126
87241
8125
9798
83757
53140
17214
36386
87714
35804
70467
5866
84501
87907
71032
86570
40075
53893
26312
58470
57219
27418
14680
25547
89151
85432
85728
54529
57389
85525
95207
21628
66130
51050
78138
42706
40498
95667
3560
84999
65374
84274
55165
92419
68890
56276
13561
33893
63433
28331
93741
75954
32600
92731
37809
75334
26021
41008
60516
24810
53482
20652
47009
41414
17513
20671
68827
86446
19893
5967
79221
86712
85978
64727
74241
7438
76331
4715
26322
89983
66598
76889
19231
20368
5830
62795
81911
85615
2565
37609
98812
40008
32940
52636
22686
71056
15576
43693
10453
30815
5771
78028
88441
20091
44716
37293
70753
70095
23483
27788
27447
17498
34133
84337
19317
16036
36737
90959
24894
57803
85301
82118
63835
13948
72488
98632
87760
8286
50900
51257
41370
97960
71431
18255
86440
74418
20135
11897
11251
14984
29759
40092
90236
93659
48331
1048
55552
13618
30076
66794
42522
4671
13928
35563
72085
876
97745
30005
37356
66515
97488
80229
66977
66765
92286
34683
58550
33730
36799
69343
23819
54687
95755
49631
72596
78630
20794
8179
84982
55999
18572
46177
6943
81132
46002
67579
9663
33595
29820
29766
89894
24052
40480
82262
93436
99346
45763
59734
6231
51439
54792
963
764
78007
58803
34776
54165
60895
38840
4164
1579
82606
2244
87703
70176
56409
32071
2236
29420
33613
94397
59104
81395
52037
22296
57777
86815
75004
65452
35745
92734
26556
20342
96074
71290
7477
53002
17579
12241
72393
5015
54353
59538
79396
65721
86321
14643
11529
53659
27857
29265
18759
57159
91174
49380
84938
49036
56696
5118
73454
66155
99458
4705
56047
88574
27862
40698
76187
77188
42557
7294
80649
7789
80188
5791
79843
17247
15186
39595
98335
8067
51038
45889
50092
54415
50205
80912
37063
2737
73297
8558
49164
23188
96573
26258
85002
29394
23564
19695
96591
34679
82642
23630
17955
83469
95179
12615
15377
40265
79199
61755
36416
43442
78183
27760
8992
82761
5289
86698
45279
81177
58750
89891
22267
73533
97141
43463
53074
85384
14833
16462
81333
80949
50605
50454
87547
43883
11232
66621
82226
66700
76763
21048
6128
20539
75824
74483
64487
2184
51244
72038
41399
7066
93189
35824
60574
5816
71855
94002
38730
45523
37799
586
8879
43091
23187
21866
88596
78940
28257
59733
23112
62812
60651
16886
32370
90164
93052
4477
3462
45377
60525
99255
48883
17607
40872
4713
10873
84729
52814
49128
28696
9287
84404
51768
72003
98148
68807
62654
36436
41298
59536
87492
27257
2157
1427
96714
93388
1073
26257
74563
34752
44264
73134
65203
62039
21556
99469
6402
21328
17109
73431
40797
74526
93624
81402
43914
52820
88637
87982
5606
85245
5923
71187
29214
28872
69362
70102
29830
38560
39908
17042
75032
5177
93553
39347
19308
80358
53013
67031
12816
15048
36096
74573
86501
54241
99483
73471
79415
2695
13298
40971
22166
78676
77154
63052
71957
38425
51007
23353
13343
51347
79586
5027
45809
7702
64207
18690
63991
27237
12831
1193
34215
18276
59662
57141
24692
53797
74050
84933
44336
61278
89622
73667
2594
51996
39843
8961
49055
88753
55434
22431
96104
15560
83616
32073
49856
34233
74070
80764
77385
5592
19332
47017
17402
57992
99922
68178
51678
22797
28771
16402
30155
45823
75262
43289
16766
13115
39770
38421
4208
85011
37893
72876
5847
63269
15089
52326
380
69609
37340
13287
87604
88803
81242
22458
2045
32377
30465
47881
50871
82751
53073
87336
43708
1646
75678
60562
59069
9715
57179
97804
72027
65699
89221
65221
39583
93324
83369
75455
98102
81159
24019
31975
141
48554
81812
7071
51780
48794
20814
30270
37970
40381
53056
15405
63542
845
28905
35474
39349
38793
13370
137
16852
229
93373
36494
26387
85986
33820
17592
36804
33113
49167
44799
29640
67056
15974
55646
78021
47
81743
51924
389
6316
2244
23524
55565
22306
11156
82908
27128
11488
81100
21682
4368
50398
15778
28938
86153
39115
85918
32629
67994
45634
1061
21876
31960
55354
5988
13178
36657
60988
39349
30735
3554
51536
97169
48
82262
61712
83058
19284
21755
43966
50052
70762
15138
66513
64328
24254
93427
85995
52771
36762
70315
78694
86569
85129
40627
68588
88354
73015
84766
39750
23767
72852
89566
69196
96092
86647
89444
20955
42265
53663
77714
1701
77878
19733
39999
98371
77410
24109
39110
47301
23488
97036
25259
62473
99087
52643
58284
47466
77333
18105
77503
96496
2983
96807
44622
39621
93367
4860
2923
84168
33051
98785
23153
53466
61718
60151
19258
89942
33637
4284
44407
82942
8712
94893
99503
83408
48970
53733
28630
89399
67023
23652
90409
4222
29402
83947
22308
51615
27896
24803
33536
98298
94988
45757
31692
13313
62584
19188
29159
23504
92388
49679
25464
98170
36431
53730
15306
84062
71247
31412
69031
60313
10054
42876
32847
6005
66115
19012
23093
77886
59922
5264
63158
95029
86850
44216
22039
92254
50224
33840
95803
29236
37813
28360
59326
76605
23529
10640
11184
36888
44882
66516
81713
39890
18477
52293
3205
50775
93207
51351
93205
55846
98265
77831
69890
894
96750
91413
61830
52404
86387
53679
5385
78855
35402
82958
98685
5898
99498
15673
59830
80864
71078
70983
7401
71015
41272
81987
67936
60138
59178
29928
14296
87930
81441
86059
34231
68600
96711
95960
30093
56361
41139
66805
60134
61067
61207
8259
40776
79367
73190
26242
88880
13788
46784
55636
61315
59003
80411
38106
18836
754
28752
13690
79793
32832
72735
83138
33482
51271
32511
52391
34879
19039
16774
70694
63269
90118
90802
95211
75893
37430
68082
47280
44464
65679
31827
96029
24179
78804
16235
26702
32147
11666
28636
50066
92854
32601
61989
51887
86318
43183
25259
70243
75058
52858
72063
35430
15066
16284
13708
48555
93815
21500
47744
48293
92204
62430
62197
11174
17485
95508
38682
4387
42387
717
69538
32595
71130
61484
95817
52438
1943
32597
40959
64915
37144
84576
52210
42649
58074
80143
56636
34375
31489
380
80902
93479
24504
85036
18583
52916
1061
41888
89726
28445
87176
94026
33432
57506
71248
98044
65470
88475
42938
72027
37198
37624
72775
28979
19156
65923
78712
56229
13940
33986
31465
74524
27511
30488
90823
19069
63088
42763
54895
13019
7882
1056
93829
91018
89904
28610
69165
98892
6776
53986
61866
58728
30669
66201
91089
54360
40407
65224
10857
58689
23369
64224
76161
3742
80775
45086
1549
85269
80242
55854
97727
48747
69458
47568
42622
5235
8575
26552
94822
30305
74091
63983
69819
16253
7215
19576
19179
86611
41745
33517
14048
65256
61615
34887
63710
96423
99370
72571
2015
7545
17010
79426
24488
65938
82826
70642
86280
76104
82360
8136
24557
68735
93611
14791
42242
18944
67177
30265
57321
19560
36692
10260
82609
72412
21625
23512
26932
54907
91829
58741
72944
63979
78051
56778
66048
96821
10246
56680
44246
82829
52464
22837
89463
8266
88813
64780
73043
53972
84335
76097
20511
2299
68918
99874
65873
1571
93372
20025
77527
82365
43962
93967
82805
58898
89147
54795
14969
93464
28251
56247
91549
49383
87611
57507
79864
36965
3492
59139
37057
22525
80021
54515
42081
78031
98698
16859
19315
71041
57195
56014
77051
78546
82095
47756
33889
92399
79403
66024
89929
21983
64636
419
49487
96889
1484
49207
80196
71125
96931
56848
62432
96800
94478
95060
27139
85449
85957
74244
48556
17112
64251
87514
16756
66206
10151
92786
93000
20136
66218
67014
68034
4653
23068
60305
92931
23591
93592
9877
65423
91102
36672
70871
47844
67072
75278
2792
90104
27981
50073
16927
86159
80942
49664
11490
89622
20869
33494
27524
66815
92320
26314
13096
23097
2695
2545
6019
73899
48565
89971
66304
64332
67748
12463
45149
5986
59041
44747
36114
70998
89214
93564
25394
24816
97382
12654
35817
87605
47627
58512
8454
78201
82971
84000
22131
62626
97905
55406
59775
59867
81128
43792
99356
31537
57739
31458
57380
99054
26791
68087
1079
35823
97954
51584
2687
54404
96772
78424
33908
11204
28563
60714
46300
19915
16638
89279
43754
38065
47663
20072
83015
75783
39523
33924
80270
88241
24086
52846
76849
87931
81431
519
29146
8537
92283
5307
31755
35295
25037
81747
52839
98585
51811
28566
75369
25608
99820
25756
84882
4698
20549
94225
23073
24324
60715
43522
37018
20767
23658
18184
17225
4189
95348
69710
71423
19814
64078
90304
12283
42835
45924
44882
87877
72678
60285
41258
74323
3748
35401
93931
4366
22096
90870
84607
77519
44454
10402
32800
37859
13264
52587
88451
42510
3080
25794
33441
43659
50923
86174
81379
4370
33622
10605
28138
28754
71360
63814
75033
9117
70612
72601
7935
47555
69641
30151
93477
34391
80928
16846
59120
37678
58297
11517
44115
66085
39345
81382
78228
53122
30876
89169
41593
51699
46460
40237
25711
21395
28316
40129
92503
9131
95243
41825
49421
31765
67992
39292
50870
97403
59398
70322
44102
39614
32428
94147
59212
21139
40364
56963
38458
78119
79629
66153
82324
44260
10648
46951
66868
3276
73452
64659
58648
83713
45374
92324
53129
22599
1168
95929
18120
36097
72460
99219
67927
21368
66046
10082
36546
60666
85772
44125
74728
11167
33490
81803
83754
75015
54366
64031
78766
34112
14821
29185
41680
4611
10720
78278
65958
28477
95527
7873
66095
39211
20359
26227
61591
93151
29123
51102
16905
6848
68069
95608
23634
22094
53055
7515
30158
23554
20387
57
21905
20307
56443
72941
24244
28821
10885
35116
52185
2364
28271
50938
77533
25695
97227
35768
95546
51128
78511
73499
85878
99175
43340
63449
4875
50198
47944
9949
1844
64504
51066
67642
3568
65546
32226
2587
97590
87323
15234
67768
59606
10760
31229
76358
25992
57056
64683
70566
97107
84518
19286
89245
50907
10197
93780
41987
52648
52830
47585
16564
52976
35628
44183
87077
80256
33385
26733
73681
17036
14233
61834
96465
11696
60836
54981
86249
91458
9234
87323
88511
95063
39822
96811
93351
34190
39885
33169
33658
16925
30184
56093
85509
93206
67172
78063
80926
89045
86931
93810
62897
25929
41843
22962
49048
27996
43893
42715
98793
5409
96760
22864
52457
33305
73300
50020
28990
86754
79506
24152
70595
76445
22872
55090
66964
4250
83459
93078
76233
33346
85805
43811
83520
2529
70670
2381
59891
39694
55198
70099
77672
97944
21848
90525
76519
56943
46107
80947
41638
32844
56010
1980
26304
52413
38547
72370
19781
13105
2221
26078
64971
32188
65850
32470
58978
97416
36204
81072
82629
46009
62852
40161
69483
90715
90229
10422
39901
49194
5799
1838
38275
88318
58488
64786
79384
33905
98461
98514
5116
81966
71590
97438
55751
72951
6943
125
55994
73683
1618
41902
23954
69554
18442
95128
38102
44767
39347
72144
40880
95489
75901
12967
82777
89229
97983
15597
56620
40460
14969
54886
15228
5733
4817
3847
129
27622
99903
27054
8494
88596
32708
77339
11358
83309
84021
85166
57965
66742
15062
74334
51011
12806
84673
94515
65547
30894
65733
7361
24354
58019
38027
22146
97514
40682
36308
49263
59230
90750
34207
75643
53952
96289
95015
61644
12750
87517
2760
68534
69716
39190
58818
91573
44090
20686
50998
78214
7454
66196
57453
39715
40989
32170
65336
89338
13706
75313
91730
8650
63201
11731
21282
97721
56725
4493
53309
51380
57317
9143
84040
3235
63950
41937
12507
95912
56154
81260
91232
98452
90838
12499
12411
87687
45185
18388
23364
65378
94304
1550
79439
51882
60046
83384
85773
61436
96657
74316
75019
70535
59208
14767
97624
2794
23552
81213
99205
93131
24006
46357
68708
55857
4694
70623
69491
56991
19666
36758
77426
56398
79119
7990
46927
33158
40937
59458
57795
75992
59127
86642
17782
23962
24217
33464
86045
16224
96014
9838
39844
26227
51010
20797
45958
47761
51524
34188
5337
96418
41653
36515
12647
76562
83868
6203
56694
20431
71255
42885
71529
37825
92268
37107
41056
11776
10238
74887
98651
92247
60827
20566
25628
75380
53298
71128
46889
91016
70242
78318
69361
40577
39725
95889
60326
39201
54763
50163
29032
45083
98107
37556
93731
90986
14677
79460
32686
2894
3418
71791
63989
12996
86605
16042
46513
47168
539
63129
88978
28042
67925
20474
39198
95282
90142
35537
29780
30481
49152
52241
36937
71486
14521
3556
9524
7081
73939
97495
26821
78711
66322
3301
81967
46555
21638
50015
24487
7437
35232
79349
7172
59818
69505
29827
85606
96680
86893
12570
18292
50804
4159
25033
82398
37738
49174
43209
72704
97648
55661
78210
20423
3216
99913
77213
87054
72752
25131
12455
68322
1519
4805
83647
66052
80350
9001
74173
59692
4216
12829
80990
75595
33088
13131
54352
30473
83606
29141
74230
78732
29749
25061
44344
81146
61356
12131
89259
438
56726
77152
69592
35014
38233
53998
29292
96405
1592
38706
80796
22293
61685
41138
83666
64700
99847
75625
16280
35439
65971
35482
15456
85884
39402
90145
20845
19201
25727
82052
28834
33098
79395
49384
64197
94455
43007
66528
17840
1820
47149
28961
87700
46627
59412
50481
23305
42668
46206
4253
56215
59316
45143
15497
26970
42739
31876
8131
95318
52479
71390
65233
8855
97967
52170
21896
54435
51738
23830
12318
46846
93469
72914
38711
39609
44859
19240
86812
3321
88670
59833
86827
44671
69884
5846
87815
64697
80182
81719
84527
12389
84730
22780
80172
74781
22056
19390
73284
29316
38097
91857
15085
63083
42075
85401
40187
25280
51585
7685
91705
27571
84695
52332
25494
15206
9068
38371
2263
3857
60680
66808
13579
96656
93332
97806
13948
76137
98489
94069
36960
95421
28673
9317
23599
53643
90778
39863
97999
43227
51353
24736
24524
4590
43547
25675
45635
26271
60934
48754
29053
76886
6542
69433
29593
89417
64723
65799
12738
44239
7688
85121
65408
74819
59726
26661
1418
87825
19775
52448
73433
57824
6503
22700
3927
43388
56781
2922
63510
23423
39119
30999
49918
47515
3691
80590
30462
99526
21178
88187
91524
85251
62102
5079
89511
74249
7261
97957
7713
69874
57390
57543
59259
2050
18352
29630
6752
21042
71697
41148
43795
7224
22924
19271
45853
33909
19012
34829
97598
37210
78893
20191
94085
81336
18218
18347
4091
47267
97808
49050
43737
40610
55498
46466
94457
52373
35862
41161
20810
9155
24748
92311
81278
1504
80127
67542
39646
33367
24028
99241
4413
21754
64719
31718
55817
19715
30342
39121
35934
62245
64269
76791
41332
2484
29623
85924
11353
1230
81310
29505
40602
2916
67522
64557
70554
47433
73069
11095
31237
26902
32152
27605
52030
79704
15142
71045
33205
49943
4366
86205
48724
30627
33910
50096
66136
50141
97978
15936
6045
67039
74380
71803
64115
12809
65494
31476
85420
43241
49563
35358
87863
7398
95099
1383
15559
45865
64725
80399
54348
18153
93319
69251
16003
71858
45073
25722
30121
36977
66935
94828
63275
87358
4069
32106
99833
87845
44077
5310
62616
78931
84363
46720
81751
51163
10986
33969
28282
54818
35040
72568
17906
76685
41940
99191
205
58692
96032
98569
53417
12611
17329
58266
20932
31325
53739
73411
7536
5230
1770
61888
11618
83931
7363
32432
76937
78472
57001
98281
29243
38998
96715
24821
96747
76342
42234
48333
79607
62703
87977
17648
99006
34728
49773
88895
1583
11602
84676
12633
18492
40597
56146
45870
77838
16918
43974
38850
16466
10337
86587
64769
34288
78937
81018
17497
22716
12025
68861
98168
99589
14758
34734
34691
27755
80755
52814
54735
72943
66544
94802
52800
22146
19153
75176
56636
99167
72342
15191
73355
42356
96028
65668
64654
15771
45599
97265
89913
61640
87466
43744
73326
88155
67581
50261
3958
22549
1210
60921
19807
53351
58220
99419
23597
44773
16564
23153
87454
68762
25361
46076
90015
97717
87755
89737
63588
74913
96764
19892
91880
83923
82396
29575
61345
79420
85864
84640
98334
32767
25710
98833
27297
82684
40664
87105
86547
65706
57106
24656
90568
69155
79002
82967
66224
63513
51523
43758
25943
57414
63621
10279
17946
9026
20580
36183
85894
17710
91292
88789
72847
91629
6886
23291
20361
87314
11274
34122
42887
92819
26977
94058
81102
65437
51621
73838
30388
8290
25143
55510
89531
59822
22220
93774
20900
47415
44054
72148
16753
36915
86059
29559
31900
66467
86132
59930
66285
59564
46900
39256
44444
88166
35795
66722
83235
38958
93638
35364
11391
9046
81596
24453
49187
95517
44455
55117
91641
63577
805
43873
96758
85871
94827
78826
9337
34693
97261
92275
23936
51344
59564
53649
56262
54759
9628
79389
64253
41720
84817
3261
59236
32216
35782
82401
16197
18742
62825
21768
83726
54729
75142
32611
25641
45352
87055
7697
33979
39864
71877
78602
43509
92960
67685
98359
2106
59032
32210
66718
29102
44128
7994
51100
1943
53101
9448
25931
53876
61086
47430
49283
40758
1549
29613
49757
9886
94848
1419
36466
60821
9919
55599
84418
58626
31777
21523
7728
49132
61631
52263
57962
940
87082
34166
76039
57261
4600
23159
96969
38051
36697
84178
92707
48325
65416
89613
57524
18537
83549
83315
53200
2171
86335
36704
32127
49081
77814
27787
44127
22606
67519
69839
26277
64073
43769
55096
3969
80633
27901
59015
53343
44647
47370
45090
138
39728
43198
57787
33291
72318
34752
40795
44687
40802
17338
54795
76998
41232
16357
91967
91336
79926
2652
23359
83442
41946
83923
9044
26990
2576
52480
21483
20209
29461
74615
94408
90429
28139
50323
52875
97447
87761
56368
13592
6707
63165
43798
40133
53147
97273
31280
49157
66478
27256
8091
6603
12757
37523
33306
68478
27602
16773
98182
68984
66049
98559
49570
86810
53056
7016
46924
12944
52203
7477
1200
78812
52192
52609
16471
45570
45825
44041
44444
90575
10583
13703
78911
35463
98292
41416
35667
6442
625
8524
2834
72514
6710
41946
64624
50475
46584
60605
39436
4831
36732
81663
82371
84189
49658
73729
73215
96565
50076
70580
29325
80467
99590
86359
53260
44646
90416
37005
58977
10444
14671
86746
6536
32444
3186
21370
60997
96847
24967
93630
59864
65259
5853
88580
5838
19886
73989
49425
80276
31924
39346
