28190
86941
84235
90236
32017
56243
92448
50429
38405
26700
86316
70724
80126
61699
87064
82494
20551
65692
72812
59046
53510
34938
89332
33129
33787
51278
34544
19368
87509
44074
21560
33627
35281
73172
70762
95570
9744
9654
1618
12695
25203
18290
88628
38799
71862
76306
10425
2752
46150
23101
48980
52749
5024
45350
92368
6268
42312
90783
56728
59960
3299
69131
56258
43474
81777
54128
34521
30882
83786
26507
95077
33548
10068
8158
10585
87486
63838
56612
18041
97046
51356
78438
42502
58528
81856
46150
11752
96028
34705
82648
23319
29662
95371
67952
96357
72623
25075
42998
50283
23729
34068
77366
61743
2272
48123
14452
36879
70324
83147
11453
17581
94339
29118
89497
79222
35171
19481
53117
77104
57005
82443
70941
47040
10973
76706
58942
13366
21238
64074
17736
29045
49283
14594
69275
36323
24055
31900
27993
32009
65270
16049
35745
68327
45325
68575
14940
64408
79676
88321
33232
64573
80596
91753
62610
15976
21274
39516
4856
43239
46411
44234
81229
26027
59227
72968
47549
76309
5750
11564
54928
35516
37575
66629
68308
72125
7446
40116
53650
44287
29356
66666
56323
22625
59059
59776
79644
76579
71993
6893
38212
25774
3283
18152
49894
98433
57949
25082
3809
13849
84639
95102
68573
40859
1772
29656
54905
22145
95812
8752
97920
41088
78393
59818
58457
25394
85519
83491
98877
164
16029
20521
97412
83422
6608
87127
23256
93162
47726
6668
26411
73379
33239
94215
50629
8571
4456
68545
40085
39977
39930
32103
74984
1518
5351
61331
49464
66466
46188
14182
60892
38240
37834
35204
42461
63115
36359
65547
16552
69819
72146
27185
53343
13191
8995
64634
8875
95760
6176
21971
80588
81224
57276
1166
71568
36990
66073
93178
30306
76455
62991
17502
1146
66987
62565
65810
85171
68457
82012
77209
94425
66247
61228
86111
69409
67354
8933
10380
67891
52590
4247
17474
5794
4274
18221
32984
61244
60932
12020
42739
89180
46421
30298
26238
99261
16792
58834
93862
82601
20332
61684
37973
96592
1251
91136
7913
91412
76974
22051
98799
85313
18760
18194
97377
65146
85564
42259
26234
49390
83251
41276
89394
58410
13438
2067
82331
66888
92828
44180
22774
73925
91528
63601
74130
33776
38083
12883
39426
44797
72761
53951
55898
73818
88851
48820
98854
40857
98008
34641
97639
86380
18240
93236
15371
66415
15543
3900
42663
6559
80683
65904
78260
51593
71666
82552
43460
75613
83226
46569
82271
28288
12334
30975
7038
19713
8482
52738
82787
62051
23356
56203
15891
65657
18815
74080
20658
32241
57877
31995
1145
54407
8440
37449
57398
41338
2365
91246
37280
39643
62301
59077
4020
88225
54369
92933
45105
17946
22986
88640
82190
35132
72987
49957
1939
75578
5955
9573
40410
38802
17387
60658
27395
64931
79352
64611
4622
81883
79197
90293
7193
92398
98560
25548
84406
13604
18311
99927
96871
56553
42431
79025
32121
93832
95465
51811
55706
65073
55297
95942
82777
34231
73197
98343
90905
43159
57182
94596
5553
31730
74822
45939
5539
16987
3094
90657
58519
91756
99154
11415
65875
35763
73620
61913
53753
45354
57946
21577
71197
15908
17293
78088
50977
60995
61071
74268
47087
71687
44160
71245
22227
75649
23244
88170
46771
23589
65748
95433
60459
64606
51448
77483
89865
59
17502
72477
52642
23623
48930
43643
90607
96055
41691
58575
71336
76636
51653
6263
94331
15928
5935
62181
13448
89069
98211
45632
69948
97521
8686
58599
29384
286
59180
36950
23806
90438
88273
98305
20200
69443
20278
82525
81412
50476
990
33950
87328
40644
36451
95419
27534
24237
76578
46830
47492
22298
50848
91863
36627
37378
73367
83200
68833
45199
95010
94971
41221
91382
59521
1064
18559
50466
66920
55251
19761
74921
71050
47386
59582
72832
39486
22091
28062
10026
43275
36108
81691
24395
37654
11989
13515
47100
21124
7063
31978
9687
79854
89248
22739
83569
83009
91670
15802
26311
31374
60513
45898
10769
8789
97574
1078
79732
49256
68717
99230
74036
58239
91364
1664
35942
64344
97084
8760
3651
32553
9361
47574
50488
66404
19368
99451
5754
87333
20913
39183
20792
44059
90059
44129
88297
21617
51366
14524
83300
98391
42084
56451
75886
34098
73081
62025
6989
81692
91698
56527
93083
6041
59122
84411
3159
86520
17590
67121
22390
47331
78298
96945
37399
37475
15093
58348
56403
32082
10784
50468
86835
76190
57012
11968
84156
13655
5200
84840
98373
97206
36346
58979
56809
18633
41853
40107
62232
44575
60752
35082
69608
82413
53528
14355
65544
99962
71267
35871
48181
3437
83765
51234
10502
39793
52193
16137
19138
8675
87437
10515
75506
60824
97751
72777
89904
55213
22454
23131
25790
3596
94681
697
37748
60247
37004
58474
64657
99541
65850
4941
63762
74870
27532
30058
43937
92837
67438
5875
10597
94793
4979
6428
71063
42551
90287
89460
64085
32728
22722
20799
91567
35603
48789
89330
66846
62071
4989
42539
4436
81926
54556
45962
87119
8609
42854
39823
21288
44492
54977
97073
82792
75454
20774
60696
52729
55176
88933
25753
71898
41791
51493
44140
79085
48392
28584
17994
44075
4287
23660
2728
17559
5923
71374
65579
40271
81281
10122
89575
27806
70588
15677
33240
18031
36566
96011
84636
96316
19870
17085
56811
11941
1558
63842
11571
25341
58271
32950
79221
48733
38051
54176
36310
90300
18399
93461
29891
36854
83371
41722
68868
32648
20520
71206
92571
16670
51941
80614
16698
47588
38509
87514
10334
77049
30096
27645
42155
86402
26668
47459
61189
99195
70552
29467
97705
49255
86766
46451
518
73096
34003
27162
21788
16746
44484
77472
87727
17402
48638
11802
84167
85685
63593
23842
38215
50811
97218
13532
67527
45250
86084
33523
55377
80102
66162
11905
88629
55166
30788
8365
13449
32618
18284
27215
43265
75944
31908
41295
54854
99526
35669
908
68214
46322
91238
82328
30809
41646
39967
95968
91771
29311
68281
20618
87882
87876
67397
75543
87918
89059
52149
2984
93439
16063
23627
42556
41416
72038
37500
11063
69911
9031
80032
28255
41181
61057
47993
54176
23208
6966
62461
61391
33498
97758
5473
16364
81670
91064
97636
50976
11911
80091
61462
95590
62141
49963
64035
67910
73125
91783
256
52380
70579
84895
60561
40760
9103
56323
4500
53694
33449
82199
47438
72749
48570
22147
13615
17789
46265
25350
65412
78433
94390
62186
82906
74413
47190
16658
88906
53393
80236
19217
35621
17826
72785
27444
69117
45018
42815
52191
15693
66838
87055
67190
37702
30398
55149
55057
50583
71265
16597
66931
1401
7134
15309
66708
43732
70911
86911
50873
96145
98528
13457
66885
55198
32526
74562
14090
75127
17578
61475
88184
85943
71148
9999
31926
41850
20228
19273
90190
23758
71996
82833
97153
64278
35578
83682
15004
90458
96578
34091
24643
60623
38999
40520
36746
70302
22882
56412
59011
50036
8811
26669
46929
62630
83364
73404
99771
79070
23558
44640
61404
21542
8402
69342
72567
26448
99994
71
63335
38975
69528
39022
46069
70710
66076
43940
23619
12379
99491
67122
52933
58888
49506
34226
74063
3726
25602
39371
13545
33766
81542
88327
84160
26997
97000
41138
55414
97818
50881
91473
27545
35000
92199
33501
79121
60027
89712
66555
64659
35369
26613
7961
79539
77222
2002
85799
45014
24739
22986
11375
80997
10885
6888
82610
34013
40942
29472
90273
67780
13098
61363
44053
80246
64791
82353
41259
81053
16465
65145
34079
80447
346
49596
35044
97521
24163
95808
39902
42506
1434
67009
82012
52178
21200
80913
80821
18457
68932
59295
31454
51460
73489
27414
86245
44098
10802
42620
91245
58972
68174
30459
21670
82219
27651
27101
25480
46436
22707
56816
10028
84718
70149
10345
54503
8916
83642
97892
9316
18518
66766
84202
32349
40794
15430
12459
91734
6656
6652
46859
73686
42131
14115
76825
48450
15995
11161
31962
12632
52783
74313
73829
11397
94983
16602
12935
28835
55376
39352
47590
12659
92889
51741
2787
67571
37451
37499
51161
81851
96725
37032
65058
31706
93508
82535
9592
85224
92978
5711
97112
36104
94486
44346
22211
49117
5785
62284
1279
57893
18825
51966
57659
84789
31686
5158
81423
3571
98169
54373
66753
62314
84165
36940
41540
30318
33333
97516
11227
86380
38613
3705
42716
9901
96413
31002
10383
76999
71592
88399
95349
39296
84195
50431
27046
78944
23681
91518
46259
12881
42698
72471
43786
93974
43092
3132
75223
59077
72970
60871
27815
71458
27912
72299
32008
87066
86185
74012
99789
28601
32344
59288
32366
24392
57090
25360
2923
87206
75053
32471
3761
1026
23746
96422
67254
97907
16517
53962
85886
30356
56965
40235
22815
45374
41327
28825
59298
13572
81021
34261
96768
18917
53068
16089
92780
97554
93291
69797
79440
29629
39727
50311
33519
93593
84419
69798
68073
61812
48157
85100
88157
27630
82764
37901
5320
51956
54062
74904
50316
23966
16637
60345
36141
3841
95913
18952
88532
39921
89409
4338
74582
49463
52171
49857
95119
5163
43091
34091
63880
46158
99328
40916
76664
98439
65058
33153
60166
18968
64168
7162
43788
60860
41774
44283
67511
6495
35603
43128
2571
76026
74632
97610
30755
16073
37189
51641
5399
17451
342
3720
58998
93526
31122
14456
8211
50196
90380
41818
34300
65374
54082
62741
34404
5363
54771
47824
2467
70516
25550
7260
59827
45120
79973
54753
24283
66663
24064
47140
98953
90254
56974
22802
41624
17566
6263
63083
11473
52296
67276
61901
6766
69273
7296
30716
17146
62166
5776
16011
29908
80213
72797
90154
31218
66071
74011
68557
14977
24869
3106
70708
40779
63366
52225
43612
20050
66235
38002
36353
71704
12152
19560
20078
69665
81727
42118
29123
89232
6522
90057
79586
59567
7668
96325
10550
69098
12500
10734
36704
73818
88983
19245
48287
87583
42250
31282
17627
23399
77217
27880
19567
34155
73879
22308
91696
5305
83010
16919
31550
55308
83986
74243
77351
66359
92134
10538
13618
75745
16074
60226
92622
16105
15281
77221
24440
21355
74667
16645
71779
43291
27748
97693
71303
9550
54425
13634
99624
25273
86647
68824
42978
73905
59474
15553
34670
30225
13663
61296
36820
19641
27214
67804
53389
94483
87335
80048
755
44178
94720
6911
19303
56371
74744
46805
47711
67462
38835
53000
39434
40293
67635
74829
74241
88898
48015
75591
10988
58560
66322
52539
98830
21272
22195
14239
30287
33916
29485
50128
3524
81783
6906
13987
2972
34931
22033
18131
47817
99029
94712
67865
50729
22819
22088
95418
83985
36837
63996
32794
38069
73321
58357
90862
18774
64704
53198
35247
72776
40999
57238
63531
62783
97408
21231
78677
21974
23934
79778
71228
83963
65696
13117
48762
63866
87828
34731
75203
997
39261
3054
3901
58077
46127
62875
87982
7583
31511
90033
9361
91470
4280
88184
50563
87928
47088
46578
22810
60360
24377
32769
18772
55016
2827
52309
13
58225
78942
45103
24171
64977
70894
87736
27604
56151
96151
93591
64799
89661
78720
57651
74248
51
72692
57125
13276
50916
96203
15000
97972
13607
6567
2784
50015
26469
56506
73333
20632
30465
56389
19722
90551
31337
94588
35118
30179
7288
74373
98399
15237
31269
20863
83557
74936
17963
37566
24434
36316
53462
42869
756
68905
69575
47981
66997
84929
17092
28049
62095
75454
76223
45004
8495
14283
92545
74026
773
31279
83123
21308
79877
67908
13673
54167
86301
91429
24748
61948
37683
53061
85474
20817
86619
11741
83803
17390
72338
64381
54107
757
28826
45508
94367
78424
39794
88459
32686
20478
62928
17243
58557
31232
66334
93087
47615
70382
95887
32820
58792
29839
72028
70524
63708
90885
23040
14194
94744
50863
40492
91128
22332
7080
57543
52269
73876
37901
46950
68666
80322
97179
66628
5515
10986
73526
6014
74811
50778
63687
27822
76200
2323
40861
5633
65893
79896
13876
36471
37774
16978
90387
65079
3062
47261
10735
83853
63037
37875
7437
39073
55710
78227
77893
6196
72804
86670
18626
50201
75452
30094
58054
23694
4773
43522
61322
41142
39940
65578
10146
95957
2068
7068
12479
35943
80923
88465
14767
24637
15480
50160
87071
48565
77177
35060
28512
4181
96361
90524
88391
57603
20133
28943
13231
47268
59951
41225
35161
27599
45852
11687
84211
96173
45513
40107
39543
55632
59339
32332
17258
34189
61667
80766
71525
22967
42383
42969
75536
41177
71582
12232
12970
36688
51612
46481
81989
94275
7115
15804
33071
81248
5747
57665
21611
98740
8240
93491
55678
13798
99369
15267
91109
28592
29377
52274
39843
64571
45222
79030
15833
85911
10023
59432
8302
60244
25123
36328
98830
43263
64412
44526
50799
86652
86251
51694
63374
6333
75053
74087
88888
90268
84506
93384
29701
71131
1014
25023
43102
59637
58624
36128
95039
25248
82921
58030
96600
1538
57343
95625
18061
67309
65351
99444
89022
98585
29064
62209
23808
29660
58724
36284
97738
79560
12770
9969
268
58657
29926
15898
1210
24569
9635
92393
10886
57995
41351
61487
14763
8112
44244
33447
66982
6913
82542
71521
67935
58825
6000
46062
49414
18054
74233
8837
24408
62301
8485
9425
95872
19927
21494
72375
66970
23451
27857
55367
19763
26985
85669
10878
43756
99056
89669
62293
15741
85517
17943
55531
59895
60898
81829
49738
39362
17518
55217
79896
52197
67278
50278
81692
27779
96656
53513
10954
30050
20783
27342
62957
49960
45776
75111
2032
49822
14392
64439
36234
78646
18920
86949
53891
85705
80662
63244
1799
23449
61577
26767
27302
80373
25680
522
56934
1979
69248
43108
80038
73751
21929
92672
44655
1802
45395
21266
54393
8294
6170
27119
12119
32149
18243
89117
41280
47194
89434
28585
36507
16079
34858
36792
17766
68877
50552
16405
74083
32331
69020
20233
87200
4381
30524
33065
19425
21757
1223
56297
88844
57479
81675
77198
55569
29695
84916
19906
15476
7085
49314
88960
10553
17032
89605
63854
6026
369
95864
66219
21671
25270
33207
82302
50891
15191
62782
7982
23031
47077
96287
15856
70782
18790
53759
51707
39213
2422
53935
18104
58036
56103
5506
81076
67316
48009
335
28855
999
46724
51493
56207
1575
66562
59045
37158
80060
8458
9569
35219
21094
73479
31984
82284
64035
96007
77866
54233
52989
38495
23462
74403
81203
25484
80974
9707
43299
5140
55067
85079
31921
50987
5235
99111
28566
59473
6299
43526
98343
68473
24571
39676
67937
42405
6029
91552
82734
59021
45248
94667
19287
31934
85551
6471
19238
70367
31610
87271
5719
83758
51998
46672
99707
48361
57078
25973
23848
70665
82509
90752
30752
90793
23742
82732
18459
87812
23370
33200
54036
4828
64757
94070
72974
75479
43198
95177
87745
84132
21977
6701
15941
31708
12619
44552
42777
37251
80385
37758
75217
91021
36430
26970
12922
80637
47327
83240
2154
66057
57980
64961
97033
53945
97053
83901
64502
92143
44870
38252
5656
47136
45217
44128
75010
58560
5943
86146
55393
36508
22762
18469
91205
69601
90802
24664
66634
58490
82226
2772
50146
47190
11126
20373
92384
91368
64812
4966
91427
92552
72667
32405
66974
90039
96228
29446
58528
58912
36340
11747
87749
60025
70180
6320
5496
82665
83309
78300
65187
82019
45035
20596
35317
71121
42541
14738
20974
8364
97109
80595
53002
87335
62418
3687
42472
46252
5368
12097
21077
91582
89657
85517
65882
14013
63362
57217
26271
73928
24852
90316
30458
44381
94622
58444
12632
34364
76052
25820
44231
72458
82510
76970
36957
59889
62942
51846
49385
46020
9071
12982
88084
3711
14007
68646
7795
24205
32154
31709
84876
44356
53435
5515
17923
54252
38078
78655
92672
56125
63647
23829
98750
83781
89033
52140
58290
75944
27252
10230
63638
68802
48286
86056
31697
94408
91557
25265
44933
36685
80254
12616
94837
51552
72661
33822
18897
43187
47969
11986
80768
40374
42243
43459
70952
21250
45659
41248
83068
71761
8327
32251
38435
39178
36537
84285
37889
27068
8500
77811
5284
85120
36995
42341
13965
38560
16662
86855
68985
20118
91194
46217
14764
55629
63347
37897
67801
97124
5176
83273
69647
11825
70476
48122
28899
11874
88500
35287
55670
77470
52506
97039
18180
44202
61373
23578
29384
4968
66931
21100
53615
53178
52796
7944
86616
72356
31780
91244
98372
15856
68564
98442
27615
74218
39861
13558
23083
299
20099
70395
4838
63252
73770
37705
98968
84080
11232
92521
47547
76604
30175
78545
54374
67843
36796
74354
28024
3617
2825
31150
71614
39433
74371
58120
30625
7394
52377
43220
97263
79756
23578
97997
47588
63872
24473
45381
71732
96534
50240
20887
74456
66592
782
99320
43379
3220
29263
43596
65440
3335
70198
63381
86714
77140
84217
70759
75879
12731
40681
21655
43010
15911
48685
79345
36900
99944
76314
41640
2702
85663
34481
88552
82645
67704
49717
48167
67498
84657
54759
538
86277
65913
28800
59429
6957
63572
15050
62218
17639
33083
69531
64387
69497
33344
42479
81354
96090
6831
1986
29429
24536
64912
87783
88767
35653
68776
83559
31137
15198
54495
62329
77600
9081
54557
97466
66048
91595
10126
234
88503
45492
50757
61219
58396
59336
45852
44310
33757
22298
65721
85668
93168
54950
36844
23957
18465
17500
71604
44441
91531
36772
71970
21209
41794
15858
76214
96377
98668
78504
62981
50220
73680
3938
5948
116
67206
85186
41278
23060
63246
41272
45321
75444
88221
86094
26423
23185
82898
83182
13665
98366
30663
67312
18429
78779
93187
70115
87112
2704
93196
43095
67262
89222
16698
7685
77446
94626
66310
45308
44459
69567
44545
553
2917
37703
39553
88386
31639
22605
21846
99695
56721
31722
89627
3061
37109
62835
58760
15296
95862
44563
56165
38829
19453
9706
56088
12721
30950
36482
43199
92586
36583
98601
34138
13952
61456
84272
95167
1462
45869
95647
15569
75379
34089
32402
55882
93096
81997
11508
46741
73406
27974
56855
56921
81277
97061
51950
1680
34043
49791
50151
95030
66143
85365
87783
84444
79025
62350
50595
59803
3104
61120
9081
61382
10607
78253
1130
50969
71805
50314
31156
76206
93199
8059
91759
69102
15676
70874
36004
75140
88342
80439
88645
39949
1968
46105
95245
24300
11248
61603
30293
30586
69042
12178
5296
80922
55030
7138
43620
21035
6695
3951
134
72822
96681
83321
56528
86855
9790
81889
84129
3065
79573
9457
19441
91466
93296
59096
28687
87182
18481
85299
79002
27391
76160
1639
11352
48977
69819
59914
9302
61316
66875
94657
31357
87027
58815
17572
5933
90345
95671
33534
95641
66067
93134
9969
58686
66608
80949
52502
93185
87494
92136
26530
23653
28942
11040
13028
87717
175
80116
71338
98292
61672
26988
61828
15342
60103
54724
24640
82139
35063
73210
46676
30464
67702
20340
15803
9985
22532
9777
88758
41335
13783
22282
5460
39146
3628
92964
41260
23915
77368
79637
81159
60209
33244
6288
32155
38382
98231
1743
88657
56396
26901
93404
48168
43210
59397
36796
81491
2413
90441
49656
32797
36741
35430
62153
99757
17885
9563
14848
94852
22910
5039
61968
65699
46785
23459
45049
8234
83087
61734
40017
60219
99927
17255
87056
71229
93258
19813
29304
88189
84055
58083
66239
34862
50654
91671
49307
23697
70227
74913
49577
77104
30514
71705
20378
35332
90905
46753
65179
93622
67590
76762
57023
35650
9453
85778
91435
74904
39958
6554
78558
19100
45586
16854
1530
80430
4664
79630
61715
79524
34144
47458
78035
79283
4474
90170
88776
39660
2956
52698
82635
8738
18055
96757
48750
30378
78277
26809
4129
22524
44641
25832
21184
80822
52210
53703
44477
22016
17605
57391
28613
19114
84983
40768
25938
81713
63180
44757
36717
89536
62798
26195
26045
88499
65382
70012
10321
35415
5648
37920
85797
13838
26942
29203
18516
57711
3756
60473
56667
81865
62043
76893
8998
48967
19852
31393
77081
99567
23098
38416
70973
83013
94452
92367
17829
7277
89686
55122
28699
2542
47908
83212
88236
59793
76995
42718
21069
99593
3123
55344
22633
16396
6732
2941
61352
29151
23859
72776
95389
91281
15834
90317
58444
68254
70994
53523
99894
85587
5325
44413
4834
59761
62644
3999
67818
43690
3682
88558
90687
7913
89371
85232
22554
84238
5133
92851
11841
77207
47457
74650
19602
56954
59326
33329
22926
26734
67579
98113
1701
5866
79230
69855
63418
24645
27317
22495
38706
92285
24304
24615
83807
69683
89849
25822
62275
61555
86258
94915
62788
88017
12810
13625
72427
50319
45147
63872
77688
56923
93731
5279
52901
46453
87900
13181
88309
13358
79834
27472
27801
82316
6657
41964
10623
93643
91681
64445
42072
44606
6031
91152
36100
73106
82209
31275
36669
82579
10757
40701
33788
49319
61182
92464
9419
69945
56765
16731
63816
47569
22904
52916
87699
75230
68873
47587
53493
8693
99590
74929
66381
97715
2872
44415
71448
48606
24698
92339
65947
56170
60560
1486
11504
41848
43553
56729
34795
66233
9267
16733
10824
7984
46562
85841
27731
18133
97084
37678
12180
62645
42012
80959
26869
55767
13793
87892
10321
28186
22730
99606
95098
70266
41104
46549
58311
68497
38880
89948
15097
68154
43603
93670
8648
51184
81772
36266
68430
25781
22734
56210
59280
37968
32727
25866
40933
39405
76477
51667
16612
28168
48100
16087
17870
94564
81433
7703
20917
88310
58573
9728
12744
16159
21073
75900
46332
7670
6795
70948
97720
94211
66771
62323
53309
80424
82668
12694
14480
22875
42818
98976
68614
46798
26972
96698
47947
94703
67454
31415
43982
89386
2879
58534
68364
68557
65729
94945
10616
8612
15442
38210
36068
28099
59838
13780
98447
62946
14415
54471
11083
85634
63970
1406
69289
55694
72295
10883
63620
60541
52533
83547
66278
7827
11815
73267
59803
56999
24695
63225
1456
12064
41878
76648
83239
99768
47589
77499
76411
80642
26867
23682
94474
78248
32147
87314
62563
79917
92728
20023
37677
69714
208
15589
81906
21684
84379
86572
92807
71186
25319
50634
51513
72332
10826
14938
94133
23815
53754
23434
8627
9965
64492
64778
75520
22993
30407
14720
16935
75760
46948
86041
47164
52179
44901
72602
98949
76209
60655
65876
46981
90705
21925
32598
42373
27054
60674
69981
16097
45139
61043
43654
90541
37381
2158
56835
54562
83456
90131
33772
80521
62553
94590
12781
88483
42851
21222
75230
59411
67758
1109
69712
38952
44201
94116
73474
20970
78376
95763
5331
8160
75297
2626
22066
58108
48432
18190
19122
62564
12250
87307
88153
7198
54094
59867
69528
5079
49703
76680
79892
76720
58991
65284
37987
89861
82974
90
14130
80027
39008
40496
86083
70790
44148
85916
80276
73588
71824
66656
85050
50457
4194
13795
93485
50392
23954
55342
67420
18571
77251
67455
45762
83568
67192
20365
19664
24528
81907
28665
25674
42476
57912
59118
61326
6630
81585
75989
90446
43529
67563
70583
88223
77302
29501
38351
18186
97165
6888
54859
79648
74356
32794
90399
78026
13671
22253
12678
65214
64252
89420
75511
85613
38833
43574
8128
10362
10005
49147
31425
64293
10768
49987
63463
45797
44751
19598
58979
41333
84400
66838
73799
51013
23366
4400
81756
30769
10217
75762
42019
41998
94686
974
19974
22049
23135
66909
7194
14602
69158
16183
63316
23549
5659
25918
55461
90417
99511
98362
77747
65809
89877
31839
67669
51281
18292
87051
82922
33306
86475
48939
25943
96198
12874
36317
4091
27464
49128
45392
73521
46050
82799
73320
64930
50330
24160
98526
76836
32166
98467
20708
66930
4676
56400
17542
54377
32358
13267
82412
40221
28971
43904
33564
54326
54025
53139
71100
50570
73254
19618
55893
42008
63238
52897
68467
29950
49791
67026
2665
31608
83560
5319
3761
8566
24720
39861
61041
2008
82091
8823
95833
89961
35462
60668
42441
81045
71356
86478
72240
81063
32225
75936
12367
18052
89147
28275
34843
59614
92689
2085
58754
12086
52924
70006
30789
8977
65114
4824
65315
44053
14593
87731
39670
10209
68592
72243
36758
91463
4417
17039
87644
55174
63451
46102
90498
94120
14820
38903
56005
91124
6708
7757
54348
38097
78789
23301
49603
1177
42182
98766
1152
74613
69774
26940
19366
74203
2061
36889
99208
74336
45246
55881
23333
78939
88761
51352
82609
20984
86854
99234
4661
96726
58380
3166
29805
93566
67271
83112
27375
73184
16695
86410
86987
71051
6005
82150
40334
35881
27105
9570
82113
31157
47382
88049
93166
99450
68063
16634
13986
57193
65860
84007
24142
24182
22140
45037
91624
69552
6950
97970
48974
86107
29043
97312
60810
31212
98202
86852
81233
35296
97231
86275
88742
46521
63502
15035
3132
3542
64401
28785
60536
5902
5281
40380
8820
71433
56330
11180
62592
2747
1191
82104
20772
16254
11388
35428
60800
54443
94466
51051
71700
21684
21884
89487
11387
75809
56937
47162
59186
17093
40563
93007
42327
13596
84836
90770
67437
69956
29848
32529
94203
24212
8781
54990
3508
3357
22422
14506
67217
35292
81904
29167
71066
7097
45196
22170
68037
10240
10667
65699
93301
75673
80008
24458
227
74406
62414
86496
99834
20537
92234
46351
95740
18031
89436
74375
50626
41068
6279
10182
83841
2900
74536
87619
33288
76067
73667
15736
97702
26539
41016
20425
82248
97704
88405
19893
17600
94433
66149
19416
87425
19517
25222
81658
96711
39262
41272
88248
39188
71679
72146
1421
17140
91302
12270
19580
5570
91238
74468
10045
36099
64917
78005
45986
78928
10724
3134
29828
25106
45312
3052
719
51782
37443
90542
47558
7712
27352
21126
96629
24491
92298
1818
61361
9454
33415
47367
99662
82379
4086
37141
31165
17281
73426
30277
64639
40209
80162
50694
47243
30429
12375
24168
15960
72236
22785
90024
4744
45451
11534
44265
1489
74701
12416
59716
24936
35315
7946
92918
65644
91271
96199
38616
81037
90210
15223
20460
7799
69198
58518
28435
43967
85829
46523
75483
12648
24440
39818
56534
23570
59980
60758
68838
80961
88926
57527
14484
18469
22855
59043
91519
89195
66811
91052
89874
59487
92108
58551
35918
56668
32011
67860
66887
90898
95086
47167
87115
80435
61581
17105
6268
8922
24199
41955
4991
18968
82721
26017
93869
84284
50926
81447
62311
75519
41835
47291
20518
16393
71329
95046
49936
85315
9101
92048
81831
60506
23676
28759
30011
98444
98320
77324
40128
9779
25568
59306
77914
77387
24347
88339
22261
67298
22253
84041
2801
84699
59514
55206
6618
16062
52551
9945
11125
71904
55672
45662
45335
29514
82932
20280
14704
89672
86436
95917
22788
81105
20091
81726
31898
3502
18320
24994
22318
96617
30534
82430
1761
49268
17228
82019
9424
19186
80416
95076
32194
81542
9231
21842
8154
27382
68376
99253
21101
11707
96974
41097
90733
95848
39452
18644
4676
65525
43490
8672
81021
29127
1694
51673
39611
62525
67718
71300
69933
24185
74674
30105
1657
31754
75415
86015
41109
6994
4749
5891
86678
54520
8562
9973
59999
25613
42183
34943
28315
58003
69240
86850
99941
37134
63673
30062
50820
12139
99212
3774
65269
58824
47424
26702
40192
62271
46483
77467
15245
73714
26967
60949
13135
54452
65747
95075
77342
73330
19872
97843
29315
66109
93492
95964
75340
27188
39420
28338
22847
20978
25665
83333
4555
34993
15501
53527
16410
40282
25127
9624
31779
71243
2363
12768
60381
35395
83765
12424
85581
89069
61867
95653
8096
34406
77082
92386
44244
33772
86665
89944
8048
47686
37738
84429
2965
66346
89439
58727
74572
68111
37561
94539
56254
76784
23451
88023
9922
66168
17661
29176
52497
5136
9612
53864
35926
94499
63471
80391
94946
60523
24421
76853
4828
10842
61994
86314
29845
18278
8505
26098
85240
8113
31786
82441
20704
51124
40092
20718
17477
75912
12430
85511
44718
72561
55016
92305
94762
62568
80343
89633
94426
65507
26389
20892
19046
40163
35558
25264
82192
69817
5150
90381
9765
97429
81505
7236
80975
99917
45827
5018
391
3911
19406
97864
16104
14980
22785
61395
34527
64968
77493
84195
78303
10378
17435
16994
27378
51284
1569
62578
68681
24215
9876
73643
87700
94415
28032
67217
89229
87982
87250
87950
30638
91080
91774
58289
59363
251
18812
52162
9786
48184
26477
39392
92311
49810
16860
98298
20932
98530
87392
54214
33510
49685
23870
78913
89002
13043
24075
58884
58078
83052
27567
22431
46269
38592
80932
47860
52034
31371
60638
3603
15614
51436
60325
62734
61700
72241
37565
6008
34465
33025
72807
89023
25385
16005
64768
4898
3628
74516
68359
29616
21672
36185
51420
94752
68440
26403
42788
27975
67594
71465
39369
153
50031
45400
5822
86399
65003
80890
50240
20977
72204
73381
4472
92144
39031
65053
60062
19842
12253
48742
74807
1707
37453
38795
52831
41317
36900
27844
32321
65820
66463
86184
49218
50153
63057
84527
23166
1992
99248
22305
16043
24632
86569
28897
2266
82542
85492
89776
82812
70934
65474
74655
65280
64296
19474
36469
2778
43619
69284
38840
71616
1256
48357
54780
81198
17942
48681
78309
89129
83165
49526
58971
18880
39873
69852
73705
95535
93805
67651
67218
2302
85553
89406
90513
96870
2074
79675
84810
63411
61517
51452
86835
38852
47872
68191
49529
66191
24372
36025
86832
36642
85106
86498
22138
37253
32129
31498
20595
14747
32738
2794
81751
93352
60904
18004
61297
47340
26487
66124
60193
16492
77464
22704
81384
1842
39222
84403
81939
65835
33656
94503
39042
70606
15547
66360
72244
91805
92267
39286
25649
84131
37695
81195
51411
25982
61838
86379
10418
534
12881
25576
81707
71179
46327
6501
68364
85101
38175
65155
86494
67492
72149
70871
77199
58352
80748
89564
77916
70795
77780
62469
32824
84171
3640
73643
29979
46436
3288
47044
86889
55337
83550
48533
71677
53331
5214
68766
73010
14170
26031
63443
83759
52192
20896
36492
2029
79981
53945
370
82438
80341
21359
60569
12859
64150
8835
25933
61217
58686
44664
3781
69514
5673
36976
69429
90892
74151
56194
74527
44688
48188
40281
17385
68441
39617
87276
72170
98766
82281
18773
75965
21510
70686
46801
61560
21999
59145
59187
65815
57915
44464
68869
28177
37352
56633
86492
32972
81578
45773
10902
52013
26967
85944
72019
82919
42223
38765
50413
75765
78374
32775
53398
19939
64944
7369
85005
98277
77064
8007
32348
82443
16732
83774
20432
13901
79096
11646
43254
84800
52397
94408
36975
7915
60254
9234
48464
44531
36967
37287
22168
74673
16011
22635
36782
1926
58712
47356
64599
1509
15737
90261
74065
34638
76088
15820
97455
48251
1422
15899
30642
42739
1992
69500
53792
80925
62551
70765
22307
91086
33621
36754
94465
95683
6543
86074
79315
63242
54451
31130
51716
53211
69431
14934
77928
31652
42563
31230
35382
83073
94493
17973
53668
57803
86447
1388
79101
99271
22647
15597
15362
2399
6091
22836
71386
23342
99078
88727
46647
3285
26740
26919
17223
12747
59734
79247
66419
26385
91154
90232
93624
95906
27258
4079
87231
92266
74359
4030
88475
23694
56978
49015
85375
84553
7998
97744
20313
46519
64902
12391
83983
82857
75951
7239
32980
1369
5545
93699
4423
95576
70519
88479
52265
46723
34488
85102
17497
20180
45810
58933
64013
96309
29851
68751
10671
15951
69923
98538
7826
11712
46305
61582
90191
90027
51576
46750
30144
27018
51909
64439
34169
36222
65736
63285
93374
8551
17261
58133
53060
92143
48150
29685
86696
74912
17222
31064
1734
58486
72237
44997
54648
66447
36939
97263
88587
41151
13955
1488
21087
52896
11422
69070
55195
79783
78616
351
10634
93682
84235
15145
56534
8029
8246
6754
99743
87636
70313
44694
12376
30370
44784
38759
24415
54695
77657
43343
31191
44425
45412
23873
97828
37186
10983
79053
78594
4375
52955
29954
68993
21064
91910
15469
42145
72227
68837
97344
1159
76819
55478
65966
28793
44086
44032
92019
668
40749
49279
38577
52487
96716
87216
28277
46915
83825
18421
90007
26273
86769
66405
5376
92632
97518
21907
52582
32122
20357
3386
82003
7283
59459
75682
72708
56317
36824
69649
93037
28482
15940
31793
8410
1935
42925
40409
8720
53392
64435
70683
29425
718
14011
65386
23646
21187
20007
93702
50104
93558
95782
98406
65343
61879
95112
86464
37435
18648
35210
78679
15673
11621
99216
11426
51405
97058
23344
76117
39830
75936
2251
34735
27007
5436
85783
35807
42977
41460
26327
47091
23174
48519
34092
32542
9864
97992
88612
77157
32184
54781
47121
39143
47483
41626
57045
17671
94671
86102
77881
77015
78987
74599
27197
22851
58628
48479
29226
82231
9803
91170
85091
92813
47028
19362
42649
75959
62002
47225
31069
44709
79774
28418
84017
46644
16567
82421
98936
95603
94691
49501
5580
37331
37267
75128
72846
363
5764
14890
84375
59205
82530
18046
99533
16553
94727
27162
73650
51875
16001
69086
75671
18291
54962
2361
44941
45810
67793
19560
41340
20732
12814
25388
3020
12254
67922
42503
66529
86172
52068
54931
20292
61983
48520
45566
34267
32858
47491
74405
45083
49240
31642
91276
71892
23684
48375
88920
67531
51221
84941
81353
30821
85619
65075
75800
34110
7626
19884
16200
41210
96650
13640
57580
38163
34808
37795
28629
21265
96214
90539
35510
33175
50377
42623
22870
79802
85868
47634
20017
53261
38577
84239
59212
72087
78095
46679
76915
33478
51757
65413
58449
56861
76649
91987
43594
23337
40485
62678
46680
74321
76494
65187
76897
65580
42475
86101
27505
95596
51263
95719
56825
94296
17114
84635
99876
44215
80290
16349
31762
90312
76697
87106
49747
31023
95916
56906
19937
15146
29272
21444
39610
64513
6041
90097
86777
36988
93104
2752
69456
24526
64528
19353
70052
41871
39557
96629
78629
72680
77505
20746
59785
31207
14340
73637
77252
89555
98024
37584
59429
9305
85415
60627
28272
87780
27593
6070
69075
23596
78765
45413
70664
12229
36083
32748
8806
10872
13444
93505
60740
93358
2367
62402
21452
1705
49153
78643
86775
30349
45520
92682
58122
47291
74884
68614
79661
60799
97491
69881
94244
70943
6391
38118
87820
76276
42174
62309
58355
38517
27981
97348
31316
33966
74354
40424
23502
12240
22213
15377
64129
58178
5017
23227
65060
85461
36165
11552
24005
90741
53258
42715
48798
13307
91649
12904
4176
94239
19427
63048
35519
66667
18739
31104
58666
56651
74603
52960
57349
1024
91874
52865
45493
96020
24727
62600
42599
69384
21309
82311
63693
9802
21987
60355
43638
1058
62911
13360
72233
59274
6422
21368
72958
43646
47882
36378
27961
34377
97857
70543
1764
75807
92910
13256
87943
34825
70174
43924
46279
4283
65569
26334
35992
12546
44050
10546
2848
41337
3781
90400
87498
59514
47053
18745
75684
64145
36711
22679
92053
55756
72390
71193
42366
90799
5115
68779
23724
96229
54241
30084
4439
79729
40003
47849
69499
10849
68427
79535
42096
30340
90471
33981
98664
90386
75481
98128
46340
99722
17500
18873
8947
12729
60847
15585
4456
18838
85791
41772
19959
46283
37973
80891
17389
8685
47128
58380
72361
93548
30657
22140
31290
84454
63962
29740
65206
25334
61009
3809
70132
12651
33887
68677
63718
16691
41647
98444
55479
42358
11693
87985
7645
74974
62189
57726
3483
86228
85077
38314
19894
65318
71592
99101
30482
75588
68080
33327
31272
35819
69127
13327
1222
47801
62434
79296
7907
81118
56827
56349
98813
55955
35801
64700
50673
8517
82558
77905
1238
97194
89389
42665
4791
75796
18646
88919
22603
69123
85887
55212
18067
51476
64240
71775
21359
55031
15451
50572
87133
48991
40455
37304
59215
20467
51672
49427
14952
3777
68188
4630
115
92562
55892
36236
68479
64409
26077
34253
23227
31460
41978
95878
30634
22389
81408
20020
38339
89611
15933
37166
33352
88601
78886
90243
24993
44984
41788
10713
46741
28312
87322
74100
27332
96529
44990
54743
98851
24377
28721
28229
68916
38318
90517
56896
64898
52338
70570
76275
71158
79639
53757
74891
12633
46736
18893
36415
94407
73223
47963
62225
30956
2413
72909
90893
30654
69740
32447
97230
72662
17016
69224
86240
98956
72740
96228
36992
174
68752
9795
40511
24060
67712
77517
60197
72163
24968
7632
7891
51765
12292
93032
36257
95170
12292
60809
7686
84501
66725
56044
75253
47948
58042
7892
24964
50261
38313
88540
71273
53570
63634
76543
41533
51049
21482
5987
55458
40891
76838
66018
69825
43967
31219
75543
5899
93578
67042
53154
56898
39196
33152
63447
80784
53946
64868
69577
74037
94724
78466
59631
86270
5395
87548
69713
3120
36337
85752
55089
16581
63988
44493
39224
75245
19448
71063
64796
77589
184
61322
41771
21381
46377
48227
68534
7107
10900
48857
60605
31414
57037
61907
48211
83685
21044
30931
38766
3773
54568
34288
68141
97361
74595
87297
49766
54556
53110
73845
85227
48674
69377
49120
7704
18676
43887
23248
59868
55731
47372
15742
18946
84108
40356
74143
20027
39937
76602
42106
65513
71880
94145
48692
47146
92524
13851
76935
80543
2961
939
23057
35736
53590
85593
86761
7839
58899
14945
94380
3165
14530
69464
76405
69036
87066
67037
58796
34107
83477
44440
67221
85687
74484
60338
64297
83580
88313
57392
71906
5752
4497
53197
52047
14712
38581
65906
90759
94226
50789
59637
73467
92142
54613
19980
67716
11729
27556
94508
30396
22087
4263
69954
90408
63180
92421
59725
6643
44952
37307
22838
25814
86341
19392
21070
65874
94462
43266
770
46688
85925
46799
4189
58464
46177
98416
76923
51023
15107
43920
93381
20628
18675
24634
41005
83288
36764
5408
46184
31445
6128
8088
99
3975
49817
89793
21891
63744
54174
96291
64029
31000
18830
36340
24462
83681
40011
4631
76537
18808
78806
82656
53531
81591
72500
71538
46604
67272
35834
45257
97269
53268
72922
73587
60776
72186
79881
30840
94048
5723
62284
97691
46614
20337
37311
12665
58173
17056
11073
44495
39195
28069
26240
9880
85124
35083
77276
22739
28308
54396
88763
60931
88617
95924
83144
43472
77819
57330
77833
99850
65177
51112
15484
66286
23041
46513
78316
4258
62140
28066
33430
42074
5364
63865
75986
91933
45714
99026
46881
72609
73688
68249
29202
84434
96856
46041
81680
82386
55087
31091
97324
21915
48162
4618
59842
8384
8883
53435
28106
77969
60160
779
3966
24157
5240
56632
39203
83186
49723
76273
43446
90144
49677
74242
78644
24891
16886
46599
9510
57759
65273
49153
52775
26318
4879
1479
88691
565
87519
1588
42509
57613
1309
21310
60589
83197
58588
15207
76069
81116
81969
67724
69487
61972
12582
91867
30709
98050
74967
44577
30268
89818
3404
46209
17485
72072
90579
34977
88033
77425
7738
90815
70633
67128
43462
8544
94424
49852
6355
82793
2157
88574
81001
51591
94816
9345
57975
98056
26152
47498
5230
25740
54407
80231
92093
70102
11763
67916
49668
2781
54946
49752
34263
47008
23857
18134
96305
35606
81457
96832
21554
55810
64527
96157
91895
34149
45598
26603
45365
65358
27714
56024
74833
40012
21020
59306
89791
71781
97101
30495
22933
68639
1865
27662
38314
45339
52058
7596
56849
45537
71694
50443
21100
9335
84094
67997
21551
84875
31963
75382
33811
87440
38519
61263
68755
10213
22541
31943
18086
1680
11311
6180
8057
2634
99274
57815
4616
60916
14168
78110
37145
90440
14114
17091
20438
69066
73391
82241
65349
59421
83053
14758
37605
59538
2075
12436
57831
18811
39952
71074
4583
76381
93356
27296
80645
56932
18746
65592
63972
74224
52190
33583
68159
81165
24672
19370
58307
73537
82229
93198
99821
21439
75335
92799
27488
44344
13121
67850
95619
43441
4504
93503
48597
88175
61721
84822
35822
21967
48971
44051
58643
89522
97921
72259
63125
78710
71871
59686
80647
50144
53349
62631
48570
6964
99165
52038
72055
41895
61021
11478
45657
50316
17114
37954
35140
48427
6377
86443
73990
28816
97683
15149
15048
55199
30292
24192
55184
10629
56304
31833
27351
46825
89619
14608
99746
67522
387
96349
86335
32322
14821
14076
70270
58416
81704
70799
2537
77620
44977
27299
56226
55915
62788
21386
215
29786
81773
36871
63684
63742
56840
7273
94502
77570
98515
73966
9335
88491
65837
61065
38795
16941
59083
13375
86246
25089
8791
61290
94808
41774
27237
47968
52886
59939
7636
22414
38389
37351
99165
67198
16517
3751
54428
67481
15817
39918
13560
81157
90607
55380
27280
87886
2000
35981
22339
36931
12869
2434
18556
70008
33091
37437
23673
7049
49270
96573
58326
54782
5718
30186
64155
56201
17479
49122
89823
16652
21459
82770
93047
5176
91260
77120
78431
4913
25217
84645
87139
27693
5071
33336
65098
21275
88193
41285
73216
71776
6133
98141
99487
14876
72524
77351
39321
73611
4254
93908
15301
2120
32408
42417
64899
49228
38483
8213
63245
80660
83378
54873
45533
30465
93400
16391
7349
90680
39459
37227
53551
23241
30089
41127
95873
21357
23661
27811
90252
30729
51422
99297
29346
82416
63021
79823
45041
7300
71721
93301
89872
30365
82584
24494
34277
30146
61940
63315
70353
91027
49247
97427
92089
16138
66149
56095
79730
15254
73613
46593
47591
46791
11259
50445
56266
55880
77381
37072
3797
76997
76048
61541
17755
47214
60198
6662
48177
16276
31158
70528
2258
7985
62089
53407
48723
14724
63676
56424
62084
92377
12511
27430
30720
81735
54280
16635
76081
84083
72085
27768
40386
74227
39740
27049
54051
2220
23249
46695
69619
52188
95060
54289
54381
68756
97427
2837
6513
70749
35555
29575
26157
73404
79607
27476
42184
40720
27451
58481
97452
10391
10928
97548
19917
73328
25027
71844
4954
19964
63180
95541
39775
84926
32448
16363
91572
40321
68948
12056
85094
75705
85103
96224
95648
69793
65770
13105
27542
10436
12134
56689
82765
56983
2378
33007
85770
10691
13976
284
70934
39328
61739
97938
29642
76125
68720
69458
23773
15421
66653
34156
43783
73275
99154
31927
19729
23854
28971
60480
53116
20007
1599
18687
81674
31479
63544
93574
69069
52174
71343
45171
80522
31870
22275
22628
89224
75550
31894
64266
20699
73386
27172
69974
41992
44232
5121
56655
47381
26405
22446
67206
81871
78974
78264
77889
84086
32155
43277
22612
88009
71189
27835
45358
51657
90713
90279
90894
41837
80996
24583
90742
29474
97902
21533
84888
22044
51523
59632
52270
18430
59532
50312
16870
52738
43629
57670
83385
48901
77223
64478
16061
13458
23293
98578
54896
71465
58836
19468
98101
9388
8148
55607
46395
73510
20555
45627
30168
14713
10641
88563
67990
29474
49638
86796
42084
74410
76791
1373
82285
99372
32703
60126
53957
71582
2506
5638
76511
74654
62485
90629
49915
84666
79505
73082
66237
58108
17543
60850
52826
70928
16405
89470
50028
30964
45590
39279
87588
87995
66752
63857
30846
97981
97063
10273
54896
65567
21183
86700
93917
54810
83966
45190
7878
28939
55968
71620
99616
71766
3236
22966
64737
28792
47860
52708
10163
17416
90818
95076
37259
44136
59789
88246
58003
69710
4579
72764
11619
16137
42689
73209
93871
41619
3093
69668
98714
22226
73028
19241
81416
75978
42312
8316
45553
75939
11345
43067
4017
14194
36845
6368
12252
34534
15362
23455
28751
86577
81687
450
82241
86578
70323
20063
52473
43675
32733
94834
18521
35108
1378
9340
70264
45451
22261
48376
74062
28965
61681
36566
95432
24710
34426
60758
61979
68745
93122
4610
59925
18812
38407
17544
28015
81260
70809
8563
29438
40872
21114
47653
66121
38740
12126
28595
46517
9389
80945
41533
42396
75507
79768
50472
48797
74200
82479
61050
95404
56324
29906
87602
15722
65539
51127
47873
74031
55723
72281
29833
77572
93325
46351
32400
69389
52759
33723
86400
24419
43204
94527
7807
65984
51617
77353
92006
23828
30269
38255
17697
37876
50604
13941
81506
77618
15608
58444
53218
36583
87685
29524
45268
9261
63390
12322
66439
62762
13153
78909
27545
76870
97764
4098
6323
92701
28963
39976
36741
81936
3656
1662
19646
93686
16053
65392
2439
55664
38896
99304
74493
84155
43243
80081
58282
8990
59888
73238
10591
84770
63558
97961
69936
25313
26242
66208
42892
40472
55564
66266
9335
60470
93069
44480
87046
19703
55378
99654
23382
92426
9632
67984
48425
17901
244
2193
30366
73946
89749
70255
54156
30523
80985
36547
94746
73050
83088
43964
73054
52307
22705
61763
8433
25834
8352
30073
47628
21081
60216
60508
63681
44770
7354
40296
94359
5891
5202
78075
26691
15111
33763
51505
61824
24217
10511
16110
10668
20019
53316
58522
31710
61556
52678
76262
1191
63664
55957
61645
98724
56162
39803
88853
72637
36285
86388
16629
60221
12928
32666
93616
69551
68199
15276
53216
91601
77406
16155
4398
86936
57489
37553
75486
90912
74590
45406
32167
80205
76812
70048
37343
74723
30741
38638
94006
72894
91327
35521
58233
69423
6152
14624
45303
41460
68863
72870
27776
25555
87440
57074
77705
29650
75031
51051
55467
24118
65590
29550
96364
4535
38625
85782
17557
32860
19767
15782
75042
10488
72395
26325
51033
81632
7168
55991
47090
10567
50323
95172
87605
18745
17874
32776
67584
88496
47403
11175
4967
86038
86879
37898
90262
37720
6869
80233
31763
62691
11114
96791
97534
50239
80902
2629
48218
67076
63339
65428
28133
54780
9031
8699
10435
97463
22824
816
54009
61477
35599
89783
75061
97044
58653
21829
79851
53542
56458
783
32155
13901
58548
19988
69390
28742
30452
36611
91294
78352
38573
45195
66965
79271
7230
27837
93102
8354
33175
28927
57464
11813
49576
68560
11353
75875
74260
8308
18383
71475
56484
79387
52242
62254
91353
71730
53845
16227
30681
97125
8043
39543
55979
43503
80038
94332
8957
90560
99450
14957
39554
90697
95712
15555
74202
12071
31607
46103
33929
92170
52709
25301
66057
52545
79516
95769
67739
1540
34391
39784
29145
17342
74467
94478
39879
96725
63067
72143
40360
58166
44171
97964
2573
77442
37622
5013
58760
76463
9363
88997
46879
56476
51442
97886
27259
81622
49437
22690
64800
24352
98617
11691
96471
74626
51756
8776
11591
72464
90520
98484
12387
82517
48741
99124
92541
17149
5310
26541
4279
50364
48753
35552
92698
62750
9338
3587
73152
46156
69849
81438
99659
51671
6687
39230
85913
51493
70888
63737
2799
82357
29538
34175
4274
53648
53421
39929
23732
78798
26170
45088
26987
610
32597
74109
16510
100
9983
2233
16537
88473
84948
23296
50689
11744
96972
21366
36161
76091
10493
53078
4449
95736
50365
89699
58456
65820
1349
31117
1784
85643
78513
59331
5128
48278
12644
97135
87184
4225
30120
15442
57549
13039
67795
64380
44516
82285
23493
8680
64915
80249
4110
40690
31363
8557
47436
42262
18042
31243
25874
73318
83885
93734
23557
69224
52850
51434
54848
94410
54739
4490
34967
1571
84575
39012
3320
92103
26746
93971
1581
19334
23957
47729
6110
33825
93432
11303
40628
49674
12188
10354
62808
1336
46421
64947
81978
83076
77452
50900
61390
87267
17963
73586
35312
55007
79538
72939
83528
8212
31175
46502
83465
1957
94025
51129
58099
37432
62405
95802
56344
41269
96609
91654
98620
83094
5686
87016
76693
44331
27228
20839
31378
76525
27709
52430
62648
94908
30987
16409
74952
60920
16365
97305
38300
18072
39316
29924
59248
72971
79853
11964
70525
1865
13071
86202
43552
96820
58611
55351
38426
67056
42788
2487
96400
62301
33100
79538
11731
10989
71662
64928
186
95366
66130
77281
491
40629
54618
18790
39000
78381
60724
96127
31494
36539
18472
89922
55145
30183
11153
20116
63052
5609
80744
38936
29357
97637
63420
81169
82948
35237
54686
37974
8035
60466
44793
13777
38809
4783
39359
88147
19249
5234
87134
47448
42840
44799
63729
76914
90460
6722
75763
25909
95247
65705
8174
45886
79083
10236
18321
45825
57519
48666
3297
67565
23144
99505
10694
64254
73675
42074
25926
383
7806
13390
32335
46970
13558
55433
98862
9630
23163
85178
23805
67628
98504
51555
53080
83454
76367
27188
61008
94099
23450
70590
2969
19899
84235
49942
70014
22588
68068
48617
89621
27359
34179
64726
42220
4602
66341
25485
71266
98299
38380
51522
76243
57197
51451
70765
56459
27466
83998
67809
54332
16542
50662
11879
46955
22675
14674
41430
92612
3358
81065
54929
96526
18182
32996
63422
77816
81484
27593
63422
68435
91675
28881
67534
59962
53646
30539
40697
16843
29240
16314
37592
32569
6868
537
59783
58811
94665
45151
86692
46172
31481
82430
62471
29237
44615
37029
28025
98968
60387
12069
16434
8579
37172
16208
30323
57076
22272
19037
70844
52796
22011
88328
75788
65164
79529
68279
14163
84684
62738
35992
70613
10603
62657
58758
14525
68752
80408
32330
59131
12783
5972
38301
51100
19095
84889
89483
53796
87176
75418
18740
28427
88705
99495
99757
36817
5208
82643
59683
86111
97187
48416
86175
32188
61683
5386
47973
52040
7041
5421
57559
42616
59489
5779
36758
45359
99410
62910
89288
42838
95127
87598
38933
30936
76768
77584
32267
7068
33665
78916
31554
15263
50788
92841
40090
79277
69563
41095
69152
18268
95661
65688
16
44710
46706
35667
92564
92097
73562
14743
56394
42268
40999
97905
37123
5560
76859
89802
97992
90112
70091
54641
86647
98567
81491
14784
1132
94333
46372
33260
75035
68493
25048
3566
50329
44502
39366
89642
44474
97668
72433
89785
41908
27562
13787
33943
53379
8255
87063
51434
1254
61906
42619
31277
48615
5034
10868
27193
4664
91167
43284
78031
21881
57487
25382
78404
39382
7358
79810
32233
18412
39213
25852
94038
524
19413
59831
53843
63736
26048
17623
77539
18859
8869
93620
19565
38646
85598
76138
19496
1604
77159
49517
65858
25534
33942
30842
93773
64715
79409
65417
17158
2799
87984
67999
30340
94229
7344
38816
82778
45447
73585
79073
13033
93594
86893
13818
61765
1287
19894
97306
29249
17715
19338
53366
33689
34832
49109
98138
25917
33756
57540
38176
61237
23847
5921
67133
98838
13715
48112
25272
45535
41172
38309
99319
55024
11702
30527
24658
72
97374
88965
70344
32376
54345
81308
7056
40746
42160
17698
70184
29832
98413
11274
64489
51882
62647
55412
35932
66848
92009
54920
72261
60887
36898
3535
40446
68972
44517
81198
23711
13035
80736
35840
48376
22754
17705
78511
37281
91463
95013
43919
97833
46562
2722
65687
79754
40664
88580
87965
17086
70038
19453
61420
55147
52150
73397
87461
6105
13457
25002
83855
12933
98273
74704
37564
48910
22962
5945
10010
43212
27300
11984
19922
21216
69887
58336
1632
86695
23284
50865
42288
16808
79212
50898
45713
90125
99408
85874
25465
34158
26068
2920
20885
4424
39552
14163
61323
81773
73692
55580
68334
38293
49367
12344
34653
58195
30580
31177
51576
87650
89266
88323
53984
77118
83959
48844
41707
52975
58872
95389
37536
32735
66951
53157
59733
27277
67322
91181
84866
37690
50548
47606
80577
63169
44498
88414
7941
54308
7348
6882
27220
68737
54277
46333
29379
65219
58249
35151
97900
39861
7555
26585
35214
63185
41728
46308
41570
62871
7395
11457
68309
44729
26798
74859
60262
46163
76745
22345
18654
5240
89939
51055
11911
85255
49602
93764
41643
85308
75608
25855
54346
59171
71428
62730
66487
37512
80178
86889
50960
79370
37552
90836
2808
54574
63518
81631
21266
96527
96786
29339
39836
59026
50693
30069
50246
33560
8701
81692
60237
72877
24471
94688
34329
65406
13488
8822
207
9864
45233
99352
22804
76426
64981
29929
14399
13020
45689
66422
22648
63481
49439
79864
51571
88888
51902
28566
35172
87705
45513
20328
55486
27802
69338
36054
54220
42345
19771
10238
30218
66164
48689
49013
15809
34748
97190
59621
26461
93000
47569
42484
6349
97206
996
60901
77175
45804
28914
92920
77813
93613
11611
44908
65392
48167
50485
3877
64407
11913
96217
44872
2652
76977
78983
74308
8779
70211
99158
31979
79240
62774
23900
57725
16740
39145
48310
5477
49947
83603
7158
55037
54670
40600
96038
1677
39480
19223
76637
2737
26639
41376
98077
52568
81176
12035
35685
55848
8711
45668
27610
16639
22450
98410
99565
90645
29393
97910
80393
57469
15829
80145
47740
82122
57666
75967
54944
71887
28522
33903
5252
3934
36903
58004
68283
9105
17172
52590
77953
47751
52776
20001
33286
91655
63057
31432
50488
23872
29001
40034
85297
37393
52152
45482
92378
74084
86981
64228
82010
99541
346
72243
1312
97488
35667
98536
10249
50072
25154
65429
77806
43876
1987
20288
25869
23461
59095
60883
1234
40898
12863
15376
15169
12644
73239
93409
2307
3246
12140
1997
59627
57155
36124
26823
67364
1771
63656
47873
49497
8465
95832
42014
3712
8228
30635
54980
6916
24957
97593
13136
11949
85952
76232
95492
27406
1435
31975
3771
14763
16171
77771
34110
50853
66206
52739
87119
64644
58132
23226
61634
84447
16638
81704
48331
61835
54729
25653
95474
63550
820
67596
49763
255
79772
6871
81250
31148
62937
79293
26140
42502
81569
59380
36089
39421
21002
69157
53518
27476
86925
81499
96175
24145
7526
71239
23521
98403
9400
59732
18829
48400
40109
19170
26928
50586
31227
12417
8943
97294
88418
99499
59784
9129
49362
98398
67044
92294
65354
86292
61193
32264
24763
15585
6124
27713
29259
99113
89219
25149
89205
80028
33337
85710
28813
19407
48122
44020
88481
73304
72814
55625
31420
54470
44195
25574
68420
54522
39842
37558
94691
43590
15396
27061
39522
83200
80190
5604
40817
48802
24023
93292
59524
68738
16186
14635
58744
23337
88550
24608
69651
59315
95139
22736
552
5570
87536
69683
88410
17214
92536
50398
7192
68973
87555
99373
13991
15243
97320
15021
75805
22054
99615
5059
64905
84665
1268
76957
40017
94659
94617
51603
16659
75459
83795
98840
95117
75251
60372
41539
49239
70974
13545
66997
80366
76574
6441
2662
70796
21206
19246
20913
46995
35305
14720
55512
98185
60310
11788
87253
58940
75985
4116
57375
44934
4190
49953
79029
68748
70028
7187
85418
89217
3404
80665
75693
29352
21357
24603
92147
65974
30998
70676
34788
24662
15679
39774
97439
46662
81836
75718
2218
26910
54182
94366
5690
14417
73176
15153
2587
19532
77731
41425
7612
91739
65183
8556
87003
10795
70702
99997
15528
23818
98654
90463
82617
21098
40284
28604
20202
11237
22671
36996
37838
36347
46296
65497
6614
32886
39524
78503
96637
8142
26123
76561
9934
81513
56456
22630
28082
22906
96405
67347
45722
25898
95299
84882
70693
96084
26035
88000
49774
96938
10932
65932
32886
9526
96921
68042
31785
96955
34166
87720
94319
569
97559
53272
850
79439
99741
26956
68871
154
52822
57408
21339
55836
45752
35537
13275
6904
79129
48876
46368
33018
15886
65345
98645
72692
92383
18517
37254
45250
2563
57719
10823
26287
6909
73706
73246
21488
37362
82209
3502
71439
93669
75146
12833
98242
3441
11265
89009
73657
27747
13573
8787
11607
70130
8615
60224
86584
73788
55518
17505
18449
5566
72920
79479
40884
66319
28075
10757
68946
921
75754
48922
47483
18358
56627
8958
95298
3555
83717
61017
60188
81699
84622
90843
70407
76211
91715
20587
89670
66885
69353
1647
84330
71323
88047
29364
71437
49730
13887
60731
33592
87081
36362
13248
37125
48188
86720
16328
71966
21793
28705
44007
84772
42606
55181
24492
14060
48965
66199
14281
59428
56078
72185
99010
96723
85327
47233
53777
926
58698
65737
31988
79782
21715
57413
50516
92815
44653
93621
77394
86140
25824
49465
82224
13718
39128
15524
22330
44972
76893
84298
51183
41043
13611
25363
68688
6894
82446
16081
73059
49866
55259
23022
64868
37696
83213
66623
50569
54206
88411
38773
1521
98367
34227
36626
25352
19317
63669
68376
37753
49161
82766
79677
51825
92282
54672
21723
87532
76129
31818
33924
2750
49813
47049
28338
56896
28074
43083
16828
13460
31637
75227
18213
49079
66506
19086
48207
31619
33286
52377
11245
53534
75209
90701
5590
1666
26587
96720
43316
94922
4271
67129
77148
17973
79492
19336
80153
91546
49064
18528
76129
62761
44312
46785
55529
77690
58083
44998
26324
54388
2925
97432
45831
9819
68238
57869
43288
84375
94362
30273
43300
99518
28636
29871
62847
72221
90907
41324
32518
26408
74559
93280
6385
90555
78252
60481
10021
6892
89453
55502
52166
86768
89932
20870
85257
13382
29694
43491
4295
15812
24124
6486
13933
64668
55243
8927
92464
45066
50909
31944
81759
797
47345
81216
39185
75935
49877
94095
58237
30499
48076
14171
35784
6058
6538
13398
90264
51698
99451
93409
64583
40668
38308
23618
33460
23096
25826
91261
21300
11567
38159
34514
198
49933
32803
41875
7459
51529
38422
51071
90708
14674
59843
87456
80638
61752
25097
51102
19576
4627
14667
16670
96381
46164
61655
63002
15453
1063
804
41630
69902
7905
22836
34524
26048
73164
85657
24301
41869
92588
23988
8229
98415
88973
72216
69617
28236
47019
45133
95376
41933
44574
72721
4715
13644
36512
18713
38355
35147
40988
79925
11637
6594
84116
83505
68060
29264
61583
9975
60899
88243
72349
14546
93013
58098
28777
13230
16707
97655
26330
31963
85217
45946
50597
87249
93534
98809
13747
76749
12831
58244
48011
53337
96055
93908
71291
57673
60772
53691
92264
83169
89608
8023
56304
72917
1283
58241
61496
21033
35210
88802
66679
45463
30982
27972
45598
82862
90443
59558
79074
26839
13075
83178
87848
41267
63767
67785
84939
31393
35465
84230
83789
71356
93393
48831
62744
36480
15714
5663
62288
45517
1752
27729
92247
93252
84145
28752
61916
33902
87205
50521
9761
77660
76419
31138
39399
96841
23401
84452
40920
58780
19423
39347
34737
43306
68049
14382
93034
36856
79208
7378
60963
87774
99107
28521
73485
86599
22999
13471
15539
72692
41568
43221
76675
18272
13315
69679
98652
32094
45346
32777
94965
57055
22234
57798
74408
92112
40029
55464
31930
43137
68903
98460
85575
80832
19743
11692
74222
73571
99884
2488
90487
9124
10545
6239
64413
79142
84678
51383
6524
72534
18453
61468
41943
96910
9582
6917
45574
55443
47175
25682
66683
57917
8852
63425
847
71735
18367
73760
49550
58556
53412
76285
66396
70690
52107
39290
70434
96755
78114
31388
91513
18549
30423
75522
38706
17452
84015
37938
64863
10805
34886
76495
7010
85939
83299
85383
66928
79495
81079
96969
52673
97144
65874
49332
5334
72082
96866
48330
88551
89034
68234
38339
89129
35359
31931
78334
88569
56605
27089
46546
2600
85756
15180
49731
27618
69989
88616
23280
27580
87092
61756
75593
57946
28312
1996
34527
14522
66872
51691
89043
85888
21776
21137
22320
23295
68057
42677
84948
63841
67718
13895
11273
50963
24874
92141
74803
24176
86839
2199
49634
65865
78530
33153
84294
25581
49283
60165
76546
21115
99832
77082
55130
35265
360
3117
21606
50063
16005
71994
11785
40926
88107
58151
55355
918
89925
99325
65281
11968
73966
90020
65407
91145
57109
23482
10212
19024
58490
70416
10371
2765
74038
60002
67682
37277
36119
17168
75595
14254
65032
99613
6688
24419
12047
60483
53739
3684
35023
38129
69235
54342
99950
98435
28203
79122
8753
16764
12645
78453
28644
72195
52228
99428
16726
44119
89231
16041
5280
58191
54657
30030
998
5587
20861
81893
60982
7409
28958
24625
11214
77181
2573
13717
34842
68296
72076
53879
48443
89595
62831
45073
95075
24400
1258
95412
29116
59277
9957
71928
64328
63294
19821
96421
75491
58479
4772
34967
12901
86083
43096
1810
31588
1747
85201
3458
11383
31430
22404
61324
60757
44393
11301
28951
90523
40492
8185
35505
98508
86361
73033
38784
27122
15377
83026
18533
87491
69061
78650
46606
25152
51630
60381
40377
407
42409
62085
93120
18888
64019
73464
998
23524
28124
51691
74812
29809
59659
1877
42160
47178
41519
37534
67314
63843
7228
48150
29124
53643
36874
10594
11870
18314
44838
75057
19132
82634
37395
41580
14564
91762
5985
8236
96439
25580
82088
77542
5972
24584
10337
17505
17699
76250
61185
51560
96613
27103
58899
99771
66805
39773
62289
71168
77595
55400
93247
40695
10925
73952
72292
53259
56034
12440
4581
46308
42165
338
79072
88377
98930
13381
87778
66242
47584
62720
22821
40908
99019
67177
97482
9190
38253
33854
495
59129
69304
27389
48141
66676
98914
92959
38960
41253
73454
88831
87508
37795
7443
20760
53208
86888
1515
5388
80578
39260
72346
33217
2927
44429
98649
10885
53685
20891
69758
82099
31927
5519
77866
37870
70340
81516
28622
24778
2636
6014
55099
84554
64000
81582
47493
95683
20965
76343
52755
74112
91125
87859
60581
76447
65106
48591
63266
7576
6343
52478
75486
60830
7325
81608
86084
43070
68247
14307
64677
52261
90123
85370
70781
54494
86270
26057
55135
21880
11194
96267
7933
46533
86766
19659
32374
83327
89186
83190
51579
26182
60086
31666
84255
82565
92886
1544
73275
23698
70236
92060
89020
22259
53474
16701
59946
49502
57154
41336
72693
43129
51724
13063
67262
58497
66915
54567
85663
38374
64980
18151
3064
84786
70932
75676
97495
5162
6390
98034
76131
63117
29157
38812
52837
1370
1924
87468
16852
44655
63520
59519
5980
46796
50542
12431
27977
74773
55206
80460
89398
42550
6971
54181
14028
13025
70454
73088
54777
71411
69775
88969
92976
39092
14024
92519
33494
81213
78501
34154
51152
2068
23179
19137
4198
63635
13396
46728
70868
73479
60429
3230
79629
85492
940
30868
23500
67126
23409
62818
67001
20866
54583
51668
13493
91051
33815
52641
16258
89536
4890
45916
27313
73618
8505
75747
70857
78068
74227
2357
88465
76923
11562
27361
4154
16485
91642
28633
3596
41302
65687
11781
38924
48477
74658
91828
55366
31733
11975
16590
95485
20039
18134
32997
97676
72813
96125
4137
42488
21553
82142
20218
64020
17876
30770
81816
39280
83051
31354
22711
41472
99076
8445
40623
24740
19110
73603
12559
28281
68950
64108
44977
66011
82486
12078
34441
79765
70216
874
79255
49319
74544
28266
21724
41202
32151
76729
45640
2308
29932
71358
12754
42107
2853
59031
50018
7607
94275
24910
34728
23072
71731
6234
83023
35888
55185
70645
72332
8991
5191
11925
50640
23626
38964
16554
2333
30111
19303
76851
31446
72616
54986
65245
71758
75505
94236
20665
7618
14104
82039
10488
66435
73520
79280
837
41580
63921
43292
85728
47218
57631
74031
98707
62873
10165
33728
41778
32547
51183
49769
66324
3203
6577
89003
13256
86960
6360
74478
45398
22997
97914
33733
62804
69093
98012
72560
769
5388
98416
1115
54337
78176
56233
18052
4534
67638
7933
77146
91351
40881
949
70945
12272
21110
77428
99729
69397
71003
39202
84734
47588
81342
62228
12915
34486
61937
44665
86808
80002
31762
91683
33202
58479
84057
50480
51593
8147
32747
26581
94245
23500
73484
55686
43345
62970
35217
59908
52514
24184
97779
29667
19153
54293
32448
34999
25572
31539
3019
18203
19371
45884
74628
84925
55653
73339
27618
29673
59171
22014
44668
61585
58148
85638
84791
44086
10304
98536
38841
88917
78817
80964
73949
5585
39659
32543
3872
30104
59068
6719
92280
90165
98605
5538
2756
34290
1625
92795
84477
86888
32533
27723
4236
82181
25565
9080
2934
45240
28560
90316
72626
48475
19569
91533
87964
94429
5327
55412
36673
95948
98686
53004
52986
27356
46212
44586
57814
54486
58128
34179
22128
36288
42276
29902
17760
38053
71731
9366
79021
35521
50629
45404
2848
81866
7224
89096
25588
56830
38049
8489
63561
902
1968
18865
98775
54564
31441
47430
24864
40030
10543
42118
22015
43878
67603
79930
17788
80677
86762
81173
43873
97252
69956
8906
3207
83031
8185
91208
30217
93734
84550
20691
24090
6201
99701
94687
15539
97152
22523
77035
6180
38652
51130
