54997
67695
38483
17736
19553
49143
2267
29712
50906
40504
98728
8710
47619
71809
16840
22914
19172
79011
37179
85251
95624
14124
59492
81027
41444
79423
96634
94324
93879
36973
30556
14454
71980
51186
74753
25561
54428
86446
55468
72362
26257
93278
52222
48732
98213
85430
40934
32020
43626
36766
25203
31632
83875
6
1131
88820
57422
11111
34836
67763
36325
71672
76367
17431
28154
60169
10852
62734
20800
38624
87832
51793
52392
55438
83292
99569
4585
40524
73600
84224
21657
47703
94788
68250
18008
35270
24590
77134
83756
32388
49623
13165
7494
6670
78592
56941
36867
9386
40771
40858
53359
33858
17924
15578
4260
46652
76070
98459
84017
85111
55194
95548
56662
1860
34866
4533
90411
55422
69811
6275
64831
16968
67113
96852
12094
57090
76116
56523
86956
76359
75488
66545
12527
75750
83571
15672
92585
9883
44608
50605
81410
21226
79992
29434
17124
6743
95008
86389
6944
27044
98813
41352
54190
40168
80844
84861
21201
21609
56110
32934
41177
50294
83425
76039
2786
92643
83306
47713
76922
26369
11725
66811
43936
11737
64191
40142
34952
34725
15315
64654
30395
61772
26481
93297
23515
48312
72389
10269
84419
38806
45459
39026
73677
84169
43336
14768
94958
91659
26283
18214
89692
14849
35763
19545
55215
30809
39602
74158
68485
93603
3183
79380
55392
2153
37649
27889
31498
65068
30647
44327
3289
94557
7589
68258
6573
13877
65945
18113
67189
4594
26844
70814
56402
87694
30836
12092
1652
36317
94741
40620
46208
98627
39032
79772
81747
21199
63780
33660
18304
72760
53800
6319
62485
2163
30570
50091
1916
11374
82746
33324
19069
34764
72960
60539
43201
54814
14869
82486
2065
71450
41613
54237
42429
22426
47153
59960
53848
13939
62283
28872
41664
50736
33594
75337
54972
811
26278
3232
1823
70280
70829
62791
681
1358
59452
16050
4396
51747
32889
87837
67595
35427
33661
98164
2847
8028
42687
34206
16723
49832
86251
9127
36687
70472
67570
87945
83187
28666
82459
65302
7641
12919
39223
46565
82076
48268
74962
70038
39064
17426
62822
41668
57607
34348
38345
26662
61834
12605
96550
91457
34377
84483
44265
34062
35537
31380
93876
92483
86876
94163
44111
31297
9167
76975
40572
82586
57820
13944
88296
10300
43848
45183
11006
62463
51399
19402
11830
18534
33507
99856
41898
87445
30460
99511
63176
5616
45417
71591
82948
36428
94140
91114
82341
82933
68
39939
42432
55354
71820
55049
23106
13432
80513
14238
4678
58882
14032
21552
97478
57770
74382
90155
47599
5455
1905
50776
77453
32546
33596
64727
837
94038
86552
44724
23362
94085
12541
92361
87430
82169
77232
12880
13698
50142
54150
47267
94306
44417
45255
2514
39039
93892
19822
46752
67832
32609
58668
46651
52315
90296
56269
31894
49532
10711
1938
50469
68744
61701
3581
46996
18708
37004
69484
46179
81902
26017
53308
50338
67349
21424
22542
58821
5061
65992
61255
72581
25994
6721
20082
49107
2614
97926
43520
50361
44333
36674
18544
29423
4733
61867
58601
45815
6796
40998
34244
10486
31529
41077
90086
5967
22820
27300
43595
5693
9754
22828
75167
86508
40137
45953
98949
55797
27266
41343
44474
46645
49980
62924
60500
90920
88356
13097
17733
21159
58130
14234
21339
87516
76472
82896
29193
3261
91860
33680
81184
44813
92260
86466
33111
13962
48121
30807
49803
88596
72131
29943
97727
37212
4780
28263
50084
78948
24482
84916
33939
72984
12428
10494
31735
26505
39229
11460
4393
23074
80742
40488
68275
50281
30726
34014
25142
7956
78077
38102
33830
28548
10334
83204
23602
17123
72675
61288
48578
93174
64954
95423
84634
96479
66972
13286
81403
84625
83070
4645
40265
36336
83809
8544
46439
18341
29253
86421
64253
31644
49402
74451
62428
42810
86
83384
80056
51006
12227
44420
94868
26418
37040
84959
18876
94958
58951
82148
78251
13961
45439
80969
57581
97661
96808
1484
30079
37174
70467
31707
58963
24119
49876
29024
95791
39753
25360
25479
87573
6304
59089
47470
14397
44045
73832
98888
7134
92185
25649
25645
8651
82149
92418
68482
56954
66587
51102
49888
46529
51280
44742
6212
44889
7609
50863
27698
18245
65126
66895
583
19595
76287
76336
14074
44096
28858
8551
46477
41091
29974
18910
42870
20671
52152
68781
63525
31380
87615
1128
75665
95728
82406
10450
77571
70006
48981
23791
22846
83072
95556
70518
23658
43713
28974
83686
84956
76739
35213
87152
32419
56143
34392
1234
73394
67852
17718
42051
39397
6110
87197
61642
4049
239
92236
28969
83821
73484
42529
82135
13431
86918
54872
45804
14852
77433
9344
70933
59592
37609
24987
79431
49982
51111
28883
28848
17621
47796
77844
38377
42999
13085
91145
69287
86806
58500
70807
50865
76117
49023
47056
75628
41009
30042
95061
80274
74283
14839
34763
41218
41875
64246
63704
22896
81393
48879
3418
47229
80051
68604
32325
21473
90446
37972
28183
90181
47635
55698
48442
74925
17585
36372
97077
22546
77664
36959
81807
49358
8465
98656
47457
22160
42415
85805
47575
83376
39729
70602
63267
59133
17536
62952
38333
67153
3488
69064
2971
53702
35004
61533
82473
40130
242
48271
82790
16237
40792
66715
46554
74595
35754
63192
89143
21285
30258
89140
39756
48394
87218
65309
48256
72371
10448
75292
15121
28092
75711
37020
20681
66895
50022
67369
54905
43314
19951
40051
87797
31360
36302
79761
26796
63126
25196
22690
50946
2147
43119
31662
23051
2690
45991
75083
68134
1861
22488
14941
64468
28775
46847
70933
19412
2243
49027
61209
6493
71523
18490
83844
79255
57201
55701
30948
87350
77193
65320
99746
80052
2863
63386
28351
78185
54749
97829
66329
22890
84117
16107
86061
53723
65141
74166
81718
97554
49704
35689
76659
83658
27352
69192
32615
88480
14338
41856
890
64462
1282
949
95357
41538
75341
99815
49067
92986
27230
63776
33099
39166
47912
21980
77873
98233
21834
95605
8996
52757
13184
78763
26874
7347
68982
60524
57984
94916
96504
21221
18838
58183
90212
47109
919
75296
52449
71466
24598
31728
51241
70859
84739
77175
64674
84225
51885
90019
6730
71763
11650
99507
98320
86653
14386
85548
8608
72283
77874
49623
79446
21079
95004
96630
14868
87309
2803
37057
99406
30040
95716
20930
86147
82331
16296
872
51270
6830
5702
91244
4954
86914
92949
96414
81180
23987
93215
47754
27450
53513
54178
36717
24162
40683
38736
32174
21589
70945
43350
3707
11354
49860
72857
91521
65230
82308
3484
85927
72665
75829
31966
26760
84765
47127
47329
19403
70152
15809
88613
57665
14568
74794
18611
7034
94302
18099
89910
58564
72843
73044
76323
60801
13383
25441
69625
39363
97712
22041
43939
43783
13311
33643
23067
55916
86455
84582
59977
11918
77687
83099
36392
80547
73199
96721
83050
47857
35247
54725
52530
29163
17914
53147
44191
88966
86617
32933
97864
93084
45677
22479
88450
47036
79228
63749
69087
59787
48652
28162
80913
64667
38062
9302
96237
12486
16306
98290
76170
45000
51000
37395
23304
77879
28519
47593
813
83456
98646
51971
87498
82014
42887
38458
53053
36313
88948
58326
36112
7673
33985
29312
15390
54150
34993
58309
51894
46046
29653
5123
68344
95409
26399
63443
73372
88381
99029
89876
88658
19745
78240
51408
49699
27808
70276
95533
22999
17780
42314
47186
86832
75499
75801
86867
88788
94371
58916
74395
52648
50654
93277
26646
37303
79426
98086
97944
41362
38960
58792
66285
61425
72414
74300
17214
99416
38035
40615
19261
84756
52831
96388
9677
32453
39701
6009
94448
80662
49221
4938
46191
5191
54810
17644
9472
87468
32621
67026
70391
30542
57316
67300
50571
28495
43595
11918
46147
53931
72525
23509
40893
17178
73007
19203
15163
25009
57609
89507
70475
80457
39810
18697
90962
94199
57479
72808
67028
62874
11879
63559
34370
66356
18286
72398
88352
10191
95644
81722
12402
41729
77090
28624
11874
45290
58168
65102
13777
17466
23326
70557
27096
96016
77869
17475
66457
67773
61432
97653
25383
46470
12004
70345
48430
58056
20674
16745
44193
406
78917
59044
69215
34558
75525
96542
90976
51370
83278
15336
35617
44099
61029
11274
54442
1999
65177
24637
35769
16987
50242
71317
28973
67476
5496
95963
40080
4366
5138
23673
321
70856
59994
90959
88862
77223
94410
15138
11307
34174
48581
36468
76705
37839
59188
93007
78390
57452
29755
95674
28932
75030
38168
95534
60633
13351
38519
73699
23675
3243
83893
33187
50709
33640
32431
27616
4899
55038
46181
74401
67126
74505
96625
38647
77028
67908
25854
87822
15407
77736
15495
24864
6608
37491
30990
73731
25312
84419
46261
78275
14019
22017
62396
97226
28561
63674
40536
41563
74562
40776
28652
50558
98774
30704
8902
69909
83454
77925
1208
14893
2794
61162
59506
8945
36848
89652
6905
84697
77014
51213
75430
51423
66812
55285
58397
96146
96457
10243
87560
22179
12592
32106
31856
8509
30110
42359
58520
57522
72035
31734
93077
50640
75067
20915
84526
60594
55704
22238
28492
51123
11310
38121
60734
10813
76442
94123
74604
77983
71792
19367
77045
58110
43327
68518
46887
70050
69475
63936
26138
19953
55176
90522
522
34457
81141
618
17424
60679
44700
66742
89211
71893
21213
9754
72016
18751
69810
30216
21531
69878
62042
63529
47377
78446
73285
69570
47460
63922
15993
55698
86402
11415
15487
32247
44042
1166
16845
849
53579
25715
22961
73918
74619
31011
27414
34565
86450
66954
73846
24142
63169
12282
20861
29390
12465
16504
20373
87200
55228
8944
78452
39119
75874
33256
40862
67760
53033
23506
45399
18220
14645
66940
21609
91740
43648
70273
63087
83885
43958
88386
77180
90338
41743
98031
30347
47449
95626
97759
6980
46662
63362
82752
46695
40411
31471
28872
35288
50185
90684
30410
69703
46368
35841
95396
76602
53810
20829
5876
45626
24566
80529
17867
36567
64457
78139
36090
34969
48879
98510
66729
62532
1526
92938
68903
12070
51387
75806
49243
65473
48294
19767
2616
90704
9617
61090
20528
16407
3718
94118
76064
35659
79750
26519
30696
55451
52805
14937
34622
21786
9587
99730
88952
10058
10006
42185
40519
40391
11123
9505
79972
32269
60299
73164
27714
82982
52898
38766
76547
71892
75131
7311
63527
3127
68766
82844
62751
60124
13244
89820
26975
17731
74282
55818
24625
21963
74408
82995
24199
92060
86726
95725
8136
79792
79068
32593
16172
43839
51767
88791
9603
11877
9716
90765
18031
95090
47877
96756
90354
98959
3696
15128
15105
65896
18711
13641
95576
65466
3794
17594
456
12954
9496
39062
17931
92863
77629
26522
42200
53933
27733
84818
10962
17247
99991
3060
86491
76016
77309
64563
95397
70054
43879
53185
25097
35228
71775
57861
3761
99019
39767
68021
15247
70580
10190
54767
75185
17676
80690
21818
80204
33444
16384
64372
90869
66260
98919
78263
92335
71684
41962
17581
37406
57495
62883
36140
45530
94772
79589
88081
79583
89202
87227
23861
95329
97471
9676
65070
24317
54445
41983
67301
66059
91546
57179
48399
34896
7482
58215
67786
56911
20163
65713
67734
43551
77781
58090
92269
59704
52132
27534
14688
14439
49667
24609
4560
27522
27023
25045
54982
39573
4085
1960
47375
52090
321
70635
56088
66374
25668
64221
2306
19232
55329
93845
20033
74798
34868
7231
4215
80840
7423
69661
49800
55789
96787
71919
32825
39924
20215
47470
69674
41531
74296
56978
87566
72411
53197
24467
16515
7677
97158
53420
1106
65061
68529
52731
12004
59053
70920
75429
39102
11949
89690
36215
82299
53749
96532
20008
38949
45149
70316
2810
54992
98708
19562
41535
2835
18324
42164
67000
53539
98519
72820
92824
66894
70691
35496
95879
19985
65856
40133
9986
43287
74091
21385
28384
51758
68323
26172
32112
41639
71040
29282
51262
55882
10787
73248
83636
16052
89480
35848
53309
20366
78521
28482
89061
60747
72413
66681
25340
41438
82669
94624
77305
59925
81318
3679
9403
20918
97338
78142
10411
76116
20705
79436
67869
27150
13422
84684
95221
2884
6044
31101
36743
41943
45031
48581
29622
64412
17974
46745
1374
76829
16342
95275
22158
94828
78339
60657
33836
12453
32319
78734
16604
16959
85445
61439
80316
65646
95479
44580
52071
86712
29331
18024
2233
3249
40612
9999
67281
37206
27381
42748
92882
24003
94304
83708
70980
3249
43109
18802
71321
46192
47638
99904
39273
31868
19695
29295
52990
73023
3267
15419
37708
12803
12625
2141
85112
14610
15797
77110
75033
94860
84731
1493
32444
35652
60111
11910
21025
43192
37680
16440
3075
73322
86787
360
17141
93696
3459
28943
46568
72629
93685
70309
47849
74393
5754
92848
78887
8428
72446
69965
5842
32018
88462
84762
63071
56564
66823
83933
42728
16947
38440
46581
10992
45641
16521
27067
60068
92574
50405
22132
40221
24260
74355
33046
91555
96015
42675
28884
28523
56340
82371
9096
57504
35869
69105
8156
5920
25863
15691
38901
66045
9976
81906
27837
75972
96256
27181
47916
5818
24555
1562
62801
27458
25759
21599
26626
83740
72505
51999
21022
79976
74399
68328
62395
27847
39649
47208
19730
87010
6192
92672
44195
30948
87195
22609
45221
34242
55331
15347
42926
11035
76570
82917
89820
92827
79772
40126
10398
36281
32553
95810
68258
82528
79487
27568
6971
5867
52816
73240
13038
32074
47077
48362
15481
72833
19311
41130
33473
73743
13765
81855
61207
10700
38847
64970
55879
96843
14638
65972
21884
7775
21462
82368
36499
96442
48233
3296
25786
55088
49344
76836
32805
75131
89689
12237
12333
2904
15624
64223
97573
24974
1787
63093
67258
9903
33775
2542
67078
88950
33960
9253
90898
68240
10321
43582
96294
4344
81872
62204
15502
63675
45253
65328
78538
15066
7679
83020
60690
92653
3227
33206
43076
40964
17370
6584
5868
13289
17501
94772
15278
79649
24096
9364
76563
86002
91696
84479
57646
93343
69834
38152
49226
55950
70738
29729
37234
85930
5773
33229
85500
18724
49147
35378
92691
38996
18612
50925
56351
68574
67166
21600
1011
26192
72072
95398
92979
67880
34438
11912
78336
24530
10218
65576
34114
87022
80603
83642
46737
77136
19829
42674
1023
79169
57821
52888
30917
45923
65950
99064
52553
15026
24517
87862
65513
57318
90485
75359
39559
85077
23112
71739
52976
75093
28995
28095
5642
96927
10229
44223
19002
16431
58316
98976
64144
19144
47988
36266
82095
7125
81164
43101
45021
62377
6918
25627
66147
64392
38363
65187
87297
68735
76681
97950
61106
31342
57995
96850
82135
49766
17011
60532
12258
51820
63494
54074
34401
60701
88564
50127
51109
31757
66898
69855
94351
41992
92982
2258
73526
96985
47119
28342
6199
27656
98974
35668
59545
39870
91476
51333
8795
65061
87466
2174
48605
98155
95767
84230
95144
45797
59218
41640
33979
3535
64996
81475
90355
37521
90056
90495
83093
90270
42466
6139
42971
48278
26650
10690
19322
25995
3380
24539
45644
50465
27917
97215
76734
31727
5043
7910
83288
63266
26529
62938
20036
24032
24406
82349
18749
71465
96465
26023
60981
66042
6027
25943
94595
53292
92593
54666
6856
3033
12349
26842
57532
77630
4496
92030
32922
31292
25262
21631
65733
54425
57429
69130
98581
7044
38715
62817
20961
38517
92772
6925
40810
49202
16541
65518
79330
40622
50328
46002
73240
16139
34468
63364
897
24833
66728
47836
45253
3575
21340
75445
67779
41006
31875
51995
24417
7358
46089
98243
66868
43863
44150
86293
87464
86793
45228
78884
5484
48351
1282
71806
77086
9702
5789
82910
14479
30060
53128
91871
87058
53316
28464
53803
72102
27942
43743
16594
38813
45874
80595
66902
38888
22869
68249
37539
75330
86276
81707
94684
37622
67301
64836
3664
42509
96590
92572
63788
3000
45445
65925
3370
24534
37798
25568
26887
82306
93891
84604
26258
96509
23845
2284
59327
29011
31121
94052
27324
71885
74598
32304
77947
56754
12259
83921
80014
70810
83654
245
34961
26705
82030
42257
90657
93445
65922
50206
5419
73388
78634
97486
39551
17332
31579
13257
93890
94344
32209
88104
32259
15612
70836
47021
95173
90934
24509
6109
53275
21881
50034
57500
70579
16559
92365
10851
66569
75666
32699
65856
87964
26903
3488
97162
52093
11159
77079
3422
7491
13019
57751
71739
59452
50212
18002
86200
77406
1461
98423
69437
90748
43645
14423
64516
79572
29893
94372
30701
14981
15506
63701
5208
56989
32919
55879
29603
28464
72762
80222
94816
66950
29441
30569
54737
12715
53145
26531
15843
53930
57731
41237
29124
42163
44187
4184
16323
23353
80775
11033
80643
10393
55992
94934
94811
2004
11264
76133
28781
37085
72016
35923
3041
41038
32588
76457
43613
62613
87758
9643
58979
82060
69588
5947
3495
26406
93671
15322
39339
28581
59881
40654
96345
22953
14938
15487
75837
42403
32262
55580
61693
78951
95758
39067
62677
25920
60146
50045
947
43933
15160
15919
77580
49449
37244
73741
31865
54073
81525
39713
4946
24254
14623
73769
61957
78426
79081
41847
40786
10095
42301
71474
23558
99219
99464
98553
35218
62048
15558
98312
93800
9832
96971
33619
6738
21541
46128
76847
15150
49070
41784
34128
5290
12230
33245
55085
10808
89135
23548
54976
27950
15484
19706
67817
37597
78180
63409
64050
99211
24593
96444
89133
11407
44216
57819
12346
55881
45188
79298
87269
17499
24299
15460
21932
71528
92898
23768
63133
904
36076
31141
23774
86533
22285
86384
20167
68501
72382
40414
21737
39284
88985
17704
26546
4669
30803
89659
38216
45892
62825
71016
13235
38068
92851
79183
87512
72544
6038
47842
65791
99464
58486
36953
52950
81290
5704
66130
80942
93314
98661
59011
71939
33728
31610
31518
98330
62213
65948
13951
75427
93145
19290
30709
10589
23691
25739
96395
36088
23398
79654
96625
9846
73069
59984
7404
51851
33235
72271
66006
26948
53305
53853
99955
41156
73669
78585
56498
77608
8251
26264
20253
14156
65915
59065
91741
50951
18998
69045
18476
29906
56014
8469
7096
70086
6986
22174
10001
96898
69042
59271
55312
69164
77709
77419
30051
43279
49973
18618
71033
71234
18772
80010
79015
64746
4061
50762
12340
92245
59305
5719
6535
24391
99596
76872
4043
99731
93619
83876
68477
94847
70045
30420
47506
13801
88467
49746
58375
77096
17029
82176
83078
7723
94115
87862
30801
11038
43796
20275
86863
51276
64471
23956
19472
11518
41524
91395
29663
7680
84733
13351
24995
25189
66406
69369
48913
71169
29662
49719
49810
83668
29929
19345
96845
4679
84476
47456
17009
8111
3829
91030
89088
13262
28372
15761
26491
81368
28793
57642
2598
18867
47387
27914
36792
32440
12642
67579
44962
64855
41475
97020
60985
96599
22038
91151
74178
8474
35316
90829
1465
22814
47666
3993
62333
47200
91093
33041
98459
7260
2769
54176
62710
45071
30818
73841
30832
30269
57382
10014
67672
21423
42485
71943
33520
66644
70429
61471
21753
64360
71231
96703
37309
87890
87168
57342
57945
68871
6733
6584
74661
16364
56238
79786
27042
71544
6213
2720
60191
59288
47300
40742
33383
44076
76616
52635
44266
77327
7381
18756
78630
91541
17967
70141
37330
95117
94963
95081
84136
29797
12176
69738
10285
65644
23782
32300
51646
74226
33785
75388
67512
51020
72465
57175
47267
1428
97361
29853
92732
20430
83249
65636
44094
5029
91835
53384
42412
20275
12831
80736
74270
4799
73235
48748
81062
5185
78091
29962
51774
48993
848
64200
50191
14718
96800
67860
78080
81994
34883
55504
16569
44242
6213
36449
69363
93404
12788
55014
9791
87145
63288
87269
96303
52666
31753
6849
1349
95886
59602
93288
95222
71497
89089
95465
81690
83185
97255
64451
63219
63794
69586
68696
75063
30881
20836
51840
44315
76062
37744
92058
97534
81554
26321
23037
65328
42712
13735
4077
17597
79960
12079
22313
23226
38222
12829
26689
87403
77674
4441
4389
71438
51568
66547
57465
93384
58943
47140
48453
29833
83663
95555
70536
87070
18931
88512
21132
80916
7295
89376
27188
98916
58627
16918
68915
6143
70836
68251
13046
58423
15436
84681
93313
43047
92616
54777
94232
60384
33584
3767
82163
99633
83475
29631
91541
85587
61904
18935
17590
49326
23729
75881
53531
99243
20722
37179
17095
65048
67168
55500
8652
17969
54588
90829
92634
22353
80382
16409
27064
68916
47222
95443
69936
80552
78862
91291
30339
99184
93292
70284
74750
50644
38516
10421
50437
22281
78505
21970
94828
75288
48180
26214
8005
62190
97981
38135
96019
288
51126
16934
77373
9688
44152
68170
7102
2304
88260
71560
93849
2250
69964
57713
60777
88889
24746
47640
43159
70608
54382
57038
26565
52309
88053
56764
36711
51746
67092
97948
12817
232
84692
85
56939
9536
81176
59537
57858
92879
27226
22076
47352
10292
17619
93723
25275
50578
94393
94599
83731
64853
9410
43013
33653
55907
3783
12323
597
61408
34916
113
20376
55773
83900
21881
13383
3103
24858
18652
17407
85288
91986
92427
3238
85476
73733
69951
94584
35569
62019
88501
21087
32587
4491
99721
91777
56628
97070
16526
67763
31389
12530
20488
41548
49908
56147
14726
40244
1770
97635
4831
16507
71838
27825
9416
99110
25483
84008
25807
99652
76236
81614
8087
8574
63496
21581
50992
54541
87901
2895
52210
41734
42093
29250
9878
3664
62527
57275
76209
51990
95988
89462
3086
64952
82344
95196
23719
68732
36032
99805
65920
39938
27030
98365
31584
92597
21693
32043
2828
64893
45843
43212
13026
83889
90595
46327
24431
28361
77460
4953
87949
54450
52978
5752
38493
2875
62679
59029
12925
33165
37653
81931
80773
27063
64386
59092
28324
73254
87841
59626
16530
34580
56553
85450
18834
10648
92436
84373
15687
66395
17926
19729
55375
14763
66072
28013
89119
56392
9984
6593
84669
90395
88831
32435
14260
2855
53254
53974
58552
80695
76646
59757
24246
44151
5555
89774
34807
23583
48660
66081
36561
45066
72361
37479
15914
12293
81177
63608
63242
88483
24568
55845
7227
88684
27057
3836
5504
47830
56662
585
12559
70636
67809
87801
77836
10986
40389
63034
70660
30635
74646
72671
8867
48058
48658
82240
98930
50692
27722
20797
78896
83151
53041
75971
18188
96516
24352
52712
39229
35143
13796
57328
90718
39367
10469
54705
18152
12465
46035
97716
14414
255
92303
17522
55823
87758
86067
24894
3132
71053
73887
60322
36647
43057
62625
12897
13411
43685
48128
1531
55934
7679
79366
97423
35416
5102
42983
71610
30462
40688
13618
4990
31816
90303
67699
46111
45163
44587
30114
38726
62203
77155
53612
54024
80225
38669
90331
47105
32309
89813
49093
81338
21560
47778
76750
46890
24017
57860
18907
45368
52994
16106
14644
96286
16646
42576
79349
89609
33705
49749
95986
22589
91428
25322
36132
1781
17683
85351
59795
87241
85045
96696
89090
13480
6016
57524
48914
79301
30078
79470
64660
15854
4328
96228
1231
77206
55741
19381
13706
95733
35102
16752
29526
4581
73482
44615
81755
75597
28529
73858
20158
30619
63480
48208
81516
57738
53896
78841
24997
61955
61938
46574
43399
60544
14851
45122
79158
73612
14080
22098
11429
60422
92831
83647
91300
29700
76161
56221
42055
34579
33263
59588
34350
92221
44976
70275
598
97604
15013
91444
79003
73290
34978
3754
85160
38995
9769
81640
23261
68162
79876
68139
86140
87713
74462
4039
1776
44348
41982
86704
44410
87212
97953
7119
76857
66001
92532
65684
74325
75609
67115
50602
58889
71709
6785
34118
21322
6475
14412
35609
82008
5502
84444
84485
46785
17737
2000
16108
46060
34003
42420
67876
6504
38971
17563
44455
62642
25757
82357
18151
44349
84045
63822
70047
24097
2944
27747
72964
19938
83851
90977
53818
8060
20483
47484
90435
10728
15619
76457
58514
72462
70315
38616
75806
583
5477
34321
87026
83661
36292
31562
9345
42241
87493
60290
77399
84313
7896
54557
62314
58084
12983
50397
42895
79899
22452
27961
84361
65734
46738
83772
49853
30472
80554
55773
27521
13065
27342
53079
71378
78430
89673
31268
37861
16374
33445
78555
65685
97603
70887
62786
1339
78723
68373
46578
47516
78379
49751
4166
48604
26447
92763
27679
14992
91888
93778
31320
31313
23106
48665
57120
60525
9177
53682
32665
2103
26096
80272
68844
31838
55317
50162
24263
55900
68244
3366
42005
67397
41759
80271
55608
60255
56119
41473
31333
54832
7577
7465
25819
27443
9224
31818
35426
91685
4754
76162
5788
52412
2882
45995
75979
13174
89890
81501
79743
92911
51211
38160
24889
71245
90123
48704
61506
21974
97297
80873
78465
1313
45495
81810
7645
682
56621
21414
48751
61086
78430
17917
16642
72502
27841
72505
52682
78145
71295
556
45567
28538
5787
47767
64980
87865
46531
99726
64632
27621
4242
68983
59785
28423
70015
38129
69583
48666
59877
91728
54332
69406
60496
10695
58814
81099
10785
96127
61631
45891
10046
50883
50201
48384
47321
24478
86329
74093
9307
66108
51759
2641
64173
56974
89711
33990
47779
1289
66375
58567
11878
59662
67517
2375
89404
25475
39909
28287
51061
31744
6172
78303
96021
12583
15460
92454
81657
74890
27772
61773
88360
64528
35930
10077
56727
87986
95656
10177
13113
11648
84185
82966
35266
83041
18502
24862
68662
82199
38826
30292
50898
83393
84374
2778
63958
69466
77041
28463
92014
56831
5904
32508
76284
52781
622
96749
16708
232
81416
68413
27252
33849
49240
97002
67437
24463
11403
40935
47666
53446
97729
64400
26860
30053
88097
36408
27479
40225
7607
89919
50317
18143
65771
33088
99853
51863
84094
25190
18696
71188
71907
69374
78888
98648
52056
87431
71708
82236
78432
67398
19236
9556
39583
20534
24758
74385
9041
26397
70603
37441
50247
53498
89130
77265
46623
58939
73582
96754
21855
27499
85078
665
55917
21863
96777
10785
25294
17297
36611
54155
87353
93438
73793
26885
247
94731
79845
68553
6170
77453
93318
39644
38135
12005
36408
18231
41057
74481
15443
70306
96611
92128
8386
16732
57370
76062
52715
38935
88141
30061
50422
19329
58506
31733
53883
64541
2494
88338
33293
97328
12816
42571
98301
3799
88090
6755
41676
13013
37
32328
82896
80299
99169
94601
88258
55104
20958
80005
78466
53472
46217
25566
78280
34593
69702
26733
81704
60864
82951
52879
61249
93002
56102
17148
29794
61911
51397
70008
97721
60176
96703
85986
87418
35953
9386
57387
78920
77738
93580
65025
18339
66431
37879
6281
34670
50864
88931
68874
70619
29202
4358
36870
56406
56636
32402
49316
71883
90750
83819
26824
57492
98028
70659
79397
78403
55032
57269
21001
84009
15837
36506
45366
17729
66456
39819
84688
23899
58545
42099
65970
76968
4248
8176
47483
7679
76522
46055
17127
82571
63826
92993
90616
91793
85036
31045
80915
56513
15685
36819
27911
31096
99230
84282
97703
61775
23247
31639
89881
57701
71113
77772
73351
50340
26036
68856
12275
1586
3927
2232
23848
1718
76469
21370
69067
95012
87444
91033
63312
40039
57114
83674
1321
40714
46640
48834
52953
15396
86984
23506
2599
10013
37755
65056
42830
9665
54379
51987
39409
83360
75111
46714
11052
80320
73293
4650
29158
80704
19689
75571
91746
26121
77820
5501
71348
11571
73144
55844
689
66257
24551
8173
91359
65242
26892
21188
50539
1429
53665
79764
47130
76256
59807
78050
86039
32701
77693
65766
88907
59802
55535
46086
92331
39579
26063
41585
8651
63782
78649
42677
25968
16299
1681
23262
24196
83566
87807
43340
94530
14515
77274
61967
4304
27876
86787
55682
19885
10049
92904
20833
4704
6789
61193
12904
79632
42001
79095
93417
41938
83832
66136
21289
71357
94439
98120
76281
17978
30798
19641
48108
51126
62702
38715
1561
27641
61857
61302
64111
61713
64161
72404
35119
79688
92150
15516
82859
81109
79392
92601
826
17518
9309
91865
35380
84187
17815
5201
10704
77797
90701
82014
760
53869
89213
64134
69573
18905
25771
81629
38429
68873
14288
58083
72741
73384
71969
50283
61925
67646
41019
6199
21815
22594
33608
49119
17130
5357
39633
23728
65625
73929
39968
13009
37700
80265
89841
31552
83528
46226
9781
41819
80480
22519
57026
26139
32855
63202
56378
95803
23848
68462
53045
22934
41588
85202
34062
12846
54527
57848
31080
42377
31176
43467
23899
76214
91267
59247
25439
26062
73397
14474
45171
86389
20043
77344
59179
80607
61336
5308
71636
62959
70281
73866
5380
88219
85286
39779
48963
85131
74631
62303
98896
65473
28336
45870
45682
93106
25995
57506
32860
32690
20289
43236
40923
18510
32052
9287
79199
5555
14364
18426
1060
32460
36796
71446
42236
15720
10848
83831
34618
87098
88374
19624
84189
74106
33573
41303
70840
90025
46382
82760
29018
92402
60638
4933
49215
40011
82478
68466
22546
32219
50327
97822
83101
9461
59573
70102
87791
94467
20055
244
67528
49758
82111
51445
67972
69337
80700
59369
28930
16030
12354
16835
97071
63056
17859
17711
34388
32303
32140
93603
21849
30202
22686
66702
8404
21871
55272
59406
2866
55470
51582
72574
41057
85884
7192
74924
23351
95907
22024
72392
66883
38870
11769
16632
10990
96337
13953
49416
25549
34527
49060
49919
71110
80918
15621
45197
6717
84030
41448
73153
56570
90639
24937
64087
80184
26231
81683
88238
5260
35450
99422
24504
28528
95476
40616
43018
13323
66810
59535
59987
34271
93439
31560
77578
84719
9682
49823
5824
63595
4069
90283
51764
69210
82152
66413
6149
45090
53140
71877
19330
6966
27395
27537
67165
54941
6108
54723
10431
80411
16942
23806
71285
6878
46994
56269
81831
57671
98162
63776
93705
79795
38408
20964
45355
78982
62111
36861
70475
38355
2262
38786
5483
1289
26659
68662
50492
43677
24788
32926
11577
73488
5200
81060
89809
29246
12380
67687
48188
52482
71834
65181
37038
76809
73580
76326
15658
16402
37366
72302
46958
35582
5058
95230
68844
50489
72668
85151
19128
28837
18781
7981
81085
60896
37414
6324
78859
93234
5858
96426
33867
70965
36974
39625
53139
26848
24373
21798
60372
73586
42739
11891
5360
15864
56027
80749
2666
859
29780
85411
82166
38249
4510
94468
50607
91582
17554
12931
28871
86702
3528
49834
84281
19986
74418
98584
77434
96269
39174
8473
38254
6426
26713
6016
82711
70388
16934
26979
26441
44097
86189
63763
22201
84060
76025
791
42867
92542
79898
22884
77194
61512
13777
98587
9450
9263
31914
84671
59113
97092
74467
64145
12860
20927
81867
58922
34439
7111
45766
59092
13388
65281
75181
82949
7365
85171
24498
21817
57164
15668
75201
11852
13463
39570
92546
68369
85441
45023
7834
96081
41347
53848
90993
12003
68098
6899
89551
36996
96738
51813
48224
89588
37785
23022
56759
1453
80862
53890
33934
30080
59231
90292
72843
21550
63346
47808
72158
45759
79267
39350
68070
4771
93709
7454
70004
99043
58788
6764
96712
27939
94446
63458
35703
62614
80178
85404
54318
59806
648
63484
49648
16798
99024
12562
49691
95806
27071
76744
94601
70971
88116
31752
66867
77480
29161
87242
53071
4965
78309
97117
3194
98298
27438
91217
5808
72400
99612
27039
98872
77132
40264
83734
59453
15113
80035
4035
25751
16721
61731
15132
29449
46679
63672
26409
55555
21300
89597
70959
30919
93501
83274
56346
32136
69181
53479
67815
62063
86932
81978
85675
97496
77740
56161
26308
76537
36659
40188
56154
90306
50042
52961
8208
45279
13577
36307
23405
26043
50332
34188
11042
75935
44222
98807
61368
61784
6689
47707
91703
8983
41976
39026
45333
11217
71345
85368
27321
38823
10481
35198
49611
72960
5101
79453
93914
47506
45795
57064
69417
91263
60532
25211
48855
23708
73950
82736
54057
38509
30521
9520
45558
49868
23982
48902
78992
18761
50767
56815
39722
10027
66103
33518
2986
70581
87615
83196
79052
71588
62106
55868
47664
4148
41998
22349
62497
80001
77008
70392
20451
71371
86362
80681
54552
78195
92523
14651
34159
93507
61499
82060
28266
42474
53529
97392
14507
55621
52580
99841
75194
24409
20514
3059
56501
91548
48512
37990
53525
60403
85895
74549
19513
87766
40215
8939
13649
20784
22435
31541
45288
66307
34024
14386
76207
79976
58347
6312
71458
54804
13551
62096
41818
31990
50639
99729
80110
65052
39102
82762
65350
6358
97976
4329
48574
70610
30853
39225
38324
92806
85482
54104
38126
65037
91787
99878
25387
38824
929
84825
28804
41894
53908
28654
91070
19006
14773
42458
7567
77561
9563
59486
91498
66573
11896
21017
34441
44035
97046
3191
17014
2682
86324
41191
28214
76485
3671
47819
78994
92367
16271
92872
10179
86367
27207
69789
14234
27350
75912
64017
33322
73109
12363
29125
66483
36572
7993
10952
81291
18605
83041
83497
21578
3407
5300
80615
80498
52271
28481
27653
57849
35584
17928
14809
10805
48867
43165
13091
18883
99202
94460
48475
71476
84342
1091
55971
93717
18344
91280
13564
60601
88820
78551
60084
68549
93770
26336
44636
22840
49678
38524
32440
46388
53248
75298
45552
86285
14326
77322
25732
91501
17381
30020
91452
64034
3102
28694
77660
76165
99764
62065
82839
57864
88252
24431
16731
54747
15054
73547
57738
28186
69352
51548
56297
79607
19026
7695
46481
65343
39164
78913
62530
1612
91971
57398
81943
26855
20690
21208
87125
14839
5061
29008
38526
26731
98857
87450
27714
94623
48576
49320
11605
46862
95201
7190
1851
70645
12635
75429
60095
93728
5337
73494
95843
80435
22465
36740
63890
279
70167
36094
39377
44639
85183
37248
65236
85493
81440
13326
53806
31974
41411
64749
25088
23879
96571
53661
34386
24611
18878
24150
29023
3938
1041
29181
43946
26583
55235
30596
52015
88390
87376
18076
53877
21680
24485
55319
35871
19100
13123
36286
3905
67844
16604
36940
51376
51897
48987
93413
88018
31412
79328
36887
59317
67067
44745
99403
86908
35340
65580
42408
62003
74024
63328
50277
56195
95135
91100
6056
15649
74452
45975
30399
89665
82924
62511
62330
17577
23673
84453
73635
27360
59293
24005
10428
35269
17630
68579
14804
42587
22277
4289
52869
94946
49458
60589
22989
51745
85279
18087
94662
25055
61231
19808
35684
76562
41555
37438
58763
36654
22041
43965
88555
50527
60082
73936
39385
29458
47934
75876
66123
97421
68567
32293
26767
50591
42966
53721
97736
53266
58629
95563
78887
65149
11426
16259
93282
27958
37389
71664
98035
42981
56559
75943
69968
96691
26087
21829
20834
82561
55314
61840
38116
99221
11573
7260
99450
62160
12010
19274
36139
74971
27525
93611
18109
20031
29922
97858
37164
33043
75373
2983
58150
96464
25102
53223
27942
74849
7759
1865
55947
60150
75243
90124
83508
70168
9972
87212
86618
80087
79457
17123
11498
96798
14099
47116
68317
36136
18242
39330
94902
7628
75272
56807
49688
10292
69290
1378
12449
51852
35839
4895
82887
44661
54750
81594
15278
14521
66728
4310
22787
89913
54671
70408
65047
44386
87746
18545
1275
64222
58550
11176
79573
76934
46098
78037
76349
32789
3927
16666
90582
57880
490
80877
92236
57186
75232
59008
4390
32060
26597
75809
21192
62745
15880
67644
30473
73736
66982
42783
24299
78179
34322
71830
74364
4196
82078
40181
73384
81814
44041
7892
62937
4009
53157
3060
77452
96192
97315
56704
30449
91653
69854
12207
49791
59997
22688
67205
19441
71605
78453
82617
36801
87355
96810
10226
22784
11946
13185
6250
94671
55293
85813
60596
42749
15332
16356
72250
27613
89716
9853
33375
88738
25017
74887
33636
90330
66919
44588
73030
89861
58702
96673
62500
56625
78540
883
66110
97108
18300
58959
17849
75780
25100
19693
63519
77974
59820
81594
48227
77201
48130
13537
98914
95470
68027
78902
99813
33647
31356
68671
10819
77049
94134
75519
67683
66799
49560
53951
17120
54188
49567
38779
68741
33117
72488
81063
84439
32344
60037
98876
84754
45341
28494
59587
15403
6024
69391
9373
79029
25328
16832
70509
28288
93151
82674
42210
3387
11950
39844
66980
9018
53149
33269
1786
22963
20812
41460
65782
79362
29496
33300
5278
13772
17621
19611
26840
41120
76677
65114
28081
34489
9234
40726
68010
75777
18414
97733
83039
68400
86212
70836
341
69042
62330
85733
95008
17414
3558
51926
1518
51074
37834
16572
59571
29396
66413
2191
30002
17860
73912
2078
62245
29557
61641
79620
69258
31050
11639
76338
9834
39653
36195
30540
99174
31594
42584
94544
69376
92643
60159
94320
63843
37277
49281
65089
17808
55695
77305
80652
4679
66682
29109
78370
1070
1292
1225
25132
3329
69855
16272
60640
16278
20286
2625
18863
3467
45160
36170
15708
7599
75405
64651
2247
84586
68213
88081
41383
82249
81568
70637
91927
58154
26984
86097
83655
59264
54786
58854
23283
97923
62436
81901
47888
16856
33280
62576
55331
47641
40623
50244
94604
55328
54825
16382
92127
88597
53872
91471
8851
54769
26572
90781
65779
42223
89521
67039
3475
75150
56605
55924
98940
52549
84989
81377
50472
90116
62223
12261
96650
36738
33634
96891
54468
23241
93978
65900
26140
69946
71504
54990
46536
67389
28566
6876
31302
28266
52632
92819
43720
41165
83614
91559
61901
95002
87886
28896
49963
6445
1166
97588
14760
12124
19207
40322
92328
63483
86021
36968
62305
14764
17307
51554
57770
80801
74883
68736
74930
20719
8899
72706
66189
68945
70923
91187
50888
98806
98971
75455
10270
76520
39042
85265
37571
24602
2241
88046
7869
11373
62093
29928
93267
30815
27604
13280
10718
45552
6263
37723
75452
21842
34869
68639
62563
5037
15208
60203
55410
16653
96200
23505
50211
16969
334
16272
82877
66224
51092
54610
56102
72529
25527
2942
90454
40071
25822
38011
25607
80287
49845
89155
61608
18536
31346
57727
90416
61078
9848
19141
12015
27635
17242
82506
46272
36707
5847
50821
69435
42226
39907
83778
67560
38780
72423
20128
51406
59768
10047
91304
61161
28994
88449
91562
91961
71396
50397
3957
76567
32960
35456
91091
62051
78460
91251
96511
89112
89547
36896
59204
24993
83412
95764
65299
75942
2337
89472
24736
52478
99303
31770
49466
45832
86252
60800
90181
26549
42170
83612
30006
4476
79742
451
88874
12753
11421
34648
96291
6736
34901
72430
73312
16755
2443
50922
86200
76803
80502
70854
81107
41196
9126
29682
23589
26473
50546
14390
16360
71742
37918
60978
12725
67108
9797
18790
21758
14558
15273
91085
54315
92363
77332
11332
399
821
52201
52713
65990
81126
20396
10495
25326
13850
31019
7501
4510
10863
96520
5638
19431
80408
13700
25475
80614
83698
12233
37740
16387
74446
64756
33527
66154
78829
63261
359
30211
6634
31844
40181
91792
14384
85306
98924
82755
44
84009
15886
41593
27678
40705
87284
22614
29065
6432
47219
65790
22250
42717
86458
59149
98085
15730
10520
67445
70522
94883
90
20722
7703
76687
14834
33611
94151
49970
28211
45223
34376
15188
45689
26088
47610
77138
22950
19625
79252
43623
20870
76176
80272
54582
25556
52752
40966
54359
54581
44575
89143
81116
36386
11822
12864
14014
47332
97898
85902
63017
17848
16973
464
57248
39762
37250
38280
57391
59997
62612
86972
36107
29632
24081
54889
53512
50173
25056
66327
40279
51123
46332
73223
71161
9987
66668
58280
49893
88975
92065
55594
51058
50590
139
11178
14434
34333
15032
63947
4011
27679
19722
78118
25538
78053
87572
74968
95622
8505
72241
30298
96263
4084
40225
95246
12529
20544
24640
87285
91097
73847
27301
16797
57218
25482
50868
79448
22508
20830
10016
84424
88507
75344
64257
19126
50463
76953
30125
53441
74533
61261
3286
77620
13881
76574
69761
30640
55190
52573
65598
98249
47084
23872
99625
21773
37677
6367
76859
90686
4436
66201
8973
33377
57202
88755
11435
8335
18102
93376
38609
83401
22905
71037
65957
24328
5667
81043
40048
28018
63837
59487
83866
62057
83444
60878
25601
34525
58054
89474
83542
34978
16429
57458
88596
63132
39877
93645
70397
93399
11068
70911
83059
74515
48245
81676
77872
38428
36792
26233
86115
14935
94522
89418
26344
25849
73636
23462
56290
29554
33346
30006
67319
53446
73355
53773
95816
99676
4392
90210
47596
91152
81539
33272
78440
31331
17774
11198
4493
9426
21484
95410
71438
72196
77504
43713
73052
20956
98416
5322
62207
54351
33109
38752
88275
80879
13570
77262
54398
33350
12335
56596
12586
4607
98625
72720
37379
20957
14039
38488
40302
79375
49907
34212
50947
74491
82724
30057
96265
2391
49228
32991
31117
19480
46546
4996
39007
51585
26759
31449
49065
52445
4301
32394
13324
71335
50472
38091
88408
35462
52165
81534
89736
44535
63426
18834
82488
52418
24185
62725
13029
96303
8204
14089
34943
85105
47438
5797
62093
1504
23084
72882
70493
10597
49719
7590
92230
94510
46734
44142
38012
7169
35148
71315
16719
73261
72907
66527
51809
37180
79668
88281
36386
62629
48485
10509
11402
42399
84381
41575
27218
17199
12519
45021
50415
57218
64672
4108
64332
72630
95910
44027
45346
87858
7264
70076
42999
92631
47428
93745
78705
22894
16649
29483
30677
63840
49514
45645
12865
24100
21810
58063
93410
97459
76426
79742
46898
48888
55901
48353
30769
42724
30213
74039
26303
46270
25396
79580
84276
54807
93184
81995
38588
68186
17195
3676
20275
32514
43342
54798
71832
8071
88098
27264
79985
10832
267
46650
65019
40140
36578
5513
5323
7772
39901
45127
70246
45864
30365
50360
98650
77810
2803
60528
79671
26087
9071
39283
84142
79601
28743
20565
82692
21065
76321
16672
69778
16714
31262
70003
78653
42625
33666
82855
90765
93953
73380
90317
16908
24532
17934
42579
74748
11307
45809
11206
73813
49686
77577
21490
1947
83279
50920
67748
65496
82672
19394
64656
75803
35205
80821
91566
5900
25308
65170
63967
88362
24825
59340
75278
49732
56454
28060
55186
83120
62344
94895
41136
12043
75148
69133
66845
57070
69440
28902
6785
66153
98527
46810
46006
3710
91204
997
70256
18333
68576
12742
81175
2488
74374
14795
62895
12898
79427
17467
59513
14473
78795
11583
42898
35628
13198
24654
8825
87386
56426
68659
7758
34858
11930
37757
61878
77681
27404
72995
91227
69283
61265
93106
82416
49449
40781
75156
77458
44795
38926
81279
82922
50362
76409
407
24432
58988
54431
70080
34313
60245
89487
22021
4689
42831
22982
86654
97875
31302
42465
2402
15540
23251
96883
12265
18064
75890
11634
90075
71933
38946
32235
43515
62316
69784
74518
71530
10158
79104
44740
89529
41746
46162
92340
47663
12172
77293
62342
14130
95858
58098
47143
12022
19136
22592
83819
287
44219
81415
82552
63349
60242
1259
51070
96643
47681
37271
4261
55532
7984
78651
27392
86411
68408
16708
6557
52484
6885
7447
34398
75949
41046
47178
43713
39539
57921
86142
54747
26986
93108
18076
23876
87508
3575
139
91564
75405
95629
28780
33036
79473
2266
30098
40758
78123
77758
73825
64398
51419
72382
30594
16946
48194
95556
27584
92533
65485
38525
30658
68009
51004
23488
77733
60506
38830
43471
67637
79096
79691
60149
71785
88493
56749
92528
44472
27981
62348
8360
70619
35018
56677
41469
69121
10151
14182
98175
12233
50949
29688
45974
73247
64793
31561
43810
5334
50750
89046
59997
56990
44135
68178
38749
88578
49709
42005
43670
70146
22406
15043
86619
45352
343
87319
99973
82216
76608
56556
45164
19737
99349
14505
66354
54730
14510
8199
78911
16419
49396
39104
38343
32953
80219
78997
68648
4717
74383
16187
30992
38178
26727
31108
70299
32442
91735
39078
40921
32236
16225
3946
68110
12163
39563
61811
75187
31414
66924
57640
9467
58783
66015
69632
46032
56891
83770
8585
27419
95261
56729
181
45762
90383
51539
58370
15595
19366
21742
9092
10943
11072
46671
99153
60106
43389
29449
25961
10111
51319
43415
71488
5913
43776
23845
49930
18555
49943
96167
82978
83673
26982
39629
20598
48432
33818
31247
92498
82544
62336
7458
82791
43546
88473
33101
3672
51812
23386
9973
95105
91033
49762
98515
25509
84189
72696
99432
61778
71982
52833
9415
54579
33959
56603
57488
49426
62270
83673
66685
1704
9261
82460
9077
55554
64494
22250
29119
9265
32063
93101
30096
44687
6340
13035
24357
2441
6892
65533
95564
81773
25868
81998
72189
73137
75240
41362
47814
46781
176
63392
43203
57655
24519
38926
90893
34761
85950
39495
46889
51281
85663
98924
16993
12133
32134
43204
23504
10176
89897
17505
76727
62126
31129
60337
79597
49488
63585
72893
29971
30348
48266
91298
26404
32660
225
46185
66668
43921
23664
30629
36592
78092
28553
10441
62315
71032
31970
27491
59289
640
1561
25241
23371
19049
48473
35486
77787
79043
6549
5201
1722
27793
15345
93651
84293
17522
52928
2755
14614
23532
99143
12567
66103
58741
74625
23321
66353
24605
58812
4988
38050
65787
3872
59001
14125
56082
44368
16106
19564
37919
60009
7843
1056
74114
57383
69608
19785
58503
88999
82254
11345
50384
35943
21074
40834
42944
65322
18064
85688
64071
51959
74434
5361
5381
37121
68053
43169
56637
70274
97577
51202
73400
40448
11301
54985
42898
47761
852
95028
29413
15195
83232
70015
2640
22708
43305
40150
44835
16424
24002
2244
33738
70777
97449
25097
84467
24513
84929
83787
98910
12243
9486
66628
52577
10879
95820
75385
18741
9940
27595
84330
55520
41951
61355
62853
96191
52082
73873
44885
46352
78560
39171
30424
59098
88805
77414
34127
31801
91363
60945
36142
72714
5543
44973
78323
68847
96681
5131
9107
9247
77650
3842
18896
76365
35704
32964
13287
63028
60965
31229
48741
71548
11126
2599
12954
96107
26559
31916
18214
77035
55180
51545
52047
65843
52354
52122
19125
73877
26019
19992
67837
94404
31984
2669
41929
22016
13002
13824
74344
70048
81233
97569
75242
17018
22765
75298
71148
12657
93771
59087
10706
45212
59263
16556
49618
23439
6376
38026
95341
20265
177
23910
14105
97305
69779
82526
8377
81069
36472
12881
11246
47192
22618
66226
96806
67711
92554
4487
92947
74881
86669
99396
97975
8257
30017
17440
17499
56753
25917
16657
72639
74941
53878
77737
74220
81553
63357
72748
74917
16679
99750
42988
15547
70481
67940
32707
10335
3455
70320
49356
91731
80110
43753
2015
94810
73645
45077
2407
58030
75853
8357
54946
60432
14341
31062
88340
9241
80703
35220
50888
36463
21507
81561
19332
94548
5309
16851
24040
62073
23565
63332
22755
23023
96556
9443
92306
95742
84790
39616
48278
7406
55384
82404
62673
12675
4790
83350
605
29222
39929
73146
41160
20221
71636
56053
60367
8605
88306
23692
40950
14518
45822
14697
57954
84557
82351
87039
76595
12679
5773
25349
75746
41952
58852
27006
45970
12700
13700
14778
18102
98197
75250
13077
19167
58963
86704
39581
43744
47225
85795
53041
1856
13564
23526
35428
11451
25167
78603
50497
11574
51993
83209
96777
41501
26792
43143
29815
70043
90815
42467
2053
12500
84331
73919
93224
23266
87251
5352
91861
42731
22254
7173
27495
34299
10254
85977
79161
7203
55290
28980
29165
29230
32633
96220
82831
16348
5354
56147
45268
23869
71217
37350
28380
14475
80684
48850
25014
39524
51491
34195
53571
6947
83486
96778
27730
4666
2896
15274
21483
98670
49937
77087
84039
28303
58154
63419
38588
91123
43849
65566
86551
88462
91925
89346
39970
56879
74907
85153
6341
89530
93862
93859
25736
72637
49486
60551
82903
73330
84743
62893
12734
39568
33146
90366
40627
68430
95184
72601
11316
35894
32939
80827
70021
27233
33903
46634
67068
50356
36733
2334
47864
28279
64545
22189
28971
46190
79073
40369
82520
57270
40950
84344
35415
56093
24087
39783
78742
32702
24048
69324
66714
70616
48146
4287
58915
61675
21316
97779
2253
45806
56279
14271
74322
61263
75127
92772
26509
71912
90717
90459
76762
36346
71233
31837
6138
11497
31949
46285
99026
9268
46765
64421
56786
38127
47330
10140
26803
36447
34742
51153
75962
78353
32842
19319
42681
53399
33132
23325
92501
22112
89892
32313
32866
97875
61804
65040
9226
21192
28832
11972
58988
72163
30731
85947
42241
21294
45153
19912
20346
37073
77291
3352
5638
30865
96285
86299
49744
9986
79364
48460
58564
85898
26107
13567
78066
26740
81116
52551
29579
27502
2227
1697
38601
19551
78958
992
64075
82632
73649
87413
74493
11510
86375
85595
7510
78977
15379
39805
71067
29381
42851
82309
74785
98522
8838
10785
67791
48274
59476
56851
66242
24942
38348
13142
6219
7421
35995
30985
82259
60658
38040
14873
45214
97153
14733
64527
18477
92151
2255
41394
27710
96883
33198
80123
98030
87684
55016
54452
22174
18560
76120
97419
25107
61502
85037
91673
17847
89744
69461
51337
45374
23297
40408
11239
25507
66183
9952
24775
95088
61509
56662
35503
80508
99392
46760
6082
27407
91196
75302
30570
36865
67506
11917
42593
14337
6800
9051
70140
29298
25165
87264
21045
47471
79911
98613
99891
80814
10939
43111
69432
38979
1952
88076
23943
68539
13985
46710
65488
1641
24309
77445
86233
33246
87453
76822
16074
33393
14489
3993
71701
43582
86375
14081
45697
64938
13913
51317
48402
51365
80338
54147
85942
1288
1181
59380
90670
62526
70089
22331
61399
10879
38533
41126
80980
59032
27380
55799
13946
11942
49645
23437
1111
73088
86962
19867
70432
80597
26827
23642
534
39339
23615
13658
48148
44358
71918
61235
4184
56777
47213
71259
81067
66647
44574
26256
40239
84882
30764
74772
36324
46149
77696
46457
82679
14973
12835
42226
39015
34961
51985
95305
81237
79299
34166
83183
103
35231
18344
75310
2905
14432
51936
13786
74114
90002
43126
70982
21854
49522
60792
70578
98717
1201
52934
55778
39527
14295
67341
42570
99210
68517
61439
96678
49154
28051
716
93798
90499
43608
23967
97127
41830
14759
43030
44572
78734
90550
3423
37611
2934
64379
23948
66484
35993
42031
15731
95500
66685
20244
90149
56136
59804
58451
11689
25557
44145
21405
60468
70372
90748
57140
88294
51554
5809
4706
70436
65478
52227
29063
33294
66500
76009
21456
77181
29694
42667
15810
9467
41434
61835
79159
75358
61327
24754
57087
64386
20793
80438
99431
41346
77900
81925
17527
97523
67909
67760
87093
96958
41339
2391
21896
31575
10549
1997
40599
49790
91029
34728
95343
20626
52914
53671
57123
57709
73731
80864
65038
45856
11351
14661
80372
71627
44322
54290
72070
45913
43922
95254
60229
97334
20512
8764
78078
62830
10369
39765
38227
69028
57276
80483
90586
71307
17078
67780
46526
69093
92169
60697
69571
99829
3987
16114
23176
64195
38123
46745
47909
60363
7694
3927
63348
27458
92823
22726
96428
81735
68302
12373
2759
96642
5847
91313
4710
4092
13003
39190
87723
95866
40484
93618
48515
9815
77169
73554
36807
19132
91593
62380
41719
71903
50269
75624
22535
69078
79590
77579
77110
81654
95806
51809
5977
71020
72106
75782
25591
33783
97237
49874
23725
37280
57592
83007
79634
16568
17396
4216
78164
97164
93346
9503
64801
8615
85122
21467
69762
8165
95633
77469
11458
7343
8758
98637
55660
27575
82522
39190
59954
26098
43767
27370
84458
52141
32329
2419
75283
88845
43522
86776
29493
29671
61082
67816
19974
86424
34883
78853
44169
94435
76058
78064
690
26437
30713
94606
67812
39190
18858
48372
72123
59583
7286
33780
58757
19154
73980
70755
24426
20074
89821
76422
66285
19680
83603
45465
1163
19431
8482
51483
17409
81701
40455
15258
38442
65070
25837
46518
31109
87742
73470
72757
79893
12595
20758
34114
75810
38341
58420
42595
80060
80195
9770
92918
19136
57419
41203
81382
57492
62694
87300
68848
3116
14782
7387
5484
87599
380
92628
3195
54451
19202
21179
57964
5956
88226
52763
71370
57988
78841
58997
48614
50221
62604
56812
78204
11634
12381
31773
67428
81955
41866
89165
68632
3023
66434
95354
12317
4580
69989
50835
65328
92274
98999
33188
92014
86445
42272
97257
55552
34065
49539
38563
65633
50752
29657
69481
25101
41255
25481
6102
86887
28127
78791
70272
51399
57327
2598
4873
53855
8878
71067
56462
28553
87558
67312
54749
22319
2324
1985
41347
22934
72876
17974
75299
51207
32730
75293
97027
71771
50755
73956
59841
85347
53322
91376
41442
92786
80750
81309
9035
72615
30864
23539
13737
59418
5171
92737
94058
14338
604
71512
30894
62113
79257
84775
82392
13517
65982
69870
33183
56604
13642
21889
51010
59819
24392
71195
87704
22315
84626
79932
54116
64457
57679
43009
42215
19032
37629
44127
23952
42780
52874
93531
95886
59350
8540
90025
79751
23783
1041
51039
39489
20611
90016
94420
25117
33076
97150
49819
2211
65384
21149
74294
19609
86360
55503
59577
95565
88789
64712
28093
94834
77297
42017
81213
95655
59751
76025
24208
74034
65865
19894
611
89324
66468
47433
50162
31222
56914
60304
79363
7146
33628
44469
42368
90188
41481
24499
30031
17247
58247
52792
10095
44052
31541
82470
6385
18205
586
86900
22033
92607
79334
30578
49231
58118
68852
19434
15662
78322
4408
18433
50825
5295
92922
10300
7277
66979
73871
79200
79575
80577
33313
26257
50250
81914
8603
17724
76269
17619
40306
12081
77183
25809
37843
52456
1624
97777
57765
78149
65245
53748
25691
41365
92031
69560
16249
10616
2961
78178
7775
28857
85988
34870
22935
25816
26497
59689
9815
22440
95331
74766
61588
97076
5358
4909
6499
92509
55056
71762
18573
62815
79250
25281
5294
34354
54330
93959
79594
81451
60929
25195
33069
48642
93324
15844
95165
24431
1417
79652
87103
45326
72328
10546
53730
85953
64723
39318
83595
16085
3788
10861
48670
53180
49537
92700
86791
74649
80782
69984
40834
74715
23440
80996
13261
20000
2625
96685
62663
30139
78293
52527
62469
22033
90448
71491
99889
31164
22754
89488
52159
88530
91456
45957
81806
33408
77855
24937
29815
87120
92015
37033
98134
39595
24947
56656
43410
76311
59481
72566
53930
28256
19066
82511
21853
16245
89935
53444
14742
29162
11309
33663
37875
80475
78368
26911
67152
70064
74304
57356
68981
49787
73713
76420
29433
18910
83613
83636
30609
66762
14822
82050
97625
45059
15051
83335
10717
94303
50297
46650
66852
45645
82827
50183
22106
58450
22143
34783
1561
9518
44886
62057
5171
74877
81768
65014
46047
85882
95682
53587
71549
63902
2685
47479
76263
50854
56028
1787
36695
78963
81218
18921
84175
66602
1901
97421
12233
41051
80819
33001
65627
40383
82935
45605
31430
87099
63528
85027
41820
79490
21687
35505
72779
32790
23923
1303
91114
879
15618
92400
57631
69396
33182
3861
31691
88037
88937
7381
36275
56796
70799
91745
78348
46440
31383
1539
42177
6361
98597
62607
58276
65786
42799
17714
82511
82199
79578
65991
82005
31936
4208
65000
25739
25862
31264
25282
1100
31491
64595
25985
25645
49270
67398
85866
41118
18923
79721
39368
75130
13241
88434
29885
79915
44965
43615
30970
65116
8229
10214
1643
40093
13214
38171
83433
2669
494
10398
46803
25479
81894
97245
38103
89483
2223
96717
67913
82087
44846
70177
2934
89378
55394
81861
30291
23494
2633
46842
41678
5415
36322
52205
74470
93780
54734
56502
37143
28825
85584
12170
72109
71406
51219
36766
15354
9824
11947
97145
45506
8090
7507
18452
99859
39696
214
16656
14611
14055
25065
7124
79057
86468
43125
32674
43934
36656
84434
92117
31220
79940
40687
28378
86740
72407
80815
45671
21614
81185
12301
43260
33817
4107
6432
78261
34818
7126
59257
29769
65857
18468
87593
75010
81480
84583
20128
81401
68853
61284
84784
54093
63782
12482
51696
8000
1484
41749
53180
38606
6712
83554
63386
88427
97937
60431
62455
34904
53896
89321
80944
50914
29347
47472
43469
70999
25814
99459
71879
15973
17712
69603
79787
80913
58288
96327
39798
61873
53656
8316
9728
51879
37690
1686
27445
86138
68464
61816
23998
62770
78312
98108
96767
48432
36987
51711
4089
93256
96063
54380
55983
74716
45106
87299
48806
73846
32247
36262
98630
94305
9981
80896
76093
66629
89338
79699
73827
30045
30616
53404
38360
93622
14630
2340
82953
89351
40559
742
48625
4584
47591
49784
21180
8400
59809
42200
23495
48495
733
95220
48611
3460
94655
4726
11673
51356
19452
69130
54823
56392
37518
39694
46216
14233
68806
6901
44818
55483
53664
6967
26905
34827
61586
99449
7345
19734
20607
75572
13424
68368
5608
42821
70418
21262
49826
11856
50358
88896
37955
63250
45158
14190
62421
5570
53716
43982
91437
48066
223
20896
68085
32552
28181
13478
31589
72899
74387
27043
43889
50157
96583
80270
92124
3756
39286
7603
8682
45540
47258
88166
93459
24829
66819
48741
9683
4972
95071
38026
6718
23136
180
3657
31633
8555
4777
35948
69187
53132
11301
8425
57243
31349
71279
11580
11227
66078
87508
67718
15418
65861
34855
98594
4624
67455
12131
20192
79146
89856
92876
59744
5309
18179
85044
44364
14871
51510
14457
5330
78257
84198
90475
73885
91840
41218
58444
24079
38443
3790
67760
21981
88631
58311
99619
25671
74366
79373
86762
850
9407
39506
86913
89444
57390
90174
41380
26236
57580
26813
50377
46187
13777
83173
32971
79571
42854
20263
79809
95066
49263
28529
93677
17098
37253
9150
71825
67433
99810
68155
63547
7536
54358
28247
80801
36939
4086
61734
12647
72940
85844
27794
57054
24652
58249
92927
24710
6462
35951
65784
4724
51249
78412
88251
52335
22435
97896
67358
15700
64637
97791
64253
61914
29039
24146
79042
57136
12392
3672
35631
77858
18801
59826
16074
99322
24199
84573
15621
37987
15764
23456
57866
38248
17353
37508
25824
88315
2330
77571
71484
32786
24694
26106
29030
67052
74145
92120
39143
59538
42544
54265
58380
31224
76864
43116
12186
68258
44083
20175
19726
56707
46728
90364
63855
96129
17494
47421
55699
45205
37060
1468
32266
2094
93896
38549
54379
41973
63835
66188
72442
75883
50870
38587
69042
51790
42859
33572
29236
23738
20737
61125
78700
39661
13197
57321
61277
35523
22090
79963
47657
64224
39926
80565
29214
64300
17864
66518
34112
32152
23921
75218
75759
88447
34062
14404
78837
84743
47975
33983
91438
55719
90087
40322
83188
3874
40697
6025
57478
90834
49435
97920
94037
36512
88386
53491
93771
42736
50282
85344
94232
42937
43863
54446
44538
45361
13133
57847
37864
30952
49416
51521
97563
84043
18105
29322
17594
96937
18590
39969
80544
67186
10909
37138
87820
32667
380
28089
93861
75709
800
92728
9448
11422
34145
64163
97072
11559
86502
1465
65344
86548
33282
86061
14543
58731
59690
74114
10161
38468
60081
31125
44926
66055
30979
21524
15010
65810
26586
19245
3137
85625
96640
51777
13156
83784
29698
1751
29891
8325
39469
77996
17905
34128
24425
30952
36127
33388
53102
35597
31086
85143
59046
34665
57525
76085
90721
34570
57866
68395
67727
64401
53361
26727
36190
13439
11903
54397
30256
87244
64393
83277
70135
40630
84910
69536
74032
44406
22621
71792
71642
11183
47781
12039
5649
42464
375
24992
80716
92985
63385
51594
29839
37226
75274
35051
19821
90966
91438
75809
68509
71174
44757
3556
91832
88987
92908
98503
54189
53467
67327
11261
81953
12045
44521
54008
18918
70047
17306
45708
61111
42244
88035
43826
33517
91804
18817
57001
7297
40811
76292
16023
29663
99595
56027
77550
50115
87933
67934
50633
81106
75771
17016
24597
90392
70537
64655
79725
97849
31370
95440
41981
31062
19663
9628
79176
95711
50250
12777
31077
36047
82977
1078
33828
51624
54205
29968
65231
65324
77666
5050
97835
61685
90233
15324
57054
79666
37865
53674
89290
11486
63397
50671
29847
38046
8575
64503
99536
65495
90041
40278
15523
31434
11452
31544
3308
91053
13186
36486
4459
7944
56493
85041
4561
50504
62011
65599
45530
19075
79217
4719
31924
89289
58644
57034
80447
12899
9078
17256
4748
83338
58413
98972
32647
63431
7616
31934
7345
88291
38075
62835
22118
66826
24067
58106
84382
48384
63555
38677
10895
28544
89955
6834
78031
99533
27386
98294
22359
13911
81658
74021
34723
10701
35530
78960
30134
77049
63858
2235
76538
81788
65007
80265
79461
31974
13670
62119
88375
78674
82645
94451
67136
99900
60229
62951
62302
97184
540
45189
45284
60176
76559
28288
15895
62994
92020
61892
38898
85524
90037
5124
17225
19533
72929
76446
2282
2897
66716
42477
16191
86864
79351
1195
36336
92075
62522
41441
30246
39668
49630
89484
28650
8578
34135
99341
21420
20430
11630
32142
47936
37261
50285
68460
68578
70921
21588
82885
12602
64350
49129
49920
73403
52527
29963
52339
15077
14370
69383
99284
6698
24959
10947
3680
57102
36384
21912
70530
13959
67381
73662
61985
46788
98359
64415
91944
28682
35622
48269
46099
59642
51170
6159
14771
38958
22690
65142
95454
12066
63509
43151
38806
35055
95667
26801
4692
26322
53022
58965
3793
85836
80698
36998
78033
28386
88775
88718
43788
62501
87479
21712
93786
54188
66032
46516
28091
77021
59423
17052
11520
20842
23607
90454
86969
52952
34629
41898
46972
66555
97329
44307
3086
14494
97491
14730
46962
65183
50415
28670
18155
11542
13519
69248
32176
69557
86300
12091
64651
73387
8857
9761
20877
63715
46972
23296
20818
40554
57321
84115
19596
62126
98572
70709
54063
80737
44435
34032
44376
41885
88998
49267
91419
69057
4356
8291
67303
93114
21915
44296
83896
36413
82532
71208
90393
70768
97816
15729
86548
37992
28467
65808
1720
84877
8484
28063
30886
87802
33965
70266
95800
47009
13246
49970
42957
22348
92520
56699
93941
97213
13312
19648
85302
87926
96659
10455
83673
97397
96928
83470
46484
19063
95607
18564
93077
21726
60588
75829
44711
92269
52823
49997
78788
4688
95019
66206
60312
95192
73009
60077
71981
58820
98624
98310
59960
84059
19931
96368
96128
58678
94664
30170
68742
83131
28616
68629
51893
5443
51480
50300
92008
52157
68419
44589
84594
45164
63266
26683
54158
73739
71761
99837
6947
84081
68078
60126
47507
60656
48433
87127
33089
71447
43011
45562
81277
37879
90652
76581
22318
33890
83997
81206
79130
86863
27558
49054
73653
2970
67958
15246
10467
65225
14589
32654
99724
12394
73215
17133
38331
26840
72743
75634
21842
44028
97861
86609
46606
65679
582
83097
5747
61661
97742
55722
30388
5222
22037
18787
5089
51903
45147
21242
3437
7445
9449
47173
410
9073
39654
82741
13828
28439
35666
87619
84935
57321
53058
97955
55629
99048
77785
71796
68824
47482
12448
24505
70472
27175
32130
7906
29226
18621
33766
65507
25470
78356
96457
66566
98691
90348
16439
33757
31937
81586
4166
77423
80114
62722
71952
62548
23885
45126
25611
38172
31825
55772
24102
40681
8619
91797
51426
32765
86820
63866
60842
11085
63467
5481
11249
1045
90
478
81767
94470
19910
56045
26263
11066
34248
18571
99776
91560
23268
2892
66382
55475
57235
13958
30260
89917
13489
58933
73193
67897
36708
78776
13052
84157
43111
73561
32436
33654
42515
21194
97865
15478
26825
79659
87673
97928
27518
10728
57192
60836
83459
62110
96823
34110
2352
58558
44607
20729
6125
28010
76330
70905
92061
14237
74799
30646
68519
70376
24168
50348
25730
86102
9681
89039
97788
43472
73536
71356
87943
62621
65595
55819
77888
13249
62330
25153
75870
36999
71514
47650
27284
86937
70971
21539
50467
90732
5463
30204
11647
10681
66560
23484
54075
9157
58132
61048
13555
42434
56927
25436
21719
29422
84398
26530
13999
88185
18955
51967
20112
96325
35258
38266
39193
27238
94607
36889
98026
10408
28457
98708
48002
63728
46639
23242
6578
99867
18918
95890
48068
36898
63532
11370
33762
96159
67508
52907
6148
60937
28702
69598
33722
29531
71122
93255
85329
