44400
48259
81254
69974
70091
21634
99971
8584
60686
54661
10562
50798
59859
80603
43086
95645
26048
27527
12254
59920
75877
87280
14495
67830
59458
5413
19497
65529
49702
18321
16819
6156
84850
71350
30915
21840
67995
32714
12797
69571
43150
51371
58685
87493
81198
13247
71424
9224
33658
22188
50268
39476
43626
57585
93873
12693
98935
74047
34775
578
63034
6648
73686
2378
62188
25986
78708
25948
39757
84232
17480
61235
82401
53934
68046
74524
35636
97582
48084
56454
99678
82228
90737
43429
73922
12818
90805
76515
71696
25249
3388
23300
63979
28821
42492
40084
66980
31451
57117
70031
89029
3985
91848
53228
29130
92354
96312
71047
97673
85470
11405
53002
53618
60978
86880
61655
11826
80424
5425
59765
46866
67742
14780
89044
61596
63643
68298
41950
2973
16980
52419
27516
62054
83866
20449
95427
84012
78749
25119
28569
4272
77697
81777
60200
64697
27195
22766
94461
40381
69768
22535
21085
19231
8266
26395
56806
7186
65568
27203
15197
68283
27777
14313
69657
97268
3573
52310
19658
29613
11248
26984
60615
89486
82444
59330
61908
6135
62433
765
53196
58344
62500
39869
15601
80028
73850
22366
65261
87664
78455
90253
59011
1762
54551
23955
33783
17556
66807
80428
88087
42800
6385
38646
14981
2854
81747
71269
50850
80688
89339
43859
9912
7958
51729
97781
47012
4557
25921
75336
62174
18907
40819
42474
5190
41398
56073
45862
78829
78058
33268
75367
30077
9369
41395
57517
57702
78556
20106
83613
27878
18440
92795
30707
81300
39884
15203
5043
66506
80215
60915
7326
83724
60758
75337
2655
73433
29659
39851
1732
78733
3801
65024
24234
93008
33644
21227
93618
6783
35509
17444
64464
79893
72323
90229
45570
12629
62766
6478
55389
3703
65820
20965
88322
72749
3078
47822
65552
27152
18293
64754
80979
52172
15590
3279
56475
32516
1229
77484
59079
28580
81045
7991
89664
52449
51301
27485
15714
79599
29950
98342
87317
7935
9602
21898
84858
30546
57103
63284
10241
78527
32648
91057
89527
17597
14900
72085
25980
65742
36736
53707
33267
4072
27295
97846
87410
33728
34930
23848
74361
4661
58019
40446
34656
41687
65771
44151
93481
38418
65012
15120
96309
8539
70040
30429
47890
13525
22440
50821
30962
47648
47369
91771
47223
86720
45752
84948
92554
86021
58286
91690
82187
27740
86239
54732
22274
33425
2460
88159
44340
81951
51289
51254
11729
19894
8585
96169
33194
46024
8421
20789
70017
10352
47019
39216
76441
64799
83587
83271
52427
50212
29213
23510
5178
5880
31350
45059
48767
80707
22714
10903
53182
26798
55811
64474
24921
90470
50079
37034
84931
85097
60144
96919
23372
58225
29741
70271
20251
33562
83557
38337
62491
3442
32291
2656
34700
67292
52462
11926
52666
14560
13320
61522
45355
80851
45206
97839
19313
74110
55102
69427
3711
37325
8588
68193
1145
11543
91024
66171
89540
86341
85793
48855
20796
69633
30533
32380
49444
47165
76680
61274
10904
97788
90345
45252
44575
26145
69461
23339
54108
85586
95819
11416
13764
18344
59614
55877
426
53078
34937
38104
64725
33716
96700
14269
41203
83207
39333
19392
34055
6798
266
73092
73629
66315
1443
21026
66399
51629
49636
19265
50944
34806
70184
96878
85717
1582
98633
15064
96675
57827
76236
27691
94772
57978
41626
19239
5540
25783
63560
28573
5047
20036
3352
78566
14925
88098
79576
11039
27405
6602
43529
6372
77823
41406
64666
60648
92310
32242
50834
1198
43946
42032
77389
19272
17412
79308
33694
96873
76402
43108
90546
92201
29882
28563
21941
78805
16108
83316
35278
78576
59088
87725
5957
80874
58942
2367
60133
34618
18732
1192
49469
65435
74818
80883
66112
25953
2153
71709
24524
92407
59586
24293
44328
37495
20628
93423
49830
92229
70589
43892
82088
97672
35561
81290
49023
87973
45312
21772
8270
82137
44250
2342
25101
49587
78350
58079
22409
22061
14504
92546
60425
42117
98232
26667
66860
54204
98759
2827
81454
23402
82949
97944
2409
11163
40574
55412
42264
12362
64107
9944
63735
45241
60228
98974
2918
38826
41267
36904
40461
16637
74052
47375
63865
50791
83896
8235
73059
80523
38329
88764
84658
62423
42408
73555
97495
11390
17522
23841
65623
91021
28801
12025
3205
26412
90254
22628
4653
68692
52693
30466
270
73351
93505
30007
89599
33488
79206
46010
16466
12696
82157
20021
48981
73058
6858
91129
74069
60228
71337
57794
2301
75682
42503
54979
2045
37897
68669
31885
25862
20676
55767
6017
59441
71455
82659
1648
7967
75990
59333
25450
99803
47416
16263
4011
94684
76830
43054
22367
84263
33666
20680
56846
47953
84893
47617
25928
97857
98113
82836
70989
15924
37520
93630
45049
89306
11255
16975
43371
77310
23051
15994
46609
72260
49790
972
28530
75530
74910
62905
75927
87729
85579
54834
47703
96245
54802
17746
67037
11671
30218
75704
53784
51644
81802
71471
97215
33070
97126
34600
65919
59904
52644
12969
5154
44623
86815
45791
81502
60548
2455
97679
663
12343
21587
6315
60274
24397
32373
28640
85367
35873
76952
30347
80193
48161
59528
78347
10150
37231
79485
50834
9182
10664
28950
34966
39153
21954
4654
20836
59714
38478
67902
84660
50130
55324
24815
42647
31634
2270
30841
89613
97513
18149
46557
11027
30845
59688
5244
76025
38658
27043
90674
17394
46172
45851
90387
8132
83443
70463
18592
66752
90130
21323
8357
60908
46428
19430
59026
75739
1740
86955
62196
3070
20039
61221
78768
73651
92352
86740
66747
45692
7783
51468
76281
97227
47759
46172
34640
30265
22458
69228
65032
37398
72900
21535
31841
83930
54377
69432
72721
41370
91764
8217
48248
68150
96581
80231
21730
30864
77085
24138
98489
54519
59017
74064
49285
51425
49993
76368
69537
52535
36188
77868
17114
24682
51402
24527
90086
41219
42445
7318
64255
94392
35805
19308
92379
10587
87095
32526
73
35596
73609
29965
58346
94575
50396
64177
92490
61816
13023
88250
11865
9283
59052
27426
93195
68992
56825
36703
40072
8715
82941
69668
31568
8634
48060
7815
64463
76815
10129
68605
90137
70189
42551
86242
9314
57928
70549
37845
83772
43637
70020
7519
4878
95552
31902
86964
81774
97053
63428
30706
17883
76118
73547
74566
82937
57922
59717
41071
26345
36055
79944
88186
37284
21271
10429
13260
61045
53285
8519
13470
35024
46715
16749
20386
29011
76340
70726
89829
73751
100
65504
13357
84947
23015
13
92577
48685
36407
73067
82279
90621
12055
82190
19304
31329
11148
39725
77520
30775
89644
88485
82610
70266
14030
71022
25736
475
12769
55512
55768
62075
88537
34209
74451
37539
96451
34646
34551
70273
76346
54531
28628
1727
6450
24313
84299
40385
43890
47867
51441
27739
19711
58373
15668
37581
43251
11162
90869
30364
50796
74184
99763
32366
99488
61498
60136
21377
21070
26906
10669
8584
21553
26657
3769
33987
20974
93692
72486
19194
11692
55292
50324
42519
15747
92411
62567
89149
74828
80582
1708
20680
77785
35755
5881
69986
51902
16640
92562
25823
77996
62509
8199
76758
47359
82680
19450
28317
69389
92395
17951
90336
99582
78628
21085
39741
88827
67705
90225
46047
81184
73253
53073
37236
25259
2068
91630
25389
70902
26311
30450
99539
32641
65572
91433
12352
56360
81821
77053
45889
70036
6715
65785
72870
48525
20263
26479
57602
9709
69236
98645
51270
66096
1645
66121
3125
88583
43479
15318
79555
57804
47138
59599
98575
31248
1969
34808
88506
65968
87267
38275
11394
97287
26270
41560
10912
16860
72216
11918
61691
34747
68865
39222
52806
48834
43664
60312
52701
60114
43944
73909
33111
13029
29126
75242
52136
30014
76682
45494
62550
91868
99360
1139
5974
97257
77770
47616
16931
85679
63564
86015
54682
4490
32755
28026
95060
25785
10434
89025
6145
30221
62747
16846
13789
71972
57063
76106
77138
76591
63170
37416
36586
39631
64166
28783
82447
42303
10226
26101
53346
9707
56758
16422
71156
12734
70110
63172
38436
65881
36472
62409
37237
16255
45636
10119
40266
95661
46328
33969
83393
73223
63213
76498
82538
4814
11849
85467
62915
4493
60234
14235
6833
79411
54795
90342
83005
30011
26678
37176
38216
99878
45414
97395
61708
10315
45432
85475
37041
19652
69518
60451
20041
43210
13247
93689
97417
5115
70430
37948
62436
47735
1414
68214
19173
65099
39039
23044
37129
50372
35919
16922
84310
61669
3552
26019
4348
56852
90153
25414
72999
77838
86524
45541
32734
60763
55756
71103
92251
82652
58393
2421
58599
87937
43098
30282
61745
84823
85189
96451
3723
88830
49534
87790
290
88857
47033
29023
82904
79903
75085
94965
67359
35438
36248
29819
29364
53375
57161
59466
92981
3700
3630
4011
68928
61134
27642
62555
33866
56156
60850
14920
91449
56813
56469
99992
70591
24422
35238
58568
56275
40144
38839
31250
86605
93128
86484
13832
5598
98394
21577
39740
89482
66920
24880
63586
77955
3043
11579
40365
84643
88125
33946
5558
20358
68149
1418
58940
94305
97777
53915
24613
40451
27114
79707
10658
41510
20481
8964
17520
44370
93999
22143
63227
65743
88923
70324
84541
21188
38468
43504
97892
78801
6078
11792
37618
16421
6714
88016
87006
14301
3133
33803
33911
3194
79378
37774
39209
26077
7708
45277
44088
60706
57092
8097
50313
63703
81969
38797
46785
33207
85909
94988
15076
2375
36835
58314
895
43691
75551
50715
62018
42118
75502
84427
41733
12013
23501
19202
73355
71047
66845
67123
77572
36867
44635
96706
6060
38934
92654
88977
18929
70896
99066
86341
73170
92249
6641
43801
88738
7117
7657
62303
43500
25489
14953
39598
9041
8048
8252
17101
62092
41207
98408
76506
50263
33642
36505
42839
8902
37409
83671
33073
28625
51746
61910
83631
37104
76636
64811
85396
5470
80413
41884
39024
26592
75153
90256
91049
54143
35127
41286
92802
68561
98210
40194
49317
94773
63017
74498
56914
97949
47755
25614
16612
14630
16355
2414
55964
2723
88451
74902
7533
62072
84464
58620
52419
14530
70778
90793
28112
42516
96630
35502
71956
380
54362
85326
35209
65956
65941
30137
53321
51636
89064
80922
66364
6196
55045
41606
20385
7311
36802
13332
58520
28980
41722
31532
71466
89878
56993
92440
18358
56627
96449
59767
31866
32050
93814
45968
20985
47461
69698
26756
96270
64974
25133
50684
77198
51486
58685
30465
97971
4985
36910
15403
10603
11733
48431
91921
74971
65952
87705
71711
77937
51105
44236
33926
87269
19735
1063
86285
95563
60863
35908
77797
41527
85457
16142
77114
79661
36841
53760
20261
8485
3491
49083
97950
5464
16447
71907
38063
30729
40773
42294
99300
80978
73442
93803
24383
67370
11888
5923
19304
98576
59411
35310
8321
61111
78368
25694
27127
81070
75192
74208
22612
90699
466
6940
98578
44851
70839
233
8106
12232
63911
22797
98218
60592
70041
62161
36805
44158
30239
21342
89381
68671
42600
96822
76379
78339
36287
36369
15223
56517
83440
84818
66515
44921
46507
40229
55049
77586
86017
98775
34438
27437
18443
24850
83222
47037
72267
83604
9406
64531
50410
63083
83976
42730
53472
17967
48665
55021
85297
86043
56543
76902
61685
10570
81574
19427
93232
52298
50313
68167
73824
53696
8774
90730
90646
38680
81194
99374
53371
24294
68748
68319
69235
76734
49270
22086
31327
49580
88605
19819
66204
92593
77458
5124
14249
15643
78192
19102
66279
92160
99574
74342
21305
71351
28719
86837
47242
5619
63628
90646
47181
84732
69780
62933
69824
33996
33202
38726
45290
23651
82380
99695
14339
55975
19860
29299
85139
37435
1143
56092
41522
99451
4882
91812
35183
99281
5989
61568
34988
24792
47488
68298
6855
79083
49338
12841
91571
50760
68832
55775
87044
22726
28330
59823
96138
43024
39465
78601
22709
88477
98333
39027
93399
74797
48003
7893
81831
84835
88812
40993
58881
97082
4392
51774
56202
51429
12929
22160
46962
56230
81349
33381
73362
27050
98874
13886
80789
51520
65110
63544
73235
47956
97543
8022
82936
57677
1740
87725
60772
89983
64231
4491
13515
82797
72778
74533
13788
1599
67694
97468
10623
71259
37283
14411
9688
52323
12994
39056
64872
75211
62750
62420
52754
17366
29176
71769
50587
64268
65074
4031
71787
60122
72699
75539
5648
51334
63913
45012
80673
17101
57829
20099
38816
84890
68320
6375
65401
97893
83108
32441
50311
11623
35301
66771
16982
2229
9814
39472
63235
30912
98520
15776
2975
30824
67980
48139
86514
93592
83466
50111
11613
96386
93354
16888
61176
5528
2720
19626
57305
20164
5221
4910
42614
56357
21520
38407
58562
23367
53539
42288
51539
84861
65057
6724
43237
75997
11358
29097
38871
89912
67055
95865
4626
27284
15937
38511
33706
97736
4037
81675
12093
49140
90761
45314
2425
91131
48961
60069
51451
37886
42180
62187
1457
53334
24116
56542
48416
55629
5493
66879
6497
93593
96766
92535
23079
74998
41709
54524
84156
89887
52053
26012
4329
28297
74387
95048
66420
21820
20575
97632
6276
89711
10749
52215
85152
69055
47474
88163
2933
25067
48116
14563
13014
20879
47995
91341
32350
41627
57492
70451
34993
52976
30995
7985
24352
19606
96200
5590
3275
61181
2539
72301
7425
53486
38962
31463
95140
93964
35393
47686
45767
9293
59968
77480
39513
52751
33608
31022
41979
67961
94007
65352
98637
15695
25380
44256
52519
58929
12748
73663
77347
81713
65867
77055
42872
89775
25254
2255
21600
74002
74788
27836
77467
71429
63389
11298
75149
96012
29387
56175
74979
57730
85213
14960
86771
17969
92331
28347
65249
80332
95011
77624
76350
42124
9122
70380
50314
95526
66878
78531
94554
64901
44800
23961
35285
15433
37039
41286
57368
39835
31367
43524
91674
9547
55561
33406
75561
51689
37740
88022
80115
74429
57073
89587
81345
85827
55028
32486
37822
33126
89790
18199
89333
50680
49943
31697
27320
46539
37625
60934
90749
86063
7040
98080
60835
38601
9726
24422
66706
19788
21739
2407
32736
28214
57305
72422
720
13033
75365
11393
22677
83653
50026
32096
64213
85983
17007
46359
36680
480
46817
4600
66176
60509
49531
28312
83458
24270
99329
94524
53458
4525
51661
57152
27309
53644
61056
87075
62832
6643
57050
691
77430
68021
19461
66096
22974
303
17644
69408
19243
32348
52457
50447
44164
28824
21851
22016
63836
11023
61302
26612
18957
32096
18773
15957
82461
30419
57610
1120
74531
86452
82038
43629
75906
4908
59412
41597
82580
85787
56592
16639
53186
70451
22262
26334
40399
13492
7908
82955
49621
4416
15009
68386
70343
82938
57095
40828
70869
66431
58779
5744
18222
76897
95582
63238
48320
3868
27675
36442
96603
3543
1953
84393
33075
82649
28171
17084
38948
62566
68059
86446
37424
2132
94533
95643
72484
49294
29639
14214
19609
94436
35415
19495
2230
25133
4660
86064
19986
97114
24350
24219
30935
71640
30146
48306
15714
74978
77646
91034
76871
70465
83171
48540
45522
22017
12679
57681
35720
113
53082
77194
2380
84502
80833
33178
45917
81708
84894
48544
40892
37307
71105
52116
15372
18769
31159
56557
75954
31682
15745
40557
38268
83225
7008
59434
3038
95962
40011
81242
83095
49814
15267
2234
12594
39849
83230
74203
52712
27795
83039
22154
31587
19537
45575
13626
14782
7031
10245
72015
81576
76845
50505
96586
87015
74051
5238
14124
73529
46322
97365
38313
40789
79665
83974
98347
59152
14128
74066
63040
70716
54325
56892
74017
56395
83793
32853
8863
6961
51197
847
21452
96359
6358
94377
71556
8940
36018
68170
96598
42214
60895
16233
7058
58982
63031
6632
18129
77674
6433
83552
38172
70139
67558
83736
33722
94711
43502
48463
97849
12777
58040
57625
15672
51284
8787
85575
76366
25391
75899
11998
53723
92330
15827
61674
65802
3086
14299
15756
13535
62531
48814
75886
56803
26571
44667
37015
55336
86795
78206
27481
8699
53130
27547
91528
23878
91090
9398
70757
49406
85428
63505
70137
26448
25000
15331
57693
90819
60946
37906
47350
9898
67167
18701
53214
15017
22958
54120
96957
56704
16012
15828
5271
42553
23608
43386
72382
51658
60038
99316
69512
59592
91039
60137
5756
87048
933
95683
87718
74611
85812
50095
44906
30565
23331
11120
10421
9090
39178
22303
80367
21238
29086
31908
25996
60455
75832
39722
88001
76986
61140
40674
67476
72414
22996
6326
14413
985
94820
46023
1321
82573
71641
69958
9069
1414
44947
54060
56759
32610
74786
64951
71663
73214
9156
89377
46525
21689
71212
40926
68917
67816
19998
38642
22061
37174
14199
21388
47887
76564
71562
26147
30633
10020
16997
1452
83842
29886
20082
63509
37351
67582
65017
84929
56740
1099
39683
75168
17166
53124
90457
61290
89756
77832
74955
89465
82358
73698
70828
93088
46342
55568
6011
33803
7340
12207
84797
62676
90349
41892
83781
79999
41675
40265
24309
47411
88879
56274
1022
62902
74147
49883
62660
44931
1660
7440
35357
46315
21653
29304
97592
15589
73463
95455
42778
54515
95028
34687
34307
93555
11603
11466
99119
57406
89893
91127
84953
23297
26678
63302
59738
5109
92575
14577
35663
65693
23096
90066
51672
28443
460
17003
81469
99280
8965
70518
99563
28207
1989
18569
50876
27132
57526
64645
49941
65958
60890
9532
99753
42717
4028
89244
90586
86130
65607
69372
49663
98059
30901
80194
53729
78975
56639
25839
14144
28884
62324
17448
94195
9042
11269
53282
29677
37379
50173
43400
92762
85866
30861
95116
34152
18686
86565
10056
74883
69953
98815
77680
68441
68193
7830
32118
15260
33290
46164
79768
9414
44389
94824
69034
31542
98674
91158
87868
24472
36157
87305
62025
89539
44096
49828
89563
9788
95285
62070
1437
13304
74134
10635
24223
79231
74099
57631
62176
23052
72527
9069
64891
39153
35672
60934
42960
46839
54465
2814
58989
34051
61149
42528
17913
61236
25402
16129
98590
86568
49656
978
75824
49662
42437
48015
64478
17527
53206
94868
54548
19574
51204
69711
25354
64262
43584
58001
6157
8891
85588
77630
91912
51792
65784
29317
51407
7791
79342
88841
679
45232
69467
16253
45717
9113
72482
91790
40034
62403
830
14842
65000
68445
75355
62206
94907
87946
76626
78925
45206
97925
58687
20669
1857
22085
96353
67004
90845
85371
14126
10752
96972
43032
16880
58779
63968
63692
45888
11853
8606
87593
88893
25683
2765
93382
76809
90174
76993
49247
13953
75039
8511
25082
75063
51134
84685
92580
91245
92425
93848
62586
6575
56681
64256
69892
84366
83185
43236
44987
44245
95696
7269
34027
938
9606
43098
89044
32322
95314
46032
91754
25857
52778
7356
77501
57422
19844
26174
55059
16431
26353
28531
1296
98917
25066
67351
92152
71590
45410
85109
86027
18515
6619
32238
54479
65494
60788
17953
7244
31675
42048
64540
88912
82471
64210
54144
70451
8153
96468
66058
33076
70235
32759
65411
34626
7908
2053
54470
33272
3214
70706
68265
24768
11568
84497
33610
30616
7639
56195
4631
94929
57926
47466
35898
26260
59814
49595
43167
59647
93515
68338
96996
76461
30022
52991
74652
51316
24576
72639
64799
56584
474
89862
19250
87741
32254
61751
93966
94857
49857
48310
8912
27656
47447
74516
7548
76761
68659
39210
3151
44262
48410
23490
85600
49761
62499
96302
19537
46473
58989
69723
2712
85004
11901
74784
69348
2598
84498
67153
87343
73704
96487
94577
95199
11188
47652
21444
79032
29285
31681
7202
74082
60939
92601
30823
12050
29427
96070
72583
37047
42182
6463
17375
71364
26568
63243
80679
30549
39872
80640
14019
40287
21400
49245
92409
62105
42106
3552
58108
87489
12058
67077
52007
37580
72275
65627
2598
31758
62249
22212
66990
194
41806
46218
15789
58454
13024
50169
65564
26775
34575
26140
27185
40596
73180
75511
63472
32337
40317
25662
23970
3659
3870
67633
45150
42627
26177
75062
88643
37384
12390
58897
53000
63685
39686
41345
53162
48677
17208
17466
20165
3966
35126
39482
68830
95297
72506
7690
30973
37084
55042
35796
42136
70762
38356
71804
6601
99289
44282
77916
69250
44789
24398
93983
83831
27829
78993
73114
24666
35490
32532
13730
91493
17440
1306
41550
54031
70906
85173
77098
44321
47406
59053
96084
58594
35634
61439
64823
81231
98626
50434
91746
96134
28392
71045
37829
5953
36710
66868
41991
11041
96066
60185
65254
98560
16335
27646
98444
16104
19412
54705
11626
64098
2011
52865
81300
33990
57336
3877
68056
92753
88019
89852
77276
83029
96821
51727
77876
47178
72587
1234
3005
82530
80026
15049
10937
9082
81439
34087
17415
94381
64513
75442
4414
43459
63798
69763
67110
58694
89774
50345
78515
82421
87136
92140
94111
9745
70800
77583
36802
46964
90233
7728
4304
97026
12284
969
3568
41016
16709
12888
61653
86241
26423
25148
60763
20776
5492
76310
96223
2183
61930
27407
45659
90622
75677
57688
80797
75871
79309
19755
1826
94021
96548
22897
5332
3429
26046
72030
74014
94269
92277
95638
18184
92650
90569
33555
32404
43317
27816
40990
44115
89485
95615
38970
63780
6864
74589
69665
9866
69826
12704
48134
75817
38816
15391
98202
83741
73807
60851
99658
61784
21710
6563
25573
86518
40522
98506
41243
48253
14735
68391
45504
77110
77340
37185
33200
52611
97263
27989
65901
30748
2016
59518
49604
12138
13386
87007
23246
40159
26307
88880
5618
90256
46701
67170
31752
2161
67781
13553
45400
46987
93721
79653
672
11932
71895
79621
4340
69867
14880
47737
81632
73190
36987
14681
65705
42362
75110
99832
35218
22510
91335
40903
70011
93821
3584
25479
94083
95342
34305
61455
52270
75281
83768
81141
54049
67609
48003
96669
40458
97552
73094
76956
23197
20316
42520
91559
82745
2188
28856
73245
43786
64542
17533
27789
52327
4145
10218
79078
42907
41217
44608
60249
16481
53284
37614
60685
264
18848
93700
51007
73398
56423
83589
79731
45321
25841
83003
3515
53912
15636
16484
90947
62329
47682
41162
43415
73052
57536
94288
26002
14836
21374
32904
27044
39893
87511
38337
4670
3192
39879
38046
79869
91004
96100
8322
51633
55559
19162
33511
81993
24779
46631
55791
50685
70979
73328
42449
65016
91964
24958
51669
90592
77745
96953
88827
39394
51662
22047
44180
40735
726
84352
73332
91181
2496
96985
43392
38187
9756
20012
52642
82374
58100
57912
97755
97313
2349
9402
81688
14820
12397
32320
76797
15619
46614
44006
16605
57257
35248
98799
60972
25890
39621
92193
7820
84322
64230
31485
96771
76053
83723
90041
77934
42692
43768
20988
27566
74081
75419
98294
58785
90191
98545
36121
74156
26032
81096
47640
47476
50476
36639
41595
43692
67195
11178
75900
47432
97744
60498
69729
69008
25795
84985
79510
61808
44601
28187
47878
40556
73617
1168
4470
16081
36813
36974
89374
41767
24379
61355
11237
38370
50368
84928
34872
60216
33152
13225
88518
42573
35948
44712
59067
25897
7240
91690
41719
13739
47319
90433
10379
58136
88902
21905
58063
48268
21203
76582
28290
52144
45272
11042
22559
74796
61559
10453
22425
564
85059
16709
5651
43774
83048
50093
2783
6836
46553
13345
28080
1189
5588
41615
30173
18646
31220
20449
87189
24757
15443
45471
51130
90798
5050
96658
67644
54326
61446
42595
68051
30085
13561
89410
83479
77185
50426
29923
76095
25141
58601
64258
50933
52992
93315
87367
21875
61034
66351
81253
29884
49969
99491
33692
50521
4770
75894
77822
38062
14532
43554
88783
89080
40974
27861
75205
1894
25112
92725
16367
90449
89582
6445
24210
74170
59873
43929
11662
74206
28728
15850
86784
2072
3365
4630
63585
86995
12498
91615
30155
33130
21401
64862
9499
49919
62195
86604
48689
99988
93704
8877
57909
98857
16005
96121
95477
91730
57292
49256
74697
84116
21061
76570
65847
43261
17394
60032
95185
17885
5473
10602
4604
39140
34906
89870
25452
61178
35032
44945
70636
29365
54869
11478
26297
13050
74621
1377
79790
48371
54469
24166
83034
14569
46644
74450
11757
3806
69791
49653
55698
30954
43923
75851
92086
5425
20587
67558
67911
38813
79746
10586
8119
97916
4258
44708
53056
94392
33051
19928
18945
82895
84111
9605
73831
1488
71466
49127
50567
42609
28239
68457
32967
20815
29837
64853
40924
28258
69104
57914
14030
87100
80692
66937
51704
67903
15509
25324
908
44024
14913
45202
22643
62716
43599
12475
34834
35325
23657
76589
31976
31785
76677
72625
94900
84543
37522
89405
30547
49838
47341
9599
14407
57964
75122
39842
46355
93552
39472
79360
97474
46637
68629
69605
74440
24524
73225
49307
74945
28261
40151
53463
66517
6361
30470
14624
21949
25486
90694
83383
47039
65096
73829
65159
56564
15905
62337
60363
57771
27429
83352
1910
54823
29836
22843
34083
94115
73588
47905
75833
48790
19547
35416
88538
38257
37302
27542
72265
83782
94513
97101
89494
98594
25348
7485
55752
84187
46574
34756
7590
97733
19152
73200
14497
85885
46312
50165
80289
61801
38216
16634
4010
9847
15539
50446
35786
96481
16852
95800
93442
45362
74043
11436
54127
16483
2613
95257
21525
72414
89191
60159
65767
35812
31942
88766
59989
70250
20662
50249
28914
76509
82844
24602
21280
4998
22594
1823
20155
55593
99912
96530
34847
48039
46689
4838
66454
28612
65233
84029
54210
58883
94368
36790
41315
21037
67867
87364
78758
53296
84424
75770
78859
83972
10884
84931
66481
46697
76284
61966
23104
75884
55844
7590
54738
7464
75862
84703
42111
69545
46858
54956
83619
27053
38478
15982
61454
73571
27267
14567
91561
76469
43061
75853
30688
35105
75252
62010
87856
59266
99955
94175
73485
32399
63741
70009
26736
82745
1807
48124
69373
28536
95925
58539
813
32703
16261
15882
85564
35403
11474
3915
27184
89947
98446
35236
16452
77305
44064
91874
25009
21047
74077
78615
1944
66549
48934
54254
60494
31615
51486
54815
94244
34002
16615
21182
45298
80831
86200
814
78016
23752
74172
65331
24113
16584
37897
45349
21100
271
94140
28641
25800
95147
20462
47801
31475
11362
12021
75435
94335
36828
14842
86511
90058
28861
24882
68841
41480
29360
30619
19039
28335
45375
19829
7845
62495
43518
91290
3828
39180
92648
55899
27993
17993
6978
29977
29385
66099
63003
68317
77234
76535
82101
47476
52877
64097
78525
61387
71216
84674
26901
33954
89792
51068
46292
63344
23971
17294
68835
91188
98771
61495
4136
87955
58607
32200
61343
19602
94667
15691
9572
77937
97480
34922
3054
94434
73215
14141
55285
19494
4918
27316
26388
57507
14133
63805
20522
87715
20978
27282
41306
35659
3208
11522
69362
21334
48742
14170
39016
85806
36420
67984
8064
37255
87985
69708
69451
71224
51848
74867
37130
48406
53536
45554
32752
87087
87906
95843
7077
66688
13814
99679
87878
99380
3350
77184
69930
78681
60772
21074
98272
19968
32311
14966
16724
93681
97777
85585
42448
65929
45644
44983
84831
85841
75730
75216
62957
55132
2028
93253
11370
63420
83154
16170
68845
2146
88001
28871
9173
34160
51819
25380
74155
36477
37641
8208
26499
72772
92363
43278
63138
65865
27119
87869
49817
2314
42928
26275
1711
70301
63126
1749
63933
12364
78763
90917
35218
89193
22702
79977
23191
81039
62336
49892
66349
60984
49212
35891
47890
77717
56516
54134
16099
21677
37782
31192
42075
71188
46941
83037
22362
92615
34212
64200
54497
80930
2437
93478
50265
54462
15840
986
22835
70794
39847
12262
6538
35109
45686
79698
13253
17494
14848
24989
40600
3272
88004
89085
12490
35877
60831
19316
5362
26765
13947
14193
70682
59667
87204
29376
11366
92020
73275
94320
55630
96373
57924
49726
81670
61177
35546
24227
34494
58364
1315
98903
35046
42254
63486
65056
80746
86447
65912
79195
83547
30147
66749
13157
12045
99507
25292
47207
17789
86656
57508
20828
64043
94148
21274
71553
4005
16231
28717
15448
76228
54971
64752
9688
7183
66196
45542
81236
59421
15143
70381
91014
72409
57310
93392
38264
39550
81302
4928
54351
93505
21941
53598
21653
96398
91915
13231
24417
69771
20548
66737
71685
67961
51942
56045
50548
50264
53998
87042
84590
5418
15905
73953
30601
76240
82642
36088
61054
53232
77711
14150
62989
1208
41928
8813
57133
83325
59229
65829
99956
48252
26371
94828
90816
99041
83347
69564
23808
19686
99438
85813
81345
20403
62801
24122
32185
28324
12305
20280
78730
54344
32916
38975
73651
62309
10188
91605
8377
99545
1904
4992
24429
92188
77496
39682
46458
67105
44533
62466
19214
11675
93930
97348
64739
43996
65163
22202
68680
41593
39825
87539
83344
35689
85624
75762
72727
4620
26261
9851
97773
38377
42486
98182
74208
45903
72728
14677
45802
60221
58047
48386
26164
15421
52054
95922
20037
95978
67043
82630
26828
58739
72678
75856
69190
56440
91662
70626
87628
95889
23096
48417
52028
40750
97733
99161
87842
58393
34774
63531
25474
29016
13831
52642
72613
98062
74533
54883
43006
27585
61741
11233
69944
96438
89955
60208
29022
94200
22571
11410
19430
55960
69064
98702
35099
87887
21935
26046
54885
43198
11943
47719
61879
86838
38079
38052
30613
61236
19403
62779
97280
72772
26749
87697
44576
90918
99964
40537
35661
83438
260
73767
33177
71141
20153
74787
60125
62958
81833
34585
19551
94179
90942
88686
99453
70973
50844
96045
85016
85201
74141
56767
70720
90328
95782
97816
74776
84808
98086
73646
65254
47518
87531
56261
62137
23677
9440
37926
83831
27343
64679
10254
59234
29834
5999
72066
27975
97294
70546
73793
65027
6155
25294
40913
72561
40544
286
39131
85812
98974
8212
50611
2142
64267
65621
71472
98651
1410
17553
56698
98173
14935
99645
73825
94212
62712
75439
88457
79690
25039
56277
15683
40808
84901
92595
90968
78601
87329
78839
74462
60777
33069
87963
3661
40105
28921
36790
87755
68114
75385
67839
93731
89987
59273
65215
18325
90456
11825
20113
19847
57241
82308
13369
8120
84829
39522
75039
74837
80697
98398
59815
26117
65002
78105
39501
91263
96026
48717
93794
14427
7793
26822
51582
95398
92220
22378
57089
12303
42675
23802
5514
29886
63177
52624
38642
56900
76245
4008
99814
61422
20792
21852
75456
52595
1482
61511
78465
61741
34406
34859
81709
53956
25006
3661
90498
4294
76124
36286
25718
18131
1415
38933
4109
32532
78510
71288
10676
98731
8388
18170
28477
26918
96536
13662
32855
13133
64927
22457
44969
46043
26305
77078
79466
95690
45661
79315
67648
45767
98553
66408
92596
72836
94858
96776
61230
64524
95676
31839
68819
79921
55646
25276
18807
84065
82254
5065
20128
83927
81532
81301
40025
45390
31710
46386
53615
76593
42160
24634
61036
84397
90213
38541
85229
56936
31150
37589
81186
3530
78534
55146
6402
52857
72376
978
76617
74276
7053
37216
63823
94901
43606
43069
34853
48073
83634
35140
33679
36348
732
31143
76441
5469
66325
65680
18167
3777
9897
94273
18813
22835
62305
81181
85399
5065
22276
8191
95942
84594
62730
55880
58008
18155
48159
95063
23842
8433
62928
70576
76093
86640
86358
80191
86715
986
43644
93205
58116
31476
79598
29201
5713
58986
33376
78139
79748
24291
23448
15977
23778
60239
87065
20548
46478
58716
13997
36613
66756
87688
42126
16601
98798
25745
96177
32548
66534
60552
16367
27521
67817
66308
42609
77896
67476
81395
94328
86824
42014
45228
1895
60723
11314
5503
11501
22649
54631
66157
883
37549
25534
71412
85406
69188
38999
18243
75905
11099
70095
86924
50978
28344
5082
39639
84039
88553
40986
9491
61661
51561
82362
64967
33669
4033
40649
34951
29499
38315
29174
13922
60036
61521
72100
38168
1236
68948
65226
83561
26618
71273
53322
65481
76456
39165
29515
74415
33698
50170
82710
48173
81442
19074
3562
25625
75334
16567
39900
94730
51287
71997
25614
99519
17526
1687
7114
99129
51141
9198
61628
20712
41840
50096
69834
91075
42486
46773
13456
10609
51992
69341
60732
54469
28604
38358
48323
63815
34014
27769
70014
81356
93748
81811
70885
28775
7229
48545
2565
56153
62085
12149
81025
72676
31223
33814
82499
81502
54784
28004
49917
24001
99804
50136
70465
71551
5919
34185
35353
76339
58466
14123
52803
85330
5767
1394
22797
88256
85739
2837
18825
34622
27688
65998
75853
59681
61956
71421
95914
17535
47609
58252
10022
14723
30434
71694
68696
26656
59326
41344
58688
56513
37028
6129
70688
95742
79652
72414
88283
85388
80502
86006
63785
81900
94817
46492
59508
54019
35817
90411
4466
33097
15158
60052
79199
23738
65534
5378
80373
139
45774
99935
75755
26583
250
15567
38472
29719
98014
6298
89411
42159
54480
97608
93753
38661
91845
83044
47465
5517
82076
58435
95919
17536
63787
44222
48539
33547
62276
76826
7373
71012
66467
78697
91408
24407
95799
99721
83312
41086
34026
45931
37241
91119
67567
53934
54542
30575
24039
27562
28802
92196
20624
14472
35990
68041
57707
42030
97488
49658
78984
69433
59060
911
50736
55619
14337
4486
86287
11300
27531
19289
68892
32660
37105
73998
23718
55342
15259
12717
43325
65937
17489
23468
40954
44032
26682
35910
49035
13577
82640
64395
48351
38147
86716
63729
72618
14000
76756
76904
84790
85314
48814
34827
48231
93402
18079
9937
49417
34795
25940
85283
36120
32253
34092
82985
85964
25742
60080
57566
37791
12595
1520
85122
51004
64700
21532
44493
87237
77557
91867
7776
80577
29896
23116
58584
35552
67648
10230
99036
54093
86057
67886
12982
3791
16595
65349
73087
66075
54677
47787
79410
48954
78415
44228
79394
45715
41383
83749
51207
63412
91797
74604
43156
35234
1242
65081
76740
8411
85387
47948
30099
40100
40396
76892
46537
41044
59223
8881
19025
45468
2491
62175
65544
4881
68001
23840
98992
98072
94378
79021
63236
5260
82805
2041
94438
36303
35325
234
95924
33419
19518
86452
5466
47492
37400
44723
704
57884
3756
41060
72900
74978
7107
51393
86755
14776
15150
90904
6416
53215
53864
64040
25351
33537
74872
86135
79931
4955
45491
98194
45835
16645
70942
58849
88276
93631
62545
89702
16160
86938
36726
4594
59132
49953
97329
37253
4935
45058
95162
10336
94726
70556
78149
19496
45620
8806
52835
84250
27927
77530
44129
26981
21166
16509
48270
33800
97638
427
62523
92969
28844
61379
4378
37519
56124
78285
12425
97565
6072
4900
83976
42540
79029
86212
77413
72196
88015
48944
36089
23894
3229
90176
62924
29976
86399
83014
27379
28190
62708
32764
76378
34673
88584
98347
81244
3663
1226
38810
93103
69728
32443
12657
73725
32208
46722
72009
5932
10029
19805
15507
60831
32543
44242
4641
48118
74910
38148
92181
38289
53109
6433
24548
60754
95826
52472
3910
99615
48166
29992
88252
98279
69567
57715
61119
31804
21471
10193
3969
4862
27865
86369
34690
41273
98024
23515
71762
19780
11052
46720
55869
17419
386
20915
65016
81895
45630
94817
97991
63496
5416
93467
89352
44180
15088
48676
30943
49066
3439
23942
29247
97151
35484
73503
50674
55434
97511
20729
50565
57019
29237
87928
28691
87173
93241
74316
74541
69053
57995
73606
28131
58042
30152
71399
83761
69244
70
67987
19272
84362
47250
49445
24311
31124
76296
49980
46263
46390
60846
17267
99664
30845
82926
72367
4779
15364
28430
72913
71509
49112
49997
99083
3213
76186
15580
16303
75435
4994
3382
81795
98284
10785
85534
19025
35230
96319
26356
77467
81444
11618
69779
19563
58854
12048
24682
12105
64473
69260
84404
58470
79654
44508
96695
91540
50618
6155
36534
77112
56906
5419
51923
57432
9056
27442
67717
14767
43782
35173
56977
35296
13710
89554
36808
71335
15579
26711
7453
21322
25328
69600
68129
26158
79283
1421
53437
37446
40510
56306
57643
51783
76866
31385
64562
80439
97943
72930
46812
62787
46501
76010
39285
30831
70888
72617
7362
80137
99972
54037
15740
68823
75749
869
78856
74030
44241
64912
36276
24100
20972
53427
4912
3133
87111
13681
69830
83682
24743
87988
95575
9841
45069
32946
81556
55501
5735
80972
39701
12661
28275
55472
79802
31794
82123
39774
61500
29642
91954
18919
44463
70739
32857
80241
2295
72833
61614
83671
88259
90143
95137
94317
41674
62460
66004
56034
75777
44669
19391
28158
93686
88017
74846
11530
85164
19682
76695
60111
93331
37158
53803
69431
57411
67093
86425
20976
49685
5781
31433
35407
35646
87922
32220
40817
48585
12201
73453
17500
93360
15875
82948
51236
28087
59871
78071
40873
48805
95528
37181
33822
58367
72550
22097
63588
4547
81360
88767
76949
55198
88991
87982
69821
41898
35261
72298
84227
95368
56124
31405
97285
88181
10916
27881
12673
23116
76452
22036
10736
90649
38506
94289
28556
40629
68333
2903
50067
31651
39143
25472
75748
23333
88289
71312
55910
27292
95910
65184
49767
26074
83257
36998
70082
17957
34531
85539
84986
31627
96708
37640
27715
39037
67435
67462
1440
5097
35585
45489
40806
52664
20863
98736
97600
11904
93855
26755
6700
39591
6384
67953
80898
74133
43716
41614
30037
72948
60452
79141
90770
19047
18915
95816
72741
15140
40079
44881
36508
62927
77252
92083
66851
14325
15674
52418
66413
99554
34655
11996
86676
34111
22624
90354
98008
92843
98272
24823
25763
35573
3243
95652
25486
31987
14500
1958
47228
80291
13435
4261
82116
75323
64154
8017
66348
31822
77502
33419
54224
1918
67107
39789
21410
32889
49497
19223
99052
11794
34226
3287
89617
85724
57501
44756
33745
41125
90669
49751
14347
53453
12498
83575
79197
23425
22409
95712
50311
37272
17455
27423
66669
80138
81713
71116
83931
73960
31455
10899
20067
13852
63614
30881
91745
86046
17309
66889
19296
45455
9184
45392
69718
69590
78264
56091
73130
86037
12467
72690
86070
30023
34831
96369
12935
20024
266
11275
38017
90689
44278
60764
66560
56318
16648
97289
70169
92782
99535
24598
77695
81639
17601
38372
87105
73587
22321
38980
2000
14187
7005
35325
5663
25326
68164
37462
69315
99805
76565
3584
38106
15799
80674
59011
8552
94412
55860
83236
22108
34016
94552
77551
9841
63903
67478
55367
46352
9783
77026
57191
50227
66358
7595
84724
17444
4833
64721
14977
43588
12173
71349
15326
53416
13566
53320
90847
46494
69050
16293
34308
51213
44297
88090
42762
58202
96332
97857
9869
52679
26935
5102
71704
43990
71372
94817
72939
24395
81812
41115
95368
20431
58557
25069
81050
34225
38603
91755
39266
55303
58588
31808
40479
45234
17597
96059
69273
91199
62882
54791
63978
3626
97030
19289
83178
46621
84639
68098
76726
29302
82652
58597
85980
20231
81343
28802
74598
49527
88209
24016
95776
82918
31334
40265
14088
9581
83950
1311
49009
28516
91669
8844
65939
14653
33176
61416
32690
97677
75844
82516
58922
81227
79565
25939
13556
73521
2919
56504
7672
1440
30373
19417
95727
63456
96620
40227
79187
45796
18898
87016
58437
61740
47929
75924
5242
76036
17570
75165
74084
15498
24463
44505
91961
23309
6874
80521
39042
10704
98891
93522
2402
43694
61818
46892
25089
97464
85569
59252
88276
4154
29437
22940
70986
34171
32065
68803
29013
84771
34199
89215
47187
43447
61172
22773
99833
34688
39191
66187
44891
47273
14590
30230
43290
29703
54276
12717
66314
32307
85147
40990
1343
83059
21826
15614
65684
66903
40963
21148
74071
75070
26092
43119
57236
47065
69927
96110
47709
88231
44377
72958
75027
37152
50355
15430
52211
26349
69176
48382
72256
93300
65420
11174
77832
47858
76725
25875
73846
7585
18034
71172
94868
89273
20820
88979
16795
51123
70524
54758
48121
18728
60019
2437
14589
54232
19040
60423
10081
61126
38538
59621
38901
62144
27402
60528
94436
32925
42667
50302
3749
12895
33825
86975
23456
98297
67971
39630
46715
60298
74407
87747
353
8774
28345
68037
5998
7445
57815
84604
85241
18645
67116
58277
93597
77179
45991
8447
61350
65047
53207
57443
88885
33557
2533
69744
90736
95200
93934
37892
41481
56225
90140
87302
11785
34181
23840
49824
53849
18620
30446
62667
6605
50366
18996
89922
47501
28104
80664
99961
97058
31716
27822
49574
14201
67655
65555
62173
65270
89235
50409
92473
40761
43581
85775
10294
34214
59785
37403
2428
66131
50225
65623
46038
61779
70180
70710
27969
79865
5227
99505
48864
34284
7208
96483
64780
80390
34743
76349
87560
86088
56662
82118
67634
48990
70657
49939
52982
2250
96662
2271
50269
37104
79543
69415
4162
23581
28621
3525
61637
88437
61418
54630
99673
51768
7207
42570
55512
97104
81772
85048
90358
43865
88270
37307
88562
12109
2738
58877
19273
84811
56912
96607
35845
11779
4498
4594
19891
50593
7516
76725
70546
628
95878
36363
15623
88154
33925
34872
5582
32458
29928
42616
62123
92573
82973
30140
33214
42329
66195
78690
33108
20444
55387
84079
8186
77602
65096
66092
92141
32466
56789
56411
54797
40107
48741
97044
72912
12519
82470
28864
41874
73225
49519
2865
48778
93160
50696
64124
25400
65464
63625
37044
95291
18577
76283
32996
58687
39614
29210
86857
7123
43845
55484
76234
22745
83086
17483
18997
79094
62545
70414
89783
15305
41312
12262
62263
77880
271
61332
56495
14342
85468
10648
48328
86337
77310
99252
40722
68184
37294
73870
70653
49546
43052
80341
37302
50618
4624
36987
52129
12190
72046
65089
17680
47574
4581
37008
46653
34489
19364
72163
23626
51691
67769
25506
40978
42700
65240
96042
51115
34122
28516
85608
93627
84278
10205
96708
54484
77812
81926
77658
79342
38668
98833
64899
47103
76093
27594
96530
19417
87857
35805
32187
67392
58796
43588
42222
54598
66430
72657
99233
30085
25304
64245
21707
79993
27035
33866
58893
11064
48876
53059
92715
86158
81059
60174
60120
44985
82947
49411
34096
36542
19556
34477
66782
22566
75084
14801
56414
24792
73628
39359
8797
46740
98502
66836
88636
30121
85533
84297
32852
92500
52804
67260
83539
56279
33641
66714
35140
52337
7563
35909
73805
90431
18773
73127
70098
56111
43855
61556
98455
84956
9034
41141
56290
18315
60889
46230
48671
22753
38719
2541
28317
61247
74435
90661
30549
71355
44096
47623
99243
56860
72345
73604
42606
82385
60810
11650
81561
9263
62841
3264
71996
23078
99403
47239
37684
73278
28915
52463
45590
36915
88358
43403
2316
43370
30570
85362
91190
54927
92301
59755
4114
91117
63089
56244
67830
85705
69093
82511
921
91515
8655
60458
99697
41033
40325
38345
87480
10914
45594
53490
91272
13364
97750
17909
55781
41771
67263
78518
14394
53287
2387
18840
79195
32696
18584
47496
2761
35577
64170
78755
69173
53862
24115
88261
38108
16059
72762
15695
39696
31914
99890
94612
34871
53976
70098
22368
17900
42965
38053
72070
56740
93207
51928
31044
19179
24274
27825
65333
29613
44182
74207
35987
8144
26532
10284
41542
67038
99310
56558
30478
30145
98155
15197
52393
80327
77011
61184
32321
76389
99517
30784
73301
78616
92947
98046
83042
18278
32142
52768
48174
55939
9876
19878
48274
75024
3274
1499
64513
9725
83895
86503
9977
98159
12536
11009
21124
35517
57497
19106
34027
24436
42518
26325
37112
27611
52015
82410
79623
62289
26529
89514
55305
70226
98759
42532
45332
24600
10252
12422
26474
82205
24459
89000
69443
86207
77061
66370
73658
56893
78206
7389
73682
6398
33237
32903
7107
52849
75966
89632
23461
65550
78366
7857
99991
61979
91394
74045
1741
19147
68669
97008
32948
6178
30012
92116
2466
16947
91111
69090
7615
29546
96566
84085
56746
29221
79405
25306
4874
70077
47254
64420
60658
63810
65273
45628
84175
29925
47195
15349
25681
64271
40113
83261
50259
81902
4543
94480
91657
70065
24177
7015
49606
91816
38516
4493
32295
56270
74322
92402
85376
59587
12873
84025
50208
19282
77639
12204
33155
5649
19493
56655
12404
76039
3996
52626
54557
10120
95464
56608
65133
87483
30679
23028
75652
42492
24654
25163
96670
17822
84249
67508
22297
49480
54541
22148
15589
18080
30140
32359
13608
1830
73811
42832
77227
72183
81235
44210
10628
90354
40779
60263
20480
92822
6542
28461
7853
29034
90614
15153
12961
67479
89429
40035
92203
46224
73780
2729
73108
43378
28074
33872
657
4838
53050
60348
87848
45539
88138
20001
9757
944
73147
4714
98296
8423
85962
69559
45492
2037
76226
21412
51686
59038
26235
80803
74184
34206
74003
59660
38593
89994
35367
22635
15699
77461
64111
53015
56065
79791
42196
73155
53723
6407
89966
36430
54023
68369
98174
95733
84974
30594
3236
21287
61760
67384
50238
97689
13733
57175
12222
20976
63681
25774
15623
68828
44098
56952
11428
93893
99881
27327
76069
64573
12307
28282
62102
68500
63011
45431
13470
82763
77966
20372
40049
98336
48195
13479
29330
55880
51157
1374
94921
859
32198
23329
25789
47880
54449
77651
68302
69641
63124
65879
5361
31474
47065
77902
45129
49859
42111
74015
49214
94269
76490
8944
9757
54321
94563
15153
28844
95764
83405
9624
76264
94095
69798
73158
30045
27090
52438
90825
80673
86440
87223
15387
22829
28038
57664
19943
92729
22334
18960
7147
99699
27056
67156
45593
12220
77215
28661
62104
8479
64481
37601
15336
69647
34960
99220
36323
70076
70559
83426
7198
88561
72006
75076
51887
9901
39934
41661
63304
72604
27496
68744
63809
42353
47559
92352
99316
25922
12686
63755
47522
60288
61460
98116
5587
41458
3844
3140
58363
19085
93553
20588
38583
30898
15527
8977
47031
27460
57948
13316
31830
21028
5126
82301
14084
31307
93926
75043
51300
74819
26178
32091
23921
27650
83152
6987
24252
71012
65581
89258
57361
43141
64110
18118
43960
69912
5582
91440
37335
89350
47527
52200
47892
14374
3100
85345
70999
38389
87442
66993
66542
87539
15646
46808
66539
61530
45273
88938
33128
10939
75665
10138
24203
29910
41497
15396
60196
80662
53153
56439
39187
31496
42816
8958
46758
95638
48077
87146
18304
30532
7693
82366
80758
59941
51367
88822
26355
61499
22484
33396
15003
57129
47090
67048
78732
75671
10967
26364
736
27426
81794
89081
38863
31037
34733
93690
98162
1576
45855
459
30466
41771
46270
38397
51967
57199
29921
3881
27148
35801
16515
79102
20248
8452
36020
3145
56344
21466
51594
59712
8111
54286
84662
64747
97487
21081
69073
17711
31609
44848
6036
3480
10369
83550
4070
14147
43725
19235
24432
91877
97468
11592
7149
61372
84291
52382
40925
66192
15890
96595
73369
58884
90774
13520
48704
45727
81943
71825
20400
38066
50658
82305
80017
74950
37473
35154
36331
83619
22085
72982
81687
24575
66758
33406
47987
11009
26977
3916
18639
56849
61664
64086
65349
72894
44568
40890
31238
31915
8844
67288
96110
88119
47150
34513
8825
89511
99078
52314
43152
66962
2443
97053
97276
2761
61806
26252
63323
44802
84438
88642
12015
32032
53989
73496
33203
14240
80538
3329
32618
1697
65392
48419
59664
41713
42788
42354
35218
17041
81108
39595
67481
39684
57282
78762
74081
11001
34647
65192
71560
80626
59333
46388
14625
44785
82949
44621
29576
80350
97119
91641
59665
74199
76008
19109
73305
67189
77830
62298
69022
16822
11182
42840
29802
58061
93934
72626
38666
44514
23495
74949
9726
89415
87250
79030
10569
35448
81668
45959
39239
11182
80684
52886
48702
43488
45849
18579
58062
94838
94424
9435
24290
52044
26618
5397
50152
46336
74997
14729
59261
99064
61473
70584
2785
73618
68643
16988
4170
30410
35430
38685
93557
12225
99525
86028
62999
68720
35621
3840
5937
8810
67071
59306
40514
82790
94715
26167
37654
45393
74168
9635
39868
51215
3913
93620
66742
17130
53401
31770
73834
39321
63055
76992
54197
79086
40652
59023
68062
21788
9521
69600
76680
21634
11358
97500
71874
28409
23382
97778
38457
59702
43934
73171
63149
34300
83331
56526
38304
90625
72731
50851
30251
27195
96003
43142
9803
54759
90984
89171
95800
17942
50946
43656
79446
69429
72538
42499
805
10263
60525
32120
243
321
49480
42095
60370
86513
68499
33593
23875
17676
56362
16717
18897
3203
62438
24419
25563
21185
46875
61259
4777
60532
82138
32299
73632
73365
43319
52788
30288
11030
47301
64127
9610
4167
32701
96234
48367
65796
51197
7337
73220
57919
15309
66474
57698
31525
99836
39241
5738
23504
15209
43565
45685
99529
88095
14173
69065
58295
26904
88963
69639
34504
11074
61147
46017
87707
77022
78327
75338
49416
69765
65075
57990
87469
42661
4687
86272
60790
25386
3311
76378
30471
10136
41643
6559
34985
75219
13075
65493
19407
29249
74563
17262
45475
97768
8671
79677
42322
31250
75403
82693
49393
94927
14538
89389
94507
28985
80433
68592
91912
69522
48678
95474
23803
59593
99034
61324
56296
66940
53793
87656
76848
16696
32042
49480
44698
56507
19903
47649
13152
72602
97851
28581
1939
66879
51554
24350
39404
30347
8514
5334
64529
28889
31908
17875
11103
38306
68463
50912
20730
37853
82425
61543
98511
29854
1099
75515
25825
67423
87088
43057
35960
92285
21913
25582
99779
78297
79472
47323
48261
34591
93015
15990
65475
53507
75037
40483
14889
30695
31836
82175
38836
30105
80434
53525
76191
52185
61081
16777
96365
68921
74917
47921
43023
20253
13530
89124
51315
61441
46056
51274
50858
94714
13252
81619
37620
2420
33988
47493
19786
65531
72502
10317
13576
28438
67069
99734
86261
31053
39529
83127
51664
13643
4755
46406
25145
92638
93586
3850
66329
35643
1308
83599
4847
13311
28413
42899
79927
31665
97901
54141
95833
35235
98193
6413
19052
50167
91760
31022
71013
55357
57488
6152
43744
56602
29997
50867
79049
20005
24757
29637
17576
40652
54531
54764
97063
92243
77301
20440
95041
87196
79436
36047
45352
66786
47041
6564
36723
91935
12991
22754
2626
1998
77312
5890
54096
2827
4135
19004
96436
18390
54231
76505
79860
50486
3246
28231
14726
82426
96770
10535
64580
93659
74359
87872
11468
62813
95225
64374
41905
42356
72796
56533
38881
53379
3598
94439
77684
9184
21718
89477
69230
6580
57899
22954
8529
54910
92179
58627
75522
86263
86199
37763
2774
66352
42911
18515
41016
94295
33231
1415
69786
87897
52093
55819
55830
5761
19310
49500
10912
23711
70253
39443
38378
33475
44199
99420
84755
54120
80582
25669
11213
40079
90663
61010
37801
69984
42234
59277
78274
43317
7254
44666
13474
62642
90806
19017
75989
59340
60564
22917
83496
64650
20416
9609
56957
55337
8478
64210
78222
53753
88665
34576
46620
81893
95560
76598
40659
15088
51643
6672
62139
52154
96513
76404
65086
44131
23418
57266
73489
1062
8372
35493
79841
38886
27204
38635
49659
90279
97955
31985
78487
93235
1443
61288
12002
1085
23564
85524
12551
19458
61527
14690
68602
36875
90310
91193
27233
27663
59198
97002
5566
89302
19042
76002
2429
12664
53037
93982
17399
26435
90731
58237
43745
37980
51669
64177
67156
7996
93992
26991
87097
56316
22401
3463
25841
23628
68279
47085
65662
93852
97972
21813
6546
76542
20593
48094
90130
25474
85454
28453
87366
56417
54571
94554
18272
37622
45733
7855
95398
32582
84496
45229
58366
18432
26765
15489
9205
49440
27561
22036
95819
72877
39635
95416
40863
19458
51607
94366
82291
19754
60411
71556
30204
28964
37973
48939
85512
51878
32167
69831
56427
10302
20568
49648
23720
1684
65584
41110
21401
36651
47760
68305
97980
85638
60012
5686
34938
27015
11366
48197
17620
50227
61928
93727
16972
48913
86302
49622
18765
5969
98638
75612
27320
31657
34676
81245
66957
71867
17566
7881
72690
31858
88352
68297
49955
30667
33301
8051
35382
45009
21620
11801
64393
7168
61931
1595
10539
39627
77626
66749
22243
97305
27918
51251
18753
60714
69560
3160
27328
32696
96713
20958
11700
67545
3757
41216
33653
64288
88162
38996
62408
80515
66931
63932
83559
68375
87381
79067
84172
71991
49021
1092
67839
99044
80443
18798
12057
2822
53048
11941
54133
62609
50920
51034
21650
37283
9099
83866
62983
28425
73894
47164
54980
60897
44760
10163
41408
17883
23836
6627
38084
41401
24347
48881
87668
98549
6922
60147
71509
55777
15143
27687
32
34505
49644
42464
20033
13749
81870
9434
20204
20714
62165
25391
63997
32721
45079
46466
38794
7855
17363
91864
24935
74835
85319
66342
31510
16367
65519
9318
28393
10174
42043
17475
67221
36995
40875
14228
21813
94770
77801
26086
58904
10376
42467
62225
51688
13460
72420
47116
69784
3577
78287
47389
11657
69580
93111
44969
78137
58232
38269
76649
23944
2401
92550
64957
21256
82373
13528
35802
38785
6654
17234
24224
19199
65573
36774
45319
6329
32176
66643
67799
86174
24444
97763
78102
11869
80262
51357
68251
95185
14867
70312
52386
71239
63983
82238
9721
79758
45010
94536
10327
44346
90271
54875
90988
9557
26534
71439
96884
12227
39337
95064
71141
85776
98876
51715
99495
40152
39429
54287
79139
54802
47651
71877
25812
79738
41803
80949
63643
83226
53774
4206
65390
90772
75222
48986
15184
97070
4623
72084
32092
20571
5602
47079
52987
8450
64285
17604
67189
71501
86190
10847
30852
94064
34670
79559
18371
13236
63739
78048
11462
73439
51357
93439
85700
90018
18538
50433
52142
86367
45412
15720
47651
90004
8000
32851
89212
92393
1091
43961
68323
69809
1349
70306
13825
51296
20855
27522
46804
43178
93408
42771
59423
3028
22083
57454
69723
97977
84284
7525
48204
19547
85002
67488
49678
46308
19527
15314
17870
48855
58961
55
7829
7064
66957
87372
15071
96213
14050
45291
266
37264
77504
88802
33546
40042
68388
15023
95513
47789
53107
37882
21356
15701
35747
47599
79040
60861
53433
99062
7283
35490
51693
45617
42096
33334
28587
8913
20962
66787
14098
50998
33001
27065
2367
81121
56779
83574
92260
78679
41313
50129
39985
54452
54322
643
97940
97353
75998
97267
29181
85269
77712
78941
27962
29755
87382
6654
67554
32901
37965
5598
75277
69333
36406
90810
24896
98020
44965
7085
7111
8665
35480
77146
23674
87495
27460
5145
70082
22531
58666
64187
91189
32545
90729
47004
25180
9930
46702
69925
77750
5308
20326
80890
99862
10366
26644
35302
27176
53630
98045
65601
70961
92458
8352
64316
2611
95303
78564
73513
83215
39633
40778
47017
16549
175
75810
4627
52055
34706
24025
7838
65005
38282
82991
7116
97745
93189
77063
93011
32858
88197
26423
79688
68294
22493
75327
26762
78848
89128
53431
73385
66561
97605
46913
16849
8242
50131
61118
97463
52368
11973
91549
48926
20232
66275
90669
88550
79074
77597
68051
30866
10779
89932
5271
48693
27690
66758
54585
13625
17508
77661
34273
97611
55450
86070
83380
34630
46496
78625
84898
26810
32041
73658
29820
31289
654
27226
95652
42270
78349
7898
48989
79898
9518
66374
47649
8060
88129
88538
65072
40412
3459
11260
40646
1957
81504
37269
6566
63421
5522
6445
370
97394
16487
95074
797
64386
28192
92389
86359
58663
44246
99345
64807
40093
10008
29096
23800
50514
88495
89836
77386
93993
86082
94775
93769
69482
1333
10744
97883
77737
30284
84363
75698
5586
87598
8883
28353
52622
68901
24982
68300
12373
79137
34805
29240
71504
9084
64391
30081
5769
51032
75025
77610
50162
57733
65540
16879
74254
43967
91858
50647
97344
78643
71790
54757
22478
69250
22752
80910
67825
78623
71138
4805
8892
11634
55003
48209
97063
92159
13525
38656
53303
38944
67100
33109
94667
71247
92789
860
73637
80448
56696
16383
1779
39883
81452
27441
11738
74215
84446
57735
12446
58610
77790
59367
97936
64109
58998
69784
40693
47524
24519
31417
24462
60780
46049
89517
75049
36420
73055
91444
34500
8382
79741
77526
69337
85911
80952
13592
44202
17826
48736
95600
37322
15747
10140
61269
38822
9846
16474
2512
7950
22608
99025
78191
4932
61534
7125
18744
23232
93898
81590
3323
67869
80668
78998
63200
94884
96956
60357
89183
32787
23861
8091
30062
79081
14485
12433
89173
50865
54098
86492
27613
38440
23751
56007
68359
63020
97019
39339
81818
23396
15202
87054
75956
84934
61757
87542
76929
17673
54525
38440
56937
44007
50021
10722
58852
35758
47853
70193
65417
64836
88419
879
12260
84405
86860
92412
3109
23579
44008
76696
42741
85192
63827
85755
39940
57714
95399
24145
63646
78939
94399
36821
30268
82652
3735
38633
10838
65838
71247
13871
15446
57557
21742
3144
49416
6378
79011
62534
57453
85987
42695
16815
46255
64129
51646
2929
88591
53909
1789
12348
74170
85711
23109
41825
6938
34821
12141
93157
17096
70781
33278
23969
70656
9559
13655
70266
49709
17018
85393
19768
2883
89658
76829
63237
32139
83522
67082
78979
31161
41827
51619
13066
70873
6297
78100
85182
27112
16822
31468
24137
52959
37454
24126
77562
87306
5631
71843
4473
92567
91066
59898
91525
97898
72658
16975
18764
44237
89152
73433
20871
31141
34897
53180
71056
59744
41165
38799
77857
68298
18916
43289
95530
84062
62166
35413
98189
76154
96799
788
58842
80331
68766
97537
3970
10247
59617
3327
69787
94266
89135
38703
42255
42552
93681
30830
78689
67410
72670
10299
79069
90083
83841
59350
65723
99722
1897
86628
45264
64498
37901
45455
65584
84332
65658
17675
19780
3262
77338
26259
87043
20341
59202
88433
64977
2390
29113
3932
66161
42675
4640
76188
54920
54137
323
27753
69680
64773
92666
66865
55893
34359
66460
4473
16400
59358
4769
69083
60317
88499
83345
91693
51963
32994
16846
8258
76607
66339
16060
87978
43605
52071
53769
7637
33845
90222
80412
47700
64862
11573
7678
21088
13649
27660
28223
23828
94573
35622
87879
47701
26370
42474
38491
22579
30260
72262
8039
31111
53134
67939
59054
12540
4224
38291
59787
25290
90039
2887
866
87485
29912
15869
84489
88180
31384
27543
58477
90886
8187
95463
60258
34335
81287
55110
92490
43303
23940
35908
19425
14404
82962
24793
48227
63286
79335
81434
96506
99168
87236
44295
62952
58215
59827
45538
93838
85426
97471
6682
10007
57969
60623
58373
10692
63291
38336
13356
95284
14671
70558
36960
30127
96188
25247
80810
20239
20700
52541
79744
5420
52315
34094
44084
14403
76309
48482
44134
8322
8285
19736
17146
4146
19099
85692
54532
81345
60013
6689
43552
8748
22894
68055
30494
39973
59539
51305
62778
9415
61234
93110
31274
44627
37054
18186
68880
9925
16333
33049
87311
80024
74714
79991
65499
77523
98054
23831
70185
49391
9658
10814
25445
5861
31719
99682
2435
24761
77806
38596
25805
69277
67740
50375
82203
93027
13101
33357
40736
81028
97874
74829
57697
34342
41389
71794
29440
86476
56888
26451
16119
32928
94661
50250
17793
57654
8704
66260
96786
96861
98897
82372
25670
647
85982
14500
47159
88082
30989
69321
87112
26162
82887
5745
74398
7357
42456
32444
90511
56243
97523
19588
86226
85032
14195
81851
66294
22064
61788
69472
86639
94758
45023
54237
16522
84728
94204
40159
27010
35186
53826
61939
64235
15845
90738
72890
24620
99412
67490
7272
12106
71451
2045
79359
19039
30333
54375
78883
26889
53288
82719
35194
83614
10631
35133
51330
8190
39108
29466
36590
31361
32375
49775
89375
77423
63376
40054
19803
2734
70333
14797
40876
48022
11384
84313
64823
51233
55121
24006
27064
5982
33171
39148
71511
23780
97813
71854
23241
30595
62399
16349
53253
34999
19479
35449
27040
43958
26887
71799
80264
31336
34509
96509
51578
29015
10207
58250
48193
25052
7288
61204
13804
44952
52004
86153
99466
77540
48996
34775
54948
59680
83550
81351
97271
51624
38820
30275
15724
20229
80767
70233
74230
7999
83159
90103
83784
65424
11010
55830
84208
87700
66152
65300
88980
41725
31502
91833
69447
1410
19719
5531
63976
48535
18035
87901
82968
27064
7794
90706
41334
34944
49226
63199
54648
99414
55505
70623
58024
74982
12119
45376
44153
57230
22098
72586
67972
49327
78952
2464
33955
11875
59091
64639
49801
56526
12372
75299
11293
35308
1111
39049
7697
4842
76542
69359
32515
97713
35244
9464
49839
46813
25457
77548
39983
86061
26125
71803
24464
76914
32579
54434
20466
21258
83899
71078
26651
63494
59028
65438
63097
88359
75716
90381
37331
91080
90253
26636
25770
20405
48767
2919
68241
61433
39748
2718
11206
21813
16491
28875
72684
86028
7284
56547
46214
10139
90773
80917
24914
49254
5319
24400
26080
87278
27408
88546
52686
36222
72109
82074
33602
23429
68540
65391
75586
79646
83204
83321
18227
80234
64321
53277
41292
22016
97008
55591
49430
12730
50099
30448
75938
78289
27041
61022
48167
52451
2701
93067
81591
92848
71025
99389
99997
77957
22008
5204
10806
40271
5509
24771
69513
86513
79971
55414
22243
89745
42857
86738
11539
36908
52457
42010
30847
95018
65270
92909
11970
93164
76976
73260
94114
81826
36366
7801
6482
21945
54726
46844
19457
8529
93883
17695
49564
59501
72932
98457
5639
33668
43413
90856
12179
33684
333
96215
97341
58870
78843
51295
66499
58284
4237
2314
63620
44087
13366
70450
84914
60966
46171
52136
36182
82312
24795
2513
49889
97026
36025
53771
76971
42045
96199
85837
28010
83094
58000
6732
45103
26393
90818
55258
94432
93544
16791
11400
10190
3828
9823
94093
8532
78383
32619
6111
92235
16408
96920
43453
19019
55061
52309
52687
51298
57407
46739
17413
44202
43991
26569
65245
90827
3991
3457
37344
9581
10755
96547
41868
68247
41565
6683
7436
4937
92920
82697
99906
57170
90149
5414
88423
62703
11625
11822
43754
66049
80368
56206
33172
44330
91322
9898
70733
24803
62163
21643
76919
51549
98209
47172
73815
50994
47798
21664
49940
47335
76517
61770
12952
40193
23826
42713
9395
97728
75490
10773
28095
96284
57650
56522
52415
14811
97187
25800
8800
31597
24146
28468
95617
94244
93958
35983
20047
73651
31811
2305
74537
16769
52283
99938
92195
58378
20292
58885
94053
39571
59493
17185
14707
63176
83594
73117
26504
7635
50326
20695
6523
32155
16056
71153
98884
37111
32983
36696
98296
75405
16743
39346
15535
9900
36381
65220
79655
31842
93695
32158
83362
60027
35124
33444
23050
12119
2235
55257
76820
3174
53976
31434
29794
74722
87657
46292
12323
59273
73591
27443
81397
98262
69671
24008
68555
99547
94608
74949
4329
11197
86919
64409
45932
11372
84437
90707
91111
35006
55563
39444
72263
14919
43916
36118
9016
78006
14760
13683
76705
5455
63114
55059
78571
30016
34311
92885
1055
93603
6422
26809
6060
50191
41567
23304
10888
38747
65932
74817
92398
80368
66940
85793
6374
92426
52182
81006
60130
57739
72251
60416
76164
2108
2964
70989
61949
89665
51563
51343
44080
95767
63797
35379
23765
43340
25836
38337
43194
24475
94107
51363
92996
5795
17875
31125
75635
35364
72731
49255
44675
54549
52260
24369
72207
39908
32858
98868
4080
27883
11606
33577
12707
60875
42928
41160
13736
23208
47634
96343
73702
69665
34888
4013
88621
36458
96436
49634
6451
20232
76542
73045
12608
61576
22152
37145
21861
68220
32639
44797
99047
82515
99501
90231
42298
8660
57932
86732
52424
93751
7349
7262
88017
76928
12822
4691
27020
64024
37122
30270
21675
21834
59491
83756
2396
55287
78602
8172
1644
88631
61511
924
88903
85613
33972
65517
67930
61029
93067
20114
49178
21420
39641
2090
55613
86732
83210
19048
10373
2627
99683
43451
70269
32959
70478
43903
1852
40504
55952
44607
97415
45994
76503
77252
12083
25485
1583
98111
39752
70483
45876
28783
12641
58557
56513
68368
50479
11098
54375
68928
3165
87101
23033
24495
76399
91386
45284
13347
70020
49566
30652
81572
36538
83944
10354
12298
4304
76647
85985
64386
12326
75825
83432
51831
8865
97500
99538
66915
44716
75645
18257
3089
50872
73564
18121
99213
