22453
87006
95946
42621
36159
35050
42269
46710
37075
85055
85837
84741
83243
54608
74764
5500
4729
12816
10580
875
38030
2903
512
54355
86661
65285
78440
88281
84014
10337
9016
64118
71898
93627
68203
87434
52992
40336
92041
86224
32971
33131
36698
13261
18048
59336
98470
76194
92879
15156
94219
15553
88821
3760
97785
44797
77835
82869
86989
18330
67792
42577
8840
85699
60206
98895
33996
99194
37579
25909
61010
48746
35630
65895
96331
23544
26955
51912
7089
57880
82733
54177
44585
8316
97183
64506
17720
1991
18167
95910
70911
1728
98464
39867
91572
83362
9091
30558
79742
53744
43601
79005
61709
44710
5648
53334
499
30538
13567
5366
8131
29666
46535
73499
12677
23423
6624
65210
50291
60438
25437
47517
61011
58735
18677
33252
35440
96919
57903
38988
24439
77264
22793
75565
16300
15145
20709
75006
93607
20520
11633
56499
47887
9219
65169
10022
33488
29646
62155
49588
12188
56814
41743
17662
96188
71244
88737
46319
26385
54694
11172
79710
66987
88703
89509
40393
15652
29719
12641
19201
1946
87477
18516
18885
42088
94720
4543
69383
71073
19533
53365
65259
77032
90099
80802
38349
64814
64794
32825
95009
48488
66354
37464
19126
75437
44160
86874
82836
65257
48179
33049
87941
38721
94325
27645
4944
88932
40253
12294
46464
61961
68961
1042
93827
48875
3432
3659
7534
54462
15262
51312
51070
78636
65376
41214
36089
45521
77879
20219
60499
45359
54306
36512
557
88335
95116
50816
15287
38997
20925
60281
78070
62302
60429
43637
85569
18937
21970
35709
37957
29791
42170
12091
9097
92624
48628
2219
79372
11788
63433
24798
51177
10762
67721
55882
74172
7992
49375
37585
2559
63888
62246
72811
6062
22291
17589
98099
36777
230
92341
95788
66359
51493
10324
9902
98982
57256
98290
20817
88273
97201
2329
64308
22011
17422
30089
64331
66296
6673
99313
70051
18891
98121
77466
658
7242
797
52573
40672
53470
27173
14581
99276
68678
76229
34415
71965
20186
82951
19134
47078
18189
68180
1995
180
55916
39663
1897
11255
94308
43309
86342
36490
21504
81620
36478
15393
19247
89039
6314
25583
25060
82156
57430
73265
50103
77491
61136
97019
70473
64227
92731
50268
98501
6090
13891
75312
91585
1600
13484
93986
51652
33153
97763
47676
10977
6277
91734
63981
78466
23518
5439
40053
17088
7214
98811
94800
8398
18530
64953
38780
82006
13390
41358
5033
42587
87942
42758
15741
37118
44471
83253
90785
17276
7936
3691
50283
64147
48656
1125
96520
57733
95421
8384
51910
39318
89822
86153
75771
55728
58790
78000
59286
31782
47517
14491
99616
73813
99901
66935
97710
97222
75462
84489
25862
10831
86110
40514
28268
63194
72169
77073
68712
65118
78208
37266
87861
20329
50161
1764
38184
11871
63348
97145
43003
28604
86885
34054
97269
56469
90818
15354
36440
8637
70690
81228
44743
75715
60400
940
56050
35705
97155
65276
33824
56943
68028
31672
73559
20990
38972
64400
85130
59713
80447
23286
13536
23453
23032
9427
1469
71617
45993
19124
50991
72776
59680
98273
43671
24219
46377
3278
56018
27412
95156
64139
29507
66622
31620
69974
38911
36184
84049
6960
76597
35640
5691
16205
58264
80044
81931
47685
72426
52603
46247
68839
87303
92810
96690
89198
87338
75931
33886
52843
87712
33072
63663
26689
15751
42062
94093
65392
48707
90140
47333
86601
72061
31274
12445
94209
26648
68782
71250
48065
51186
61705
50992
19449
2867
28104
62605
25909
49845
43783
30306
97063
94159
78257
8711
35876
95104
37250
1482
76747
67669
16237
81580
70976
92375
17529
85240
16631
36468
69958
91905
75307
31240
10094
82966
60590
36615
4038
71909
66075
76682
95107
72073
56359
47188
8346
26193
93174
65792
92288
28847
63146
34473
32304
32218
75126
46549
27179
23169
45713
48063
53177
50059
86406
41504
73645
82256
36360
13401
19047
10221
78595
86303
9395
66408
16014
46115
44783
7361
700
89821
85835
39249
51473
1012
65800
69602
90866
81613
43394
75211
91349
86766
11306
82470
67064
40334
44524
36815
17997
31803
41648
91387
63283
45543
31196
97523
28416
2831
34070
8459
89338
61257
59654
8388
47813
15210
90842
50106
66806
28178
46788
14730
49670
29557
41726
65924
3299
88198
84270
74729
20321
66401
90212
30658
41165
78965
50528
28444
39809
29325
27536
46435
20243
7738
13687
18362
30857
70975
35242
44085
62631
69080
52083
62259
93673
72615
63865
56379
17484
49628
45367
36753
72966
75393
33544
88373
10070
6784
43844
22041
62006
58769
23043
40541
3437
55683
75105
96969
36417
97926
28315
54310
55913
21971
3285
45561
6753
83225
16733
63133
3063
39237
74186
10588
88226
69837
23263
42314
87186
49401
11692
86590
21442
56462
53811
63661
55178
30616
70600
44357
23921
54740
53297
88707
90464
26743
25773
44465
51922
28799
92753
69056
40039
97012
86189
43549
96248
4601
34414
85267
15012
42293
44220
42430
65769
11513
37283
23175
70543
72142
23600
23457
19550
45916
93361
56254
40752
14201
35007
38382
49344
26732
69815
18550
43746
91325
87907
2505
29676
14587
68696
31141
54290
68457
46905
64109
33328
69318
73016
18846
20320
47543
69180
84945
57707
71091
11167
31660
3388
63211
20398
53061
56848
18549
61396
67924
94378
51220
20240
10323
90115
7237
80386
13589
58558
66599
28709
74432
78265
61128
82358
95656
77568
67465
61202
39625
79004
68845
58494
45089
6569
39107
53088
62857
44293
66765
64907
56334
32516
75469
66776
64175
49568
65739
19599
62357
52045
9733
52357
15882
78667
25364
17279
73655
4980
96438
66325
69119
81302
60350
52114
89713
40923
2324
16056
24942
34435
92394
29984
84408
51763
7388
48831
63058
99111
92163
78116
19322
70947
90326
10557
6655
14791
75069
39930
58305
86368
51028
97417
29252
74427
81849
77856
88912
81269
178
10970
85385
37647
67870
72184
84517
10205
48054
1865
68111
48892
44927
3492
66840
93571
26799
35410
41364
95731
40761
89577
91352
51656
92823
17490
60942
55250
22643
48332
81298
42365
12530
20074
82573
73259
68861
8503
13195
33316
39053
91450
70267
9956
65267
66676
77538
15635
9282
60806
92701
58065
59418
38512
33137
47888
74449
68564
26480
70076
959
50489
28907
60149
78694
93868
75342
15581
45020
5600
51549
57709
67287
6838
8937
25506
16276
96024
61966
14421
50372
40031
39532
29288
4276
33460
21920
36443
80439
18227
35071
79167
41554
16012
46991
25218
78244
93828
82913
91945
53391
13368
13358
48092
19175
95969
98029
20474
41750
66707
21327
9037
9738
32703
81495
46873
97244
60537
93561
85326
6654
65716
48494
28702
62272
18024
73329
3432
29534
95510
82233
7313
57930
14978
57396
20468
9745
29023
52060
80401
57741
54633
45240
93185
21831
24908
80018
7530
9286
77474
96464
54957
16312
65689
4946
72029
44092
50386
39015
16298
38346
46694
53611
39163
9920
44035
45793
73147
28426
17876
70537
15914
94732
82239
98239
78484
32047
26216
16656
23038
27078
54931
50521
13628
99995
13415
23005
14720
42843
71661
66179
51886
15195
376
30922
38794
10854
16318
35562
73043
23236
98693
55145
9353
72520
57721
89654
79497
34102
61529
97989
6265
25871
15889
35912
44575
81434
9282
92966
43500
51697
48030
14362
71990
79237
21040
34699
70211
21615
48760
83459
51681
3573
54068
1551
61458
27605
26266
91986
74725
68688
56161
41350
47424
90390
86016
24016
50009
41738
23086
13695
46276
54385
8041
39360
66182
76125
51314
91553
91913
56016
7477
55072
3656
15983
14662
42255
18314
4102
80135
30087
74699
5106
37766
8998
2262
76526
42115
3591
63119
7645
3056
16860
97804
14736
67377
66122
67524
51637
13538
72960
72480
53341
26680
6997
96686
69352
82143
45822
36724
15408
97091
35177
53473
84174
7595
90426
21439
19180
36959
3775
91621
58216
31818
36689
71049
55042
43450
23178
84339
6563
8196
67549
18252
51594
7589
27958
51413
34963
84452
67151
24180
53030
23219
84140
16137
60474
99667
45685
10079
99140
89495
6701
34687
14529
99795
63230
54394
43785
76660
8118
21818
65500
89099
32914
88810
19041
87607
30914
45029
17783
5079
88335
66173
45722
91076
47976
73161
43876
86155
42971
90697
51440
78950
98720
60984
28410
62422
63919
52205
11522
23966
53842
50350
22767
5471
40117
6962
14576
87660
67257
82448
2653
78313
42824
35657
15773
62117
66946
67055
78625
28913
60886
97233
22893
88828
2861
30404
20791
33164
72417
73583
40936
88891
94667
44691
42367
30284
72601
277
83925
77320
48701
36330
95867
55866
4355
38718
43103
73571
57787
5824
22126
55834
87956
5901
27987
75204
83338
25496
52221
8523
24470
7059
2911
58175
12676
51293
20881
8486
71522
31560
19092
85505
76660
83333
65619
91356
66276
91791
36869
46033
58518
55568
24046
80891
15706
61108
54021
7826
3899
328
6321
28519
15444
22414
40428
35869
58466
7809
85994
44546
54165
43871
14834
82761
32352
98295
4267
62758
59632
13104
89330
88997
28569
42260
10407
52999
24491
38840
3464
75290
83332
60841
26453
14323
51071
42740
55763
73707
12330
7153
72012
22643
10101
72909
3859
61877
47814
43507
57061
95881
59882
1623
89451
43313
54822
95935
90588
54482
35115
43566
74848
19215
27176
30125
35503
71235
45593
1880
2295
19291
19677
29923
15836
58798
11014
5703
89946
29946
53898
36333
53959
97084
97462
15670
24596
12394
35521
3332
43121
98609
1630
36809
89232
12423
9228
32138
66113
42860
80200
59887
84381
40290
77122
78186
95071
6630
69101
40001
99436
2762
79791
44538
6451
67824
46712
86146
99568
5733
54928
45401
78058
88151
67017
39230
47452
46836
44660
88499
8625
14273
74255
36557
61832
80916
12924
12218
23063
29647
43725
4430
14284
12570
66010
94540
7471
61147
84053
64014
43747
54804
52181
45138
80011
27737
7215
29793
12809
69164
92804
86556
2177
48151
51411
19333
29757
47237
48910
17543
18794
10814
9226
32195
58079
16254
61616
91033
81853
87312
95600
31311
99090
57644
97270
49345
76824
93450
58164
85733
62907
73473
49663
5817
8919
90017
18518
71052
50175
73833
54877
29637
99098
12294
74760
11892
12680
49577
98418
31284
88931
79588
15662
1145
1
48641
42964
37083
54325
23518
29309
88799
95861
10729
75754
52127
98678
84435
55774
81237
30067
51988
71885
3401
80333
88828
28812
6324
2284
32817
20487
98097
90148
7306
49265
30271
64883
25927
20342
12981
16838
17194
51053
84867
40251
53334
9897
99264
34978
96802
3311
49941
98364
73818
60737
40294
18725
67635
4921
32088
95535
7977
21457
65700
70691
65431
29343
16886
95916
73169
41087
27234
6351
71073
90440
93476
54034
9341
51040
38290
2334
47970
91723
47840
45727
68751
48287
27536
43816
192
4787
94580
5875
39972
4438
47809
60742
13278
3227
65714
10642
89909
43378
78582
3924
56312
19026
76407
92606
44498
46163
1608
20432
34341
69048
90634
48800
59718
53641
67675
12345
93109
7998
12699
93599
51288
33368
95100
76144
71507
4746
87366
10694
30758
64692
13157
55162
16930
99920
15920
16770
52073
58789
92886
48635
11745
22617
9830
88066
42517
44900
3867
57115
65609
73727
31682
33429
6135
88731
16618
5861
68267
41167
28519
67886
55031
85225
71715
77923
59956
23237
53922
84323
79574
80059
44528
26435
15722
81011
70537
19369
33934
90259
35524
89012
18797
29049
31293
32857
89718
51205
50590
73577
29145
31150
72841
82030
65117
87540
65444
26804
81120
64501
44578
1668
39724
69465
11818
6123
10995
90760
98214
53498
95879
25180
96971
61287
60471
65585
81887
32368
59018
2232
8236
27840
79793
6603
56383
3273
77293
84955
85693
90801
18877
38629
13123
89866
90913
19907
45561
86809
79248
11518
74450
89433
93682
61089
8226
17816
80091
88169
34205
60190
1253
89017
70760
88109
43304
83787
33598
77124
28441
96960
73089
15038
91132
80631
62715
27064
38375
21596
19631
57008
83253
65848
5217
75785
95812
97575
23391
40106
61036
24679
38795
95974
49404
22796
55558
53942
19442
63728
61594
39523
78742
97160
71524
4736
27604
18130
56668
58195
21204
15690
33250
40468
22136
42075
41799
71182
26001
74226
34805
43683
57502
85999
29980
60077
56355
39637
84666
70078
38498
1889
422
81768
90520
55415
8826
35001
3126
54231
95898
77279
34554
63119
88293
65033
95690
68106
43383
69326
40429
89478
89272
38630
79750
3491
61477
79062
22317
96407
44441
54665
98892
92671
62423
49146
13747
38032
45943
46639
48344
95052
4458
97119
74158
70447
41324
2035
90657
71017
21254
4746
71788
97478
12892
8695
89271
83913
35481
73029
33712
78327
76405
16091
95748
70352
99617
62235
33243
280
83631
27652
94061
2067
97696
89719
79557
30928
26891
97910
28880
42204
77479
74184
51234
86423
64310
85370
87845
58180
50702
4704
55327
41689
59332
83896
82271
92151
18135
84495
24419
4243
23191
31709
13098
5459
54736
79500
1521
55284
10263
54326
21068
88296
59791
55020
11682
51261
92792
26067
2053
33112
45750
1288
17581
19105
91673
60997
40337
6904
16238
81723
99649
63589
19297
35135
24738
27821
40877
61953
35495
17697
91298
71607
62312
20336
23538
39321
52642
31516
79448
19974
74251
16906
75941
87140
87888
8979
46984
73636
67533
18456
51257
27779
34247
11794
32163
8844
14922
32391
52556
69436
77339
93401
39650
7966
36985
26840
80899
97652
71924
8888
65033
45175
50889
47581
54640
38261
39002
27506
46054
91706
36935
3833
9998
34890
30251
80925
77456
16234
71861
67172
93984
98878
28736
42304
64746
30957
30802
72548
71639
93089
55118
6452
59007
91818
93654
49877
42475
47618
68768
12195
36613
48683
26163
77090
42655
46581
78047
5772
55420
58715
33623
51816
43647
19341
59500
67868
64270
53929
50375
95513
51938
57698
52066
29397
38958
16419
73475
91350
50154
81453
98614
69674
55163
97339
2822
38740
85728
6119
37560
69345
43163
12613
2085
54744
19770
92429
86834
91183
60258
50230
70061
11642
61367
51934
9221
21823
76554
78566
67238
81381
43872
11834
25328
27851
47322
30478
10036
21813
28326
20292
35531
24672
4514
64651
36146
69623
33768
21601
24069
47486
97338
48632
66167
54060
18635
21079
72651
17910
57640
28887
4659
91397
9602
87374
98754
46825
19352
57577
10256
90792
85701
31409
49642
59855
59267
55152
94962
27369
28187
45166
17434
48813
43051
57460
14937
34385
46418
32721
14216
58205
61563
75642
37980
99771
54563
300
54656
17802
15496
26318
96462
37169
18065
2866
4970
35632
2708
19834
93146
76690
84392
47479
17702
52736
66664
39116
25064
89775
96031
64113
77456
83929
16406
37172
90775
3209
2168
75353
75390
88048
93791
1922
59747
60596
69213
45642
61054
19048
70056
22956
73278
49207
49346
91809
54331
29946
40196
9541
35864
84585
44583
68667
13943
29102
64399
40263
31448
76725
73205
2201
51024
22912
9455
24074
56994
79350
19614
91070
43996
22331
83891
21770
21201
9467
97534
73295
15566
72512
48757
91844
49979
48740
30334
57746
22993
74336
35930
71672
76786
12674
44141
40623
4745
61181
98638
88936
38719
28282
93895
37234
18231
88813
46505
56919
69703
24130
11984
95462
76307
33686
55790
91083
29864
3427
25943
30778
47249
82099
53865
6379
85625
22837
24373
38400
69663
91148
84206
41474
91471
67845
13613
78120
68738
80289
15231
55897
92148
14161
2316
12105
84766
22848
95876
76064
14320
72554
48039
4312
6221
42698
73521
7237
31618
59824
26945
1839
77060
87314
49189
58266
54853
47897
71716
37223
26707
82493
88103
62451
82605
11723
40005
47453
45955
19426
38793
98629
80585
50717
90210
69264
18391
36330
7655
19592
35296
28569
60101
29952
81581
47665
52390
77110
5942
82588
86879
65649
36444
44707
58039
97289
31590
14548
81615
63461
98550
5471
30195
67136
12006
4096
41371
99941
61285
38551
3454
826
7944
68084
45012
3161
28687
79021
22341
66168
85621
80018
10356
64810
63859
1015
91810
28383
66290
97840
7360
87142
86698
51804
21780
79443
74780
29752
78503
58556
21993
41813
35370
28509
1933
94371
52450
33755
95516
48364
64503
19782
39479
82973
32820
73623
84554
94879
63068
19737
71941
36228
67754
70564
25205
90109
10786
88068
2174
47848
26522
98680
47288
69479
86431
14550
76644
7948
83877
38189
23081
96688
28558
13954
86158
29859
58198
76508
26070
52637
75577
73403
44980
3379
92770
92642
96137
18470
16144
26741
55105
50389
59815
15134
89862
58738
76209
43242
68959
82642
87823
20176
36330
22622
56256
90386
82033
95879
59244
45084
24331
42102
73197
71977
41810
65313
60027
95492
35036
82170
53267
54668
21016
52066
54563
12945
84967
32218
77268
47995
62997
68058
22580
77515
24722
43034
54752
43577
15218
52525
54827
51611
50589
45486
74669
90439
95827
96659
41834
93391
99488
65918
74429
58412
92888
79379
33665
726
23183
74979
47453
17647
97111
38726
50410
17823
59735
88808
85090
25786
77669
58266
30598
97886
3520
72137
27851
12249
9932
96268
62211
34535
29194
46870
73188
91608
50067
78220
76919
88656
53586
81969
16062
35785
37435
77052
79939
32595
40172
63147
59834
20475
66622
16593
17842
99529
4519
14539
56061
65731
53776
91184
81817
35407
86510
26374
92762
70422
68288
77969
58390
80068
48451
27207
83981
18828
6933
82815
58323
47465
56164
2344
70300
80767
66002
48918
15715
85727
74504
44119
72918
77289
50964
85251
25569
84300
72128
69682
61973
21289
69872
39463
49045
80214
69432
88970
63229
3486
77208
83764
26064
27013
31925
46243
43068
40169
87988
69422
2476
38021
81206
21394
56586
66927
70987
85386
23694
68385
39476
95453
84200
57365
83001
10417
62918
67817
40548
76574
95874
49314
19608
7358
88876
10508
5425
96704
55023
68191
45497
5563
8354
28190
33380
7552
25229
89529
80297
70600
93590
33459
96830
69452
55783
52542
71983
46484
86782
32865
73594
16935
81553
25243
49898
37249
52219
67586
17645
34819
65096
85636
35764
73379
79289
9647
31048
75908
22804
36684
77987
53153
86059
87365
30162
66275
21095
42279
98597
90706
65936
44483
53199
22600
64220
58383
83169
94433
40179
64746
73342
58831
86299
37372
54842
80202
98532
60763
28052
75748
22417
2506
27085
67994
37761
36092
60867
18918
71514
27670
52559
53201
28210
17747
70519
37799
62105
86913
65969
90563
42406
22856
76790
17289
7164
92075
54014
31218
68312
48999
16061
43202
72730
6232
68569
21621
22638
10715
5991
67192
50262
37134
92930
98293
29493
26932
2119
67846
75131
6069
35023
36746
80008
1825
91882
91829
37119
37813
12660
48993
33001
24950
90071
84643
29218
82587
80061
51001
76836
61607
9808
15999
31949
22163
47953
79040
50064
86890
4785
50090
50006
52814
53166
24506
99502
5209
91661
11670
84920
13406
36689
29530
93162
59213
17110
21578
12125
61621
37357
40007
37079
45379
43316
3133
93525
30825
54768
50296
69045
77083
2698
59158
41022
32658
88227
64120
67468
50355
30325
66802
61020
73994
6120
76706
30288
58223
51854
24413
47391
63499
508
35237
54428
77204
58725
62487
43585
80724
73908
45504
2233
19272
27013
37392
26631
36100
69121
42278
44214
89300
26677
1931
63933
59677
80942
56891
71470
88321
93811
93246
87100
68290
88286
97334
19591
92222
9976
560
39302
93368
98384
77308
34415
14231
62264
94170
74565
80872
35837
89962
9087
78847
66273
78310
5009
10939
56118
33836
32058
44199
18456
91058
78313
18940
58952
2622
108
39620
81089
28110
81846
77049
66489
72977
16940
15756
28822
44889
60845
41922
99338
67752
97500
68697
47724
28903
843
90920
93108
38198
12710
62052
2771
60413
9528
79135
97645
49441
52606
85802
94996
59827
99431
87483
85538
33634
92484
47338
74066
2480
70034
58134
28060
28642
38656
71461
65932
36145
56927
52584
98653
35582
27270
9820
26615
41603
42015
58925
75489
94660
30578
84821
32101
1860
25195
57091
79456
26419
68714
86966
81378
10469
83976
61384
95272
81950
88641
50728
57715
33866
49762
12735
98308
27337
83151
36596
32023
37831
529
80780
48025
80426
38299
56009
60136
56420
9880
47315
12710
84105
915
63764
53240
61274
51779
82332
85729
128
82448
91013
64246
29908
32902
56465
39006
68090
10773
17360
76584
87502
65250
44222
45481
58391
5422
45225
10224
48825
49473
73360
52552
70343
58099
73702
81354
19572
31927
7478
81435
79498
46788
4001
74121
74932
43361
77379
88254
34294
27276
89587
26495
12476
74055
47241
82244
18640
15263
78842
46003
18789
63995
15486
25851
72497
65373
70675
56266
18327
46456
85914
19275
40130
97231
12895
1472
46254
99237
86615
44120
20191
49287
70722
47470
75317
75058
24527
7230
67032
17282
15807
42467
54285
22072
71905
81522
56331
62503
76637
80365
76231
27387
67212
33413
97867
48966
27780
8239
14341
93928
21170
74561
8699
25499
47392
31562
45213
56793
42486
95467
58195
25962
77980
14486
55061
2189
14590
82145
15578
87778
89128
38631
84039
56978
21713
82140
28329
10012
78964
47018
40702
85341
21016
20364
65934
32763
47378
5479
89239
45006
27425
58560
75045
89420
60311
51262
87777
50671
33847
79165
85248
12677
34905
54508
32445
65651
61131
77732
48353
88038
92274
48069
91133
30745
91054
25550
59706
8348
34267
60345
6888
28039
48627
98257
49491
24283
1041
98576
21748
56209
40529
22938
64292
50881
22836
19888
92491
76561
39679
49809
91286
97880
40578
59603
64006
98382
79030
64090
21797
47602
32032
77427
71700
30583
54738
64432
95072
58668
53777
32513
72659
39367
69585
70826
87527
52685
79388
44806
51989
71360
22801
79000
68908
62534
49833
81290
82973
26610
7478
28677
46770
70481
92420
28139
68991
99667
28545
34164
78897
3059
13913
33795
26882
11461
10425
95556
5039
55515
77717
64900
88129
88149
69126
98701
56135
69571
70667
36573
24837
8855
19728
15810
38342
86188
72140
66228
18668
40909
80612
84526
11176
14819
81517
15242
57413
44639
20399
11737
27199
21728
55012
83036
30673
24258
14624
63363
15180
68196
98827
3615
22531
93395
14538
54693
74051
26680
38395
12481
99808
30522
77663
66356
84747
25202
82354
84428
71360
11338
65077
31583
29979
30640
3309
21540
45002
85693
69988
6894
42494
70780
97646
66821
8923
58009
94790
17987
99247
29224
2454
17160
58431
97711
89686
88090
66781
58097
21579
12284
61622
55064
43537
26218
73064
25118
64915
90350
36560
59640
67383
63810
4225
80576
53015
30755
82897
50397
19274
58127
41261
36881
75905
62107
64205
29983
28396
69746
44259
27639
28285
84078
12140
77727
5861
63340
96489
47007
88731
47536
93383
66345
56891
45908
94458
72964
77547
52750
99912
36180
72312
60093
36546
80743
76959
24239
21422
67102
82407
72403
34207
45782
85548
23637
21798
58290
88343
50492
11842
57927
1864
79516
19218
84995
19638
20056
31020
21115
16429
85080
35782
12656
16342
85154
78001
221
92148
80600
59717
83360
11050
28622
82295
92386
51323
67239
12712
38917
40905
74795
22935
34441
29567
4455
82711
91675
59530
54081
28795
4122
67874
23253
89389
97447
64230
80113
22430
74024
18885
72906
11767
93081
71385
86745
77134
9745
61070
10742
28245
9740
74113
60879
26573
64954
81411
28069
77304
71331
15453
31075
70347
97909
58093
63867
78754
99244
18190
48607
71021
23772
47062
30009
7208
11742
88
68712
83753
10549
92298
71799
46226
10172
63810
10812
71719
53677
14713
8138
48153
7216
19377
84627
8769
46719
8851
81149
39560
12499
91953
33183
93603
64780
41642
86329
700
3841
30412
76334
80203
93954
25299
76255
30948
43303
40751
43972
35241
75384
84324
87785
9632
13527
87500
47748
84192
15501
63319
16847
51621
79760
5202
77670
56739
58414
11461
70782
65270
39224
14967
29343
25912
60622
82156
26912
36844
61571
39758
37182
5112
22765
18729
84632
99023
10923
93776
91914
52396
75699
55454
88804
35099
76055
55607
34919
48433
97139
77133
77211
7228
19798
30750
64464
51412
13835
80186
29199
32721
63619
17506
32059
12887
53632
98860
17898
71756
77952
43779
65338
49098
53700
33899
92754
56431
9980
48643
2006
4785
74802
96227
56262
93520
29167
42821
20980
48996
30669
45408
80960
24821
25947
27951
6161
91882
79782
63216
25970
45401
79946
94472
1223
78908
14581
33187
42923
54949
66964
6906
71880
49608
55005
52974
35921
33367
52663
48336
52735
79083
51946
91395
55622
71517
82239
50041
31476
981
41235
33945
1798
21690
71934
94434
25254
39976
88378
62986
38564
30144
67346
84384
57744
37881
92008
1455
32690
41524
7715
13827
90150
32237
73044
74502
47607
45901
39363
74947
43863
72253
2011
83692
87928
91893
15502
66231
36842
26130
33542
30179
51057
47749
48394
94808
3074
44872
17033
95341
40475
70285
38949
9187
14204
55951
8223
14478
60166
71753
86332
60051
18094
91493
67761
23405
38429
76
16848
29354
51239
13756
44814
28051
38823
41049
63024
61320
31667
57210
93426
1929
59169
39460
60115
16658
16918
20724
50144
75102
8294
72821
58172
27980
88430
22705
8585
67391
73161
24324
11478
48959
35538
89708
45445
25597
64567
96413
69752
63859
46839
11506
18999
17194
86488
6174
28032
38421
51783
47136
39371
42907
94893
33844
96537
63218
38314
27141
99929
64615
68112
50433
41174
86810
5535
35014
42081
56645
7640
3256
70166
24221
58081
18580
82765
70802
63956
59678
45120
30129
88932
10583
30964
65928
1997
87467
75910
88361
53846
95462
72435
94664
85254
12615
73827
16382
30944
31372
29396
41808
13309
35373
23167
72490
71333
67941
34248
10117
4393
59754
10311
80200
96736
88766
99982
25130
24443
29246
30327
72533
80967
25399
61644
28070
38463
75737
97298
5585
36076
86980
41042
12130
67962
63999
74021
34782
72119
66919
90844
76072
89899
132
49482
15071
8015
1304
45966
47621
33067
11376
29344
82970
77232
59709
15703
84007
86383
53756
12757
96342
76148
41745
35888
47326
13122
71443
72766
67773
57836
11008
41404
41662
49454
29969
28859
37627
12678
12233
54568
70780
47634
46279
34390
88892
36486
6106
23049
88812
55690
49556
61794
35441
58126
2519
94082
83017
52683
59949
78493
81835
13848
72500
71517
93260
27141
20469
95120
87806
4152
71797
74511
78995
88353
5253
75435
73951
38940
64660
94326
77180
11427
51109
89483
84006
53549
75963
83004
16198
27879
12080
2038
29197
67662
69381
15827
72662
93510
85780
49403
36398
66713
4769
80632
44143
88079
10639
55221
31783
76039
39055
47921
79704
57744
30802
75814
98361
74118
84256
34929
45114
25740
29985
14430
27877
7042
54425
68529
94655
49443
34577
33554
19245
34846
74544
57910
20436
52271
90345
6503
73913
35322
55309
69872
56871
163
99201
82950
3982
21036
74666
7158
74664
49612
93477
83047
1592
94440
64403
20908
45452
22225
75921
13801
88289
58907
22694
36990
26661
90325
91286
13333
86167
38057
13428
89956
79147
74737
33044
56384
6249
31700
62909
23038
58101
41404
46046
2471
24618
56053
93272
36919
87456
37765
4856
62194
84780
24578
53480
30564
17382
65748
89787
99827
30150
58889
79207
84996
40936
18606
70256
92870
14415
81905
72254
97342
67781
35088
99696
2096
46143
23805
39946
8648
61247
52305
9578
84546
29332
51593
93817
25020
54109
17698
9948
82965
25930
63661
10858
47394
55235
43919
64728
60365
98594
52695
55472
38762
53147
90844
84065
54104
3228
80883
80047
49808
93903
25706
41995
11534
19676
55044
63613
38361
87435
66769
57213
76528
14376
94665
25794
95346
27423
51270
40818
17450
29159
54619
77944
38646
13307
96948
83539
68882
98787
62091
14122
69126
41009
5156
91614
40073
59719
40678
39800
33392
69975
8503
7074
91766
18946
41362
33042
19370
64481
95559
23968
37584
16450
47440
50904
36853
54954
68652
31243
43635
82649
90458
19712
12572
31244
32211
8360
1382
96315
95491
96143
29876
94722
23846
78158
58397
32413
74876
91358
84956
10509
78792
54695
63667
29111
68203
93142
6556
79340
80215
60205
82093
97635
52307
67316
21959
11937
80395
77773
12028
89211
77712
36741
39258
2579
81107
93159
56792
41406
2553
49322
2364
52262
91516
62347
69319
16523
87455
10133
67102
9316
61227
29628
16470
81539
92234
54666
11450
66391
63295
26897
37180
86827
36672
23551
49302
44235
18386
89551
68603
55751
68064
11131
56320
50992
13911
5871
48576
42560
8416
32442
15824
27190
60666
53630
16864
97662
11956
86662
42186
12048
22277
51735
4155
86159
97480
79359
13051
13105
15607
70986
76955
26590
89794
33428
2841
77009
69292
56121
46899
54267
10659
40743
2374
16167
89722
59797
86561
21241
7300
77389
51307
55952
21167
8100
91694
31210
61115
33835
36766
48967
85398
55646
81290
38469
75605
31481
5854
19594
2673
28811
20594
14689
2139
66466
58483
65435
15997
97382
46668
7254
74479
28610
58961
98364
18675
22140
71399
13794
16493
32454
75955
96305
738
81613
45438
51842
61421
18287
26465
36129
7960
60906
86611
70612
33981
26223
68364
29781
5656
93557
86517
28603
21800
63049
31599
40823
47779
739
8572
60026
86195
50133
44845
66068
23217
12988
78569
57911
44412
83833
70263
23738
2230
54009
84393
64345
39964
51984
10885
34618
64127
41061
72593
12011
50660
86983
6906
11558
7444
25117
31552
4726
51456
4218
32066
19412
39126
66543
31137
63754
34361
41883
50804
81080
12159
24702
29992
51477
20524
55051
27921
84589
92038
1211
72274
46185
92918
22078
24069
11693
8474
78893
76807
2458
76233
72187
31651
54868
41444
71818
92889
40733
88917
49625
62059
76320
58471
91067
13060
93482
69698
49283
62597
68531
57953
7483
70702
2171
13778
82900
99333
76911
51817
44888
51590
39050
26881
39515
65799
15608
88849
4592
18438
72374
30566
94840
36241
19701
52546
84405
86098
39966
81169
26365
89109
53551
804
46089
33272
27843
93069
58253
23246
61808
10069
32610
41519
18122
76445
88735
2816
54853
77903
51911
40442
94456
63840
41467
90458
80668
40100
77008
65764
36691
26190
43163
48916
55334
51011
91849
79491
87303
68250
89131
21427
74293
88594
9071
1144
77022
35375
426
99522
64767
90387
34129
12235
36454
94357
55270
9689
71225
42561
53359
40912
54063
16268
22755
78519
32155
79410
926
20710
23466
6765
14036
84201
45250
9972
29474
71187
14250
17806
44448
93571
69161
72049
42162
52523
40742
42460
75326
20483
24782
92685
64696
9033
45173
83007
36728
5234
38771
83108
28046
72722
83792
58363
12780
28932
50138
94414
51105
80662
11698
1547
68645
16437
77800
68253
80816
35888
97595
64326
80070
99083
10434
53403
59693
88611
38760
44604
70335
7512
38610
82799
33274
66844
67324
280
52245
63927
69634
10678
65326
59316
1083
90940
59550
72684
51679
41995
29197
85357
7017
14857
13634
53926
24471
79969
82163
74354
94446
7735
46907
6782
23003
71461
11401
70457
20404
31574
45109
83159
45597
75774
96429
354
27079
53301
51502
25437
51922
99759
21679
12662
74611
99801
46998
42568
82737
32625
26638
84682
27466
35970
22544
40184
39666
25467
63710
71420
19099
76683
94159
49976
47152
74236
356
33490
1819
11049
5881
80828
79527
97853
64183
76928
17919
8009
42823
46629
92117
97985
62849
37632
44735
39123
5474
32121
13756
36261
74108
88312
16661
3531
519
24205
81150
93474
66741
99226
8923
25676
7940
44061
15072
23880
87372
54557
23152
43629
22392
48464
55559
44579
1745
84422
68659
80062
78390
14006
25341
84311
44008
95492
28646
52745
92066
61899
12748
60453
17062
49804
15244
33619
33746
9043
83873
9638
561
80387
10506
9498
7309
63966
88938
72652
61218
4146
37673
33270
47343
93763
48632
68229
98854
6673
48466
63193
61027
29542
95773
45401
91641
16798
12016
24913
14599
35987
72047
19145
68073
34628
70001
55875
26827
28034
56995
28944
93496
88823
10885
79119
40785
2451
60210
76163
87994
40628
18845
24976
9198
19825
31446
66834
32754
90915
34796
75642
24391
29873
31533
15270
51737
64598
85769
62140
65333
5361
84629
83011
92119
60649
395
82590
37057
78075
47374
79653
3367
10818
66411
30625
36935
98241
71483
14564
22007
68431
78213
39523
99031
21344
56160
37970
8517
68588
16406
53018
44655
99167
21860
84889
62466
57596
40415
58646
92961
26511
16304
86111
93426
82669
41248
35521
85043
71370
11183
39427
64746
38775
20317
91392
75034
34005
44779
61119
21584
52891
47420
45872
79229
70783
18742
35238
39167
69445
84069
87467
47959
50434
49406
79172
79519
85611
70528
18403
38677
447
81622
93699
46992
77101
78233
29827
96660
21443
35443
75426
21120
28949
63263
83475
66084
75430
2988
20477
97871
78646
55232
83634
31335
57257
15289
35914
81970
27343
84399
30971
87921
36629
15477
40119
51981
45319
89758
68163
91273
86880
10300
68175
53015
18256
62531
97846
29447
57896
67565
58516
34041
13253
58870
82463
95923
51415
40520
64643
1455
13805
54065
414
79308
1535
24528
77013
2053
57848
57070
31793
11358
59966
71529
78106
71898
66558
72620
41326
69354
62521
26394
27709
99616
24805
46410
62052
1985
22017
5068
70501
59129
85850
20362
37375
7657
24083
36330
32015
94747
63380
34639
43875
32182
5265
22591
65367
65709
29333
42143
85198
13937
37676
81914
55470
41287
61930
43393
84376
45877
63899
30348
56098
73813
96200
1822
29555
18988
55298
28103
22843
60468
22191
64772
19212
28693
35054
67681
5657
53651
68456
83742
16362
90177
72789
28047
8345
31251
81480
12029
86540
73457
79577
90954
35503
48871
54061
73106
8045
82681
86595
32364
70315
34484
95677
69936
60993
60896
6633
2035
81206
15698
52843
92782
17911
85757
44330
44893
56211
63080
77396
92387
92982
52763
47310
20874
48672
81683
8123
10344
64705
11189
51688
76253
7348
64959
88050
78265
51253
69274
25845
53146
97824
46412
70291
51027
33288
43849
61629
65321
56176
92906
10624
64023
94185
82358
35471
23281
72873
95388
80872
88613
60516
65347
60902
74365
80458
2617
12835
73121
58653
64231
62152
80122
17037
73029
59634
6194
96113
63466
56258
16918
26948
29372
89474
35293
46330
42598
15727
11266
18206
29704
10471
44429
99434
5351
86416
22577
59809
28325
27875
41262
41868
9227
24627
89366
26863
81507
72350
1901
27239
20163
2063
15721
91971
16067
36557
69465
51932
47984
42659
84866
3763
54009
72877
77797
96997
10982
98140
94428
74477
74888
13382
77763
19350
61451
67757
8403
80507
23177
17994
85385
30174
41368
64278
4486
98561
97315
6165
87568
97892
11607
46655
71733
83291
52083
15308
48207
94315
67619
15931
40387
41794
90534
2144
58724
112
42666
36136
45204
73701
94778
26506
14667
6568
65582
95659
77328
36626
78336
86350
11812
7237
25151
91350
4094
18796
85724
2650
46673
83152
83138
63396
71433
3667
78371
67237
52500
84653
33005
91801
69182
37121
19227
74226
76181
15356
25383
59812
45131
67977
99582
492
31034
30035
67340
15421
8418
3640
7990
22377
27117
31111
74375
52489
45523
75222
77538
14729
80473
6786
94934
15059
28629
54883
14223
45014
52813
88427
99849
38003
58397
71580
72736
99235
75894
31651
78883
67848
51492
84533
57223
6191
30152
44964
49879
6175
89316
65821
3976
48353
36470
78306
20171
53355
75355
63519
59708
55083
35093
24555
36056
93996
67079
33981
32779
78952
67037
22056
67751
47659
95432
65717
688
91935
17159
21500
60341
93657
71841
45118
49241
6464
86543
12929
57711
92693
22007
40553
89636
45635
17395
52432
41878
22372
88815
53794
31587
59758
1937
80599
60828
2553
27348
59213
59000
333
45804
20162
49093
52716
64366
67019
22585
21913
94696
80116
95623
44388
24811
77333
31660
6516
35401
92076
17065
24047
34265
7709
428
41001
38616
89123
4135
79174
30633
22929
14754
39438
41405
19434
1099
59212
17614
20441
83788
52322
28965
9230
11381
88973
35483
90518
54776
67665
39517
50774
35476
79745
84232
67043
70345
81709
10484
76896
9419
54280
32814
41045
14513
3764
38653
98793
75660
50989
27077
70684
4789
35151
77098
88996
88543
836
56556
99586
79340
54286
76849
66431
32892
32429
13217
6632
92255
25806
25483
8483
16620
48369
76772
57677
93386
84789
22959
69810
53963
97058
30136
96776
34649
94930
42587
82697
52904
30012
2338
28523
47884
26175
41835
54653
47875
73352
62855
13312
2354
83104
30943
97888
51758
67381
66642
23885
23761
12612
58521
49178
88589
4831
9515
17553
13436
44480
15708
40561
62421
64714
46944
6246
23707
17240
846
66756
17263
64102
27199
55935
34406
60728
91670
233
33398
97930
8153
61481
52042
37908
97758
97236
33268
25466
61249
11819
22146
34510
77745
93297
60009
85602
92427
22023
50270
37166
54621
4326
22820
15098
71533
71321
26399
44649
70226
31604
27367
96002
54464
56532
12376
97884
28417
33013
23654
77125
1695
65610
30606
50031
60094
77405
232
82551
25862
34339
22009
60692
7390
10138
28996
1977
97620
42561
77856
17190
20441
78997
46277
27313
28201
38852
61088
38861
18408
80176
7526
50004
91880
60706
48709
87863
54791
39751
8054
95870
29237
30988
14063
28094
20980
31953
86325
34646
26136
78797
81390
42885
32173
23967
33781
86669
52760
5643
18918
55580
49238
56793
91417
82109
13472
70118
8331
13658
30864
92165
73112
40139
29246
42614
61798
16928
95747
62689
9562
66118
72702
5584
90445
19226
38356
41926
40793
34376
23346
31135
19502
87134
45295
79653
18434
80306
47629
2380
66820
1900
2110
77995
61585
99665
63394
11255
9920
6734
85550
20766
7000
70365
44873
2013
75745
85079
26129
76766
90231
95318
38203
5906
83899
62310
26326
61447
48037
14023
72752
47142
71988
51649
47859
55980
49125
4677
40744
24898
96930
31356
23195
90459
13457
61839
45310
1257
19822
71985
8360
45853
13587
93325
71478
93017
13939
70759
39409
6164
34310
86930
30544
69577
34206
89038
87060
45148
16665
68443
98833
90699
61999
78942
59789
84204
61867
63887
99681
23400
67543
82301
81020
34804
76015
60767
18855
48424
13496
48984
30467
31935
86058
97605
45551
60809
43655
10918
58181
3376
22000
66758
87940
77989
16109
73897
36584
50438
23945
37074
5205
84271
78241
28462
28371
4409
77041
54528
72243
41843
14127
39306
95280
90204
61875
45492
76529
98779
41843
31612
14059
36155
48718
62011
38947
96166
4798
75696
68848
50556
38512
58283
54879
71152
35728
44376
93872
9343
68701
12613
48990
40014
43099
83794
68156
79648
96104
58549
59675
48785
56518
87174
57160
18897
45367
89742
5714
42368
18823
59655
74793
1538
92547
6895
98690
96384
61799
45359
49847
72411
18485
15234
64619
59597
26594
91173
10219
7358
8810
17114
96240
80127
92740
42744
77217
2279
80336
69650
40118
4168
43596
47266
73143
18509
40838
36338
62274
32306
18444
92903
51116
41664
6079
4779
31167
15172
24614
20437
33473
26538
15839
64887
66613
98523
1808
59300
90907
96528
34140
46396
59826
77330
43953
36725
5630
88368
45661
1767
89989
91388
78945
73397
34547
84803
97598
10259
29853
51334
97292
70168
57186
39705
19114
34369
56078
14744
39055
45279
2136
4161
89183
73087
32395
93298
18521
30197
77186
81728
51277
42308
74348
38641
75115
81675
88112
17399
86326
14287
7466
71785
68312
37377
85586
11103
783
90220
39742
63626
17733
49342
49918
51789
42461
57264
84805
8924
54825
30452
55655
24848
65881
50234
95422
30980
60590
4063
31271
33808
96492
89938
18153
87103
56205
12868
97749
93679
61139
23564
79145
22820
35414
90836
40367
33897
83035
47683
29315
87684
74117
50600
40145
77173
43781
94720
30236
39819
17549
69764
66748
88259
35299
14738
68799
73982
68177
29782
95280
99869
80504
45972
10740
51099
45541
31413
17233
6632
6908
52780
31113
81502
7761
7652
37957
87106
24086
85352
70253
600
95853
19982
74451
31459
7999
87232
60751
69496
29094
1481
94885
3294
4773
16153
82531
24516
34199
31509
18438
77214
47620
16286
75932
286
97936
49308
26501
51499
20558
19142
78035
96513
46547
47281
27728
60900
64868
53395
37022
46018
3825
74259
27801
16965
5851
2799
60569
94001
60272
49864
1972
59712
29784
55342
30400
14775
95304
28100
56502
22565
51635
3792
33746
32664
69536
48897
2711
44923
94871
37501
38415
68336
23925
5862
84112
4294
51296
78249
54683
73527
98932
78851
25085
10081
99963
92239
472
83583
31931
10640
25724
32963
52425
31736
2607
13618
41179
35827
42700
60476
67579
64595
1607
84246
91320
93432
98511
13782
96023
15612
63116
31466
1350
4600
11079
94870
51569
30422
49897
28008
74830
50581
43036
1017
97938
28562
30541
78691
37798
55866
48339
86393
87189
20136
746
44520
68092
25372
30008
64744
1444
14811
1808
47102
88556
19293
67509
2706
92510
7767
18646
65639
36516
62085
61112
90588
71828
33972
22417
89663
4519
72425
73776
79561
47623
54066
8987
58234
75974
80743
32144
7665
93036
52219
52589
72231
45160
92837
42923
27817
23207
77766
32196
89841
51715
26198
35957
65536
11762
60880
83071
58010
23808
39062
48616
4701
97847
69218
92862
61119
34778
72715
69980
33700
78033
73680
97893
37785
14527
96708
67724
8912
24655
82454
78070
26264
92845
61243
34936
15191
71377
19770
75514
59143
76501
82612
20317
30699
8264
72399
6456
99149
24988
23198
58398
26101
52505
43822
90748
136
93812
36238
862
23738
4027
7964
24177
18897
84359
62600
42691
74424
38740
68360
25575
71708
86188
96504
9812
66087
63679
7915
34765
14454
72943
43154
30843
11737
84904
24296
74807
50663
48685
2360
76996
42780
72333
60747
4408
7600
8693
20978
44507
51188
5983
28396
41833
67403
72423
42676
51090
39043
91934
73899
56992
24464
11128
33405
80312
3587
21696
39122
59769
63116
73196
48148
26786
265
92203
42776
60496
55305
41882
93707
9445
61249
11798
27770
65636
93162
72843
30974
60345
89526
51819
962
71606
5261
59163
70994
63479
59688
87719
54498
95911
87881
73110
84824
63068
44437
25016
53079
20317
97519
13500
38185
69155
21331
509
44360
71005
87499
21276
25385
41934
85777
40298
64581
43218
35458
65436
99685
44382
51291
23073
78410
71300
18643
12623
2551
74742
70549
31801
15291
16098
23256
32733
32926
92699
51324
57785
55048
27320
23812
12990
74920
22006
85674
8061
29000
94873
76995
18494
24267
50287
94641
49328
40127
38933
20415
13466
45285
68308
65820
57136
17081
51651
16631
4194
42528
11760
339
59150
22958
11896
36903
76885
54994
35283
91637
61706
53790
22158
100
51783
7094
34416
12093
23226
40436
84798
82783
51997
8534
2650
22655
17763
61125
47877
42463
89742
19298
87141
30857
95134
22575
68994
74569
14692
86264
39531
32133
74228
84764
18134
94233
18137
70332
83556
38611
34146
99998
44098
98056
77850
91166
36876
27345
88661
24178
35404
59845
65703
1625
94848
28628
80303
84831
16826
68894
50896
94799
85056
4046
82144
42134
87380
25078
10457
63951
67118
72072
90956
58321
23813
50158
95990
72017
53166
86214
77483
13237
56315
81598
5967
47127
88036
87016
33252
81970
53826
14362
64125
66060
93656
72452
58224
5599
89101
8335
97418
77797
80148
56367
18045
7328
55181
12068
68437
89604
80100
27251
81992
13442
51382
25212
76843
78897
25716
47896
93313
97787
45633
98384
80206
58433
41653
53277
19914
49516
164
15095
58194
81042
76825
6428
75320
57312
19803
84832
46682
12042
54514
37291
84912
65772
85315
46164
26975
84764
28278
53496
10122
72239
74841
91478
13993
77892
54269
82282
46066
25937
74494
59428
17747
74888
67104
47812
52801
37477
9461
30645
76618
28311
65596
25635
78951
1896
41155
95418
3470
95051
50701
87484
47876
80481
93486
51487
52720
92072
4083
99649
80298
61249
91582
68488
8178
72668
1967
91
5533
63458
37535
47510
48617
13375
75878
6862
16658
94346
7420
6466
30398
13362
82589
25113
68114
51687
83589
42174
42856
41953
2586
75605
28216
86225
97577
249
52659
25891
72745
42099
83214
86604
53308
87033
36475
45462
87988
44673
4916
29253
45074
43040
97137
44101
80361
58147
90713
58770
22305
82217
49300
9316
46776
47867
53823
63317
53731
78345
75417
28624
13522
19107
10842
97655
42481
46480
46916
33681
37354
27502
7921
78062
83720
60007
25452
71128
79095
77901
33404
29657
73383
70194
50778
79907
42480
32838
20739
61824
62959
7245
46889
31350
54094
15484
53381
26646
59489
5872
29031
46850
16205
76236
13038
59097
97635
88461
46418
49504
50986
65771
47742
11214
79451
63886
76764
47924
31782
17802
85449
32199
32689
53593
91399
38827
8705
3892
27665
95326
35345
88398
25097
67135
39871
49100
50414
28921
58182
52229
7017
50256
45350
92818
82662
7558
17088
29905
27775
97962
31773
77820
17108
44574
3247
11649
46359
79043
62511
27262
49284
34979
97156
49500
77550
46779
58853
93124
32085
83683
55382
94114
1043
1883
40655
26837
93525
1844
52731
65871
4487
46521
59163
18896
16552
42776
26986
61945
16701
58064
46652
18927
61281
24056
61279
71055
84890
7882
49668
78312
90119
72010
6551
29785
31573
15703
94441
99432
80657
87021
8527
13052
73048
75445
17155
65976
49290
13514
12968
3349
31772
85992
78348
95802
95949
89330
76518
69755
75377
25152
16862
45675
1545
99652
1388
47871
97747
75223
7160
93152
73373
31013
81857
84940
2741
26802
70073
28170
10396
34567
56973
25513
95578
5149
69475
85940
69387
10501
69884
26931
29654
4529
20984
36097
65150
82147
56153
52166
62161
11248
31072
43344
23357
32624
91156
91955
56195
73348
41889
21370
50564
76516
69756
87432
25017
7621
52997
10896
25503
71972
27941
47053
6702
42898
90679
49407
77642
3707
98627
17347
58930
90068
62245
41837
14614
11873
6220
96549
88422
63008
57215
6459
86886
28757
56058
21928
46877
85843
77878
57186
47373
85380
64358
6844
84125
34613
71421
4408
14513
40481
45806
88682
67899
52793
26667
20746
31819
58348
24943
64437
61922
79193
71607
13857
56548
48238
26442
44347
15532
72539
36314
82431
32505
24696
86563
98483
18118
42768
60272
90753
42968
59209
83453
24175
43984
18705
33110
56348
8768
13991
32639
62585
56155
53122
42445
85537
6212
99778
61777
5430
74920
17489
61333
43290
53704
50326
70623
98024
68719
99030
79154
9197
55906
78375
18260
86373
79957
25298
1867
85782
71706
13892
40512
4259
58484
75634
9253
21614
75242
66278
6770
62862
55702
66218
56715
61864
83837
43888
96862
25997
61082
21051
32265
20048
21619
2862
80920
5538
57069
10319
13068
27468
79100
61528
92247
40840
98546
81114
94467
91581
94488
3341
34386
66165
51290
26457
80928
10108
71613
15642
95589
16887
28396
38324
34712
59871
87248
59475
38285
43417
98302
68860
78046
79763
89002
62006
80551
98812
84217
27151
15531
1057
31764
45548
6613
58400
12696
22065
26905
83659
15850
42729
39096
49978
90825
37491
10818
19213
14300
51241
54550
13917
72970
85166
48517
25214
71912
71507
17365
99988
44524
48198
50145
41422
3809
73495
89758
9443
53076
98248
59608
30151
90762
58033
21754
85290
32436
17998
45421
55886
88059
65413
45176
67908
54902
68407
48805
94817
53115
41219
95781
90434
57809
88593
96489
58489
47523
1666
47857
47826
23921
83409
14850
77639
35137
39046
75696
48315
99699
96119
88476
34679
37041
82011
96182
87744
1157
85197
45891
23409
33221
75577
89273
21818
5066
91366
21192
40533
45119
6944
57907
24160
84596
33121
88604
23164
78065
32891
38109
81473
61480
88516
12658
68028
62819
19711
43477
76742
96893
45123
7905
44930
52653
34058
77240
39570
73948
84632
65792
41719
6648
79846
54152
42307
39745
67210
5800
68604
92096
10277
3174
99088
57912
62408
40629
68656
14484
16868
68504
76618
6304
28301
35045
64359
56340
32810
89604
90749
71595
56475
42838
4754
90098
34631
43251
85646
57467
87073
26795
33019
52113
8439
11150
58140
30886
61495
10824
86823
69705
64350
66500
96224
40659
22559
62577
71412
45760
55244
45026
40623
4474
43779
41422
22714
78865
38360
97560
96628
69832
35163
35210
30508
21641
70310
22106
45112
88696
18630
41839
6709
45956
26339
53084
68252
46874
15213
18026
76189
2260
78821
24533
5179
17999
93189
71405
32804
29498
717
72124
33195
5098
20235
65319
57283
10282
36198
24910
84282
54192
9639
6413
12943
69291
9157
6981
84530
47768
78124
35989
90359
14068
78088
22401
77879
68556
52372
82485
31043
11408
17369
14243
29413
34982
66533
39752
60597
25882
84522
14509
9268
32627
24720
18472
32617
38689
5497
34723
6454
35571
9230
6996
61110
89061
27563
99756
6933
57206
68003
40204
69836
33207
90449
96752
65687
86335
79677
50511
533
46876
25064
24603
39675
91941
2996
29763
63798
13355
33842
22424
8731
35341
98185
55085
54412
5802
97216
64471
81290
26608
95816
27732
76466
42772
98793
27528
77781
4347
85544
32066
10007
7605
72081
73885
86404
50153
97223
6850
63178
64779
20581
24011
27191
87051
84944
47523
87280
84935
13211
53801
1738
86912
84662
68114
21769
99466
83668
17294
8115
9084
87736
26819
63984
87464
55484
34966
63937
38725
18013
17705
36569
84455
28262
23934
9084
12048
22327
96761
25683
96960
96785
59651
58825
41352
56289
74187
75142
52797
66023
5415
93989
40039
61571
28184
81491
92889
44571
87947
49543
25851
61034
47708
55833
38114
8296
16214
83808
3842
17074
65621
86187
57658
17430
74828
65083
69741
57246
53537
9724
91345
26390
60342
50911
75776
52187
81444
20501
97900
77123
76544
43786
81136
46435
43487
76763
26561
52640
74326
50581
13955
23925
48345
97580
59896
22334
14629
10420
13555
77567
6554
46752
18251
71029
23584
25557
92523
76470
62218
85481
73702
33767
79672
32670
63719
55706
35222
68949
27623
15202
6594
41264
82232
36437
16523
69993
93086
34844
41173
2632
69854
3226
77625
28069
93198
40599
42792
25594
81515
10856
80016
64292
78730
15804
74904
18390
75686
64421
35845
13882
93752
86945
51487
61765
29509
28933
95598
56726
49969
39877
64958
67563
52209
4546
52257
49823
21086
88720
82963
2788
52453
50243
57497
95993
88700
55734
97251
80648
82319
76183
4241
27615
77912
38834
23825
10472
23661
44248
71654
70727
51860
76716
98212
65200
76817
25675
56408
55139
5312
88597
75813
49445
50429
18204
20361
45980
32384
45704
38878
10342
99527
15972
99804
55447
20780
32937
86427
44461
46390
70980
10550
81201
97707
49575
69132
67309
50210
40841
18081
53380
96790
56698
30913
60723
38839
17480
97540
32162
23995
96775
46028
88294
946
22816
2891
91158
29751
90681
3490
51656
64194
93565
60164
13928
46074
78247
55194
83700
82152
48144
65727
85815
93126
90035
19595
44864
61175
97178
42701
60350
97520
19879
24178
5530
53844
72928
42978
15441
82781
38071
4937
72653
67382
35637
12147
11583
71878
3011
42769
15451
14598
44597
3384
46799
49876
4147
2376
1185
58112
92965
6314
55973
3075
52059
54867
59416
62128
278
23525
44411
64291
97367
30613
14031
78678
43521
81383
17898
5106
9485
89461
58644
12322
22347
6255
36897
40066
13615
29148
93162
6871
51263
41598
41482
8985
37112
71700
74994
87211
45752
7385
97321
54828
4780
54633
42148
48101
8278
63204
72766
46178
25978
29099
18708
414
13445
45864
4224
76758
35291
17482
91151
52352
75484
11981
93729
45749
37042
98968
4061
57737
40217
82560
90702
18204
21803
36746
17470
84744
84487
4526
76462
77754
40797
15927
38799
30750
4857
33766
68672
36692
66762
69111
10212
27839
25454
83387
94207
41275
12380
63908
47565
75406
65229
52031
17119
97111
58087
88444
94931
21987
58280
5577
3182
4127
59339
56732
7961
97224
36602
9295
34358
41310
32817
48166
15677
65591
53355
83436
44791
98000
84267
8059
23030
9661
62120
91355
84943
51490
87958
67969
32117
88794
99533
37433
30867
38004
62904
415
50630
94398
37437
65990
32117
93594
45508
64891
9358
31597
25541
45476
43646
75734
67282
35778
55308
37532
20606
42902
93682
74560
62121
19008
94297
79857
28714
17186
36688
80286
58232
51971
94026
57638
72596
54767
37649
21323
81270
4764
83498
82917
50066
54119
75687
34643
96615
47389
96002
72333
1316
47062
84797
86197
94775
58395
18227
99115
98708
37288
28954
63583
61470
72845
51480
48546
51093
40238
34175
39669
18812
77546
86183
131
4549
41017
94022
2187
95164
91247
82574
55765
99469
44669
79011
32901
29554
7510
40087
85773
46013
36175
22660
39677
7454
40288
49062
40118
43186
2951
16146
58589
30537
97292
56375
56843
55282
82142
37968
47360
2277
35036
75170
36983
62604
61681
7352
1589
15471
38102
82201
79099
87739
53883
38883
32604
93422
78625
86374
25192
71873
9246
57599
40358
83794
47683
88655
84416
56557
98138
87320
78904
91479
72329
18676
49657
49463
52500
8561
41864
12642
78143
36589
49369
2433
61648
31466
46366
78848
14931
38766
95674
34677
79863
52377
32724
77419
29270
80164
53639
61355
34162
38739
87286
82534
13786
31542
75997
41025
9196
40354
63746
20574
15764
40006
2187
44131
80275
50125
27593
21609
86491
46544
61425
97570
24278
18997
23276
91880
92039
43720
53508
28607
62920
34740
25119
9798
82802
67005
23240
94591
25595
38813
80360
21784
65114
47706
81652
5653
36006
50977
15520
4860
29276
76417
54385
19197
71903
95622
51184
19996
82586
70448
54235
38044
85441
31151
80405
35850
42966
39454
39934
15427
47399
40697
60669
84451
44756
15036
79609
45931
56110
27129
24903
98350
47131
53589
57886
63576
23734
30496
38278
80444
9332
87504
98191
72696
34913
51769
39166
3175
82793
70347
28322
71459
42579
39399
39749
42036
34343
8575
43742
3066
85615
33865
56515
10451
43740
49728
35675
28649
13440
66264
30322
81019
5976
20028
60613
41670
29197
44997
26429
47472
79440
31993
76410
11057
74146
69245
26532
17471
96662
27000
59046
20468
92814
86726
4087
41918
24610
8886
71661
77763
7135
32321
23030
24430
49483
97255
70945
50459
44647
31464
119
85498
21582
29115
4360
87395
11450
56143
65311
7959
74182
20667
11799
7791
30509
52292
19655
30372
39825
63883
25720
36058
14488
16592
80056
87753
88881
10023
3943
15305
53076
68085
6959
60761
94920
27335
50705
69548
40062
14799
49433
30706
71098
98909
92307
65886
35090
28214
81015
96505
65998
52275
98336
93570
16495
79928
55835
24287
28589
81615
47771
57797
49209
70400
93161
49281
57665
70384
34520
63937
15858
77716
1335
80193
40695
56176
98399
46549
64991
36080
95564
81008
27101
61153
96841
36751
42953
11565
57572
20838
59044
40946
25504
74340
4792
67710
26185
55909
47838
42345
8355
35092
46617
54383
88411
26267
9152
85897
92159
25353
60633
16102
26377
48638
40033
20587
92246
37654
66600
83812
79381
99407
23609
5317
93627
5977
49687
67427
87636
3418
80546
87816
90900
71355
34169
56854
41707
11186
39258
94939
10230
11148
60101
69229
36434
52183
15422
56707
61324
71529
75889
11312
77460
1361
65488
69277
93936
13912
77720
83041
9933
46739
58834
26143
86640
49896
66069
2685
6666
20187
45032
7676
9130
99476
1701
19321
38732
28974
13978
13567
21167
8446
35497
56710
46341
19774
10927
68460
66083
39029
63169
75086
86008
12677
74514
38052
85243
13969
43921
53430
49533
98185
13551
68767
62237
64531
35103
20861
48186
55416
45494
14513
63459
616
23570
79257
74538
97898
83351
31303
27992
68997
2004
19230
71834
15716
24453
50121
84408
49481
99601
79576
61222
74577
44979
70135
62868
78687
1110
37677
88480
54184
52345
28814
30283
43739
22130
44285
32105
6635
37454
74914
87986
87482
31063
21956
11029
46467
65903
55171
88685
71908
64473
28308
33195
21607
34391
25722
58898
85035
1773
16253
86242
57556
72100
59562
26125
83115
71627
41031
21221
6355
89624
3281
4662
30954
88333
97972
86896
5399
85397
16038
924
14422
39085
66784
30799
96926
735
5018
44413
48428
75626
80994
16389
21517
990
2233
4107
28365
74883
79562
7747
71383
17369
2472
27528
78535
32921
24131
96524
92852
43163
54310
22410
60948
21521
79184
40503
74443
95952
47084
50199
28724
77711
75024
89516
1674
50952
61007
68297
78323
81532
47003
66757
31530
75219
50747
40107
49447
26273
28036
17743
26093
96516
4215
61978
93009
65161
37367
45414
10306
59342
49701
89381
12408
32034
70106
19387
6973
60361
50208
21325
54547
9276
73677
10929
92641
94093
29437
29093
98910
36584
98443
49083
47256
64180
38892
53810
34336
80633
94505
9280
26102
99260
38999
38379
50061
56102
7636
18007
68059
80099
53503
26169
97824
90917
9493
61835
25136
29833
30500
74200
23518
71761
13997
93527
56422
55121
90747
84212
60215
50821
85019
72425
14620
42079
46935
87469
88678
5055
92402
72675
85336
13306
19170
11379
53166
94685
61189
91509
96970
78859
97538
33257
79548
86530
13886
13380
37486
1820
46071
45317
809
20881
78304
21574
26344
37402
89369
92078
89719
9904
80938
28611
20583
46835
29468
77884
34161
86695
72532
5045
92836
44888
81741
25980
45325
85374
34000
79880
60098
45499
51987
93993
47595
3202
93484
22554
47693
16082
64560
97459
76596
13343
93709
8283
4765
54610
87840
80059
95933
81158
65363
60750
43185
21812
45751
51348
98404
63145
66778
10278
36022
40242
28484
41444
66351
91962
96884
94185
92704
20842
68626
94912
35185
36143
52721
36304
73037
9050
16707
24723
52871
50976
56312
45796
39495
74818
18933
85431
49396
61639
73965
83298
59136
58116
92767
48025
13259
7102
11467
43160
2804
55111
69778
441
92835
90180
92009
29957
30412
27919
38489
28039
35777
93368
52599
93212
77592
41446
47739
43623
76147
61948
4831
93025
59570
47798
74230
77677
44977
96946
61830
74698
41791
6348
28451
34145
1341
87458
30026
66366
62862
83958
30743
57660
79329
39538
37955
3417
68984
63589
32061
10761
81845
60076
98116
44678
61632
10540
90814
28644
28055
41307
78328
98787
787
85694
92571
87453
47474
32237
78439
48000
28134
80755
19247
54
99898
99250
39536
68735
45660
21187
89391
50112
69836
78330
93198
76245
6815
31528
81387
7458
42320
58523
85814
8423
292
11296
42476
74738
16536
89033
31060
24686
75658
56809
26966
11192
18144
53211
84947
93651
3960
80515
4965
80242
24142
25388
23123
52818
9507
73873
66801
57194
20080
65815
22578
57211
47495
22423
7211
21825
54530
86554
5542
35980
15339
8669
8127
27016
39271
29427
38367
14263
54496
29706
78898
96161
24909
44965
33191
35842
83456
66345
85220
69250
91884
8980
56483
74370
10800
86311
16013
22545
94053
11972
48849
38974
93440
91314
76544
57256
28996
92765
45033
77009
11143
41435
55532
45778
53215
76682
81405
45192
29865
35508
37879
78316
88214
61748
82235
28160
15027
6867
70212
84996
66227
92075
79143
41993
37467
19373
31628
20797
12585
36733
22115
22245
40802
93915
710
14153
79863
91069
50025
10632
14483
11479
41824
57229
62212
30973
50446
44953
53827
71391
66693
7488
92706
99347
89566
56432
93681
31121
29590
33579
71500
70231
56068
90613
79269
49869
30451
61161
92585
69475
53440
81511
40914
83734
94962
66088
2921
93105
59600
7538
57365
1040
27299
80678
43588
75744
23018
19895
27957
35075
37876
87093
93920
24751
46366
34279
28003
26518
51080
72632
9129
39872
38902
95016
11033
77716
13504
95587
2265
23926
48982
96494
91676
57546
59668
53981
81071
32342
27070
92194
23036
70310
14648
61185
73817
72905
8549
3775
51601
60025
36282
93816
12396
94040
21949
51727
14333
63254
65375
1088
28904
6734
67092
74321
98830
848
93195
57096
46998
17626
61646
15094
90074
82079
57048
96625
49451
49161
21773
34047
68738
40827
81019
92686
2276
24175
43627
49728
40849
20255
43300
49156
90410
2975
77500
94400
34172
53927
46427
56874
56269
45294
17647
85174
89154
11153
25446
16458
2987
83796
82827
28141
96651
78015
43328
92989
71431
77354
96980
75072
37483
50675
15617
83763
84083
34028
40196
42014
77085
4082
67706
136
32265
88823
43060
53958
84233
16705
99991
58063
36011
20812
26675
89132
7328
36490
77437
66059
81416
9291
26282
1746
36956
82359
84075
25072
37976
72600
79424
78191
40707
7637
25466
42758
99068
51897
61778
6571
7043
43731
15039
88582
22529
1910
67927
13216
49812
99392
74886
45210
28155
41495
28260
82586
83003
68207
4886
53312
4076
16361
92419
82904
71523
16630
71793
48360
83004
25721
14363
71432
18947
91306
9522
61873
3264
81590
23310
18478
67869
39780
95086
64303
40468
1363
7795
13213
26298
77214
29334
25224
96419
34690
13825
37563
11440
43510
88337
87729
1788
69369
93414
72001
18238
94570
38852
44373
73787
6416
7881
98329
56716
50298
85643
84302
88072
80129
21165
90686
49326
50025
11422
42889
42993
99558
86415
70398
4447
95004
72783
11622
32176
26078
84517
93211
10792
38360
17224
13302
83145
49321
77662
77925
23928
47495
12240
31419
2505
10246
92006
74113
80234
75284
16836
20554
19050
20347
3840
24773
12932
78570
73087
87819
97932
66349
1804
91832
77108
66328
23348
60247
40763
51459
13312
15382
58579
52367
9104
86777
74829
7783
41841
27402
35619
99681
80699
89358
77858
99268
45225
59570
62227
94372
80501
95204
52644
30504
76271
3294
84471
60077
20218
16158
33862
70051
50212
305
91986
92725
6336
2125
68135
85190
66306
45726
1357
77047
86774
63576
77326
39781
43421
86987
78463
85391
35781
83989
15564
49013
93411
76081
79141
93660
36432
28877
22335
86606
31358
17241
93736
3806
61461
23675
86699
29097
56750
45888
75068
31000
58986
81261
87712
39138
34416
7795
71004
69262
28771
74721
36889
94966
47132
18931
41905
39848
63432
82217
5753
86534
8544
90098
46730
95981
545
36327
14669
50354
34824
76884
15811
74888
92620
88145
97102
88639
87575
4143
59136
13798
60226
90733
65118
16209
24749
42922
89072
90133
96056
16629
57160
13616
99072
89601
22924
37063
14489
99668
23970
95335
30564
25182
2583
14476
81486
77703
30667
88832
31493
27937
8733
12475
29720
45725
94799
14088
81226
99993
36821
71785
7250
40471
8864
48689
41682
72649
21729
72783
97585
26376
19036
65962
58999
74787
1931
85896
33829
45556
49451
39721
15407
63119
31431
48880
22263
97493
16352
52801
4231
14469
43702
47813
15147
93809
86773
95883
55176
68366
58174
41738
90301
28485
87249
66401
7541
43782
60724
80127
16901
28957
81187
78622
97032
67165
57300
15849
82645
75032
93445
49951
21273
47504
85669
30352
84311
19176
86043
58500
65465
79700
48311
61211
17169
93487
82419
7535
34480
44844
73446
70037
92162
46148
96037
42083
98661
53773
41078
38027
92260
88139
97170
77573
99540
34400
89142
75052
2986
1216
38663
40670
18934
62528
28031
11239
92417
62892
48568
58231
32990
71287
43828
87471
95504
20813
99911
79228
22392
87493
5442
32762
17305
24850
80348
31801
84043
73081
33086
92669
27223
15164
75180
20415
62357
40437
16299
69425
38944
85886
44051
99679
20691
70605
883
88433
38915
88158
70812
36333
37400
52232
85131
58073
22984
16913
10518
27454
15890
70973
7217
70600
35604
56802
80253
50378
76426
11479
48271
11294
42340
62891
89625
62986
94722
49201
45751
51966
44590
55257
29111
90938
57142
17242
91750
64365
95557
27692
61299
77624
34142
71986
71939
99024
32596
1364
22224
79010
26760
25195
36478
95985
32703
64213
98620
37148
28735
44488
85651
65243
64007
57507
34511
28263
70376
7808
30374
18745
77572
20678
75017
98186
61570
11067
78183
70522
97098
94871
62041
97549
84899
49715
47181
66543
87046
51168
98354
72856
19039
9941
29468
25995
78496
69344
53397
65272
31298
24349
51297
47554
63769
3268
52876
50138
74002
83453
34258
51594
79628
3343
17962
11214
64880
94677
26800
35548
41262
27026
941
11396
90901
22236
23270
67635
23151
96595
98174
15154
3479
17173
88169
53387
75576
34794
67342
