50766
95431
68708
83039
37341
46215
17789
34991
24246
36842
2041
18512
32418
63372
22363
20153
88691
23428
98906
24082
71070
89682
66410
28819
71670
7093
99619
23973
92614
66233
95312
85860
67403
61421
93783
75910
97228
50131
45632
22485
53047
72432
58659
88888
92729
6019
54610
10960
25689
70962
61537
27038
75249
55744
78574
7874
64714
88603
80336
64766
18068
87314
68448
9208
12319
64420
48766
29087
84024
96148
72322
51685
95459
26648
92064
4971
86002
41552
58391
47002
65375
69299
25814
58893
58540
9189
55371
18796
4692
30630
44042
73588
72429
87268
73302
58450
20637
59920
86735
85678
51350
84078
47768
27812
27440
19750
25283
31565
19617
63671
14172
40860
98267
4651
36463
7333
97026
58118
68886
24056
76072
66296
30755
77643
97191
84818
28551
7957
79163
74229
5532
32311
24858
71558
53653
9813
82128
98973
28064
79906
20603
65309
64181
13818
62048
13758
55807
56392
3304
32326
51011
85928
46586
13686
19153
24199
57014
57568
27878
52198
21771
63863
6555
38174
86934
98878
21038
75709
27161
54211
50796
9902
60979
84005
81079
4311
18081
44591
8185
48028
9425
3689
80934
21409
19966
55844
76583
30316
51949
88083
58056
28713
15267
43833
81951
19847
16929
89437
34199
2527
49981
16026
51545
91733
46718
27539
63670
59128
7539
85796
74644
54851
76273
85779
49906
8038
9096
46981
52985
81086
47840
88173
82273
78400
46709
6528
43133
95766
79660
36804
78884
33472
67185
34439
34141
61724
50511
37995
54310
61760
47211
61407
77825
98947
87549
58313
2972
64219
9771
30111
78779
38338
52260
69012
52548
95634
54038
9488
77703
99183
20397
121
58568
55908
89033
41933
17738
2981
75450
65010
36186
59859
4923
79844
22805
47263
4776
21773
57975
29510
65949
97236
43137
50682
77804
5804
20102
68513
21690
21068
78514
78870
38935
67871
57016
19406
93529
11698
15542
34773
13460
12043
68647
17271
10872
79001
11781
34842
90566
38502
19768
19400
48176
48392
23392
72139
36461
48279
87387
92593
72341
33114
39507
13039
88383
66458
50599
15554
37429
16440
41236
14096
81808
93722
67808
94093
70582
41952
9028
70298
58316
42325
53459
32903
74457
54881
92939
82105
84858
11291
45494
38279
7291
67996
87197
39934
22232
86223
99626
43109
80593
2564
64825
93147
23555
78788
25211
2268
44585
61598
69030
96162
24750
51008
36508
63559
27949
90530
84053
15785
33287
23804
34988
30055
88256
48887
26116
68936
76823
15777
42261
89627
25248
12090
92407
23576
69728
31531
57289
58373
76900
90391
11103
84309
21599
92522
53510
99724
49790
1742
45556
61373
93033
45404
92113
73716
89816
17231
43804
93871
56815
64852
47324
14791
5080
68990
42532
49356
28955
36950
23713
10063
30493
55343
93667
37209
10131
23447
88069
28280
14305
92746
18907
33115
67347
72033
53016
82866
75030
13447
56793
84952
23348
93580
6162
79149
56523
82451
52146
95484
93545
40742
27477
57819
14919
60009
98534
38705
38462
57420
53583
91154
26506
51514
11039
12997
80729
41934
6870
86118
7120
68357
50736
50216
46843
12046
14219
45618
87055
98206
77239
30826
34654
23969
67514
54128
6485
49866
82141
94273
1717
20300
6646
16316
69261
23585
71154
1024
37392
34599
94431
31668
67960
61611
48947
42881
17207
90045
9917
42746
78518
46659
35654
43164
50380
41610
89411
79728
46140
99254
24218
73645
94028
48091
17615
81466
91005
42916
60490
1425
67084
82513
19014
90815
63588
72606
85784
69032
67741
66045
52282
15208
52853
8262
17555
68244
2953
14021
21349
79039
93393
78065
19507
90073
81622
62525
54605
21393
43120
12520
60633
82843
65504
61423
37504
7916
87462
47457
28562
61346
70912
86483
39543
87009
89216
10282
17939
20344
90601
64054
93684
25506
25254
89055
23515
63721
33159
56695
75589
15172
54072
5646
9397
74465
56672
42469
47424
85758
83315
27642
20661
34897
33364
9666
68359
62856
3499
37045
36792
71179
43103
23426
7267
9629
76752
3139
53894
60065
38451
70924
50283
86232
57003
35005
91601
38025
49888
22839
19452
11706
53183
58219
56821
23483
79150
56366
79295
24002
81130
75337
52248
15856
68383
2988
70952
77043
8227
14370
64105
59589
783
84352
73778
82257
72315
77112
55522
73845
51349
3818
11526
6691
97726
43257
61383
36386
64897
25019
81299
64146
68497
4106
59494
23661
22782
32249
87828
20104
45011
92896
23638
601
1263
92984
60911
31474
87102
13730
18842
70059
21299
43585
59218
31326
99844
80840
66013
40940
66850
69966
93238
34269
72372
37566
70102
35621
30479
44555
25118
3169
49556
57601
84995
89825
69478
38038
63190
49856
46182
93856
85807
69518
18541
26592
98645
80270
75173
43388
8621
123
16196
48074
97149
13062
81478
27047
89692
3515
14023
15176
36568
92322
94874
81320
91810
35169
93480
37121
51994
20926
3496
80086
31859
61633
39543
40396
16579
68312
98581
6744
46218
88789
57212
20851
28668
754
45117
20043
23308
88245
4824
46931
81078
84206
54072
46555
6441
62621
3370
49338
40688
79312
85112
17415
88796
28394
79494
52711
98512
2816
83079
22689
56264
61149
19101
65198
24454
24069
94059
90572
79258
85174
46521
23185
30318
24842
27684
35644
80587
88025
92319
59591
38412
32316
30826
84537
60925
46124
22541
63224
71215
17065
98257
91163
70203
80534
10651
37757
75984
29986
49318
28622
78651
25186
82076
8388
70674
25657
32368
38736
76189
23929
45787
80459
11969
99683
78194
16622
72554
74123
1152
19136
94197
4439
59365
8618
93591
87846
97770
11431
91278
56045
91424
86455
83522
17180
13621
68819
61494
18560
31186
59738
63953
92257
24531
73258
42916
80716
61635
63435
86744
35531
19252
25605
25525
64431
88632
16081
7473
77552
83712
36557
61107
76875
99342
61961
97955
19114
47928
71679
54960
10114
25244
43840
72157
51926
6746
68456
43689
82968
84787
51635
82425
48592
60828
87210
7620
437
32767
41590
27419
79672
90414
72373
67732
56192
49892
77257
18610
66831
98266
53453
54002
92996
83139
1124
45779
70650
49413
25386
5411
98414
75220
78636
55619
1086
64205
22291
41878
43852
83500
56795
72747
53089
93482
92194
47172
9615
5046
57851
92835
62255
69999
52162
84688
18185
19195
84459
6857
73330
76071
71187
66375
8496
30652
81720
11720
77048
12602
30340
65023
31832
36084
78884
44340
81073
56391
26168
94009
91196
76088
92579
9834
72206
4457
92513
51936
95510
74904
14424
74226
87459
65557
64584
32328
83810
43741
6012
14590
57476
90359
64962
1714
76767
7435
37623
98186
29067
52922
79643
87012
7117
57406
10468
64828
51984
39263
33071
31699
3983
63630
25809
86370
16047
20002
4299
50140
81865
56748
58396
28600
56965
75577
56112
98755
7650
51973
51222
91041
88339
21526
36272
8252
83907
39036
18244
90859
79577
43266
33615
10016
12246
89585
59256
63534
20155
82850
78658
98676
21224
58302
16892
99243
36224
43700
25331
70152
84936
22645
89351
74638
65549
75216
38618
97491
49381
3301
93125
14541
81933
17000
51813
91225
43410
58997
27314
25768
83660
34250
29008
34951
55620
24485
73151
10345
48631
27642
66605
56467
87282
98833
90252
60131
7229
43387
35261
67358
19028
53039
50731
42965
86320
87877
9141
73171
49989
34733
5507
33894
34788
21997
1498
55591
38913
25942
61226
96200
62671
86977
65508
29625
73671
6604
81353
98390
37479
34571
7294
72049
42295
38380
17340
60087
2118
99819
20708
20514
33235
83119
99695
82619
33545
67967
63619
64521
57314
71749
76065
30298
36652
957
24219
61069
31880
5849
76004
46874
97871
65717
43072
34911
5263
98769
28186
70632
87444
34129
27028
59737
88930
62317
73049
5883
50493
95637
76399
23265
70699
39429
70728
54517
2002
88833
70103
51716
53276
37069
18975
86947
49625
12396
43303
96861
62403
89075
46474
20762
68220
57480
71468
33901
81203
88444
12838
12346
93190
65795
80418
40162
35650
9036
32642
48428
64261
50241
70171
59858
10308
53277
8095
93189
10697
41892
74392
7326
71893
17156
26672
64387
58435
15622
32461
99217
40940
92305
44250
34988
7623
47803
72065
23969
72168
65133
34805
90003
79945
53010
83819
39914
62215
76955
33832
18549
6083
83570
17525
19671
60009
83769
96624
8117
78125
57983
50461
48667
46929
70206
45657
61798
29187
51892
8079
12849
12131
2843
84259
74687
85699
73735
81195
11841
43303
23900
27710
35269
87627
31178
612
61852
56388
70406
33005
34566
78206
87846
7775
73660
93221
41752
47399
45978
72192
78751
69520
33159
24119
20043
29169
56674
36021
83893
5504
59627
48616
3060
75844
71531
48805
86206
25961
76961
27529
7455
8429
20649
10203
12623
88663
89227
57485
87251
1191
31838
5377
13810
3080
64439
70919
79026
28578
1394
75044
23311
97165
76795
51247
36087
12383
89402
7126
29413
97158
8185
26461
10423
31890
17875
53766
85102
8681
13594
57452
55619
60094
41957
29481
57057
70876
37972
74232
3362
66300
40066
18773
21065
98390
22758
84320
65465
8883
72966
68928
688
74401
19064
77124
80132
73441
93046
87205
10201
6042
25758
22823
72027
49232
47331
77310
93758
28527
39667
50413
97072
56417
6534
71370
83608
1375
11712
38270
67885
41700
76003
27208
41685
30909
92756
91265
50841
36925
67432
17690
46465
71405
13930
6209
44977
32609
98796
13955
4511
28069
46504
31403
46160
65878
88754
66377
48559
42317
43196
37261
56201
60982
47141
5362
12200
17663
46463
69113
22473
31404
63515
89066
36604
37799
83732
42239
27832
66900
43316
8572
81592
16451
18247
58582
95286
23039
13498
78452
56674
8227
18031
83731
84736
48364
45376
21379
71195
16650
94062
83503
40778
72400
1157
94618
81821
25322
22669
96644
43299
34990
97776
93741
50044
75212
37187
98288
3030
63423
98547
58160
54886
20389
61325
12881
96005
80043
36841
96061
95109
546
76724
29543
25102
52910
50393
56748
99897
15164
9900
96213
29672
70259
93171
90713
96960
4804
23280
40960
25124
43196
17967
19042
33871
50744
96265
845
68909
76663
27219
98054
48215
95371
68774
94214
13290
7753
51883
89606
88707
58273
14979
48726
51897
22247
78192
93318
38198
33743
44484
9352
59923
6200
53124
2444
98576
94783
59576
15499
75629
25876
79186
67488
2855
71593
55320
71376
37842
96743
94000
32394
26319
33467
23655
27402
63339
65902
38493
99511
42357
41586
18833
17676
19961
71544
5829
58164
55037
77374
18702
19054
23639
42661
98202
9136
13609
16193
36061
64008
954
34026
55674
63742
9234
3728
5483
94389
21682
54091
62766
85232
75822
19312
31852
70641
33032
20031
99110
66365
11914
18873
45118
82491
37248
49488
1439
13243
26864
51414
31690
35635
31766
1655
40479
70405
59904
7459
22948
7004
17154
40739
73557
91317
74263
80013
41928
46107
20310
72211
89179
82858
20333
14037
74909
84469
11676
65303
73301
64099
38672
54605
51059
43316
58842
91090
43762
64322
6987
64280
82406
95715
24079
87482
52071
38250
15076
5102
19258
88717
36693
96086
95833
87297
90071
38517
56286
71137
4767
43294
4081
58062
77309
70024
77291
72656
81210
32703
76423
19419
33002
97556
28420
57581
30157
20820
33369
52083
67208
75414
74646
99723
86298
73741
15122
69189
27710
51805
69910
67715
99357
70315
15206
11199
81292
89037
31015
39915
21929
49441
56338
42291
47534
24282
94387
37791
23664
38196
73534
18196
25591
37833
99855
21435
54905
99516
81276
91673
20309
78706
3449
50973
7049
80480
49384
9081
34801
26048
54427
41416
14813
16733
70887
75213
91373
57934
31143
28540
58379
52000
5482
99058
8485
3979
3482
19742
62822
98726
10890
34627
57393
52663
95163
89846
55225
30435
16523
60674
33151
59043
35994
6539
86248
97495
76314
22351
84442
15156
91859
21416
90900
62362
84977
59695
52008
57377
56491
44922
52949
32657
63664
35654
96581
70320
51855
81520
35583
72437
19011
30845
5674
476
57881
30713
57600
30547
68192
69916
22890
35409
11276
26185
48509
86118
90695
40816
53105
85134
31381
37683
17498
91391
50818
79590
51173
77121
17610
53775
1329
7357
34660
75085
1351
16398
69548
95637
91767
97909
84940
47768
48912
18920
73926
95904
51196
12682
81792
8825
44310
56470
87501
48076
90729
34549
96532
63879
39622
11311
86079
30104
24001
82654
60770
3800
31849
74045
11110
34917
74786
76320
37169
84967
40801
61246
11284
98324
96931
85256
40337
2542
29514
58461
62566
85194
98581
23638
59643
83533
89659
64509
8835
79311
19076
70267
99506
32449
11908
92398
35836
21514
94421
345
19142
57709
41136
58965
36971
79142
86631
76262
42317
87636
40834
25800
15990
92305
90676
35016
93897
57371
37017
687
34698
58711
96622
76921
55335
24780
87949
15524
96866
16970
19204
62532
58620
63918
54257
59155
45471
55197
45084
33382
93383
44237
67185
31546
72751
23843
12856
48109
3060
4663
78803
71594
26888
60053
95187
95964
39189
92988
16856
90787
98475
75145
58115
39621
87208
22926
98233
12699
79715
81275
45078
23596
60469
11326
40427
86360
39205
95015
11159
79658
81743
1412
5117
10704
94800
65388
42631
44455
86576
72727
82039
6320
46156
58666
2470
88511
63551
18161
60699
75154
15020
46852
65865
15134
70027
29708
44165
98724
52141
98655
59971
76867
18382
99622
19916
41864
36311
5664
67486
9088
29580
36800
57792
29582
44888
42610
1280
88407
17011
83163
76492
42266
60942
48349
51049
88222
65659
27289
59987
27300
14235
65775
88913
42108
20421
26209
87284
44435
62000
96567
37260
40873
84702
1947
12807
56129
45285
14532
16935
32593
95162
30608
39967
31161
77596
91306
51754
2001
1563
17419
40135
12507
33827
24188
17557
12760
46921
65018
52487
53271
64496
91538
61733
11495
61880
39724
12927
59469
37924
45381
30702
82737
46215
22772
91944
99955
79083
97006
71103
55643
62653
74116
64792
47406
47320
15274
86979
25436
32556
98355
23036
98838
65963
81240
57788
67486
54768
49655
61180
18423
97452
22168
97736
27547
58094
3243
72156
94794
51374
77389
90206
7520
49431
54954
60375
62400
13199
79900
17391
84396
69988
49873
2500
63927
98132
59242
13831
46065
17593
67296
86099
80161
54735
18818
13546
81938
46916
68185
80910
84388
55419
30764
50169
53987
11548
29759
18810
83829
39611
66006
62605
97996
81732
19672
6357
31451
91296
66863
81144
21510
27047
69163
87447
29682
38914
47014
70217
8795
20347
86274
73555
23844
44708
2031
28198
31625
9632
95337
61460
20849
83570
39933
6928
52031
84992
71692
46946
65192
46787
22473
97540
98719
10638
94332
11997
49675
12921
92393
2071
1370
55785
87114
13214
53167
20893
185
20663
15574
25815
77770
71322
11737
69
52117
24302
2059
44108
78737
13024
65281
69360
95356
72544
84481
94658
48439
17528
84946
93351
16270
21097
31667
4352
32918
56323
28839
18331
96686
89441
55790
55350
616
67999
12944
79179
41121
65402
18962
34204
70732
38562
5674
81180
29453
88510
56879
53208
73408
87004
95338
34880
42714
96531
32425
58774
44200
12791
4530
92082
62868
95096
76693
75855
13638
34584
98522
16694
6502
23335
67961
10693
73311
98845
97320
61115
31775
77747
14287
73059
32284
63678
631
78906
74673
69481
59553
30718
88613
73549
42996
38614
6444
46160
63790
85080
65415
56504
87835
72763
21895
74474
28291
69849
16943
79460
606
54944
25175
1107
86019
74294
78029
67185
61118
66727
50166
97246
735
77549
60274
61786
64527
99834
98013
49725
48286
47108
54737
94035
28920
29485
84233
68951
28086
17134
36385
70699
94320
5216
31193
51633
91760
93959
68248
50698
66498
53436
74701
30792
22983
67477
69393
35217
8361
67123
92872
12723
62313
90727
95047
97598
30260
56609
99407
92515
83444
42935
6071
69447
30370
35663
37384
59683
28058
76425
82113
88124
78695
82572
93755
74746
42461
14252
7943
44743
28741
21524
95668
60869
90259
50837
2957
60492
15507
39723
42430
79936
40130
89704
67734
8363
26777
91744
58248
74044
70884
24881
85101
98587
82993
30668
41476
62311
67844
99300
9273
62382
54887
70162
20355
91945
8959
11075
38182
14418
57434
16543
82969
83427
52164
10166
59363
72428
60888
33864
66175
9935
37972
96017
92158
90268
23909
61616
31339
29060
20673
79763
63625
80061
22100
20705
60281
95793
56690
73123
80120
7715
51180
93936
21861
7071
77501
31379
36384
44669
22884
70363
14094
89362
50860
37599
64217
5042
36806
50924
4789
85286
88984
51276
31389
95909
95695
68404
17115
75955
74672
43595
90438
15699
54157
89394
58406
32746
12499
30005
77843
71954
14783
8588
11803
33879
56721
18286
3139
96946
27768
36147
3589
19935
12653
78403
94007
55069
17020
53888
41772
39905
44669
96654
48788
97239
94177
18651
17695
42871
8872
60590
84798
61856
27983
31280
79530
96883
17190
2225
61758
84399
65568
71801
71231
55940
34724
32653
69917
8822
78784
2713
3377
36208
13565
23392
1574
81538
62477
25981
77908
1945
98625
78708
98311
46746
49943
56443
36926
84794
38737
30367
72496
63293
58369
92212
23337
33353
66208
12604
33553
48358
35038
82835
99150
47700
99571
22357
73152
74121
93204
93356
37514
69510
81345
53594
56817
13557
33052
22528
51068
97633
55572
32073
52699
63025
56991
13430
16293
62114
51462
20678
99385
54976
26010
60193
61510
64289
34468
42241
37254
52767
58618
8638
18917
2704
5006
4565
91327
68068
74400
57108
38119
60378
1268
92516
83269
47038
8318
75795
52183
69923
28794
58494
29144
73977
88536
25047
71517
77195
71124
313
32604
35480
18052
12613
28360
59436
41834
77879
94615
13915
92329
21802
25892
42905
2101
50373
78480
39961
71747
58273
80068
36096
28127
27927
65713
90532
10269
81835
55064
3750
10695
36655
60774
7593
33525
72373
15799
91151
57690
18454
59036
49775
81179
22456
66295
30452
75450
83998
94498
31957
241
35314
847
20524
94715
46984
75754
61942
58796
75183
83515
99046
76864
93209
55272
33478
6417
49892
11159
99723
11106
9060
73873
64915
60920
46511
77858
6558
48041
95205
49213
91430
51724
87258
52125
76733
82608
77026
4518
66338
34409
63096
89801
83679
11652
46858
20294
45633
95260
96932
76908
53141
9349
57207
73084
20220
39590
81990
54508
33706
64772
99757
11591
24129
48729
53263
96657
96517
43363
11994
86569
60604
79544
11833
41799
40100
67320
81782
57060
2032
54587
77865
537
99905
30633
2338
93504
91101
19656
81903
69815
77262
99152
11690
67747
56953
33787
5059
90800
20442
66264
11685
17750
54745
82942
36071
43736
41419
3485
15857
6983
4487
24081
69769
7139
5730
52400
32345
16161
48714
37314
41087
49383
14524
5265
87185
11252
33571
25910
63242
40190
96270
46482
15254
3187
42636
54942
60758
49601
83398
96698
70096
35249
17977
38786
57718
44589
90862
78463
5937
1699
88600
5465
34825
20481
68842
71338
96852
22752
51090
34446
18042
17182
86902
22999
45952
48291
51113
95612
11897
805
14314
38865
88357
31239
51002
67602
87236
52348
6040
39514
67964
92553
91962
13520
24611
13449
61546
80256
19209
39210
61371
46984
74372
83764
9894
44457
85402
91210
30981
3197
29029
26793
53547
80840
32806
31117
53247
13094
66665
72051
9075
57892
21552
76537
36261
10763
20030
7650
72593
40855
931
52726
9617
3559
85023
43525
93778
86540
82485
80172
44340
91748
22989
55440
71549
99456
84358
57256
41563
86753
73846
27255
63733
71266
91295
97046
76812
44655
60625
29201
2675
40627
20054
91432
74088
44911
44605
29909
29486
80934
17318
41325
64904
49077
57255
66271
93140
58784
13209
81722
94210
9096
80034
6604
53680
20568
92319
12100
37444
4703
53870
93241
60388
50968
81366
50083
24853
67172
51507
41767
9646
81338
19970
91473
91000
85652
38085
89946
96772
11179
41779
72008
4233
58173
10815
36277
6169
25770
28771
32711
41343
99263
65834
96094
1816
43145
82039
86381
49067
30475
97909
98848
93797
88235
54939
57660
67765
74758
62843
30436
20769
59844
43144
42583
35684
88198
24258
4918
94308
64284
57920
57251
36500
25331
67960
70214
76931
34795
27693
16041
50014
8583
44150
11875
94185
78014
31463
59890
27701
36430
29951
53601
61759
77552
46349
92457
73573
47526
62559
94196
16358
53553
5704
70684
8500
67488
52877
58194
12056
30786
16813
73595
7011
8796
90347
3381
56653
43671
28633
66103
69356
39696
84994
63862
16561
88755
66516
12100
58434
17698
82537
96434
37264
48846
96945
58039
38870
59017
91869
27561
68333
47442
8298
71943
10957
67471
63175
77721
25636
52441
79045
75695
21644
21553
83195
63623
50861
20433
34291
10954
98255
35485
96117
3286
7225
49015
16877
95318
67115
90418
8539
8396
65172
45599
44792
78577
64529
81219
99904
92788
24387
33258
99968
44478
66444
4116
35196
66199
40261
52813
70205
47009
81375
66811
73302
30529
26132
66512
25714
56542
201
58079
94140
71746
16195
97964
53483
23261
85058
46428
16775
29961
82814
99372
17628
38185
41149
95805
20154
60682
9199
38828
78502
44267
34054
49216
35009
66745
50453
21725
84403
85651
89251
31413
59220
10733
97452
81662
90103
71439
59477
19999
3571
16701
98794
15268
39023
7282
70581
41648
16745
46661
73053
21554
80227
12270
97241
20785
14058
7170
64239
17921
33412
26041
71918
60151
6806
84465
91652
88729
9456
12748
69245
19214
40886
61844
30745
16981
16843
10462
62504
72082
15932
51692
10820
89571
84006
69869
76939
97489
84005
7647
25272
7809
2842
71573
51165
47274
58263
77235
50207
43553
28203
35382
79918
28367
39813
29073
56384
74821
43686
75793
94121
37350
35304
20514
61112
77474
16229
71051
33905
71588
8965
31317
75330
57057
20839
91561
34053
31280
88107
53206
63985
40153
81466
9906
37181
93574
89875
39448
95442
78678
73971
8656
84204
38512
49760
21612
12237
6197
34194
430
30590
76686
10335
40551
23715
66725
6177
73466
94361
66799
7717
48415
19182
20998
88051
28100
94813
57045
78421
61166
65861
80205
93383
71933
54310
9461
58361
39981
15607
52126
16899
9145
48230
39252
70854
70938
33261
41712
10075
92397
46157
96298
25306
52594
45546
4588
95017
20432
79939
46850
16383
28375
89484
92174
28596
12989
91978
48376
29159
3594
29706
21442
7979
45583
30366
80441
75695
81329
73941
1767
22057
98308
53782
5670
5726
46546
96889
7407
92496
8443
75746
89776
41157
98166
92858
28348
91952
46549
35724
49245
34910
81606
16313
2308
16158
50422
10969
53441
83342
34993
48143
54862
10591
11780
89255
3621
55588
82180
60430
49235
13532
19399
55950
79684
52890
87567
95909
47709
31821
49767
80257
46344
15825
65318
20122
9706
86097
93649
54540
98417
91990
60605
85423
47721
11409
72082
42453
17646
26465
30667
47487
16347
51330
37753
71324
67073
13426
28583
59231
26611
81441
64153
36188
15390
47669
86286
67904
53398
10390
74020
27978
51212
64668
73274
21513
11419
1556
61104
60467
97442
25161
58795
12990
60908
26933
35222
89855
91563
31491
72418
86558
33411
2751
60621
26322
14690
73373
19072
30942
51373
77379
15219
4551
16822
80692
77291
99633
65898
66394
77700
90677
2214
58415
40745
72705
40010
43496
68480
17900
48166
90399
79043
71380
80081
24923
42217
3734
68504
54462
70211
94441
66419
94699
86082
81400
82163
53394
12565
39706
72376
90713
87888
3952
60831
2920
28873
98330
56313
90993
41020
62390
96470
27419
54063
62262
76288
8714
77263
37245
8645
36940
51801
71957
35340
64994
37653
76304
42664
17577
1020
93402
75498
8196
45594
70615
32208
93416
45454
46782
42108
35619
67215
55793
74688
44970
21865
39608
80597
62110
73957
40697
72747
2394
41318
57623
8731
53724
29712
60004
33560
50541
65603
54499
44323
5807
50885
81951
42334
32322
733
47233
59448
43283
80411
87538
20135
35105
46070
63950
83060
27085
14318
31265
11728
35453
9711
43521
63269
9133
23191
64007
78791
33908
2094
69547
21289
57614
66164
60955
34092
72171
44505
40567
58161
22387
12422
83724
92688
68532
18969
48268
86817
68586
78637
66150
37560
92809
68408
23912
77390
7018
47598
58541
40826
77936
74466
69252
33534
26101
67981
14847
26430
1334
82375
92948
21003
33400
66098
42356
24797
35286
32855
54661
88384
34632
34952
26559
45637
19409
35556
97311
93946
485
67033
89643
22676
4885
28451
52995
14087
94809
89491
13312
41048
33369
40011
80044
30218
52311
42949
82269
7188
95228
53043
31407
22356
18654
31586
78173
95709
86346
21176
22716
46252
90740
52028
852
89081
78521
45012
92188
3656
84813
67721
41201
18302
87077
90184
8883
88529
97091
98434
84060
66521
98426
38194
72477
72099
78461
71070
48086
83748
74024
46007
22738
56649
88394
2811
50525
68813
41710
77434
72291
74853
2533
28661
91431
49685
66417
15234
79548
79781
11824
64876
75523
78734
17251
64216
2978
44847
70042
72674
90813
86844
44318
99398
75476
63861
12155
94746
79161
49109
51112
15736
66252
6209
73269
62682
1525
86944
51247
61246
33565
98474
62898
73129
58153
8953
93644
28168
19763
63740
39882
63473
74535
19179
56129
94408
18712
53684
43451
24253
21405
12852
19965
98227
99435
64161
34993
68604
63055
64004
35092
31423
9416
53540
41917
23612
30975
87069
52809
72102
90661
71440
17632
45455
89127
75476
73701
47490
77424
40490
38559
44201
2651
69774
74303
66734
80564
80105
87053
91871
7434
95523
91987
69290
33810
73718
31622
39752
88155
7998
64781
54199
8874
19853
47183
54688
21586
20123
49149
4439
69041
48282
9241
65184
45738
30407
15394
87214
54970
53661
51965
43942
97305
75683
39394
30147
36432
54470
78528
52563
95697
2209
68653
5247
56951
38744
19981
12872
89723
10949
12222
74572
66608
24329
11839
99111
96827
23108
66683
46742
40211
71136
21046
68631
14417
49832
48434
78829
36916
22838
93982
34912
9204
49161
15740
99713
42272
53973
46734
40138
26902
39733
23580
76580
56031
41659
74052
64898
77733
6664
6814
50475
87761
46423
96779
22357
98373
19060
64666
55597
16947
27499
63830
70707
21688
57242
89872
30401
58457
86504
13124
40108
88568
54543
80586
78148
33011
44820
44636
89302
57433
87608
19871
91216
5065
9799
39152
83108
34698
54125
27116
70214
2945
12168
84603
17168
17842
90393
62971
95813
83702
19284
59461
68209
11700
80567
86621
12655
79584
37336
80795
53509
99085
38774
35473
22730
74736
55633
72249
58856
93778
91350
83389
15101
79154
99731
10210
73083
92949
42985
29649
23790
8810
59358
9731
99293
79711
44786
42089
22346
62105
79722
9429
98389
93524
35144
33257
72957
15864
70716
96698
6437
84532
35987
31968
86549
98745
57838
90557
56503
27317
59502
42503
77058
47435
16906
91892
82293
56620
44419
31649
96825
10740
76367
7839
44680
86499
41873
2619
89900
91542
52298
93192
35423
77185
65801
64362
77842
90732
58878
53378
70186
8999
73548
59121
76805
12491
32348
5675
45115
93967
2862
31258
3423
51204
42155
27468
39139
23213
72438
70618
96603
9438
8641
17397
2331
55248
42107
65263
47738
28414
72359
47171
94711
28383
20584
73443
73562
42080
85784
18108
15508
54173
38584
46024
12896
68956
41601
35215
46443
86599
93306
50555
64335
35876
227
36887
75355
22130
4685
49026
75311
15650
17068
58166
18402
4720
39173
28016
72614
4156
70849
4667
95940
26761
54212
86110
35233
94834
38551
81438
1634
56676
37089
5873
7436
19324
94292
90273
24036
86013
39556
83096
90165
98189
47538
55694
27632
35470
62311
23181
55757
70836
34556
99901
87151
93736
53046
4273
16198
35704
52975
69164
42926
8920
94927
3921
32853
58201
45562
88359
92026
32068
63330
51525
58193
25524
14749
62527
3107
8397
29970
9037
53810
55101
14253
48405
82073
18637
43058
71444
58450
77507
46574
31758
19506
35608
97225
52335
9455
65521
39351
55741
82209
74812
51502
70845
57158
56041
61137
86334
7360
89314
8075
43525
86553
15241
58808
59606
57479
21228
55741
99484
25418
4391
46296
99222
81585
24407
93746
25279
8381
92310
44528
49015
41278
95928
44937
27795
56889
96353
42674
76093
10923
3393
46933
94921
88007
21709
61376
33974
3291
73978
79482
51037
65969
17272
98544
85530
43569
7114
54766
84884
50596
64222
10601
44362
85587
78573
18552
73179
27661
82032
83363
88690
97128
77660
11508
30573
58879
77244
45579
91144
570
67818
78861
78315
70892
37674
26716
64589
47701
51171
36993
47266
52519
44219
27494
21864
64837
63630
62784
66507
29287
94410
54922
98704
69115
9770
67501
66404
44614
62924
45019
85825
86216
50641
93883
1817
70302
63825
52126
71010
17184
86745
37840
43743
98986
92098
94858
2855
16089
98671
92645
29589
34059
51491
25353
2027
17224
96060
41155
51715
36832
23024
1620
76563
15402
49538
6886
65148
77324
8257
5691
69391
75192
11166
65406
55549
83475
99143
84890
14810
51825
43461
20521
83629
12156
16686
81764
77143
43316
22376
82042
14749
69552
59451
26492
47699
47202
2258
60469
97063
56345
87662
97334
82984
6176
59750
62223
47537
69988
54206
36698
60213
76722
37347
38322
95272
65375
18145
71137
74824
25345
44993
52406
78151
69626
14051
46901
37014
7830
54164
70121
69743
70250
47083
96277
23583
62940
74117
28360
59022
25985
50331
89454
14861
20225
52126
48899
55194
10743
367
33570
65491
87924
1596
33948
84245
1956
42234
12005
12783
44360
95228
9896
25928
54114
18126
85402
31754
1552
67696
98284
40777
9679
73746
98042
44596
77696
26921
53984
247
92328
35467
84300
33226
51506
30604
95759
22906
7279
27318
19278
58418
76190
17246
90901
71462
16934
60553
59210
34619
94719
56027
84383
67414
77425
82455
40321
67840
89397
70296
11534
35442
26584
70506
41027
7331
65533
51366
63347
87499
59905
86185
70772
57459
14970
74608
78228
20348
51577
23441
12201
63048
73007
51545
74245
63208
47372
1790
86760
89379
7906
28032
96752
46656
12360
97985
65419
42417
89403
70941
30573
15164
7326
95528
77117
84263
2402
16227
2601
3326
58304
36891
38138
4644
79107
4926
25411
68724
14020
74970
61683
27123
70669
1780
99818
66005
54334
27810
15335
86984
90094
51750
7264
89760
62473
29543
44171
29632
83800
88333
43161
81794
25567
8825
54339
48835
29823
80095
84956
22766
4572
97921
5254
77411
11929
98793
78240
93348
34750
37154
15005
49596
22204
38515
9744
78220
25031
50906
9315
48500
79394
71937
37671
7002
91673
19648
49414
65882
62183
90255
86420
65002
67960
76389
70468
91528
45193
52658
29559
86818
84108
85301
81199
69890
22759
29723
52449
96852
91867
11317
72969
75253
27875
13172
98456
50011
29139
36452
10760
65403
50783
18530
87920
74043
56605
65435
90066
21588
86979
53091
49490
60419
65578
55439
69250
19884
4789
24719
696
78347
27338
90859
16225
28409
9438
84537
21166
78808
77200
41433
57260
68700
76555
81389
75027
58901
73551
16759
82228
63164
81898
50513
45013
67002
91071
30628
44249
62960
4040
66277
57240
66854
40952
79634
46414
66580
75673
4421
82927
6182
47956
99986
98904
60591
85008
64099
84705
33070
14225
73806
69582
16341
36321
36975
36677
71964
34669
13063
51962
23009
49606
24209
77285
81049
92200
63613
10549
33784
57047
42251
84254
66521
46084
39237
89038
7882
10352
11545
59422
29399
69800
7410
57124
76210
6222
98098
8292
43132
28664
41038
49511
13139
93361
41734
31748
56215
49918
38303
38586
37818
62780
61791
62112
97956
45828
35428
68947
71808
7344
23778
9743
95719
61655
1111
8985
43687
89812
45133
35161
69743
89669
36619
52133
41850
14255
6552
68152
21621
31647
8397
38209
19855
72779
50070
32280
20732
97911
77157
3179
3462
49012
79890
21559
29360
4739
93363
45746
80232
92599
99796
8741
75593
27320
83732
41591
9578
43043
68316
85189
71367
95630
15228
82957
6154
40202
53635
66378
51733
11970
53818
76378
67790
79264
59070
20858
45255
30959
217
44371
33833
31835
57340
37966
97758
81172
65883
86883
35544
82001
44325
72207
54176
14704
17502
55652
51006
37020
63962
83738
51714
50664
89081
11683
34222
86104
26458
52316
50240
79840
80445
75040
43487
93251
40760
46999
43137
94909
7253
46731
73078
61436
9991
46011
58549
51881
32552
83272
80033
39141
61136
96172
23160
99310
28500
70763
93976
76897
52664
62594
79854
96377
48434
4124
62109
98261
94877
18820
90439
31320
86006
724
22554
23882
24695
48812
98618
15932
32750
76190
71879
9257
59513
96517
73547
14488
59584
22582
94946
23293
41486
15695
12422
79807
27630
5133
10774
86964
6142
84313
92003
24585
18258
25762
83735
12382
24168
51046
79010
22446
65956
95337
7554
35596
7880
52905
302
80872
67761
26504
37855
77393
80592
47624
11036
74165
37283
99317
84096
78916
98800
87995
15402
9811
48861
21273
69249
35516
19343
58733
11362
14754
318
87247
61960
80978
58897
97754
68214
65285
57499
71556
88099
39330
47569
271
89987
24224
15974
38840
34094
17001
34758
68429
55952
37051
61899
12444
28556
20168
23359
9350
40653
75869
74863
81618
8331
7903
62216
36958
79606
77073
43921
91664
32515
63378
4357
29194
98416
42404
49515
86908
8981
5415
28180
82580
19816
29860
98000
51280
47501
59270
72461
94260
26969
16642
92685
40407
15809
64887
24994
70136
36964
9360
74985
57166
53713
48199
18113
25212
22742
90116
17382
71268
19495
81698
78255
42962
96263
79283
58656
61081
21878
94458
56812
31291
33304
53046
52618
51202
96413
77758
77843
83916
61842
88519
42390
7715
63811
32899
99384
8010
8203
33604
7051
3859
25562
46398
14794
31437
65921
64139
99118
31579
46845
79240
10608
14816
87038
28860
54332
92246
57715
73272
11950
21695
8116
68026
53867
45106
55724
93580
68607
855
17408
70825
68878
22894
50496
14208
82137
62280
47242
92273
26544
57497
9269
93428
64942
66918
32992
76537
47573
70681
23159
89449
52455
57235
33407
16076
30686
67489
15744
12996
56264
60967
6124
94455
36995
35672
33775
53546
17649
52712
17333
66216
37656
74937
10386
52546
7129
33361
21778
39824
49162
68909
59966
67286
35698
81231
12007
14881
48289
96210
35443
48817
82314
41950
19713
74993
3326
14647
60410
47617
52165
77296
98038
35221
41531
92125
80712
55926
53734
95110
79048
67270
89679
80535
21851
29185
42852
24404
89632
895
83913
94986
19449
44181
34679
59041
23156
69307
46930
61517
28885
96745
86794
44260
18275
93723
42030
70826
70540
76948
15591
26535
88021
69374
46137
17947
17569
91599
99057
9928
97917
85895
43818
47117
23366
18614
59715
4659
4568
76315
63637
93759
95701
3814
93555
92168
61742
27807
19811
14691
67280
57376
89107
85530
22094
12029
2457
47836
10630
27908
12
91438
25203
35359
11961
43262
73103
68535
55522
35960
41219
54578
16409
46353
58476
21117
43317
90273
87115
57157
41295
77454
73930
14910
59676
48419
92614
57255
28646
78239
10237
49157
69481
71306
67189
93099
61927
43619
99879
48123
87913
74324
8230
3399
57075
81479
99312
82192
70147
91922
33616
97968
1798
61709
10605
67410
80438
13252
92018
5631
55059
57160
62587
4212
42365
71808
62809
63182
8555
16062
83682
57896
47596
64268
49784
54875
95832
44228
15764
89412
50385
58943
19183
99332
93723
52005
62733
21281
10325
46019
72262
87913
1844
40955
15154
44950
64219
51957
97392
90957
69976
48692
83476
50113
79069
9699
9355
98645
80474
93581
30316
57630
99892
6380
52956
35174
59876
73114
35966
45709
49454
78883
2261
25642
48764
72412
64983
45456
65399
60876
70929
97579
71234
91176
26801
74602
97907
51357
6100
46518
56110
83174
52876
62624
69663
34558
42253
69658
88180
17199
23156
7291
13685
393
58740
37158
94785
79534
12671
35300
18950
71434
19150
82829
60220
34016
49645
4934
32575
7135
19334
17221
98120
11667
5416
78320
41383
63256
83028
45443
91518
43338
12643
92400
22877
32312
28791
16384
43573
51318
83997
56024
89467
48529
67004
63191
43164
254
97597
41499
54647
53580
19158
59140
29372
92088
83285
69744
23231
89694
57413
96357
79928
82413
74016
75470
95610
33012
65970
38781
76877
83288
24549
62510
47467
13991
47534
12812
36212
44295
42675
45868
82607
52040
39768
93175
8797
59960
78661
38278
12923
28501
16629
79142
66964
12477
68830
53018
59488
67361
5272
23712
37470
24
29291
31212
78505
66256
42457
56080
22106
77631
96037
97341
88505
99639
82559
79139
85985
62040
38798
28308
8176
77376
54616
17031
1127
37597
24337
11001
31428
21411
31645
56685
16314
63801
59588
80564
86730
27470
49777
95784
49984
67081
70950
84562
83884
75838
92736
80236
98203
54908
6531
82400
69937
15683
32450
44175
82405
59187
61101
25197
66362
52767
41975
51658
83894
62113
95170
98252
46017
43495
42281
60183
78651
63723
19626
37551
86521
30176
83951
7701
96958
64040
77336
23276
33043
75906
95366
10943
38467
47041
87398
91164
74037
98328
27896
75096
91174
63058
60987
64310
12834
47806
69431
2019
12031
18791
93286
89144
68342
98305
3743
43394
82399
89215
36769
4446
35049
84514
5977
75614
82195
68268
96560
23688
53289
19603
15604
73630
47422
15025
17921
62840
82914
29239
15532
77
8896
46626
39596
80625
69687
93798
47013
57016
3731
52166
16338
69401
76135
90150
19151
87757
83593
52408
80160
83927
32779
23634
95681
14398
36849
34369
44746
58741
29780
57975
35903
29051
4914
58239
39698
98654
40015
26354
41109
6939
172
72321
80704
12160
48130
61234
58619
8947
2907
30793
27785
45227
72590
1371
63580
93877
68200
5962
93872
19788
71969
83906
48305
23432
58276
68139
34371
48754
30377
48130
64590
6047
72212
98718
97337
94605
72779
67954
27058
21756
59266
60894
66506
59718
94482
80920
44925
66268
94216
37907
15535
25375
17849
79497
9874
472
30835
88619
61220
55285
38191
6145
6102
81952
23555
94847
81543
5501
93428
45031
38702
4671
35272
84085
73495
48072
45017
52972
49028
38780
99430
40890
93557
63873
84964
19594
52675
78325
5041
27366
67653
14475
8905
18438
80342
40867
24881
51737
59726
59173
98193
1807
76204
38522
12767
21378
31189
4935
57174
41535
77334
10087
75814
73236
82278
52772
32260
82775
28519
66194
72994
29488
73963
75944
56634
65316
75026
85884
87139
11392
47442
51801
44934
42174
51760
6111
78795
39095
54986
23960
92844
57541
67703
13875
45771
82164
91270
88670
17119
88388
52707
87684
40298
42013
54936
51585
67078
33136
59216
26526
65309
43846
6294
21390
27480
30536
15325
33892
11535
82697
47609
8142
42783
27284
87402
60498
22778
89421
31769
11843
57273
53767
68186
40608
98156
65442
12049
9513
26033
14942
74834
88447
83523
94336
66944
93719
27082
62112
60503
92091
65424
53037
60262
35678
18996
20254
44147
71865
65368
93621
6434
92614
25492
2066
32401
80120
87789
48338
4314
21813
41920
40897
88220
34418
6200
85379
50003
71945
73216
22075
95107
54489
23283
29270
75796
97690
37198
12279
44439
20540
19110
98400
25767
70651
59126
53753
52299
14177
59377
50432
43128
69528
92822
36942
72467
64234
33506
79106
17203
33687
68127
66540
27013
39538
24569
14840
85289
601
36849
27668
55482
62063
51947
88096
15019
65111
38882
86962
76621
20431
54140
79586
11181
68743
85784
93113
18970
42268
12003
94513
67620
18934
71657
41448
12800
98554
75113
79175
19336
91308
74914
14761
79807
55141
41033
94667
67890
55949
62333
10415
1754
11926
79057
17388
81855
23093
24264
41845
26934
34749
51392
68612
84298
92729
35365
54115
39929
16069
85797
57047
21813
79722
59076
2378
84427
9652
89414
30355
37888
3378
39497
43588
83927
55050
10390
368
28080
9942
69612
98775
89386
78463
41980
21551
73097
35156
58548
84560
38995
40903
60019
76349
31188
67748
18203
71434
8097
84143
10564
97134
94713
67417
15852
54726
99560
1694
16877
73507
13445
78527
30823
46226
93627
22711
92701
230
70181
51388
80988
16804
94931
14931
22677
92587
33225
42928
14155
56510
57702
84105
24520
74479
51010
3958
82826
58921
30192
28392
64571
32058
25603
32707
59006
79195
63469
53625
86213
74942
92674
12804
13952
26291
70044
28799
85359
53687
41368
43937
58137
66361
17341
56920
40117
67562
86845
75390
33957
24993
8147
51290
75939
35656
39084
23798
26740
92134
68739
59033
56441
81802
5125
81696
38724
85393
97075
95453
83879
53268
32165
74380
99208
46961
75467
36622
63280
88499
13743
37732
23011
5953
6902
68234
17771
79937
38662
11661
92013
13767
76578
26634
66845
1854
14672
36229
96236
94225
80315
65091
21183
48822
88244
72100
86524
98071
84851
19936
27902
43295
99964
9629
4231
96510
57597
9386
28885
53017
90355
70460
61517
50001
35405
29890
58292
67726
47432
62630
9629
11303
50393
76163
13436
1073
32809
77726
69145
34242
7898
8482
50880
2785
53576
15964
56310
65099
10251
78479
92998
51364
1913
79029
95129
54745
51624
47220
15907
41550
39121
43864
30618
76809
47248
13202
74178
43641
20744
40493
4164
81092
41956
488
9757
30220
17719
66165
19314
11070
88421
73678
49506
98775
34715
86735
20436
45298
82648
23635
7406
36786
70415
2958
86087
19337
18405
17060
72725
43075
70293
23301
33216
97778
31859
12198
60856
92854
70830
39837
4641
98281
3022
64473
18604
22852
54204
84059
39394
62001
53473
61909
52985
62255
34791
75517
66729
4315
98268
87501
10520
54593
4180
79643
69201
54879
62478
83376
30964
62866
59183
37896
61319
79264
14315
62661
97033
34593
80802
81391
81511
54218
76998
37932
37768
91831
36635
84056
95779
49557
37304
3617
37136
33609
43882
62466
35036
36576
87543
30746
16822
18645
81567
42920
19110
12152
47391
51238
98974
16417
81232
56062
12680
61521
45068
82093
52030
40000
16176
10707
8985
66121
59421
34708
88001
12142
98873
88559
45316
96361
22130
18232
88962
70001
57219
63251
38916
53701
25007
74671
54988
62360
91146
95005
25128
37561
23254
17548
26817
81309
77643
55395
81968
49963
20176
54522
92591
96420
10918
32981
40013
91758
6021
89597
88891
49147
13181
82525
3492
41306
55806
68854
54234
10362
63699
87423
83019
87383
67305
15453
62739
55554
73166
57787
15978
98897
76821
47846
87998
62080
56853
31848
26491
85154
77873
54367
79687
60200
71283
96729
33706
38541
21649
68782
75531
61307
14833
27545
49174
45534
26985
36020
52280
38884
59103
53776
7533
11149
93775
98446
21201
54196
22763
64221
75443
23642
56764
99664
8168
76203
38183
54811
10523
51439
34795
76042
16418
88272
78151
54814
49196
33027
20632
41253
950
62261
57152
32213
56317
13011
74403
56772
71181
35862
24074
7751
76088
39689
67242
91813
33059
45624
93151
68568
93594
39127
96081
65663
58244
16172
56505
34978
53201
26170
97117
26212
68975
97739
69655
56990
93436
17145
28212
21726
10678
74296
76920
8027
25166
25156
51614
85619
70396
64611
64445
29859
39915
82615
59431
72898
29237
26211
17771
94970
93065
67766
19450
69124
30088
43032
19814
22080
31600
73488
49894
67598
36848
91856
15415
70732
93434
60735
47773
88812
33846
71297
85191
27920
37331
78756
91696
3013
87256
79785
34497
16922
79033
39244
84851
85563
5573
72018
93267
59342
97276
54607
99199
86953
61694
5521
27500
85742
27839
6157
50474
70661
26870
42340
74335
57652
58229
43313
75312
66301
51475
83538
53279
84084
71972
95280
66477
52411
42442
52716
22816
40925
41381
15400
41696
93155
67621
13040
22236
6742
62017
91107
21802
89266
31680
11522
58731
11650
24309
39187
38988
27294
35496
24818
58953
55070
69454
55573
42540
50362
52410
94715
56275
3616
60877
5488
41328
57072
22762
18495
79177
60887
97060
34197
37920
64902
78968
23277
24078
79567
75191
11870
82152
38940
31292
97341
30147
88108
63836
46544
47091
25258
80539
33265
69359
35083
82554
68539
48433
36132
81550
55476
12857
32230
39661
15478
32177
88407
3746
40987
39691
47566
99040
53829
60135
76523
9042
31848
97201
59024
83345
29109
39015
89984
81839
91875
43447
80179
45136
14396
70375
21203
41304
31425
88527
60726
61471
58779
7200
57368
59937
6559
42952
90644
68915
55997
93933
7487
18736
98726
18487
321
1393
29207
12811
55888
29434
81574
39345
11019
70609
63688
88599
59473
85930
36892
67470
43931
15838
82040
63474
67484
73914
23950
3240
44916
21012
90074
11776
44651
9560
66571
60985
79248
14432
21707
25699
24878
77858
78669
84960
66184
4963
41330
60164
60561
20233
59608
52636
7114
92111
77600
44075
95257
5841
24794
5294
9250
38631
76047
13377
741
30927
16363
52091
33459
57219
13285
1109
9166
45321
39180
77224
51805
64489
99119
45587
45929
20281
28873
316
8759
43669
42248
79534
35841
33610
76217
83136
24979
49105
49713
15062
57119
4121
9690
97313
27422
13661
17048
28354
62628
81940
75415
30637
33790
98664
18035
73992
99755
96382
50308
81201
30836
86228
86276
67103
85065
28233
85213
22465
17658
55381
48116
17571
57743
73689
16364
72976
66404
70738
71417
93425
58052
5991
85570
87218
2624
29666
39634
50918
26636
51996
85371
38305
39063
39056
12423
15555
23782
84529
47100
13621
69740
47863
93099
56619
60711
64053
25014
82922
49465
82470
3580
4067
55873
62598
61826
62397
14838
53757
93503
66961
79937
38902
39492
96143
26036
50926
51814
89790
97322
26919
8777
73024
86107
3740
27371
25203
49628
64911
98603
92116
27186
26014
88148
76799
4337
81269
2410
62993
10837
55772
72047
71086
96956
10193
44018
1375
7998
52625
24500
57459
48234
19567
88633
13286
92414
46439
32328
44063
55394
23756
47519
6002
2178
20637
62966
56583
14790
55863
51213
77618
18192
18180
99445
24641
2866
51281
95832
29172
73673
28797
38759
17158
25882
4461
13150
52875
57095
94460
65685
38482
1325
30704
94758
43113
97853
18696
27541
43711
50166
58001
25025
22820
55196
75960
15238
34509
56055
41433
61869
88340
50250
47158
29457
43101
32973
40068
12046
19731
80778
19391
78983
30544
27889
95966
44212
88027
69976
28673
45799
71596
55891
40199
35609
8811
83404
84284
3030
39927
45887
95215
35618
26754
37780
8929
22598
82425
99897
53465
44571
47266
94907
95189
5842
86782
55234
54236
22813
86638
22951
75630
16990
60945
56818
19612
48458
32011
76788
28244
82872
7362
97277
67157
76780
33666
66395
91233
53403
32512
79633
60336
17051
64316
40335
54753
30089
30335
25332
23340
76726
56356
48764
95602
83630
21075
23623
53398
3686
16104
41769
32805
81474
11763
45927
18096
90336
9624
47092
57883
75972
87286
52232
80205
33473
73701
58906
19528
91937
26744
34746
62770
75985
36739
88910
30930
22060
45846
10886
29271
55363
14502
66430
14802
84325
29645
20368
97572
17681
552
34643
29425
28373
99998
98932
52244
88257
64993
95823
58412
23085
17901
28778
66356
36708
89645
69902
61425
73804
40381
30051
43908
93107
14154
60871
47743
49304
63829
58187
35060
16242
66742
82186
7113
72961
62173
56903
99144
21007
10228
15010
32275
87171
44097
49750
20213
69986
7112
25298
87411
39426
9708
24882
321
61996
64278
53785
5136
14765
51086
32845
65510
5881
46822
57008
19654
73885
31735
56214
56974
17216
77474
10792
33184
14549
99769
68691
47672
33887
66870
11437
79420
49665
9000
1926
9425
15681
90095
14759
51210
91128
15901
47371
31004
34586
91228
49878
25773
33468
81070
72021
16618
87302
47472
97972
13015
44311
77336
85622
3138
41071
30173
91444
32593
46238
8565
43349
55865
53350
66073
52934
6384
45071
39845
20407
14842
92711
92540
27346
57792
16723
57801
58968
53216
40663
11648
47290
55837
9694
91906
93105
49142
89639
70911
29306
2197
90860
18550
94898
91934
69776
6872
70313
78375
98020
78955
71846
51750
15702
32490
44887
66309
85686
81834
68115
98003
70758
42391
15631
54133
30718
14205
65017
86106
82297
45154
52212
11148
18528
95696
1648
90081
91089
50513
44261
20881
37388
94835
4588
74275
84409
44075
86650
9664
50809
24309
29722
96265
2503
40921
9030
30691
82923
98826
21154
63408
66875
12105
92149
71354
68078
28038
49700
41769
23647
77478
30061
3188
91162
19296
33053
80596
13894
23041
66062
11795
19599
4591
31137
27812
70830
44843
69364
47980
24280
55311
15168
10461
1632
24407
24689
13540
22410
30589
75779
67736
4973
87452
43605
76531
46051
28950
73229
89470
88880
70833
67496
77476
29613
1852
796
60744
86704
95055
77484
44947
65498
30896
36710
16389
5436
73650
39869
27117
27879
40984
48191
3540
51439
44696
29554
36915
16410
42650
83247
20357
73227
56095
52571
79702
7622
53887
81662
69627
9151
60459
32866
44956
12964
1489
51370
76876
67331
3325
61196
41241
7001
22332
48397
47455
40729
82940
76919
28087
54837
39568
96313
38668
31467
36560
5627
4462
84207
99452
29021
3295
84625
9441
80523
60331
56971
76212
52927
60693
59210
76988
92979
88877
97494
51564
42177
71069
41983
78926
71065
97571
28006
85659
36862
46328
89765
70566
25597
12943
48988
46201
34187
98841
41433
68086
65370
64261
65283
10176
87992
72326
5987
32115
86853
4492
53808
64045
49518
37524
29781
65328
91243
25563
70657
33600
47313
37454
27179
52486
93524
17725
10336
12951
99613
30765
37035
61647
1156
28493
89279
94327
94859
5345
24292
52678
51094
24890
58652
98147
87754
49734
94864
67048
95489
33923
55772
25442
48999
46511
40947
5077
50005
88988
15856
62972
61928
55359
42171
40847
97660
93799
73557
40957
96490
20810
89728
47544
93595
92859
78765
18097
15304
26392
9763
24056
85648
8288
37225
39813
28149
98082
38288
48565
1107
58352
8160
64428
64478
22963
45149
93337
22583
24472
96342
28055
56778
85607
85227
29359
78695
90996
79736
33019
30427
53230
69154
70310
41515
16629
97948
25487
21453
81802
22358
39244
83266
70974
23171
39946
45108
85452
25670
5395
87112
10050
64313
37417
90943
3098
77977
15598
83087
51304
88849
76006
3289
82188
70657
19348
33223
67975
1386
59361
81412
59722
37433
3036
20183
82441
11150
94299
71550
73487
17993
90527
13347
69323
69040
55382
42973
50889
32158
97401
45446
7547
80491
50454
81268
54901
37652
34888
8407
56889
64807
58114
88430
51687
71758
73163
95302
58646
82005
29314
93935
34400
72569
72099
29181
52503
16079
63554
78840
14677
44591
79636
69856
41618
76891
50894
76642
90447
66191
62821
19247
80815
3207
1684
8095
20421
57991
88187
43329
98439
20491
89732
95869
5250
27148
96386
45033
7304
99340
61330
99588
9093
18078
39683
70130
23600
55061
83794
94805
62812
28391
93486
91588
39405
11421
23003
97099
30855
27546
94162
93822
46690
62181
28997
24251
64763
9045
1535
54267
34404
13497
43818
86549
61916
26849
59339
51568
25721
52716
62856
10274
79105
34511
54537
70409
28727
84126
44156
54341
11059
64410
74450
50161
60939
22967
53160
41564
20429
28649
98720
2888
1135
78987
62509
48190
5405
83211
69774
51852
84721
96757
6161
85117
61953
69754
17721
36307
46386
6749
11482
53379
23883
45563
65409
85997
52100
87444
21201
2198
7197
40570
60136
30084
60907
5045
41344
2869
59949
63600
91633
33852
68925
96132
40531
570
98049
69630
68962
85749
42465
84272
60762
36407
85492
62641
68930
11686
15251
50833
72517
67579
72271
8606
86491
63585
34654
16268
6342
8492
59408
3140
20888
55796
24544
93740
71250
63788
61958
73807
59655
80451
1513
8232
34176
7831
29201
66672
16248
9137
96091
54370
43527
30880
69606
91175
95805
67637
96107
98980
90756
13625
54313
84188
6055
93351
32350
29890
46417
13321
34994
82047
84782
74994
81036
10684
5327
3829
34440
43117
26729
51105
67617
41530
13340
29594
58760
97867
44529
62132
68150
94768
19197
90094
36638
73258
58595
37193
72507
64794
86677
30532
33961
6883
64250
68277
52112
56350
8875
79750
17371
40794
5336
54314
24231
38542
18408
2267
97079
79037
797
30833
90308
97477
83638
68800
11601
88420
71022
95311
18012
30855
38497
67984
20497
95664
47279
80385
80153
90915
31065
6206
35695
301
14953
6337
4307
23026
49070
80280
1656
24882
84580
62400
64600
48310
47442
57027
7399
47773
80781
85260
36292
11294
47546
34723
49196
47449
36369
35049
4009
56446
15549
66641
36872
19961
38336
20633
62888
69753
82387
25668
71918
12028
78218
51574
72534
99801
59510
58955
64676
95561
12901
31156
68472
12082
86436
94735
18367
33874
87140
38594
91718
50372
33882
79955
42538
3026
82208
16295
36363
15352
27674
3989
81983
90416
32787
98566
19522
43296
31046
28620
12971
47740
52056
3452
69626
78457
69858
42441
55790
14863
9516
44351
78227
82409
89557
75544
19736
91469
70991
95134
30239
98242
8328
37822
66349
72419
32259
15781
1377
60031
67716
75130
12449
45994
87755
59671
4688
73924
75032
42310
23453
58308
26541
29908
75988
42337
64689
7860
75767
68444
48080
25235
60520
72237
9184
91539
77245
76712
18910
87462
47286
30060
51863
67625
31658
11080
29187
97114
78301
74
96715
7128
61071
36357
54667
63606
22254
319
87667
8923
90795
94517
84999
36313
69130
9835
25574
89543
33427
72499
25576
83837
84869
1240
31041
25196
6922
93929
56706
88280
16550
29821
11295
11476
10217
78503
88842
63736
62756
65239
27102
80352
86648
27018
47160
76260
78474
77296
25088
16720
6034
14968
87398
28191
67251
16090
34598
90201
86821
40544
90158
79206
31694
16050
89911
76557
15599
83037
76366
79694
90330
79359
4855
54169
86210
95185
83847
59369
99915
84945
49392
15872
34272
79211
9466
53023
20323
64100
67660
37474
27486
1827
66793
37815
42553
80989
20663
4697
70469
50715
46492
53261
36277
34505
84417
13240
58060
87357
60344
75739
17873
25602
41338
69260
39775
52673
63017
23602
66489
26507
16788
46813
54747
44613
81305
30591
41419
44497
96196
21675
88238
45973
77846
30761
47479
91882
98497
11314
86299
95842
43215
77902
93248
71895
79427
60776
5396
77004
57655
87083
90617
11939
80228
33372
26142
89403
2752
49267
2153
51330
12258
15894
22000
78463
72545
59124
5575
25301
99130
69052
91027
41141
33393
43095
91517
94403
74030
89512
38210
62914
87400
70783
95048
35455
60768
4852
12619
63767
55492
49478
65622
55558
97044
3632
57421
30381
66241
12708
91622
15199
14289
6120
74008
1000
97696
81930
48395
20443
67200
92896
60463
54422
21953
53184
13161
21172
17771
74713
27272
53519
75112
74029
17270
36655
16927
23819
20842
2228
46747
22253
63898
2556
28906
80107
98637
38961
33697
35289
60174
17458
28829
26884
37565
86236
40964
73413
66720
66517
14538
5951
41047
33077
95663
2587
62157
36274
98502
9853
60746
6246
8593
3778
13893
73471
68616
94201
62391
35843
312
21403
26091
47869
90984
86536
81201
88648
40566
26015
76114
28183
57536
59962
31037
26303
79199
4228
86464
14114
59726
56344
11731
60057
81576
311
846
89181
44399
13573
1690
69778
45257
71137
84549
97584
76709
32703
9615
65423
55868
59620
83554
18766
14610
74078
95614
50304
9307
49117
85650
6228
90074
46545
13607
95264
78885
29217
48118
97674
32644
99589
42074
52018
34713
26049
50432
28798
83353
28287
79227
41219
68280
99272
12820
45230
8707
62430
54974
2285
59655
23033
97319
35132
39791
42012
14891
84495
53802
40467
52707
54265
65163
36364
95258
9399
47146
79375
78976
88220
47784
76827
42616
12826
47055
34270
92908
23466
6936
12784
288
82200
12071
84685
98852
89646
92752
65645
64131
12347
57757
94978
5656
25663
5575
75149
85152
22582
81921
61533
48970
72286
11413
41734
61483
2631
26598
66170
14447
81847
1492
37510
11914
89270
62206
42220
26092
40189
62882
81560
18322
54070
23296
41313
7353
4879
51997
3774
88046
10945
52195
50338
37921
15096
34405
82325
42200
1438
48799
87697
86496
44648
38748
57014
44446
7132
13106
56170
75043
23805
43369
82801
39165
10742
1241
75972
64811
54911
58800
17553
34473
56910
41650
60303
65609
67933
97115
68604
82947
60691
75744
21814
60707
2578
67252
818
60704
93661
87174
77948
24621
62756
44839
26827
73705
1229
37226
85696
45457
50689
19269
33499
43477
60560
61875
7610
82439
15969
77755
16624
19535
75930
36620
75357
1148
63177
6847
93935
85398
61325
40510
14773
5935
5668
84451
29788
90103
81713
67833
91592
49391
66153
16383
53168
82069
987
57227
19575
40638
4794
90251
17059
4834
54248
90278
85531
25264
22912
18465
9953
91362
94912
50366
13802
96396
67666
18655
92214
79566
52821
8936
91633
70857
88524
50851
3397
9934
42403
26684
68825
77554
36826
43596
51657
17694
85552
91188
82851
23202
17260
74911
40220
3593
41546
84842
21742
9416
25761
55808
47023
29745
92429
61757
86734
59940
17950
6452
43916
32964
30621
27788
21172
65447
93909
96005
51960
5479
34309
5624
61418
48279
59777
19741
68116
68559
90912
12998
49205
90696
96870
30697
91769
84419
79854
13019
5203
26307
55987
5207
16377
38267
70779
44733
40892
87842
80737
50680
96835
41635
35101
11128
65635
273
61042
43486
88349
45080
42229
15446
92308
11983
22037
9854
26857
54537
76522
83621
14549
24938
46750
52687
80386
25431
75315
42325
56871
20742
94448
73417
35934
29429
41355
84567
86147
32694
51060
11495
82283
7656
79676
49822
73470
53185
65985
73252
43411
80935
65335
89665
76935
49310
92436
73153
21754
68315
11416
47607
6278
2039
45878
90205
17372
42752
26948
505
37629
69225
81531
78299
7474
20418
99979
51330
61480
16546
22879
28671
66155
37728
30152
84690
10238
92098
52328
49296
31412
71212
18718
84646
55471
40378
94409
21111
75923
91081
8282
40193
13093
9551
98875
20894
6757
76363
81141
20871
56037
29175
19171
69746
64197
49018
26673
81564
27341
46042
34416
55585
91142
90126
24601
22536
61941
14098
81627
45116
41781
74323
4771
41685
69104
77067
31719
89366
66138
88967
72527
66479
69802
75747
26432
97506
84117
46263
28038
6530
81032
21386
37790
76088
11714
99365
66205
23712
17261
7747
62240
66640
7959
80068
97777
60568
3857
25153
47251
94660
75875
98137
58795
14111
9513
72394
67499
1938
65423
24508
92635
12778
50660
21719
34822
83192
63390
5012
75455
40081
78250
89617
68398
82198
5677
50590
68218
90062
35357
67093
38388
81007
24021
14087
25054
20795
69081
85232
50839
12711
63846
6572
10405
95351
38165
34500
6013
68101
22348
54657
52561
76769
15616
43201
69367
28626
50956
75910
94257
38907
19623
80908
32638
84536
74916
8243
83293
93608
23627
73722
16474
69668
6064
2317
51222
83821
87629
30933
32855
66820
62305
10350
53481
69075
63396
56022
66511
33321
17446
60384
27659
72387
70883
39720
95301
58310
63780
40194
27
7240
33622
80555
6342
48014
83071
79649
59076
99824
46914
15118
6887
19673
43825
34176
67738
10699
22346
11444
49035
96991
65999
44272
17658
91018
87206
96912
5308
38267
29097
855
97804
98464
2795
77192
99055
7049
64297
28717
17506
92356
54696
64308
98659
75367
16112
20698
8312
95181
64132
25279
19615
60183
94813
68025
42419
6964
78115
33285
43640
86267
73671
40728
45348
55413
58720
90515
52746
4279
44704
70549
24356
25357
65810
67498
91932
46835
67442
92962
73655
94141
53000
97948
78911
53270
19267
7905
57195
92709
83183
59021
19789
61483
99954
28839
54264
67401
58248
17842
10411
36863
14521
62653
56031
21039
24020
91605
28745
62560
67947
27130
9196
77662
55658
27790
47262
44671
19508
52426
66421
9217
72477
24811
8910
68878
21214
51497
27898
6049
62776
24936
80646
48419
14792
27048
75653
59278
3907
93143
3356
84147
48462
89735
4489
91606
32157
9114
30801
59959
83142
70264
10629
89996
7169
56963
14448
15913
83454
21602
87840
46818
54723
79546
31822
61287
58945
28091
59659
14510
12754
24790
97866
35727
69841
25580
40804
26120
533
42338
88267
95425
17547
82513
46479
21002
82000
68986
72263
17408
44936
11414
83389
56430
43966
2539
27064
41456
80440
23674
39366
48691
52757
38389
19558
36089
44678
34351
74352
57432
80551
57804
60482
88066
57305
60983
57959
11039
42365
42418
61990
72150
80910
79528
78661
88011
93468
40095
7255
23522
93601
15273
93673
43650
37569
66489
96261
40756
451
52594
69953
15435
29446
4507
519
45437
23010
14511
58818
74351
85149
40754
98274
22256
67974
88605
89964
74812
40529
98778
47553
17376
62287
53131
22152
18429
20106
47493
87899
84901
60474
57114
53995
4419
89479
3444
50193
99223
60731
34013
77106
18175
68771
88827
39918
84273
71618
50009
806
31652
33458
5441
27335
23983
83640
58534
34679
40745
43874
65821
74299
89039
51808
71851
66882
87973
76541
63993
82642
18676
30968
92837
81901
95313
19555
67059
49983
12093
66231
10144
43527
54953
63858
46359
91904
18418
63310
52156
74283
88842
34495
52037
26490
65559
45449
49001
53019
6901
82460
81264
91231
64118
45549
71275
92134
94378
146
42237
71913
33498
58297
61814
25860
46829
83525
45664
62206
40110
54823
30322
56534
5573
36757
77858
86956
18849
56169
791
97449
94007
121
14717
46443
67620
37678
21906
58417
60462
92483
76669
72960
265
23804
31870
5872
56022
98720
75840
99830
17638
23125
49227
22030
70172
4439
82199
82436
31792
45716
40091
71103
9327
64167
98690
99084
2784
79919
89919
63458
20770
71755
57527
56471
28273
83444
61181
13727
57351
65399
71036
54619
68031
57805
24365
92838
47796
2969
90216
80279
62216
79998
22615
51635
17505
94395
63141
64051
16302
51683
92502
77230
7976
82333
22800
3107
53043
92021
26295
38181
31652
61821
8919
18498
96028
24963
1434
21906
54866
99440
30681
10041
23822
60699
47023
22041
5746
91208
57353
5143
63091
87360
36858
79783
4901
35501
89195
68343
89750
98354
37072
90710
20720
64006
9813
61919
67842
86987
11639
66566
85816
81807
9871
28637
48134
41694
54729
61219
25668
1058
65619
65834
72371
75832
11761
75299
19614
9168
60301
41608
94204
86689
59659
72742
11665
78438
55323
23685
37716
42745
65768
18518
53772
49099
89453
1688
25267
3549
58663
94086
57500
46526
42246
15553
50033
71457
37853
53653
65493
22201
36696
94410
42761
37653
82733
82154
98154
81394
75180
38122
28855
86625
47120
92502
47344
45271
82519
93822
62202
81994
51630
86455
52895
46511
54886
94767
61010
25613
87715
28753
89968
57917
24562
55505
47810
88961
56250
24756
5663
13630
66156
95487
50798
38935
94165
73339
13930
33255
55506
42466
21758
99771
10914
97577
12655
33770
65431
24617
64281
78769
1158
73451
4433
29487
77055
76944
59466
97434
44534
15994
91732
63453
52159
21499
56702
9615
49337
83288
42780
45360
33793
73305
8004
39874
66119
10160
59442
95266
35581
64419
29771
71233
1100
47575
50270
43556
17825
27163
68262
84404
15397
20335
77517
25283
38026
46704
53419
2492
97569
80737
11052
6565
42120
50166
1551
71220
46912
1696
65514
93515
17149
17360
56939
67249
90199
40778
47802
58607
33790
24008
26746
676
27242
29927
70702
77413
6384
5650
15000
16372
18128
91786
58556
1467
17867
66575
57636
81125
10355
97037
6269
10746
3514
69605
40670
46837
80780
73911
63112
74244
29913
78441
41257
22044
19498
15543
88891
69846
8213
9559
69129
23145
80908
89511
61970
63173
26447
53493
5030
43849
48130
56619
68813
74050
49465
41110
24391
60033
3631
80625
26990
60504
36886
10899
80727
17200
1033
16785
19640
64042
29182
85265
3331
8144
3191
26252
86801
40439
82263
30623
38554
81492
40657
64175
20928
36056
15708
4438
82251
83465
35620
67630
53487
74686
99066
47513
55657
27958
58251
35403
33801
48150
67918
53076
40330
20222
83574
93454
89756
19462
2599
6591
81603
40826
21926
37515
67768
71183
18249
98938
23117
4737
22542
85985
61550
98090
15304
17904
65059
21857
95763
6232
21042
24269
20873
3606
6145
51365
14605
85472
62393
23909
89092
39050
74982
31663
94979
49493
50715
27419
548
47510
38098
27388
37138
81055
45329
76625
58148
3916
78984
73445
