67374
12282
8131
55041
73786
6289
81281
42060
28944
91816
67956
21802
15995
49898
86851
59782
20295
39400
30776
72263
84868
10454
19019
49762
89738
63907
30842
51680
94166
20724
35733
57448
58322
28508
72597
38888
51122
24985
54700
73285
86266
43373
68888
35517
57982
89912
82674
65109
13314
77327
15939
34468
18176
25659
44629
37083
15815
11792
1895
46639
19968
33800
5851
26981
58924
59164
79658
65400
90570
414
97751
91850
51413
9206
84128
80165
78121
72183
30896
99437
73030
12989
62130
37348
64077
58118
84705
3929
51271
94954
88122
49550
28709
78808
7091
15716
70018
12558
92485
93253
73861
83508
60324
49518
20643
87286
93263
40631
89953
23933
60579
59104
7799
68424
59050
73690
70064
33004
69936
31696
99117
11013
87350
10672
34569
39160
30432
281
70455
68743
60586
30978
97640
84783
80759
4165
66345
50818
40169
60583
63594
34844
49837
66916
93369
50756
38285
6939
6828
57633
37993
14388
8093
52374
29920
54922
44943
93307
5576
79513
4367
70810
94173
87172
63831
31779
45078
55363
75532
43436
25235
98056
38118
67849
27090
92332
54960
57572
26529
36379
53189
4761
89422
84313
63643
55088
12763
30063
41404
56375
65645
17110
9870
54332
29795
58751
45525
98884
58659
2876
92270
60907
47568
59887
55612
39704
54808
93869
41568
44188
20714
85742
90977
49863
59621
17139
90219
21479
23563
6548
73363
24127
3668
10118
41720
27840
86911
33670
82790
49478
23139
77445
97077
59249
15748
44239
33550
40221
90401
90937
85261
78273
99850
26247
53569
79073
36112
94615
70257
42000
86132
7309
6265
61094
18625
72220
86354
78874
32085
11566
66575
85052
42106
8944
72003
80178
61396
49405
24256
66572
40307
35878
38235
21766
40551
94138
2636
71226
6355
61112
29201
68831
81403
69070
64241
9282
84087
75564
3582
29183
52362
24395
90900
88412
15660
36019
86334
72162
19394
85037
92567
32729
7568
68262
72846
71231
85605
20637
69219
48677
32628
39722
86255
76135
34915
51850
45536
57381
42908
91051
42433
48194
1665
74992
42200
41144
14716
85793
2568
28790
10932
37075
4471
75736
38268
53039
30474
21729
83526
41922
10445
85880
44853
58529
3887
4764
67344
98230
48745
79620
20722
87147
52831
15640
5438
73746
69535
69766
25935
58574
82887
53570
93198
514
28291
88061
72157
99060
17012
54528
32112
88830
65164
70373
91323
18193
3061
91730
27878
87973
39121
37011
36574
43522
69532
93396
7493
78724
95726
29656
94633
4655
3325
94872
13778
31279
14144
63131
61301
63337
76110
70350
92966
87396
37796
56129
56426
55246
93573
53310
21450
78893
23803
62694
95875
23202
61084
79178
40507
82971
27593
3203
3726
69622
66544
40014
29830
86061
87825
83304
76585
82851
47421
59041
55308
42889
84890
65536
72742
63053
39299
32788
87999
88351
1708
76977
13191
94145
30916
36751
36835
21611
52403
70331
1602
31769
55011
10296
48301
77489
55675
4662
63997
63156
49765
98413
45607
49153
77041
52918
96370
90240
51123
72902
73705
99378
89640
4712
88428
56498
34390
7990
83105
42472
51665
24052
31432
24362
50073
18953
65516
84559
72929
602
41589
41714
81995
40453
97178
46847
81774
2231
13107
96797
67609
106
39789
5528
4818
87775
58135
6698
51767
66868
13242
49349
4902
74754
44005
35551
58744
11829
44166
31227
73992
85897
9748
89776
68913
43069
81961
92536
38133
82519
89613
40471
63354
33524
61390
29414
25518
32586
51148
19835
22412
22588
61616
37719
21463
3289
44701
91243
55427
52721
22367
51080
33491
66837
20383
9122
4764
40138
24280
76672
19529
21194
55428
35298
43192
40311
80368
47279
55297
3676
23119
70747
2199
48290
89225
55921
33383
48076
74932
15618
65950
93328
94715
69226
52775
20915
75770
16412
92721
55199
54764
66890
70062
71555
48220
89491
82328
81127
17367
87240
1807
52299
73379
75260
35006
9851
51753
26088
81691
61137
76781
58265
64652
71527
39870
41335
31911
51639
86313
20498
32882
4401
48136
36683
80042
61656
69752
33692
3263
69305
84968
68165
75547
7433
9869
31796
61859
34715
24307
54064
12822
63546
90221
17186
81075
76009
56621
87873
79704
74773
76208
89241
55333
77683
68464
99254
2270
4699
76157
79539
94863
3776
45638
75737
32138
1835
98289
21494
44172
66356
4522
51901
3069
35229
71896
91955
5238
22890
9995
38333
11101
47008
27890
25635
36300
89081
47337
12289
89296
92674
58799
83050
55661
82993
68885
66585
23839
76838
55539
6806
59227
73244
33973
32994
7604
40652
75410
85567
82393
16927
4093
5246
66267
56878
43572
82502
90189
59992
53142
6142
56964
98687
61330
5623
44702
56127
51450
73113
25407
40428
12918
21321
91510
10727
83477
32371
59550
68732
87775
1850
8256
22811
99558
64409
49750
74450
12858
4725
13898
51427
11515
60929
48797
31719
36393
30797
3780
91743
53048
70989
50957
34898
23616
58049
47231
57544
42256
37990
53375
77825
94658
56984
64655
55667
53994
85026
56721
17983
60968
75460
72425
29231
45821
12703
65056
65486
22169
60385
76549
83747
9619
96392
30702
26956
72659
67188
15644
15955
1801
45293
82108
53039
67200
73997
86474
30682
94445
31468
72144
73706
6817
89895
4045
47471
39870
39340
54256
68776
42215
51909
42403
72930
33199
44158
60453
5518
98451
34101
33424
73917
41700
53597
93465
37818
46813
36654
3605
48293
43635
64012
38776
69032
32522
274
83129
79255
4324
40924
54898
79081
41492
814
34660
89421
18225
15685
63831
1963
49478
50423
50558
63577
32198
24105
28729
8662
98717
28205
16084
7686
96513
13078
96205
82539
30055
72122
35251
33020
10610
19970
1546
75813
78407
62097
40810
45338
3644
94895
7111
54553
85295
16337
46476
30875
2226
25030
2561
24119
96163
64128
40459
70324
65018
50557
59794
87272
42972
9842
28158
32593
48653
68723
26394
13167
3970
53185
32347
48349
41460
43152
77722
73290
81873
85012
13085
52408
38636
72936
94484
2449
79061
75130
74878
84480
42339
69238
66892
69171
34349
29998
29501
971
3064
60067
63561
38109
31562
79890
31386
47177
35550
89534
66324
87316
28401
54581
91829
12452
89273
97666
15894
22615
70325
84143
86354
94400
84446
59317
97534
75040
51677
67490
9622
22333
311
59973
96025
82465
6403
88888
55914
32626
39741
38154
47128
39913
13970
85929
57527
27249
26171
83369
74285
86655
33927
82643
31209
77768
92881
93005
29709
86595
67025
64002
76492
58715
8942
76270
5294
7441
85745
30695
83601
3245
91573
21803
74378
66046
20186
69891
92713
98646
65432
65809
76506
87131
63633
70139
15944
84139
51296
20691
34524
74991
28621
40290
37475
28570
12674
49073
98317
5887
2424
34708
61522
70157
70730
5331
46255
35752
21899
83798
72270
94852
79924
25901
47492
74336
38581
58393
40339
48861
43117
44379
56880
46842
24181
32502
13375
39982
98166
39171
2522
56992
2651
3538
18097
10182
45985
35351
37771
12761
77514
48377
22218
11505
66769
70354
38957
90210
13337
36931
64622
62675
26750
4568
36044
38006
39308
46931
59172
2121
21326
29144
5400
22377
3647
76020
4593
74477
77629
25227
28129
95334
76475
26813
59873
45393
9557
75828
17081
3893
27614
56108
26174
96672
37174
55103
60789
82521
56568
60556
73526
24065
19119
71491
13164
76364
74568
9520
55192
45461
8418
66242
853
54083
9026
20407
18839
44694
95331
3846
76653
64941
77515
71464
29349
50232
83449
22531
82670
45653
4347
9205
45785
42794
81660
45722
52057
79549
51737
76185
9321
14675
30132
92305
72972
39427
95042
73692
24560
42967
77248
11933
50540
56286
93859
85515
84841
72560
36140
53434
45628
97504
11802
1378
8113
22199
73593
51758
56035
19250
64600
65924
3496
78106
51224
72716
95082
65916
545
45310
91184
65861
4591
35500
76443
66748
32969
70953
40396
5308
59698
44374
24675
3564
95352
90759
12546
30332
44682
8534
48048
58654
59495
68739
41785
68799
7377
5638
45874
66177
29633
19187
28731
56182
34932
84201
28158
77755
21730
74935
91891
33390
56783
94411
97254
2990
18555
3321
25744
71310
93460
5252
24033
54741
85099
96492
52128
19509
42340
55988
15785
74565
5990
32398
28181
22622
82835
39846
20472
55150
15090
33704
87651
22300
936
72942
56393
22074
1765
25002
65023
95456
1850
10669
12285
52202
8392
69553
37633
84656
46131
97801
36050
43966
93334
59683
20386
39535
45040
70679
60333
4267
60669
90319
96766
98202
34015
10099
74769
59076
19643
13168
55859
47750
39200
14916
53765
58707
77825
39112
31968
57733
47172
13594
29586
77822
25555
32903
61958
19456
47728
63569
89890
30084
6630
86242
85130
63579
37530
37070
59618
18719
50336
79326
77840
59925
53642
49470
8736
99938
47836
78148
15137
44231
12730
83739
21741
28026
90274
80652
31461
54882
23094
37960
8507
93359
51250
6965
90057
57555
32253
30738
58559
87233
28858
84936
64794
50049
18397
70479
47856
55980
17851
6170
17000
84746
19642
16480
25701
38854
38439
88360
50692
81867
71527
63280
53947
90078
1157
34202
20865
15287
2666
8244
88973
22461
15659
72002
13494
80220
96220
36586
22425
24646
34530
48028
30233
80771
64167
15132
69537
95126
32870
45837
65317
96527
53094
72572
95239
8646
89507
35782
88853
73914
33351
44103
69231
51814
75064
74048
42758
5405
26092
53892
68160
18978
53783
64863
45624
88902
13189
73348
16131
96286
88259
46129
85197
26048
15575
46881
33762
10395
51888
80334
46888
28529
19255
19008
57129
1650
97829
12823
79375
47669
29935
60689
4456
57109
6269
62520
96809
17734
9016
71083
22863
18354
48225
24647
18657
36277
53694
97746
34256
57009
11215
36837
27584
49167
57087
91187
88289
32595
17206
6201
61718
61562
5099
48516
50838
53587
663
8570
43697
56695
29989
49574
10538
18150
41253
31364
46307
62975
50175
18564
31351
24796
91429
17214
70944
82408
74114
52275
41880
77374
5614
63708
19229
73951
6051
39346
22542
33871
14058
12345
81682
62285
59406
3369
59480
27278
53555
92346
59896
74004
68127
99467
64120
49520
32630
87439
3436
64945
72676
67382
18901
64455
44690
27827
20553
49593
44540
15439
8691
21375
72954
60745
89553
7069
6490
36904
76508
37437
64462
73535
85989
77192
27137
47547
2522
61856
24325
70732
20999
85277
30345
3437
33306
9602
45126
17394
95647
14811
44376
56270
47850
94838
86794
98814
86834
2427
2954
68950
23674
57257
18876
31973
94796
57230
57738
17767
87391
47746
7416
37511
41719
93857
79317
9039
66635
98915
19758
430
95713
3130
65629
9892
86166
50951
37503
37165
29818
51354
53508
67015
87063
45988
7519
69282
10195
7322
77948
69348
95019
86792
88625
50966
62431
94064
94285
95150
15373
1406
77518
85401
41589
64681
1679
22309
63707
6504
21566
18632
17035
75022
43723
84337
40055
84131
69788
90825
35708
57153
97245
45413
46115
48264
11093
19499
83107
47038
24948
71071
40163
73063
1449
27465
77245
61084
43792
17636
87166
85643
68232
93541
49771
36683
1827
55750
75581
39163
22646
32526
18157
13846
26256
96351
10410
12308
4712
53852
20711
24640
2415
79381
69394
26929
31236
51248
64575
73160
67622
87222
10627
1381
73796
74327
36604
21094
17873
48987
87566
82654
8339
26086
58088
30061
44698
79270
35525
70785
39790
78268
23535
43561
61313
4389
57470
76434
46147
88612
61277
96000
38164
94958
55533
18443
10101
94994
163
29523
471
72963
88653
2497
71925
66435
27059
36027
76926
46445
4184
31300
62346
35647
40415
80270
46478
77667
64746
77436
36138
16600
92861
63225
73119
75202
20481
43055
38430
2762
80741
95685
41852
41491
89695
19352
55745
52187
78864
84244
78560
11753
54054
19087
16385
22842
75963
67106
39130
8034
55674
78117
7964
43073
93282
58598
37289
97827
28322
48806
91972
54548
91172
51856
2241
30463
1063
79958
72763
73601
85861
52458
6820
91630
3923
2230
29559
41951
66087
52857
34921
92279
55091
82047
26622
12657
86863
22235
28088
56712
52405
91076
32843
9154
52230
48617
86220
52090
95722
52785
82375
28264
87477
66867
42191
22128
77093
60015
85808
14468
37639
77192
37696
83030
4473
4639
95572
71069
4266
46061
79504
12771
7166
26716
79574
11722
61038
90179
5696
26393
94124
18780
45096
16999
92739
94275
8260
97666
16637
41901
63279
23995
75775
76866
76194
21010
43631
93721
1218
4474
59862
96559
22579
56649
19744
5956
19851
21055
74591
92530
83905
2448
61807
17290
26883
30991
66069
72717
73703
58840
46945
40708
59225
43834
57203
5788
67284
8096
41434
56065
99948
2619
44918
24886
76935
27854
18783
367
66668
96501
11839
38923
80627
58642
26938
81425
16924
39285
48846
47525
39868
63560
57941
1703
43698
40308
54663
70505
67544
10164
70205
51819
67541
78772
98544
57109
20815
2597
480
90480
30558
13248
48849
74529
25723
87284
75951
32355
82487
49262
13298
40192
90376
41828
55708
13196
85758
77310
94719
44958
91508
18977
10909
76651
74786
49913
61735
88161
57584
89027
13702
18397
67940
66100
3608
16681
86460
9161
74802
79413
96984
83821
35813
93745
95502
52096
66619
51269
59425
98474
19488
67950
12
60220
85661
11797
9111
20894
74591
35788
73324
91163
38710
52872
96484
5446
62970
53334
46939
19623
29960
28188
25218
66149
20810
16333
27635
68434
93397
56967
54846
8686
48844
36237
87906
25977
6562
12764
38776
79800
42172
36589
31145
61986
17652
19398
35648
43464
48282
71581
88602
17440
58645
61706
18330
86605
76743
84967
96921
89388
73743
47494
67322
508
50344
65872
90940
87947
97135
80406
23080
29978
41634
81909
83627
94412
80547
73579
48829
59824
90460
45456
46367
63304
84348
78676
76612
11766
73471
45587
16230
73890
89004
45399
42489
30890
89496
63626
12125
35111
35753
90773
65133
2455
98005
79482
58452
64941
37512
92331
27039
44913
43747
19206
51373
55701
74306
90350
23908
73717
71894
42470
86301
51689
28241
92716
52191
8203
40577
48431
14441
57536
595
54511
61577
19493
3129
40464
13130
51672
33766
8378
6890
55135
76213
78768
31113
20056
51306
54315
53661
3391
84016
60307
93859
28117
67746
62969
22736
29555
10501
3028
33029
40171
54834
51382
9345
52983
85010
23018
24528
70401
38177
42444
46465
95054
46101
57093
14422
27848
63800
3393
82772
60486
19729
59151
44378
8666
89602
61908
28431
63031
70410
59276
39252
49948
84298
14463
94904
6946
69380
68604
38698
66846
61887
15221
53737
42419
42343
11318
77496
36535
99538
27811
9805
40160
509
76749
42408
56267
32053
58800
4801
29257
87730
75308
38714
85703
73470
85694
89588
5560
44499
62107
31613
96129
41281
7976
38278
79904
9039
62713
25587
2842
21017
16004
50188
8992
25240
70913
75729
33789
95264
69985
76138
60607
31363
33767
4796
19519
3154
39335
11063
90831
16291
2906
50316
58399
69294
15515
99164
42699
99505
61313
1260
51461
30004
36122
8469
68666
68359
45632
8695
93700
46183
58522
53677
45260
24511
33778
13436
889
82699
76782
56294
94969
99416
28717
48635
17931
92935
51552
52527
85383
48881
80611
93734
20875
35621
74263
43915
50818
81068
51805
50496
22131
62445
22577
31760
96068
74412
31040
64384
21480
91309
56583
86181
65804
566
19561
50479
49434
20787
60909
46242
97352
27251
51410
93029
9889
20688
78832
38579
68525
26764
71725
30703
46463
57142
43288
85429
22523
98764
77317
18156
4354
17435
44869
30743
74459
19457
40034
62410
49600
69684
86004
30618
41314
76731
45859
77901
70458
75162
81753
44241
2734
66699
27235
82441
11771
11815
76100
67905
78469
94469
38870
54050
10392
60089
50046
44097
88634
43934
92522
75442
75856
82990
38282
30683
71146
94477
62281
63043
17579
46054
71078
80873
59800
63501
38931
18384
6333
21124
34281
95032
11030
35769
14278
60232
96225
75405
63429
32807
28158
9935
23192
68939
32127
6310
23939
45545
54578
36141
63960
202
34536
54457
95179
63038
82209
87767
92690
45194
23286
13040
14011
74877
68931
34830
65802
28513
9487
19704
84141
50381
53433
73817
44573
3735
83681
3967
27411
61927
11728
63360
69669
36678
48037
29047
49148
46997
46748
71435
22643
5371
18525
66256
64494
44438
13919
29831
48245
81202
70167
88768
97131
79607
87105
67777
72559
82780
20873
27262
29038
13018
42103
95336
76131
76796
60341
41283
9133
85618
13982
68014
87019
8485
57572
66631
46806
65957
71454
31719
20539
2654
50924
19017
20979
64680
50377
31145
49185
19229
29964
12807
47784
86086
96379
86218
88839
88175
5996
2369
83474
73177
34361
41349
23949
20654
73152
11802
72359
32239
88276
89684
2001
84649
65507
68535
8826
2246
99845
61270
79816
2879
16606
63453
54613
89871
56784
26698
62788
21667
63680
34870
77182
30670
71042
28530
69325
28921
95396
73068
64693
66167
43701
25969
29546
80247
36016
9068
35442
92915
29929
20141
37879
10533
87346
57413
90793
38040
96842
34925
4398
47164
41699
85958
75111
48308
46638
13115
38272
31178
12870
54498
31699
56259
501
89410
26875
84044
53799
67055
4720
20883
73929
13424
69539
80115
80029
76450
73207
43367
45949
6229
50650
35775
38730
80724
36575
50288
55728
23426
15834
29926
84215
74720
95767
10325
45993
65739
40023
88205
84603
90082
90471
79564
88922
25253
62143
43181
37747
78616
24724
60670
18846
3111
5627
55983
56200
88196
59611
390
1308
43053
31405
89936
49806
13224
85299
8690
68932
2832
52178
19613
49120
13321
85069
54240
88334
5294
1919
92248
17223
86285
22389
40482
33568
18504
25350
69008
56978
72700
73039
82682
82534
42654
89551
81516
79549
64897
65916
57278
79449
10964
97569
96193
86156
16809
12213
70868
25659
33585
40728
35446
2382
73442
87020
15127
43351
13882
74478
18023
41116
10749
14512
1040
69923
27739
35508
53087
49625
73517
67623
11324
95614
78013
54615
17180
69169
35525
63890
67308
58548
66576
68413
4238
88827
50045
25230
93632
73367
97955
64007
69399
16953
93294
20016
59435
17381
38566
95311
56652
75509
38896
17062
27890
58566
43310
40041
74450
74628
72898
70650
47052
49581
62833
30691
84929
8100
11042
29199
60130
6004
29253
62726
80516
23870
40656
84900
40912
10754
33317
65076
69879
88390
90415
98446
39938
65222
17259
96714
28615
3736
87236
43231
89975
92698
6295
1693
48533
2715
49749
45219
75425
3682
92006
71422
85010
50399
73898
14335
50979
53196
39738
91256
3780
53408
63118
90643
12049
91184
63384
66094
73471
88674
97934
98454
27347
63727
58245
159
39021
77460
86840
83646
85825
80214
81448
21796
22822
2095
62398
67319
10631
54361
91947
20174
90648
45750
93040
78216
48515
69594
40602
5354
65215
52214
28133
42004
41154
63873
43329
45822
45453
64996
63698
97620
69734
26051
44177
54475
71331
83011
44208
20927
81090
89117
33819
2059
24885
3165
47802
54979
48475
25591
7923
5457
40010
86439
21868
64395
94984
48931
60494
57549
46970
4191
14885
52249
85843
82076
93347
21735
33869
45167
59109
28106
85334
43722
56590
29761
82210
36329
76431
39863
17214
32123
40328
86616
14565
82954
75655
30320
54635
73481
62575
9921
92598
14521
43349
80800
81101
69175
15396
18381
85929
64198
50656
46670
14184
15189
23175
37639
9984
64685
59860
46935
22608
55962
72477
62002
54930
65843
33884
81175
42157
18919
11754
15213
2984
99557
38279
80415
14744
46216
49719
22865
56730
3133
33766
27229
12828
63507
22924
45807
28629
28382
98892
20569
22197
39528
71830
27891
81143
61653
76620
63667
94100
18225
87298
10982
25169
81112
12030
11176
9400
25697
8927
64677
54020
18696
13051
74220
29877
695
49568
50093
55108
7440
53788
90159
55537
11289
54071
74896
40088
2949
7710
87962
87777
99163
99995
60478
58359
60581
81599
36592
18256
19703
24898
1983
24235
35610
17634
45743
89017
52852
7719
26549
2897
662
33895
39054
56231
59010
80773
54557
28663
19830
84339
77311
55387
42457
93465
71244
81789
80129
83630
63660
84710
7039
66211
11059
37652
85448
35775
15803
99274
69728
42565
26940
87681
62725
42674
13163
43708
35350
97474
87148
21658
81374
79602
50997
47909
5568
4992
79361
55463
41888
19502
79054
85372
97964
48678
33140
12674
93350
49623
51458
89773
27407
98110
41622
76823
84657
89120
23640
38452
93608
54003
41203
62500
92335
72061
62290
56034
46979
74868
84595
72057
61590
50308
64779
67447
22002
911
51318
43097
61991
71662
7096
68645
80403
67798
4341
60919
12365
3638
91146
87795
52046
81565
66822
46137
72477
48184
37000
44407
81494
68089
246
81688
31158
36371
77239
83930
27813
6625
6606
35581
56256
61159
17267
37240
68514
69905
78896
85477
30574
85719
82293
80573
92124
21250
91896
46558
42109
68264
50700
12072
68749
62803
88477
67847
46549
28544
7654
39531
24377
1986
80527
48211
99620
76903
2854
63080
93198
33555
87704
4678
46440
41608
40492
92469
34372
72839
64573
18198
72003
10608
39250
82584
69212
47334
26716
12555
46438
87694
53067
87244
83299
15093
98637
39262
56777
79121
95941
6234
83309
11392
7779
11613
58702
19181
39813
69280
46299
29617
27818
27525
57763
11925
17167
69389
62328
85846
57640
79974
83454
5025
54236
99170
98773
27806
47741
51651
24192
14858
43427
8210
75634
99100
39429
92494
91925
18345
67827
20738
13462
51714
76690
23920
40336
20571
41877
70857
19571
27175
90356
72894
37073
50591
93164
71632
10565
47009
34163
54756
43392
52533
80277
65075
72209
1707
27888
6398
48976
94880
47817
6974
91624
88992
25706
26265
36511
62341
55000
73297
54115
64061
99636
73078
60946
89930
41166
41020
66406
65506
23009
25703
5819
85495
45040
61219
77854
4849
23099
36144
46837
25335
6333
33658
5733
44333
46341
45062
46371
887
87758
54697
41755
956
58109
21779
71894
94310
66584
64744
80108
14117
98366
51535
94886
48275
85126
91108
47182
92818
41463
84840
1461
32658
98337
37880
46337
37423
12727
22139
88978
79863
21386
23476
18447
8712
88515
51416
6033
88280
74780
94681
47339
1518
57307
72737
54196
89262
55308
90747
79124
22515
34938
10858
83399
21940
73930
86493
12816
56104
1141
40474
82301
41446
68287
78103
85587
36902
59608
6473
65622
5283
27919
68563
6167
18242
22958
64000
25659
85003
83958
87947
4579
44182
92920
21051
67741
93250
41036
28717
21351
61054
97682
84329
14907
10250
69827
85367
88123
43832
54963
31914
53178
62348
44197
44794
6213
22755
93258
54448
64716
63759
3576
31482
21585
43456
87940
6174
24012
64575
16827
28491
41464
43444
10690
67595
32958
37255
49448
77621
16764
69731
36357
3648
92529
48503
93202
67793
38919
58998
74180
37941
25470
70686
81766
6346
21713
64789
99442
83607
18632
57392
56875
36637
66489
84973
56762
30693
82491
58176
69860
54232
54088
62219
10884
39086
53486
77543
90858
78654
7251
59775
81359
71892
37379
56731
81908
7776
33176
5242
52438
96747
53540
72216
9520
22629
10717
23727
67854
40282
67013
62810
70697
16451
24629
92117
78179
696
69126
36288
19425
9155
43932
10530
95360
31567
4688
61994
42517
21504
20568
73297
16006
74525
35637
45020
31614
99016
89528
18621
73873
53742
62257
78808
66860
41081
37910
72483
63127
34370
67373
21095
32619
82724
34518
33572
99818
20205
81080
53616
84415
28173
84966
52640
65715
63953
67918
28223
74761
3561
29982
72507
4471
57541
78963
99135
43681
71231
88287
69883
63283
60529
62486
96896
36731
2535
19830
1863
89569
36495
12336
76369
54821
79405
4311
12713
24147
4555
2244
1606
54948
75918
60612
53869
916
1187
48222
42195
92636
94904
64101
15103
30828
87464
80982
77198
38631
95598
88750
20432
96250
61403
92588
41424
99258
34498
72254
24241
47097
26768
30155
89556
23493
90137
98972
24342
96221
70477
73096
35510
78481
7978
60794
93525
52885
61067
45569
99573
37057
25758
17684
53700
34824
87892
53983
93234
68499
81361
97423
5181
22458
92227
37206
26478
37726
98063
38524
52252
56294
11046
84546
35855
65172
97719
7124
65759
17314
65727
26218
67387
46206
48219
33083
24197
98400
2686
51711
47290
38852
38206
64670
22575
98441
90728
60762
79480
67589
83284
11255
28194
54754
69203
14595
71040
73208
94340
75205
84291
24040
85511
98310
68769
31795
65673
35094
35192
92213
43646
17021
91533
16545
88524
24032
6605
22586
30019
62251
17332
76
2059
2465
35820
27013
52247
59325
1805
42931
94037
40131
93219
85626
43559
20745
83854
44818
75019
13467
68482
64955
11062
56560
58638
22751
94944
94503
22426
28354
65913
989
4009
83368
5882
26830
73726
90723
24310
20740
72667
14775
15470
37889
3877
87853
3651
4774
65475
82256
99335
42814
6085
13863
69037
66858
41826
28111
99199
73513
52313
32501
90637
8003
5785
97741
18307
18258
65244
59953
66964
91310
80974
15482
27730
56500
39083
55892
51872
97138
24487
16545
28671
31761
74279
3501
772
13375
52620
84264
15434
15928
35600
78149
94212
61425
71977
68047
7883
52097
4874
96803
48309
86541
71401
61262
62695
43694
18683
31427
87617
10528
25019
31865
60567
71594
82602
91007
90433
77541
69297
24989
11528
35114
71746
59721
36896
25405
12892
2978
15349
28304
72492
20268
18462
49173
61232
32328
47919
44036
99256
39023
80234
66469
47878
12844
16693
38779
95892
14099
38791
46318
27284
60578
81851
18803
77426
20594
41831
94361
51414
10489
62471
21554
4326
52544
80818
52348
27561
82620
91215
9195
34982
45195
33120
65397
82122
60205
77435
29690
23304
38365
40026
71662
36730
92778
91689
39973
8646
87350
67932
82521
6396
54474
13251
43259
13468
8116
9846
27220
92565
86302
85770
13750
45512
41324
82630
40228
68427
53170
90735
49210
89417
49072
41374
59931
87303
73899
82292
11477
71457
60392
50148
51507
64146
54888
49486
1343
16211
83803
73580
87665
34234
70402
16005
80633
21348
37509
51616
18885
17806
42573
98867
64239
34909
16736
16760
41863
83934
19191
94752
37560
77575
2781
38210
50489
16315
63718
18828
57458
26157
60777
6426
10249
29756
33276
85861
32232
67037
41899
56018
3021
69527
8980
57707
62030
72263
29218
54091
8998
67907
97987
54515
76417
25083
91112
4634
28991
85884
82521
42465
63721
37807
23891
50180
98702
58942
67456
78636
43575
85655
89328
66081
55695
89801
29497
6653
6121
16330
75561
5596
97965
85243
74339
92943
79523
7683
62718
12848
93083
84952
74038
31792
98774
8733
42028
79948
87316
89381
17377
8446
10491
64630
37195
20624
7136
56840
46065
29131
31702
53580
81897
55597
21072
60554
13835
94937
29428
10658
55730
76585
85151
80756
48079
48350
81487
84060
65769
16536
23184
54325
88661
84993
68903
88382
59693
12291
276
39513
44337
16602
36680
6320
33687
31204
32195
79827
72623
52789
19720
91996
32888
10216
76255
38772
57849
87215
34919
84942
37021
38187
93014
97840
65230
86295
27214
1363
60236
23967
72607
29664
64843
55854
63123
99130
80838
65028
4377
80570
50723
58663
82513
13749
10789
84817
10993
43226
70536
54599
60626
88408
48669
29737
94202
92573
23266
62981
33478
79673
14940
74534
43220
15200
73811
66955
9003
20270
31051
84466
73543
71012
62139
72498
7173
40305
60300
31784
34119
80237
50224
19849
65124
24031
16188
29239
81295
93950
3939
83247
41186
5908
1584
12030
5352
92382
35455
35572
93828
3536
91449
69361
46753
50997
51019
12188
77622
7028
94178
44626
87925
92687
94949
10715
27505
41829
50222
99416
93194
66999
32038
42073
91607
68936
59644
30603
71278
35229
58370
43118
23762
21443
16677
52581
27514
82064
12038
68231
46170
19330
38426
32082
36656
36100
38906
99359
19214
98895
55592
27408
21151
82317
29855
94758
25559
97721
52149
7823
22715
18594
79888
23965
10634
31565
3394
72626
50919
26522
2114
7959
93220
91295
98408
4012
83692
88017
57861
82586
68749
51842
33149
31108
73857
84644
91426
87419
84696
54667
7662
94736
995
36720
4412
56965
90431
66897
9476
69149
23259
48278
41873
18706
10920
96495
37633
72133
79293
23770
72408
69167
23812
64192
75361
46614
16037
95999
1091
97340
36556
64898
49627
26258
97081
86156
30652
98505
59204
97619
85024
97801
87819
37385
75753
11610
17978
42007
82104
69056
70166
31298
39977
94084
43910
23375
95561
4044
6014
44258
14294
52045
23721
19522
87601
69847
85138
47929
18370
82575
12239
36888
11721
69754
27851
61751
36316
60596
33007
5561
93954
63937
43372
90477
24554
39867
24999
38066
1865
2698
55841
24402
31758
23633
22274
31183
79492
92645
88642
66780
40259
29657
67924
16130
55891
61492
26543
38786
20031
85636
80922
94010
32274
14668
91923
75137
7984
70393
50811
43244
41235
5394
6754
85203
70497
71022
22475
32782
72038
1471
88156
95064
60756
75468
40165
38966
9779
83868
84298
39889
98086
56718
6926
83166
66876
33030
43902
21471
11696
2594
30935
22083
98910
66762
10837
15880
59009
55558
18745
42945
63246
66697
98133
2898
96199
86507
99288
88280
66653
68597
11249
62022
89605
7509
70721
78954
50325
68146
76802
49965
25404
90617
45453
84601
22683
98933
44365
58198
98500
71838
21854
91021
75757
86280
32545
49198
54769
82876
97823
79212
47651
15907
69527
46597
37200
35135
19366
41696
2640
37492
15506
88303
31785
98851
43635
10324
2560
69304
11007
67584
30044
37433
98672
10710
1241
51903
57779
22735
39526
64257
66544
28822
31644
43275
65617
71123
44923
11534
38482
84549
8994
94449
97251
64136
68938
38341
16476
67831
20545
52054
60350
83339
35070
59453
32226
42273
8549
18802
67072
58553
98521
23039
60926
8154
2233
44368
88691
33428
16665
80935
63863
31294
48318
39627
18345
15197
7061
73824
57884
98310
28752
79027
28991
33402
9086
63788
92968
87024
19110
28645
42204
8049
38016
66266
25021
43677
81424
49078
64433
8651
58848
50669
7914
84749
45593
5225
86232
54802
30205
61467
46887
6820
26596
62611
64246
44434
50480
52139
81302
52169
82575
39869
71322
2651
31822
19061
7649
50177
64085
44706
74974
86236
83554
84453
10016
87255
58821
15852
47651
34569
14005
22617
2130
84855
17230
48794
35830
55638
40808
34302
14016
17102
68757
5405
84847
34682
62934
40662
97887
63979
4474
63638
8782
92268
57717
60084
54540
6241
7929
36858
9566
64425
8499
50141
12111
9794
48612
60461
32052
5195
38266
24712
49274
88165
74283
27050
49391
84658
57518
20031
23561
40320
89110
48536
60311
42751
54635
23932
27266
66573
85510
2902
99711
13460
35145
18092
97460
90121
46394
52623
25732
309
15482
30606
69977
42160
16613
75462
79757
14825
71304
2325
42005
51042
8858
87788
8651
67768
84249
62689
90390
51393
9506
48484
56376
33486
87053
20170
69076
52944
2498
43429
91930
63639
41308
53493
58512
25621
55352
1271
8958
9120
66457
43995
91926
13751
53852
6452
98783
30108
91155
55561
79581
55391
41377
84136
39582
65340
96241
47994
36547
30107
35411
89810
62697
45109
6931
98590
78931
24598
2807
28160
90774
79390
40854
29559
17408
37633
38448
13014
16294
33006
49613
41814
52329
71981
15382
27399
85956
49634
330
65474
10549
70254
91678
53370
64453
75508
48821
83120
15926
24793
29143
89894
29512
83428
82417
22667
91399
66150
32649
38101
13749
73299
59003
5261
91056
80078
47829
93924
7007
36611
94508
2852
20926
29357
68185
96449
47108
5592
79508
99726
90413
42208
71243
80139
76905
62105
92223
42364
42144
56520
25467
39701
99712
98158
36273
86674
26692
33957
39187
61603
92739
18691
35755
83333
63347
54492
41048
19371
73784
83204
66149
64283
95436
60497
21703
11637
17836
70079
30772
4462
95453
68653
76506
38715
44826
41828
59779
49609
47835
70968
41699
43881
27843
60231
93979
85736
47174
84447
2702
42333
55125
34140
572
84252
94216
38831
54240
10184
10631
91002
67619
75524
70868
92759
15836
68170
17848
16889
8229
6869
14025
67594
70810
36089
62292
86451
59184
70547
51789
37914
50895
77530
11505
48325
35342
95061
38516
42814
43690
12294
99819
97263
7010
73732
10008
70060
83026
87366
20494
99983
85610
33083
72832
17151
47499
70967
61802
98506
77309
27528
35067
53105
71407
49703
45214
86083
23885
67977
14563
78625
9847
50517
96047
96097
94852
82352
42461
68526
47186
26036
19535
6669
73928
70623
11893
88538
31594
30856
61752
51505
25752
21324
68548
16840
72676
5030
24208
38777
30413
84126
60235
86686
70365
58776
50469
18357
54524
93741
49271
19011
17103
93431
30544
28021
73809
23525
2173
72033
8012
3662
2867
56779
33907
87555
6524
10467
81439
66557
73949
76844
9316
14582
93440
2072
15600
47123
76162
59055
38623
47711
65850
20878
97790
17427
60517
38123
20090
93809
54154
24375
27492
59023
52111
47101
77988
81617
49112
10663
72054
47152
51862
19487
19749
66614
9876
74451
96291
33003
96729
80690
91298
69609
64251
9907
88082
81260
5921
14260
36215
71206
85394
31712
16614
70127
54399
746
69917
76089
88298
59894
73180
8993
93426
57175
97124
36001
44828
56659
64010
56387
78400
48226
91927
51824
25805
95701
40991
8519
42329
95284
49148
1769
51944
26560
27847
23024
22360
10263
34963
58016
66216
40821
28262
95062
73571
97687
19540
58205
35149
85500
75385
67775
87432
12388
94931
33112
76771
28666
97818
11175
34880
18094
22973
89758
87361
16955
22395
71608
71374
11975
38170
80458
32741
83881
29607
76338
41598
28484
4075
204
79866
29298
81798
83716
96424
57308
34570
90533
45171
16357
52311
85872
40332
92295
5838
29352
42063
6101
45908
94538
43604
40063
63046
77435
29781
17172
89908
52761
71415
39106
30715
82003
33687
31448
99202
66133
36050
96493
56688
45563
752
56826
39528
89606
15470
3906
10051
6125
95688
91506
69705
48779
59071
79746
22699
47606
11372
29403
74783
86256
67041
76244
6841
24342
17368
33301
48963
20118
42875
33148
50041
80925
97903
3101
20163
32846
98877
73603
23760
6319
69790
20022
73899
61566
75843
41269
6877
72417
55870
26083
99807
73050
50737
38718
34201
44313
59089
62218
60572
28107
68950
17868
39161
24433
67106
10066
5916
64619
64459
11312
4840
83315
80839
4133
96048
47911
24435
49340
77807
33790
95712
82414
43269
13467
24634
76197
94415
6111
69046
82620
10786
55353
23960
39874
58563
7064
78527
65309
47622
78818
17517
56138
40961
64605
93558
97923
72652
17482
49444
73498
36535
66289
24805
22146
7080
51832
45810
93228
4271
5229
14236
59375
42888
44611
91733
95489
39437
73593
19544
65890
48085
26933
95287
65496
40909
46768
79967
65108
29809
43499
81994
37459
3464
27072
7136
78657
87737
17619
76747
87833
26029
58727
24566
87943
6019
25517
83072
93934
75785
83799
9827
64613
70366
19306
40828
38619
90210
67442
78774
72156
64854
879
46456
3980
2101
98414
10183
27281
68398
53074
14649
31885
76445
12593
99160
392
90981
84251
44718
20236
55885
82581
32243
94922
21716
49156
17873
21978
60018
47045
80592
28191
79020
82745
16227
22345
42547
58974
57773
70932
70074
56537
30737
67822
10931
35054
11286
56406
35173
47890
35443
20992
54955
93368
1308
81653
98380
72424
82665
83671
23698
23854
26079
44321
50153
89966
5662
49485
89943
20341
9639
29680
52850
79530
21095
14432
4546
63460
29828
26517
91285
78101
45698
96301
42200
98660
96531
30410
73337
10393
42041
51478
97750
60721
97209
27175
72801
29873
76478
19261
65363
83254
7591
14439
96361
55915
81967
21670
8128
53461
72086
27626
65129
44937
752
65496
85544
9277
65994
70093
44911
73531
41461
70844
41362
92305
6993
73619
72935
53414
80311
1724
84508
42759
82979
41087
32180
55871
85916
18213
19487
47174
42305
16151
51829
62800
87249
37157
99663
69798
80375
6754
44675
10002
51857
10156
58298
13139
96795
16042
39119
3377
64797
26895
8710
78442
47117
92219
742
64395
25826
75328
95156
29178
48695
33473
55598
88272
97848
38455
95489
89188
71661
97901
24456
57155
19136
2315
61186
55259
50347
19761
95598
51990
17699
29337
68325
42660
59355
88511
45715
22994
28951
96188
93556
14071
22542
27245
7880
94572
3066
65138
38418
5723
56896
70835
49811
52272
67222
82653
56381
4781
64406
96394
6295
80410
90910
28319
67628
86681
63648
91374
18448
46840
91629
86908
93297
43871
52281
41341
38261
46249
86475
70715
57046
75215
30276
77782
58135
60768
25385
81381
71105
79117
36110
38554
8158
47584
9665
94180
91025
1165
98993
95086
16080
83105
78393
22213
59264
45911
17772
96151
9163
30377
58046
81942
78848
30020
22029
13307
72296
116
94635
77800
68448
23006
90633
66726
55288
72077
32705
13805
59943
90787
47552
53986
31624
83121
47406
58234
14645
35171
21308
39389
68702
4338
83688
33382
98150
77693
60240
50279
29851
62994
38417
76329
6544
81541
41882
33936
43352
97603
28466
95133
25633
17921
91235
97262
54059
64781
36513
56288
31812
46278
6235
38196
50977
34696
56445
44624
5626
84895
48511
54460
49539
68861
28718
95244
67
44838
77141
24382
79379
89768
51272
21721
43477
27625
18540
29750
98637
35928
59270
37434
92672
6182
17599
5281
47368
36301
34832
83863
82802
84590
15760
70495
47957
14745
34711
40759
78734
517
25710
60786
95356
3936
86390
77157
99541
92640
76337
18430
50723
28119
81712
15309
51519
54725
86874
70119
54184
2503
22838
59679
25376
88622
94422
33685
44452
5419
95744
97579
60709
41477
65945
5714
61928
11341
25904
86820
55126
23337
55557
83178
25376
56781
70740
25149
52884
40488
75074
31369
78740
33689
51651
79054
96953
3458
90917
2208
96068
1013
91580
19279
43132
34316
16299
86081
58473
117
64396
64090
58028
95785
85340
42397
56825
89854
76070
14733
99058
46290
21706
37997
85313
7880
68458
68165
13489
84015
66289
2566
73546
72958
29696
18788
23911
88316
35831
48098
10582
52795
76380
22956
53547
48549
48522
22653
20033
79310
18393
33409
39918
55369
37638
53493
85058
18839
59680
94027
88956
10777
25455
93577
18313
13831
9696
26001
20506
37914
86704
17179
20384
9411
78965
78718
583
10174
1796
79790
33100
33857
41922
79263
63357
34639
34635
46919
47563
36106
48568
14306
13614
3108
34865
58063
53110
71894
73967
43607
25641
43977
24396
4622
76862
12754
41674
96851
49108
13659
70045
14866
55279
18044
73141
99080
42609
89449
17035
34342
23665
48901
61832
11630
28091
88564
97837
31322
77380
39534
20994
41117
88935
37487
19070
70209
44545
88267
68912
66447
57318
8895
94408
17934
87838
12674
94885
42690
80415
82587
44700
63445
24488
53964
19682
88788
58999
8396
74646
42832
16295
99091
50189
25093
51818
2158
33595
96983
32191
85970
25819
68984
72048
29389
68987
22982
32171
1624
28519
53745
62907
97736
5265
83130
58914
54308
93018
82999
21429
13649
42048
41908
50772
22601
38563
49459
46724
83115
87445
23828
21611
60811
87710
6255
14280
55082
69641
92606
36300
50784
11311
51352
10329
12470
41310
54392
80117
71088
4165
90140
13803
81095
3231
36585
37598
28917
99865
54860
60267
47082
40770
71996
62010
80443
51150
7291
60608
62138
33063
62906
65909
48000
16496
28028
35597
99335
6967
64435
37685
33685
9207
91687
97835
85170
31527
18357
61498
45690
6371
44308
97169
90638
64340
29426
40831
4133
15775
59837
64398
88960
80775
48926
12825
18780
86783
89440
17930
40256
92016
63823
9877
82901
7524
75259
36266
87861
97261
65531
57179
12381
45972
6126
75467
12572
47905
79964
50927
23694
64228
55420
54660
20002
91519
48687
60748
88534
90416
61417
51622
79717
77310
92400
3113
1430
16575
23292
32061
90262
52259
48799
16150
84352
89089
73182
85997
36185
94428
23069
36125
73656
27314
91673
60151
85794
71393
36687
72067
63988
45398
38746
7988
96921
41331
10009
33477
90140
90236
13551
10902
12759
6303
17316
12574
16361
92766
29417
70571
12038
50842
89369
51357
21705
63613
4603
42011
31717
19555
41539
1105
17721
62502
66648
72455
96609
96197
65040
28287
40809
53329
53176
70570
89725
65012
50512
62951
28891
14590
52659
60665
70666
42925
77524
64708
46596
93496
9060
20804
84751
75320
45776
91978
40937
56436
64038
80372
69793
78567
87896
71304
18211
94160
10106
88077
78379
92374
26886
23078
50107
29206
70143
20331
23016
63050
39762
59557
90670
45720
1848
26566
25443
80948
69784
2883
44649
79571
97705
60656
40445
47981
67573
71798
26061
42446
41562
13811
25543
18361
23946
51534
29964
5593
70450
49621
41667
62054
88727
44053
72809
74768
89404
10549
37734
20172
61568
84176
51100
69112
47333
58029
47513
27532
7883
26300
43947
5246
87195
23439
72467
87538
33248
61395
93458
86941
89775
57642
26272
26676
49223
44327
90459
25366
63635
49157
14941
43474
19693
80995
48070
69654
21437
85120
82072
19254
30303
69615
962
17205
30370
2103
13780
85459
93996
18346
47793
80339
42043
47072
31523
95720
69638
23279
78312
444
31266
54857
12777
50876
23937
22386
49772
52835
64149
33021
88735
23489
56467
87714
89493
21767
16562
75678
43566
40658
88914
14438
48814
18258
7001
1001
13935
94486
58136
30274
96306
25334
11469
99415
38417
61469
97250
55089
4272
75888
45618
11704
9618
54975
90124
99754
10056
30215
29200
54199
10276
53474
24086
37308
86764
42412
72846
83131
4681
89682
29474
78291
70527
953
37943
93153
53879
7753
75410
76403
74808
24724
77848
1732
74325
93734
42254
38457
9120
9802
38975
6007
2171
471
58492
96799
13071
79542
28029
3816
21366
99089
11174
84695
94226
18617
25509
76541
84641
65780
9879
46316
67624
10369
14154
15703
32492
65385
41181
65030
49855
20772
88580
78643
47256
293
64680
47044
21051
39588
3819
17701
54904
19813
91145
57697
36464
12906
10330
18749
57041
77394
27412
16945
80866
15340
55821
5572
99642
25436
16669
98787
90347
95049
23874
32221
74556
36864
71838
51486
18581
18345
47803
89094
77107
27652
93839
26309
25339
94399
71002
59350
40907
73687
20972
22997
22028
13512
76964
30654
43716
87476
38195
48612
27432
300
74942
37802
6254
44029
25538
76065
3744
28185
33682
68799
8909
11393
95964
36120
6137
69517
23275
58876
71925
43384
66597
56845
91721
87082
56596
55163
37742
6275
27201
75485
15288
60129
81692
69998
45744
65775
95288
39810
81504
13130
69300
24228
74696
98352
5333
53965
55822
42119
28334
43459
44625
84200
38850
37324
37886
84326
61600
86285
347
86559
54348
73187
35201
26942
87583
50109
45608
26953
49701
11828
17946
75630
6372
80969
937
9189
95612
36537
90684
14786
25674
89151
3364
29947
64806
97734
59982
58096
20557
12873
71601
83163
79929
14666
54534
45525
96139
47019
38808
95937
93931
300
51889
4058
13862
32097
66324
9621
36918
46255
97641
59282
77632
34916
71218
31685
64055
49328
81725
12411
32126
99139
25746
24971
93738
98340
18636
16474
59109
97804
82500
6827
27567
2333
44073
97441
73183
79074
32684
20338
49608
7172
89496
68459
58647
69893
22143
78138
41688
47645
61231
62492
47928
44367
50083
28355
18244
60072
35734
54115
29297
51507
48722
61017
95605
29467
34663
39960
563
54846
58231
93010
53908
15690
69389
93696
3344
80152
45774
55694
69197
36226
80392
84646
88094
17761
15464
54519
7436
86951
76520
75073
45042
34518
78628
49952
45410
30523
1837
36211
58533
27595
7927
44488
91808
85656
51917
31078
48402
87951
90085
29430
16473
91282
60973
16078
33205
90125
60100
5403
59908
78519
97542
95819
12077
53575
14431
42773
9464
784
16129
50949
29178
74107
97137
4264
13966
33791
9787
42160
20671
50496
40070
29124
4418
25505
39809
42664
81600
57031
64989
61604
96818
60747
17653
1107
84325
53083
80423
46091
24925
10543
93959
56772
76501
28131
83337
7558
2404
34102
93499
25363
31643
253
12661
78318
96075
14852
3433
85703
66724
93410
58997
93445
17592
78264
14487
32078
91135
13831
76288
77718
82739
1739
61377
20865
52315
18487
56514
32470
9156
76142
94802
85475
71019
30299
22264
4455
53656
46094
50984
29472
56197
99636
33809
83250
22396
43121
23059
77968
30750
85885
97486
77930
62623
69368
88085
65107
23951
67691
93985
66413
16244
96029
48579
24851
55667
17454
7793
14083
35981
54644
32898
78567
27270
79023
88532
47807
94113
76267
76394
44076
77511
46546
57236
20219
28422
61931
29766
83468
32918
23731
64842
83902
42423
40246
11218
78008
75798
94218
32229
30903
96398
52329
99643
6991
24011
55881
14980
44992
48970
21913
26274
66743
87997
94362
66391
59581
94858
66647
4216
98176
55251
8963
47873
19036
3952
5966
12003
88038
82072
72963
80152
31573
19231
10849
26231
37037
9113
41332
98147
62345
28445
72848
73310
22821
19013
84553
29371
27461
5617
15601
81456
89541
25515
14735
17354
83933
25925
30520
64635
91825
4510
69869
73070
28019
24004
67889
65019
93557
95540
41573
90070
86031
78045
34050
48194
38985
15586
47667
20003
66118
13630
70988
20209
82765
98977
31370
24072
32788
71129
37257
17181
12492
92204
13820
971
31140
8193
37964
6986
53434
72799
30256
769
22821
81837
13606
31219
42712
23385
2475
18709
11539
56340
20605
69311
41132
75546
91178
11521
68118
68527
1620
62157
97131
70373
5987
24498
61019
25051
16999
4009
55985
14943
77769
7848
18814
85747
53805
39315
64037
89389
35751
29587
79298
69657
85142
17375
16184
27290
61281
27318
80053
30349
20781
52335
8932
83630
62488
5928
71247
32660
2325
66906
39374
97655
46532
70606
45648
92946
4013
22441
44389
37923
23449
13570
49895
44048
81006
52660
2371
40547
2309
18862
42279
97718
87145
11272
31881
58474
60558
96305
54321
94417
77483
40835
56196
98956
94133
30104
32495
97070
51962
5462
81740
49407
38903
63109
7988
33788
98710
11458
85185
10684
73128
9740
91966
44078
67291
96731
97166
17406
82264
84080
42934
34390
61499
23752
82376
7105
22352
42666
87565
38475
29511
10464
99182
16356
65939
78466
30174
81315
55044
47373
75528
49543
39807
93075
31760
88921
15607
77068
73097
61325
78091
99915
10579
60455
37436
27627
68750
63067
70504
3112
27039
14669
25896
39018
47934
34806
898
85531
77594
40008
89740
7354
37545
47433
59550
85512
17648
87547
11602
95104
23884
89084
97243
33924
82490
11497
81887
33682
73385
95709
21971
66837
60794
13783
28274
51224
1073
72986
43224
4309
51547
12079
37793
97804
19067
15109
87097
69199
17939
96536
48256
24826
66539
83438
68636
74496
31457
17662
71867
57664
51054
53196
33027
61622
5681
34927
33272
39310
16282
24468
89418
77172
90421
54075
31831
37319
42800
11103
74340
43468
88939
15252
76756
35710
98523
85096
83202
43203
51259
72107
76289
90905
72497
63595
15118
49231
84536
760
4078
63409
72974
40455
1097
29532
27740
79250
43651
52335
125
18236
72275
62626
43757
55891
53218
66224
37968
33166
59585
34928
78493
30261
41191
18722
86373
28159
52006
23908
54627
69526
14889
51076
41953
95608
76428
57584
7876
43895
57688
57513
22006
19936
62650
85334
84974
67545
25438
17525
69246
77346
62093
37740
59321
71518
45088
81886
43711
52620
70368
64441
40070
8493
57244
87916
65926
82058
93766
15765
30177
81486
98123
28088
68846
94926
57356
75500
93953
8938
52445
62000
31928
70987
83802
23387
68388
55756
27937
48145
63154
67765
47152
72177
8149
17794
35612
43019
37970
6146
25963
13039
1704
4443
40750
28033
15706
26187
11167
65704
89690
77066
16915
51877
51571
72363
51099
52129
36179
5793
41181
59520
78835
69790
52138
7889
82309
81079
88380
99975
74489
25923
45134
10786
140
84514
27544
42758
54573
79226
83973
88494
91469
97085
3091
9977
81187
75879
56902
64546
26649
6691
91529
42477
92566
64396
94562
38493
19177
31985
16337
55395
37071
46098
30789
78578
78017
37255
15035
51277
24701
94624
69203
53857
16462
51751
16625
71471
62523
15010
33549
87681
78026
25332
34744
22814
92303
67139
88588
46137
85781
14708
71150
92196
61415
914
66530
33314
48187
17838
9035
4793
47419
82592
53502
92678
1266
43180
69921
22251
20048
832
72614
9924
41050
66970
97758
39895
78705
54694
39196
77961
51741
13220
49447
18509
40821
10824
42010
40023
37646
68123
16828
10159
17950
50047
91640
15553
54603
39440
43992
41137
40149
77574
31555
90348
29437
52055
69040
49242
68657
74265
12325
62000
81653
72709
97841
97698
63919
12631
27106
75893
93678
95186
36643
38002
36280
44161
98230
4886
70447
71704
48522
20454
13856
31992
21881
83968
71560
28145
15393
88013
45250
20258
94621
45523
58801
85884
88959
44007
56007
94244
65804
57855
23760
66519
62708
48294
80574
30313
85484
328
70417
50822
91146
74093
68546
21657
51452
17795
70573
69387
85254
48947
15545
34498
35542
32214
94598
60811
93957
29441
92881
72083
78797
98811
71430
53039
78529
78959
83171
51931
3310
41405
22949
81631
12236
89354
61298
69646
13696
2936
65762
29320
36530
82609
14794
59264
62725
60029
49222
35383
75096
34259
34627
3911
32953
78347
58630
5116
65761
82738
16412
75676
25455
81463
44575
84104
12549
35458
75682
14618
32857
26436
89754
30318
85529
89866
20329
79261
14303
10603
88935
53189
89260
45185
15535
62564
86787
42100
29411
94659
68581
10737
50237
51216
68805
60698
74196
24803
11784
97592
51271
10946
36027
64683
90473
37152
15024
95490
59081
81824
58934
57445
7420
6135
31667
80879
19401
28751
4705
64666
98481
71976
39075
9651
1370
23642
27907
34156
65942
89781
34601
16688
63764
31401
84985
27505
14371
21921
66922
42813
77598
7946
51039
49455
47321
38482
39588
63234
45543
42860
78054
43040
44517
72336
38126
51193
85094
42238
8060
58799
2203
36963
94845
7566
88767
5428
67529
56537
23580
60279
12315
71391
3806
37890
57390
13101
69458
83035
50704
17821
25595
28670
49541
780
95729
4605
19195
58857
62389
23777
24582
68265
10774
69839
70743
29975
48889
78214
28477
68744
74345
17125
91672
64781
71259
34922
33366
24515
56828
40500
23373
50980
217
23242
79060
8224
43851
38644
49374
79462
38717
12167
33331
72091
2171
41599
82092
56238
60857
16036
63947
72450
11133
69263
61333
14026
37034
54438
7053
34836
33578
45731
62479
76188
77398
46003
9093
29793
46597
76666
62377
90388
23568
23443
76472
97356
92830
66101
56527
24503
51473
21714
71653
14059
56619
11865
30277
69499
76574
29467
43814
47237
82287
6058
5288
98824
83366
26846
58957
70994
29621
70513
85298
31480
41667
7242
12329
81823
83059
22807
79541
39543
20758
12691
95296
44455
66409
54727
68604
41155
39468
56141
2356
96250
78113
93807
96559
81036
31581
2350
49441
99673
42350
57503
60813
58164
74121
40783
7642
96919
86287
3143
88305
73616
75835
54507
94160
32441
95979
85981
73583
52550
424
53663
56813
31607
74067
31029
90933
1484
33390
23848
7219
5336
93189
11366
43148
84655
98391
41223
97567
5881
98597
52715
10871
67720
44693
93375
39498
34342
52483
89119
5521
61512
18341
75189
57475
69791
81145
40991
60944
29773
90286
33615
50616
78004
60620
40684
60582
64714
58209
59573
9964
15241
66728
34822
51068
14659
77048
46035
50591
39570
36774
65841
66742
85517
92472
9556
8492
48215
52424
26483
32308
73746
64305
34664
35011
27025
47193
87955
13324
29803
36090
42046
22837
14315
32846
8059
4307
58851
8727
35882
28678
92481
6761
24791
34035
73594
93973
50272
35162
50883
62002
49460
75763
79839
80970
46902
34314
54003
42110
94401
5236
99381
1079
76741
18765
89794
8586
10768
98960
28910
64103
2729
43122
57494
14623
43413
14075
84818
76303
71708
898
16551
38861
19269
24324
88057
90254
38654
78304
80157
46833
61624
98354
79404
93676
2095
7082
11987
25873
88488
19592
52359
36508
93427
17335
5783
14428
81231
39747
82522
77371
25389
46488
69319
26380
65868
63416
21763
61968
30083
27929
46036
21861
99134
46521
51220
38828
39040
75742
65346
18901
48391
57646
72307
75881
93420
50600
99942
27252
97065
20254
80372
86061
23350
46320
66310
15011
7148
1157
17633
39173
86442
6472
31068
65710
34134
2781
32306
26924
15739
10943
44979
99244
73072
58455
93429
68867
55514
21403
81992
74811
52264
66720
40646
14968
41595
70558
67785
614
13833
22207
72183
60609
50519
17730
12761
31425
56227
26003
74569
71904
32388
46431
3113
9288
75785
46646
97201
77086
84030
61250
41120
41669
1518
20638
40724
72113
30754
64277
71508
81353
54023
58233
97642
4664
99501
36412
29390
24336
42635
57486
89214
22907
87776
47859
76010
72575
33269
31520
88331
18797
34431
10002
4884
51239
51456
41452
57184
38860
77645
30667
73323
385
20841
74663
23325
36957
22800
87432
16929
55601
67377
64098
56339
69394
93075
8591
75288
4228
43672
56232
92200
6853
21150
41695
57318
39540
8706
80636
69072
63164
39456
370
55505
72384
35957
57694
93780
15941
91589
30139
11092
75094
23673
18692
10158
97912
14688
82439
14424
16396
29366
28834
48907
31930
35234
53630
13211
26400
61145
65860
62407
57142
48960
37600
35916
74108
3502
17585
94196
47395
65648
45897
29291
27381
66791
81639
76243
95171
22572
76911
95885
54857
61075
95235
27512
83807
41261
27841
39414
98879
48615
35160
86569
13741
39504
97799
30462
89864
76344
57620
5279
66124
42868
50726
66764
37986
82686
1408
20868
869
49370
99739
84381
75920
97971
28606
20531
68873
49475
6780
12189
12261
1425
50379
77339
9495
8341
23964
5291
97112
36279
77596
70940
82900
27830
42118
85177
90031
28036
98018
48615
39538
89614
33214
75338
40022
14490
77064
54849
14732
81673
37605
74418
48550
17372
95217
68288
40837
1618
25332
78777
94401
86575
59324
91660
91310
12217
70909
70136
27409
32540
69314
28415
38623
7854
29102
47609
63854
24876
9556
35717
89275
50659
32559
59674
47255
55594
48767
34236
99342
84876
63905
45930
4021
60324
3017
34453
74448
70530
32862
11979
35741
36138
94579
38928
54496
5083
78526
11406
20012
12685
23798
9059
55915
78740
50798
67097
24490
70849
29192
86580
29572
53447
39704
1668
64169
73851
78390
33913
4203
71412
50719
22774
47973
55794
93673
87647
21193
26812
55265
76940
95172
7073
15939
18496
75983
80736
76181
5011
80725
80963
31137
71754
25852
77414
98316
72041
28530
28630
61240
75263
5814
18740
74066
43903
60479
19896
69049
67567
90733
96722
1324
65465
30378
31340
28622
84447
14589
87916
65562
14283
82379
5526
45852
37924
11658
39310
22707
7837
42787
7322
17442
19432
547
8325
22509
71592
26622
1408
1398
22180
26977
42916
49428
6423
87155
32851
13612
94308
77286
52796
96815
98790
11936
57884
95184
82790
6977
35298
80032
88038
92080
38443
56072
44730
11750
83564
63010
91286
24343
33102
60885
64386
92952
27732
89675
29835
77489
65080
52688
29171
17505
58387
69129
82792
79336
41083
48271
60818
80182
21926
85415
20230
58093
35021
11711
12312
67285
19277
61350
29965
19452
54246
92136
1838
24423
94054
89478
95736
52346
36576
13230
3505
5600
28438
84796
40821
49048
60630
48333
98638
36924
59071
38971
14402
83567
36485
48698
13638
98018
73674
20589
31761
84706
59501
11046
99851
29634
78719
92249
64132
39585
97583
76539
59617
21496
25768
85148
9201
28418
77680
76894
39037
42600
33041
77905
90174
77256
24533
59981
45513
30817
3114
26347
4357
34718
8197
44513
70877
44477
40514
16536
38481
56762
71562
33547
20359
23421
64173
701
64415
89948
46351
58903
95012
16430
6687
87390
37278
93614
25890
35085
14276
65032
8495
93556
86798
96515
72307
96461
14121
61003
24468
86742
51588
55097
11795
89744
49448
74818
79499
71795
70532
71193
54966
21644
94054
42753
622
39092
29605
1972
21745
28334
83931
23337
46333
23804
39024
46885
26555
58686
99954
11361
73433
62409
3009
38323
70191
17376
6502
98300
12387
34386
42532
90349
86024
80079
3559
19351
3329
26856
25208
99630
27716
41474
6258
69720
87833
60375
36463
36312
28162
15273
71772
77906
75956
17316
60876
98234
52803
18735
69448
83998
15612
41742
42211
57708
98347
39511
11883
6625
92253
95438
99739
79856
15104
73856
91086
54667
42631
6712
68111
96048
6026
4418
90764
56851
10506
15258
29704
6884
76849
69424
89999
63325
25912
18586
46596
35499
76994
77493
74166
81110
71206
28026
20562
9198
82538
74425
95026
90996
97834
91637
90611
13538
19416
12188
50948
29848
78814
53888
29786
9124
77983
56375
65569
84301
25819
2092
75980
60892
54417
24831
11917
89832
14974
1664
1473
59708
5380
39267
83075
73255
68903
79744
69472
92864
13521
54507
35242
41940
64500
21579
31878
53550
84463
63129
76961
66753
51754
13430
96351
50101
15740
60425
95603
58060
15788
28500
65387
86959
35540
45554
23139
98842
20545
65039
59930
67200
93559
23779
39906
3804
33650
55053
32400
43926
28999
31625
58835
64750
93992
50765
83329
14697
79047
36006
15597
14261
86034
34121
54933
93786
93500
51160
55320
10654
79325
40564
40357
27093
59279
41977
94734
63876
62553
77339
18523
59824
23721
38555
3259
21480
26554
45510
42262
28204
54134
67562
83294
88568
30132
38069
67
56177
28994
94220
28709
45258
32638
34916
68964
86291
12734
43777
66100
59487
85392
85545
22829
14097
7419
15524
97918
47715
27076
74611
22529
3026
63693
56649
22474
73737
72663
4138
33593
34888
73897
23743
60111
67984
39529
75699
43997
96110
6310
84398
19255
17762
40152
4491
86088
97804
90495
83767
8095
12850
28489
66921
38951
84943
10256
90968
23541
28795
71999
62046
98298
34739
63764
68551
78520
77061
24097
3509
19922
48283
98637
42900
18203
2817
83544
37333
76913
11028
53947
30793
866
72105
58797
85724
21996
23352
99907
80491
71651
12483
39247
27811
67403
47750
33353
98904
91526
2237
48043
27326
43463
89868
1685
66536
50245
63663
69553
83931
15755
32095
46066
5357
41996
59134
81846
68863
38612
11903
35658
69077
37721
90197
60940
48334
40272
60310
66315
61028
70173
48523
69578
99618
45634
14071
33860
77853
2552
61121
47946
5264
26844
3488
456
66936
448
80195
73349
95976
27394
68410
12873
48938
8730
39908
10681
62931
18733
62422
67933
73538
23039
70916
43107
30965
55493
77583
64285
90151
81656
79083
93701
57482
57990
43596
51776
71773
63970
24684
99808
82506
71676
87036
68004
68831
50091
80645
62650
85286
56774
19097
92037
11203
5138
94235
7161
58986
33430
59240
64963
34747
3210
31136
38150
84571
46574
71381
56448
48016
74871
9935
16331
78808
50468
62457
49503
43207
89070
16300
28661
20603
27326
29365
40006
83325
32377
78406
82289
40439
44406
48982
21436
80236
71825
67893
98354
35385
20696
7825
76491
56486
27809
24126
98153
1704
31102
53605
54622
38742
95689
1996
62475
72358
93242
61886
15844
50404
65432
67222
18831
61134
85324
8941
29291
63567
82129
46974
75469
86454
10023
43122
2917
73234
4135
23598
43903
67340
5136
19381
6629
96417
70208
93082
40515
29531
28062
80070
53347
53643
80948
9602
25718
7396
66811
62946
22131
78519
28142
87342
18650
72807
95584
9582
91314
6792
2826
42738
45264
58393
29468
73819
65209
63675
28085
33033
40638
96269
44750
41922
62854
29926
79440
51740
81866
84270
83718
45575
32570
79769
48333
2650
88765
10112
51015
73112
4277
75581
24335
74623
26497
25284
32744
53485
9980
94841
89646
40335
46371
52978
70445
7623
2931
41514
31472
1753
41169
97150
56402
61394
50083
89639
46289
33398
54939
70101
88160
63109
16980
63397
91
98824
68597
87135
90486
98654
73555
61614
69102
17918
52980
74300
80129
5480
22573
56618
7705
28748
42092
65705
44355
1846
99314
73272
14366
78229
11032
85690
63311
53639
60402
87891
58545
45379
37905
3231
14570
30370
15011
15471
82745
61578
46165
45825
78188
52793
8216
79290
18286
54506
76289
28259
28732
25159
76875
16477
249
7692
53879
23843
85911
1267
94995
50907
20534
40514
79225
91384
47914
45069
10190
45679
25684
58248
66251
4979
18771
71566
54104
13839
65043
61351
41684
51424
38307
75673
28722
86477
74596
71470
67005
53539
4254
32286
9435
94257
14829
21241
816
51389
37016
68595
80538
34498
51394
14060
12281
80647
77817
8187
86513
74780
39500
76279
7400
11955
89594
66177
51434
15449
25253
44689
15149
17968
62822
4827
76846
75722
55706
48061
36474
804
62553
60489
38761
11773
97799
92394
80676
38737
11044
80660
76743
36982
99102
20333
65058
63730
4998
99665
17721
30487
70784
31207
11564
81693
67443
34846
88945
17786
57057
53826
52316
17696
45937
97793
9504
6707
40072
63477
62032
28357
81846
13454
95391
62160
87372
68829
20837
98960
14315
88703
93122
73658
49623
22340
98013
67581
89387
49819
84134
23764
59463
23420
14298
44772
79332
72657
97668
95256
69831
13026
5184
17591
7860
16252
66075
45439
70650
44125
43094
90752
48716
46910
75049
37655
61264
30813
75525
19653
11856
39014
47858
33964
44750
44190
63959
67782
70005
20396
64439
83073
31882
97028
21176
60699
10145
84914
31520
43926
96748
99103
50744
13559
99855
25218
24914
71425
17646
78246
69863
68266
62599
94996
43385
32886
92445
34365
7735
2456
86121
95942
69215
63938
9365
88273
89085
73156
82915
95396
19090
23465
90311
87928
73552
14154
58870
58623
4354
86925
28342
10707
62216
8638
59988
39127
31199
81992
45717
29645
47199
59503
35108
44276
68287
64685
46314
3610
70931
21768
31292
1638
82197
1869
68206
91035
20482
24011
51334
88522
73723
68558
97835
64023
54603
30774
90491
3717
18825
16083
17340
11297
73811
34495
61706
73960
46714
217
85935
53782
90077
6265
11377
97484
43054
12213
75270
11037
67120
40463
17506
42709
58210
65496
5649
26343
51445
44486
85152
63569
66553
1741
52309
59726
822
4732
43999
2648
41558
78519
62631
10455
87904
21389
58470
27851
13183
62613
74673
73810
38593
202
25008
63926
94459
41408
47628
1398
55722
23105
12998
40527
21716
8425
1540
487
63469
73018
60070
93110
10870
3197
93399
59346
45855
10454
15711
98517
95149
16066
74997
33197
93303
19664
24914
24992
63050
17753
11009
16185
37901
44189
18738
44851
92510
23388
83053
41185
23611
173
99812
77592
14173
73182
24866
56090
49279
50345
16287
55296
63932
83120
42741
31843
32982
11413
23917
74247
97715
10968
28882
96644
30146
79725
30216
51218
3196
15737
5173
2704
71589
47977
83837
85265
6001
96303
59564
51844
51235
27994
2540
23455
62225
50961
88022
96456
50052
18349
16261
89599
33243
81456
31974
73290
60590
34277
77451
97086
36016
42420
58975
4840
36302
65570
11189
12726
20789
52867
39737
68804
45392
97342
94855
85702
9966
25340
84762
92975
52226
23915
82685
26396
46468
72693
14398
3904
51253
67224
46849
50285
70848
19714
58288
33692
25211
33451
26735
30297
7309
36623
61325
98286
71593
62374
1239
71369
93209
10786
13127
46989
53366
96485
14555
6611
35955
64028
82272
73338
66714
93755
46988
78834
80750
36630
14346
59681
70672
83642
55728
78543
19869
98566
92653
30485
46867
22409
91135
98621
16276
50841
71041
89461
27108
91501
72289
52790
92877
64536
79823
97804
61026
4547
58641
77409
7008
52069
90707
22858
42671
48513
37916
18829
40808
47996
76124
25037
45458
78042
42626
78804
53381
57525
89706
55133
79567
6040
52628
63323
63412
2334
81999
20745
30096
66082
147
59566
39128
99298
78351
1548
31423
45525
96119
75974
30836
76550
67327
45964
6185
99341
72133
57476
92462
35400
71048
86103
13756
60315
73847
83413
84110
22241
33765
13189
89353
35885
5944
24845
76220
90530
32800
80987
14594
79947
89893
47534
39588
4888
71609
84580
21532
3765
21132
33920
82261
11241
25374
22679
14958
93224
35216
99128
57821
46197
70355
16630
9712
27576
22338
91635
93326
79768
64140
90826
61692
65237
83529
76249
78620
17764
38190
17866
17584
30920
74427
51932
