17644
29010
74903
39630
56939
29344
3479
59178
79071
10484
93732
92503
98065
83059
28466
41467
70211
24876
36675
21606
85605
11003
28833
24096
98999
96007
13694
67771
72118
58507
77829
29320
54789
22002
59164
51045
4632
61467
54969
79060
4288
81724
29630
60231
27598
42147
8850
73207
42566
28632
44990
88915
82370
542
23776
89878
1087
78168
13199
55089
9640
7048
92973
24232
13662
31571
15202
9593
11872
320
65210
43958
93117
18783
58973
18516
48051
86854
11718
21884
34850
2999
51299
99358
26771
34877
72680
3622
77247
78037
67408
55655
27645
87210
58482
6611
2507
70776
3676
21900
21527
89714
11502
25621
54795
43679
94869
91234
3540
61951
5410
53935
93229
53164
67367
70604
91149
44252
91405
39093
89609
52482
48821
82719
80807
61332
85801
77902
19808
57479
87422
93284
5265
53750
32713
12373
43839
51490
86075
83350
74564
48051
40410
2483
80602
83549
76861
31
95491
10942
17251
59078
82547
83107
68625
3071
84698
32074
87206
88637
66962
85891
16765
14341
65633
41103
91647
73945
67051
16107
13250
77459
57592
31014
68321
4654
51677
4973
23033
87325
5226
54567
10622
21471
53615
79068
60184
70954
90732
59570
26493
71204
42899
51983
49676
24177
45212
64802
76931
27911
42853
41917
73438
58781
81828
18651
61293
77826
82795
54015
65680
55561
78070
10845
70898
23266
40179
45777
41791
28644
69199
11245
69954
93159
88281
18609
53632
39278
86549
59187
91915
94817
78016
50398
63780
39353
35803
93718
46672
21940
69398
17337
8950
39656
97978
20449
90098
55124
34610
8487
47673
93490
40343
20737
43625
60329
80823
36364
24076
22527
66466
65061
19562
75052
78480
61680
18855
12553
96562
95964
56576
24263
65684
37374
51261
73309
5323
94970
4404
32217
80577
5536
34490
93367
62586
46770
74470
76943
92769
67684
70116
87049
83028
66620
68691
30764
63114
98457
14556
72244
35965
76944
58095
59393
18935
72050
87835
43308
14173
43913
32522
50101
18034
18241
74327
57783
1482
6531
17709
70013
1388
35869
98589
40206
31362
72925
65403
87620
60608
13788
27478
43995
29583
47415
36786
91716
68053
19513
49796
58681
60387
78805
44617
47691
72827
68558
90467
24695
4891
92665
55506
70743
79850
75450
67242
25940
48478
67500
11382
78105
25672
59485
91658
33764
77309
83029
40669
71221
18529
29591
99659
87209
69522
60095
87269
928
62286
8108
63315
50138
60770
99351
63560
13024
71953
93025
50752
78335
67069
84236
99961
33583
22005
80288
94474
54065
24666
22605
75620
33656
12431
63920
61508
90431
4606
39406
53458
50584
63681
54845
60858
868
95763
81058
49061
1534
30868
60245
94098
20689
18194
4257
19190
72618
40923
12136
4493
83945
95836
55524
65051
94033
45908
28327
58500
60607
53850
77284
8580
31831
13127
70150
88333
35353
1698
85790
21947
66099
10919
2810
60533
75824
10226
28145
94434
68878
21358
75419
71172
22797
12917
21821
26390
42595
45218
99170
48574
52397
76219
7237
47023
87008
20180
3692
68095
33182
6658
57486
6719
52964
70558
70676
85148
56479
23985
67229
67024
97054
70914
70428
56518
79875
74073
48573
28201
68724
90287
58405
22215
3918
90708
38806
999
29209
25469
9521
31140
78230
90312
76438
2021
49492
12013
69671
23035
83298
35075
30380
97974
29439
53707
35087
54948
4814
87101
49927
96807
54598
31374
73554
61938
50629
74427
12570
83712
5412
77780
13595
9905
57541
41928
19803
15361
31305
50376
59863
35751
15614
66875
93375
89511
74037
83038
6776
12404
90322
76341
48960
5446
62205
87859
68174
31123
61302
49666
4886
50190
45029
19599
87116
93657
83151
31829
45665
61959
59205
52068
15337
37779
9814
72621
47421
66262
12388
44366
93595
82729
30356
63253
92107
43736
8351
36370
35325
91871
68710
50845
37390
90564
26242
57505
20362
81392
93145
40004
44363
71435
82189
35444
97887
83187
92398
29903
83079
88729
99056
90414
17020
50584
83159
36688
38253
71571
63822
33855
28963
84905
87800
78561
38117
10199
5726
26558
67735
50155
75654
81800
29725
76865
55652
40779
44958
63228
40491
31539
67812
28290
91644
33877
82239
9876
93567
96827
42281
20617
9743
62703
96452
22150
28592
68098
36320
42268
88188
37658
46137
86270
57626
43606
50396
9789
65680
29695
71498
24001
29871
41710
91638
92743
26125
95892
85288
88594
81809
70569
7620
76463
83494
43508
52516
90409
45618
75860
12674
77989
90113
37129
86322
50235
32890
44546
6476
95826
54067
37604
98631
96951
39520
75507
73697
75002
73639
99296
31515
63749
95343
69775
71617
14041
81815
39076
1864
20550
85859
82154
30351
31207
43312
31039
2984
35353
2153
93696
84368
70710
31186
37356
20154
51313
90978
82103
55178
39760
8014
56014
39900
42849
92607
37313
92613
91675
71718
87698
28402
64018
85798
13785
7021
4278
94575
72689
37950
61897
88779
75203
17069
17051
54993
25100
22885
39268
93271
67694
67604
66013
5701
28144
60592
97115
6149
32179
49716
51241
71158
49682
4199
53089
66975
77332
51357
37350
59584
14834
51031
81377
66501
57855
26182
52342
50708
97209
79437
64931
71717
36523
38436
43893
72785
34140
43705
30406
21315
91736
64401
76951
43180
46680
15980
86693
84435
68848
4006
26251
89288
57782
4121
16340
42777
3626
23968
70396
43806
85894
31319
96994
22415
57219
39326
43724
55350
65157
37692
99895
50687
29253
18464
92952
72396
81561
23939
98100
88132
55873
95881
72825
43371
47761
58343
42967
74221
47830
48062
3199
2868
34951
24325
85078
14138
27082
37093
37493
7736
73535
40861
54209
75004
41261
90022
19554
22233
52967
25521
31810
35353
37755
59981
87523
6989
83735
48100
76509
70373
61912
37989
50676
61146
99600
68860
90802
83209
51
54653
81862
46043
79006
45985
10744
45247
19397
89639
17319
60057
95704
98683
2306
1619
47473
27828
9983
81905
10972
84534
32219
62243
73379
78936
32751
13396
71989
19841
2443
59424
8851
51020
13329
43170
74071
7242
44785
69450
53825
47206
58973
75630
21471
84707
12968
93560
42456
12130
61728
55485
39413
68576
23716
8269
15532
36380
7428
27910
61611
30582
82548
3203
1758
78547
41420
25458
83580
83901
54271
91491
59380
62472
19990
38525
65296
85103
71305
7435
75267
39484
51449
58547
65140
84358
85900
66918
52583
7029
29414
48275
54212
75329
50081
20951
24487
42904
55913
43567
90787
37151
54615
7438
56819
93744
66183
46985
99615
10625
68120
75152
53287
89413
14303
52023
65711
85868
84360
39411
83623
80742
72875
59392
56438
49540
8103
42590
14819
38399
44670
94013
30175
72850
78092
71981
13266
59298
7140
97496
21344
82751
81929
21355
90840
46978
50950
37071
49529
80310
51212
79094
40225
49587
12966
28753
18964
51397
78937
11903
44229
87915
78333
35071
36068
86492
74354
9734
54116
91428
46657
65932
22952
18091
145
93537
70441
45367
35203
8445
62726
86472
7434
36341
28297
76929
89738
95626
49138
8359
62860
4443
88611
7265
71035
33210
36006
68543
29982
51196
97662
70487
70098
5642
1929
79723
65507
32149
12847
74887
72360
33223
31851
42630
26104
71988
28978
15540
59756
66318
31044
88717
22515
9208
27758
57796
93516
71186
52730
66721
70915
69812
15892
31714
24971
42646
23449
66178
70100
1163
37982
94518
75210
89134
538
36628
362
38997
14866
18447
99265
75586
18719
36189
92738
3289
92189
90713
74820
55851
34578
23108
71350
31120
30585
48263
3840
22356
70475
65459
78391
42280
71146
95401
5180
26361
98217
71030
35923
98078
3258
33398
80603
86827
7861
42330
79630
57570
22370
77764
76534
67497
25316
64430
76330
8406
21122
87018
56932
49639
94227
10244
61377
51215
50790
85124
85876
74475
53739
15856
48327
54354
28512
53582
45455
93002
75036
76583
5162
19064
89746
2823
4664
94447
64259
56481
12563
59498
51235
58864
23437
532
23174
69176
10693
83300
21830
3818
12581
5543
61172
47334
66490
91509
49528
4795
71473
5414
31847
17674
53611
7933
66657
3369
94045
9186
93123
26179
84006
53710
5583
76316
74253
41759
37782
4755
14775
95628
10400
95648
99554
42386
19448
39644
24642
45228
92694
5216
52085
43201
81194
60870
50948
89272
37922
60268
46744
44198
42232
62231
68247
27240
79867
69139
6138
23788
67321
65432
47692
16617
65894
97641
6945
72048
58763
93623
80688
74106
50093
76098
16847
27040
17433
77535
44169
45098
14154
980
8415
78527
5206
68960
64952
5051
13467
74617
34726
47103
39841
13485
1783
39553
71884
14730
9268
39012
59073
85753
51898
86211
42098
45188
36050
73575
48744
66905
11695
37465
35788
83782
2404
7696
78546
33348
32543
18507
10210
5937
51526
67419
52324
52501
36749
56120
87848
95782
39728
43636
37103
1287
11603
97708
69817
64587
96692
95930
63404
7319
44777
86248
11549
66470
65340
4223
40639
25094
87616
3965
18021
89567
96142
77893
10357
39700
1473
32144
10700
63138
41514
53026
76392
24133
70512
94296
17461
39578
44455
3069
16375
68863
88908
74523
14929
1367
56827
30670
91888
95434
45422
66292
94808
19112
79890
10145
89864
67054
25127
59823
67148
59489
49652
33491
7615
10872
53636
10251
75387
39190
33537
37939
61695
10996
76363
66742
31451
33054
56149
45186
54395
92628
24989
39700
67822
8976
71814
63219
31890
92647
97364
11896
9501
15560
27011
11787
50186
68706
25347
93929
80351
64899
91540
49057
3287
3226
65915
3550
63953
73342
98494
88510
14515
41607
58818
27970
30204
48154
52446
69598
61317
88003
50491
28912
58643
51483
47211
78061
55069
52136
79234
56279
94676
88483
90326
51819
93459
50901
59215
45878
6884
95323
14538
16296
24973
23945
67216
94817
47349
4779
13614
52679
40535
8614
30736
88314
66818
97085
98975
46526
5098
65455
25141
5816
49807
44253
35705
21364
47943
9449
73403
10147
9451
21019
11437
12898
17147
5629
8283
31765
82223
94310
44233
74130
10555
74772
87848
57562
94877
49650
53749
41475
69350
98425
41006
33904
47011
43251
75666
75170
94152
71034
55796
85447
91416
93503
53402
64945
72915
32455
70520
27106
81436
87792
76613
89059
50725
44785
55671
29076
9337
14111
89344
79389
33254
18732
21892
70147
40710
56297
78389
56375
1384
39661
58573
76424
33280
44526
71111
20153
55719
54987
75675
61421
47568
78092
87924
5534
11433
47553
14576
55564
42954
48008
25907
36147
95325
46666
77448
20790
42473
86308
99862
86712
42365
93156
17178
62729
84534
62953
52455
85789
84845
23021
60694
55128
88608
4447
25707
21094
12571
74824
48647
18119
42403
74416
50628
65031
8831
88473
93872
9932
9539
78632
64680
22057
91450
71972
92496
47695
28047
75063
27533
63330
70808
40433
49792
9898
69984
53228
90431
45376
35120
83755
31889
41864
46777
12219
71109
16191
6432
66395
75119
5641
53990
49592
89281
28525
99443
32849
33090
25469
15359
74714
4174
41005
6524
42363
40202
16548
76420
98776
76674
17968
42010
6316
41889
66388
69535
94478
61259
3133
86100
58326
1434
46994
69159
5881
54836
8361
41564
47535
48389
53719
39865
50902
77566
69695
41614
30895
29002
40460
27327
22343
51241
26842
59407
5488
6283
74414
93035
20493
81130
25381
96368
68749
32548
23306
76697
65806
84212
82849
40137
19203
38412
95745
62674
79664
10545
33215
41408
49426
51731
60901
36614
50971
26376
40257
21858
69115
56548
95386
52046
94075
72918
36285
84742
23747
44546
88885
90866
2204
86839
23129
76783
7439
83500
33568
63774
97003
20700
49103
12744
52006
94778
98547
89548
27323
2611
39242
10567
68786
65535
34588
78911
62813
20227
32391
59916
48254
62343
60792
5379
56390
93167
38037
66753
54584
88696
99479
60336
38060
68944
49333
69177
23952
57938
33403
98630
15785
37533
79897
39186
40023
59633
57048
54032
78134
41349
38920
33493
18305
42183
21301
44643
41073
87857
93496
33458
71587
24612
98698
81149
6359
24100
40595
22727
15668
52368
45504
29352
88585
4316
21682
14488
41967
47373
33459
85302
72715
18768
35044
44693
77295
82455
34194
4836
26880
67153
56232
65272
41554
72005
46717
44665
40111
61643
9901
69766
45975
65063
93190
33893
66432
25219
38361
62795
7551
89959
73584
92868
24095
62680
73375
62688
94542
874
2227
10331
87032
27683
1735
39815
17418
9998
99637
44119
12376
38457
29897
3434
49467
46155
48753
56594
69970
42021
25745
31297
71273
4596
70740
4591
68343
54128
71964
55563
71489
9173
69242
94555
11164
95803
46553
44977
17168
11796
33781
50732
93688
67169
38409
72
78917
77201
88006
49251
27650
99800
92095
87821
38419
7847
17409
26027
87350
47950
86049
4200
57516
17675
63469
92409
8113
6605
61188
85675
33318
49450
14529
5740
46640
52025
70546
52306
33466
27692
39112
38060
61717
96558
32743
79139
99167
79221
99229
70156
42401
33316
68656
31853
60563
55616
3695
93609
75962
72525
25546
69098
72658
87876
50910
50634
19430
89747
83272
25214
58204
10801
81563
2272
94126
64444
47117
4087
82259
11953
92811
43397
97724
35847
74477
78637
71130
55945
62981
89342
48476
83374
12176
77569
57398
57111
23055
46235
51230
15588
26863
57247
38736
27347
8196
88147
1650
84118
11061
12509
55441
49424
25584
93259
10442
99340
56382
93596
95557
84793
93361
98093
90555
32454
64890
68963
94968
11926
58936
9842
63931
63424
47211
4361
81595
25350
35462
67323
3492
47056
93442
68074
30879
12549
55823
28625
74031
88933
88837
86158
84440
24741
77273
50186
35482
4903
37868
64743
87195
36982
4093
94053
78306
5627
35007
92432
5983
47807
93093
30474
67273
67358
89689
4208
68287
43620
49292
85324
95472
57543
61959
44215
92343
31680
21729
16904
22141
26727
60969
32830
11906
73930
87811
32710
85718
90633
34704
47465
23266
61458
29317
9044
47524
90548
36094
11205
64791
24770
39595
27856
60497
50086
8136
49963
26982
96414
62859
2108
57673
25112
69303
88925
76627
24870
67821
12169
44252
91102
22370
68678
9542
93905
62763
48623
6074
53766
73748
30908
11690
96530
72561
34768
97941
5558
31980
23999
66185
98100
47805
74650
47394
67663
73464
96441
42801
61407
87807
9699
28504
69902
72248
59261
49617
47954
49914
59437
3310
42951
9601
86345
3356
67368
81505
51009
50433
96906
85431
34470
46084
60534
90490
48821
64619
11040
10384
50276
73055
13832
27902
24488
22029
3853
77752
87425
92294
75241
46422
54978
51205
48589
94439
64225
43856
6969
13823
5687
24056
50520
49964
70964
731
51222
8518
38306
5993
12159
53093
6388
50883
78486
4461
22956
63455
59886
63044
19590
7880
79913
87748
47620
53571
38570
47051
52502
60428
46841
23055
82341
48126
5394
96656
46973
25778
99658
81126
7221
70367
17984
50137
15324
37824
72540
93648
13154
18899
79911
94337
16576
40669
94182
78118
99653
77259
95028
80849
14462
61843
15610
43094
21920
30297
82734
18759
34389
55213
42022
73789
29249
72242
97751
72978
34256
35770
74254
55243
84415
22508
65258
50962
87459
16456
85813
17059
67801
8705
99101
89244
46795
36329
30707
13399
25436
17994
48062
27668
28464
98640
17789
81999
62107
95109
39320
78577
75685
6900
12545
31203
86774
77903
89965
98045
53604
75852
72073
48700
48438
25066
34394
53618
96211
79922
90133
19063
91212
42616
16472
1277
59267
42560
78307
58049
91735
13949
2422
12669
16397
11316
38249
93499
32252
80576
77154
49764
39541
78991
80086
83255
52749
1642
52831
77333
58153
80721
40758
32824
2757
19109
81198
15844
49953
92063
76205
77110
62888
24925
72519
42681
63230
38781
30232
32119
66725
13762
22494
99628
90380
54260
97297
43159
98965
48356
6368
54922
48513
29804
77513
84512
14747
10069
38165
95662
41662
13010
3246
66194
95811
91402
20605
16872
9899
72627
34148
28828
29061
81626
31701
79705
97820
83839
53869
26656
16288
2652
95825
20148
42992
10054
68163
5394
93409
30765
50209
95295
10510
12734
78202
72409
3772
64455
43502
36783
1575
66010
50497
67308
99087
21579
86875
32143
3641
35156
42367
67126
84131
64024
38
31129
40392
60707
29111
61587
2188
49488
39974
34202
54981
72165
26566
46928
47622
7129
48460
54002
39593
83030
6274
49197
81879
13657
26884
26001
28151
9015
87610
42558
66706
5081
3891
63259
24383
46855
57594
64261
25456
30723
4248
12996
57175
51084
81349
48122
9462
87524
65420
98484
44834
1259
75931
11907
82771
72810
56580
92036
77995
37419
53811
60635
97376
89669
77739
41087
136
97750
47615
19854
6688
73642
9802
321
30809
41016
59372
64187
85087
95755
19938
47547
79495
48317
20513
83152
65845
72831
22894
97132
75143
96182
83645
81393
92962
65632
17348
79881
64023
93461
47802
55186
20913
58824
76082
15829
26717
76779
56750
51159
93654
46098
2946
59113
5517
63376
39623
91994
5042
98495
97752
87629
52673
99931
27436
80901
19691
35693
20752
29660
29952
20326
68416
33523
30806
75841
39394
18372
59705
97579
38112
8659
44495
33822
48352
29283
57991
61897
28993
12805
18749
84043
66228
41482
2540
81086
2389
50618
52625
48273
27524
81758
88759
13134
97572
78263
11653
55290
53008
57585
40064
32154
59477
72914
33726
31923
74768
81453
51464
25290
79812
83987
29707
43402
35992
71081
22844
80163
23691
57908
21317
35600
25781
92305
75185
9489
48379
5793
21583
52759
21582
79745
46566
29694
3105
11032
32598
20532
20613
77866
82982
6392
20132
43274
41104
72286
33750
83948
69925
9359
53090
22104
48958
39052
54293
19194
51552
80211
17176
47734
79051
17115
67729
46072
51295
53178
96953
67146
5644
92710
57813
66496
90037
49175
48979
86829
56223
23787
26755
61400
91708
5444
50159
37256
95982
12620
8825
75964
48090
856
72688
33304
43
28971
2093
90842
20544
34833
44208
60747
85971
11148
15219
62929
85127
71435
57831
61280
14285
39510
45779
80624
98579
25127
90086
10442
27978
99122
58037
66461
69010
68453
70741
10125
9828
25354
9207
41003
34843
22953
72027
69599
84128
2890
98866
18529
59697
76185
32212
46856
17006
56066
98554
18234
31872
97020
69690
10274
88069
17250
12669
34527
89820
75708
85438
25145
30793
5244
84033
41006
32230
96485
55757
79307
15751
41446
54663
76438
3048
13443
6061
58984
75125
63348
70220
48184
39062
95943
61727
20274
30068
54081
73476
96359
5932
77602
14940
62238
93872
45223
71711
24680
25364
32616
13306
55825
66556
52449
27910
26419
37791
85198
47174
53572
27415
58288
30589
39407
28328
79500
8361
80448
35979
2995
32448
87897
1431
37468
71013
72642
27946
41261
37863
41373
70809
94968
58647
46263
8818
35650
97956
67675
86634
17119
93524
68992
77768
48505
93825
62275
78893
8624
79277
84655
28862
72475
48996
42040
71023
94380
92237
43816
89198
95218
9388
27249
14057
93016
90871
4513
18717
28683
93331
84979
23005
8024
20650
73633
92187
2388
70475
78423
98006
14037
36255
19012
4640
56669
99555
35626
96746
44632
59207
95732
82894
78427
31361
18279
70361
40108
60623
47057
99891
21760
83912
83710
3948
11519
96413
97322
59141
32708
84497
8593
35608
85056
76849
3265
41029
62367
36754
95153
10555
11810
80583
31947
27007
54443
25244
4612
30363
4728
21138
29837
87718
79558
726
70914
35916
13622
97632
4800
13594
57485
4645
14643
9160
14998
86426
24140
58115
46786
67270
57810
93430
63664
50306
36336
93812
15367
14127
61228
52485
7519
89364
91768
61707
64960
16435
78913
71887
7971
12199
81989
24397
30868
20733
8642
55321
21753
3883
71657
57932
42604
8433
42193
11311
50276
59307
22727
20354
73554
240
54563
45514
78855
26282
52023
38613
51763
6290
36832
59627
32424
57799
35391
23347
317
50603
96257
40863
24975
59258
67418
64757
13921
32712
54193
73082
74564
9206
62901
86205
54321
40305
23533
56190
13107
43655
88428
20825
41123
33286
97251
21267
7019
16915
18737
21504
99211
28452
78038
98542
63834
26907
79525
95345
81220
3519
6359
54316
65842
16984
69373
41849
23912
42343
87469
79701
46983
62688
22461
45611
48723
64741
63598
65787
80494
19264
72768
30695
355
52796
19587
44218
40575
83265
78509
44341
44570
33482
86888
30487
83828
34212
23843
35177
36698
9382
28456
56931
40231
66408
34414
38686
79335
47649
56325
67415
94519
78881
10510
86749
37608
3207
77741
13271
68163
31136
47191
50581
73926
52285
74789
57713
80429
61039
73003
41441
33995
55554
84226
47453
74743
54899
68801
1351
57636
97231
45227
95164
25673
93098
28257
14389
72063
14809
13880
61914
78313
61260
82501
98692
34157
11436
75765
77421
4544
58380
24730
91319
13057
32623
29919
87381
74267
74134
17116
34650
42638
44260
87845
2620
24999
10640
35005
59268
44588
37894
14184
44406
35508
29467
82045
12279
91635
490
47642
39615
99251
16496
9747
541
96733
65376
74178
6625
62647
67780
45538
82634
83912
97458
83063
76429
88151
30790
36516
28958
1842
22593
11488
96670
25866
89342
42755
35234
4603
81965
84890
97243
60233
76494
25434
97639
87781
64747
74929
98292
20656
18962
79863
10764
12375
28206
81732
90306
74044
22625
86908
33783
96085
37728
81381
66888
17389
89547
40505
6520
49833
39591
58103
35510
66469
75514
97939
6091
29501
46019
2190
29250
85128
80403
69984
19764
87326
74092
79794
83151
81146
55188
82280
36610
58458
83893
7195
70728
98851
44885
74661
21198
9154
8782
27029
57826
8653
90121
40899
39035
79944
61243
89758
21087
79396
43580
62528
31093
61698
11935
50179
32008
30773
33267
69036
2484
58628
87894
70182
87888
88175
68241
42634
83032
48873
56916
95994
37525
38916
56206
34349
97451
8811
53096
48388
6816
488
32735
65627
53156
72742
49661
40860
8865
86000
62355
28845
24512
43576
42357
72105
72597
68501
63698
95724
14409
73539
29486
39080
77154
18286
56286
47413
66449
77097
53759
18790
70551
74104
19667
11158
6549
30799
40473
46272
70671
10289
15432
76398
82299
91674
93991
68554
85292
77400
13228
75920
54070
68820
91344
69604
51773
34511
61292
84960
15007
21191
92658
86118
64826
80825
10537
5332
60859
35392
44806
93941
98596
16443
14468
35699
60281
96845
93377
85611
89192
25662
20788
64793
95794
75327
39470
79346
57946
84907
59884
41553
41001
54312
80054
50633
14652
33741
59128
93113
48747
23998
69306
20829
50390
35154
13757
96449
47662
53558
42453
45360
19005
67338
88350
84427
85971
98729
58012
71126
63086
47814
42259
13964
72517
54161
13951
10802
26257
29209
81041
12873
56984
60716
33447
64893
51288
55642
65255
12475
16493
2712
5432
42047
61695
66656
63804
6667
5515
63381
77550
12083
62379
33540
20532
4629
30789
35206
68513
33383
69997
96194
28938
81225
45720
12335
47778
48249
43294
56951
16565
389
48651
45656
15517
76122
45858
32548
18916
98044
65390
91560
94871
80303
1479
23913
36324
49073
31197
41770
2032
72426
49700
69674
19670
49852
61053
27819
87103
90005
74908
9453
43771
94755
69883
70041
12346
8135
59514
50042
19274
9506
68241
58917
64269
46604
23125
25913
72214
19811
80482
5633
28159
40672
97131
48183
20554
10758
24891
72483
73395
43412
16519
14176
15022
70778
3826
92863
26178
68616
72732
13862
89697
30753
99976
53520
63811
20750
30473
81208
3230
1391
28360
95504
77764
46221
52885
22571
89433
6219
87303
187
39184
82811
47057
18004
39905
39853
16740
98992
90920
20513
43387
73356
69757
42206
54759
431
49484
45403
58007
87882
46545
78394
66307
29115
22162
46997
19573
88908
22936
38096
3317
78328
15146
78414
86448
61038
49576
30880
27492
29582
24034
79512
44107
81520
50291
82523
89953
20676
88093
89077
57267
10771
54978
90791
95206
75301
85084
23323
7105
1788
91226
47256
6809
3678
34647
4529
79191
36304
11736
26199
79335
573
96898
52303
50336
88054
16374
26335
30827
72115
74251
21441
41106
24119
76006
6042
74758
87890
34263
84644
11884
9889
82835
57767
92486
99952
9642
72103
92922
16223
78245
99639
60577
71074
41246
32747
71598
1922
71291
97643
5208
8353
11656
53027
77350
40955
18096
73015
59991
62279
79992
6932
71755
15581
34104
78626
94961
77298
72598
39990
84461
53055
47457
60131
48677
39936
82536
50576
94825
50776
81429
60741
95197
54129
92937
57279
57349
89249
2676
76291
99404
40168
67761
9903
42288
16790
86940
1068
57677
4330
93553
36064
78948
820
30274
13792
8904
43164
54677
59746
81574
91644
73240
75728
16942
13224
45666
22424
77442
11278
86951
39585
56698
36984
94231
61145
28689
72911
29299
51529
84463
42073
12237
58954
18356
94851
29020
15216
47230
14105
25337
46628
81079
65650
80057
2608
86655
27434
44231
24052
15441
26119
90588
78613
43188
84764
35518
87349
4448
36619
14930
27614
46347
26949
25216
53143
55792
47150
67202
20889
66842
93532
22728
77851
99090
9662
59211
2698
63747
19002
18699
21845
54630
29806
11496
21316
4623
95831
98810
14344
23987
58800
84077
53229
38292
93650
40924
66573
70123
5050
86824
29918
97137
18857
87446
84331
46058
75493
95491
68481
12911
65884
47780
27968
13462
27816
41694
41041
57055
94766
51710
28694
67325
44897
77911
51324
56608
67172
40662
14318
24507
58380
11043
12420
93623
79587
74838
70488
73811
36841
85588
21849
76022
93173
48773
36088
44787
86970
76050
28160
56984
69284
58560
51747
80627
31554
53924
3087
60864
62045
89250
24767
12531
73446
56134
57933
24767
2863
67966
88582
28066
60399
29010
87958
15821
99241
51617
20163
89843
3302
84633
21813
2317
89406
12723
86194
81479
49270
13288
71912
7435
48836
17044
75524
50152
61070
96230
25951
64350
56176
55552
42008
54825
75388
34578
23005
67528
48987
35341
59267
99881
56658
96167
12789
89618
80128
39370
75080
61934
23587
45528
68557
63763
78779
71744
77216
18764
71430
38998
71198
38056
76394
22418
19123
4382
41842
15143
81137
43994
63439
34142
50429
98089
63008
46990
24771
63805
60493
81658
49673
54397
42156
83272
26337
98029
8390
88730
99864
90549
22964
57866
83596
22736
3395
21254
88731
23795
53814
45062
4470
34328
49419
54918
47508
90919
66326
70052
1315
42368
38057
69976
71545
44327
64117
59851
86697
49548
14922
47541
10673
19414
90778
67895
70287
54635
89052
22289
95284
81566
70253
78850
3185
90646
21776
62554
20782
52407
58998
53181
83770
1232
51513
60118
49052
98624
75234
76981
94823
54437
48266
67015
56269
46914
96414
7248
54218
70157
41659
27944
11969
62546
921
26927
54949
4519
14757
13134
93517
94382
74502
35500
31402
47712
54240
72777
31669
22588
21815
38811
71041
4844
69931
82786
56368
77552
55234
11370
12898
88297
31236
99965
95400
44100
69056
61730
47254
8032
73355
53014
46422
40478
12392
40421
83417
40645
9539
30885
9545
32559
37560
83472
10491
96148
14001
65340
72704
32561
12588
61944
84666
78452
64859
35205
81835
44390
27172
48206
39080
78997
80969
98534
53805
2397
15426
63133
59403
81267
12326
2046
25500
73486
34729
30056
91287
91378
51519
53127
93151
5786
66527
28558
47830
18945
70050
66452
3246
35566
51499
51848
98176
89017
83393
85361
51126
61854
46295
45607
87202
16669
6156
71528
94130
35820
4590
70264
9083
57242
58618
60824
40178
99936
64830
14081
34618
39046
99136
1213
73847
43534
73207
25827
39425
6657
83703
25517
32372
69237
34730
4215
87460
48600
24826
34807
80526
19228
45707
61011
72938
97247
40901
33475
90717
48565
39535
82052
1642
53588
8951
14486
32936
30876
37326
86355
75311
5089
33488
23341
51788
17142
55041
63106
52
87544
31187
22558
86102
91860
74468
96302
11240
62102
43332
77660
91427
83855
79285
84012
587
64738
61515
97714
41862
49995
31155
38221
65583
48748
93071
46308
66114
45078
59551
58428
48951
61200
11356
47091
30508
32903
6845
78172
67866
20723
14493
73143
52682
90113
75668
19788
89056
21762
49121
78084
19061
61167
25897
88548
79011
62455
91865
71143
32122
2695
26120
58999
20048
53781
20856
59208
55124
36106
26171
15953
14051
39337
60113
57768
15924
3071
89136
97720
59886
31593
91325
61314
96505
39069
69558
74253
38002
14134
70290
19371
48440
97023
8736
14442
91875
97819
64140
64883
4404
45647
22144
28386
95783
94157
16391
78371
3526
29502
72556
44197
41431
27402
72706
61118
46934
93255
42109
63259
91645
81884
56413
866
48895
59857
4074
1510
61044
47733
27931
34118
81614
5803
97617
19331
17035
37427
92448
475
76611
28976
47054
15015
1857
22555
68884
50285
68975
44419
47458
69411
6218
98174
27934
30497
58388
19281
88428
26817
6120
54968
17130
438
98792
90131
62962
9158
72978
46094
54595
29286
6193
46763
37369
35920
73456
37037
64248
36803
53737
47299
65800
8440
82236
14864
84986
18172
49339
9587
19657
17071
95266
26776
24412
23639
15556
46330
67400
74337
86336
45875
10546
9590
68626
45345
41265
48758
13670
27511
72402
72276
14952
2077
11957
31150
23543
92517
30293
84807
93367
96012
93157
29218
15974
84680
4278
41277
57670
18740
83317
38920
11961
14165
17201
53312
72619
19784
23866
83021
71689
38891
68453
70932
98703
48901
1260
17786
49311
96082
60146
47926
68270
94478
44612
64464
83160
39293
62555
14236
57172
21109
9310
43406
40770
56457
41221
9497
94208
9812
66168
69480
20668
61438
3894
97399
71172
30765
88721
65967
74425
14858
93558
53308
87266
18735
43242
4077
98269
84939
3184
97512
88592
37938
44456
49159
59326
16323
8561
67603
41397
64951
69295
44635
68483
23843
18856
94001
89737
6826
33992
3329
67368
19651
95876
74383
36376
22498
97243
63532
8760
57797
37625
88725
43103
74205
81301
1960
23249
89719
39514
81219
28653
53542
96579
13595
79395
57231
36960
78709
99267
35953
5013
13861
23664
62447
93409
74017
68660
40059
45947
37633
365
13856
35193
32662
49701
17324
88331
14756
69919
72856
7300
26973
62829
28566
5976
38363
90591
68118
88353
98969
62710
57877
7452
70703
20598
98818
62384
52296
21050
48942
20783
62081
85953
37680
21556
70849
67014
65714
56428
11439
28653
98043
98514
20341
22585
84537
67475
48079
59771
42027
2768
90768
84165
48361
52833
33585
1949
49073
59862
5750
6285
34799
89177
98720
32823
38280
16271
99976
73093
67715
71294
20638
19230
68499
78888
26399
51125
3909
58262
96684
89372
74307
26992
8045
31670
899
54344
67201
25769
368
98166
88928
58258
45651
32670
6416
66483
92157
2126
71584
23943
10771
35395
97829
17078
1270
46444
430
56900
80077
22758
4166
30884
19026
63302
40997
3403
51607
90261
77043
13247
49459
41141
71067
39885
95532
60802
1031
96505
55202
49876
51550
28272
39190
28449
32055
86682
48981
73599
21592
27628
13542
61351
79823
82169
61291
1493
8492
77257
99831
66124
82522
73185
15341
78518
46041
35202
75728
91913
82777
20750
7308
9382
90004
7332
71232
35675
80968
67181
64295
49255
54543
54159
48194
2237
98301
34047
73059
86338
33718
18291
48056
77233
52842
45813
96307
56702
2831
18452
82706
2424
89144
66133
49487
70599
30935
70983
26534
98228
4940
26195
59550
64552
40617
49426
17238
16429
88452
24344
79790
44049
30423
22383
94127
49768
71352
40447
80536
85777
98320
13064
86342
8433
29691
24114
78975
27452
85051
27900
54747
47762
96792
47601
9103
80357
96824
93592
94647
50457
42263
59466
25055
62405
72387
83167
91823
2358
73335
5057
48273
70226
10738
89250
63904
52281
95443
42858
73455
42376
40436
30248
74515
14104
63424
40361
48749
54787
97233
92519
38008
51302
52970
57881
78699
15426
73486
11528
27276
2621
46876
77121
11186
17765
42600
69734
8917
35893
53942
10335
33140
13744
20117
85199
13666
64233
33878
61185
65005
50565
62184
95137
75277
10905
56882
79367
28486
37933
16396
78382
81978
60514
9050
48130
96142
84463
36997
43288
22135
91783
82424
12344
13729
45847
77428
66325
57852
1803
52017
43773
48771
22544
9745
89547
26314
1012
71682
43482
11523
95594
75537
44596
29869
47465
26949
25737
96986
85396
63519
80731
61052
53685
19340
32406
4651
19874
23812
44669
85941
77825
13858
41887
73443
68712
86080
43561
39395
27613
54799
31893
67543
23100
74192
79616
86426
5143
30386
93208
21674
72407
64680
64404
36919
95649
57798
6463
78054
2036
74296
99564
62914
63791
5887
28077
21056
88399
56169
22078
95213
26646
40012
65468
44534
23239
15743
32628
8179
30958
69428
31926
7410
11997
21046
18215
21244
70768
69915
8758
84965
34450
60006
18310
19509
52313
4380
57162
63694
11532
87904
48912
7610
46597
63309
12404
77171
34097
1904
63509
93294
371
67392
44964
96549
63017
80635
65624
83455
3911
9566
35903
87614
16000
43872
91951
23972
18307
75691
34427
94819
49537
51257
98273
26400
70476
48743
23935
70435
91739
6840
55238
85406
49579
78409
56295
82391
54496
21484
8330
38036
14889
93219
9566
73506
13121
99611
32619
87714
62417
72163
64930
15857
29874
23399
43286
4210
91985
99885
66500
34010
91852
38283
53389
43927
64184
95171
62020
32094
14213
60253
63715
71888
13881
11999
26392
22024
44217
95787
19677
32259
42023
8853
9413
89069
90596
27136
54290
47172
16598
36820
30532
76587
99685
40061
90860
48429
59072
12195
59102
61228
62813
14114
6629
97509
43645
36294
10192
34530
79533
61380
18378
22812
22857
23319
37672
11082
56635
26230
1339
29642
78465
2255
88549
11
57069
45154
50376
40565
47909
51836
91546
36405
58667
88559
55477
55593
93975
2538
60426
86181
29121
70906
45558
79455
99963
97981
35693
72829
59770
52158
24723
11001
87893
82354
26090
16845
37733
37454
50597
63585
5741
98659
55834
47791
59220
71319
77110
57903
61069
43489
35659
6660
13560
94689
20421
54978
37377
63642
63098
36378
22085
87756
44287
49187
25461
29394
91127
38855
52532
16885
19046
90343
68379
12907
43940
56844
33083
1264
36014
12267
82914
80543
4374
15316
57366
85037
98842
57624
97279
69378
64338
65460
52290
2421
83939
32670
48487
97250
67281
3370
80956
20395
33937
65242
45010
35977
9116
48544
21317
8813
62303
40689
1338
30615
74159
85225
45024
29457
43706
22228
51385
29802
61017
93024
70930
5835
69538
74557
96942
98839
78074
35981
90913
62659
27656
52910
80184
38511
87492
77089
49462
33217
49550
10390
63608
56829
59323
98134
87130
37891
7689
95469
67347
75173
1748
87762
81179
6082
9282
94324
9838
58148
2425
87586
66568
69139
2544
47991
65487
15220
58818
63233
5105
93121
85887
41612
21762
48230
94172
73616
14567
64277
23147
83956
26449
9703
72998
26845
3105
20880
80165
78039
41066
31390
53871
38590
22549
41421
26573
93545
16957
36777
79353
19700
17146
84930
14933
13897
53243
28837
97305
90987
80908
13085
86212
32798
49016
23653
2067
18582
51623
56712
96944
6074
38536
77463
18210
61108
11755
35047
77794
27865
49349
62916
55789
79184
67894
50806
80949
12640
28327
46671
18035
5562
11084
27341
29751
54432
85706
64562
55648
78448
14418
59326
70823
14034
2635
95654
24053
50202
35886
35027
63028
21657
3563
18265
36611
50407
54025
92722
52868
76005
17098
22935
1135
17426
41932
81754
92425
65900
49228
27683
44976
56929
4358
32133
83341
35633
57047
43452
55436
60289
33219
41958
23687
10943
69042
89115
33790
73005
49558
68714
18083
14828
8616
48465
13586
40199
58064
55448
11198
11000
11938
56491
12103
20731
79173
93267
935
44205
55504
76335
79115
79776
16270
8660
32191
69374
41088
21310
41794
22487
84993
6258
2297
83818
36933
42226
77055
71372
70554
26139
89818
61943
11153
44159
53577
2162
84694
49594
70105
61689
76986
47539
64855
76265
23186
71057
53504
96394
75032
4471
35988
28473
73743
12318
59113
74801
84709
38829
25915
42518
40017
62167
8993
83869
18459
30642
10779
18235
67227
25743
71495
15305
75097
13435
85811
29041
69972
25809
70221
22808
42622
39097
88471
73831
44036
16865
5814
93975
13804
36215
54633
9432
26135
17728
30774
97119
69574
98840
46720
41578
9496
93734
19989
45361
70609
795
97444
84971
78071
22311
36299
35962
83382
42841
10479
45460
32579
65905
76069
63087
69694
10723
27181
18376
48880
93258
91806
55183
72660
17318
73148
73779
66546
75859
40070
26150
43462
26824
29228
81548
41152
66857
28926
73286
92772
19529
79520
11253
98161
93248
35162
70029
12863
4901
72043
30488
8897
66312
59965
31107
77194
65743
47763
88777
94381
78986
72735
7162
636
68501
85713
97128
98066
41162
78090
29774
38028
87488
11311
1533
82545
78276
63096
59717
95091
66354
73832
55004
19566
69360
94327
92526
74125
88647
36202
44097
60332
3999
88484
98211
63607
13622
96854
31826
28658
34941
43347
57736
27154
85072
47262
33026
91304
33391
51172
25323
24350
77565
17798
7945
30938
39956
21359
83268
85504
17443
96964
62126
97107
52070
33753
42164
48028
63040
75808
15615
57635
54488
88412
9415
7482
35501
37716
19061
38298
75574
31843
39796
43780
69467
14604
46899
83593
83242
61610
22521
21894
2519
31109
46534
22215
40659
97890
66177
91917
65543
11538
83555
93866
50957
99178
37279
31848
90795
58962
73261
75497
93037
87447
85842
31978
25983
92443
78446
70721
39524
72620
67169
78309
29941
18418
50490
17420
65401
99106
53246
81743
52989
32400
9042
65162
55473
85089
59205
21632
65823
91422
50396
22940
16105
12356
29979
68306
21373
38617
94509
79171
17015
78809
71569
65215
17427
87502
32865
4389
53486
23678
41311
57830
40793
73726
53247
2952
50296
40293
26603
48358
69693
97019
13431
47541
14011
68464
91266
84929
66794
41161
64997
4149
9527
64756
43195
27130
74789
56029
80685
84151
84932
33178
42681
48471
79596
98145
76350
89736
30454
37209
8391
77567
43607
75949
3153
58392
63226
43133
21403
49275
38713
27087
22889
30299
97560
22755
81269
96281
61886
86660
19571
72741
32400
10489
60191
89028
55948
70844
77541
91021
52383
47170
47084
14893
30660
22649
19520
54698
41689
2384
99642
71589
67487
6351
74798
888
19886
14696
9362
68447
80242
98629
8678
29588
72679
53729
87204
31378
9580
54867
15046
13563
38439
77124
10606
49013
31957
77506
20053
21007
61868
79245
33396
20897
38607
74062
87624
33265
90157
2696
9222
44690
91094
91270
5371
36807
49403
45428
22590
23878
50625
92170
40469
66327
17474
17059
50817
45851
63872
45068
13607
56842
29734
73687
62971
51605
6941
36655
31499
79018
71432
95942
46693
82677
18045
26955
30758
34755
38273
18679
69536
65314
42494
8486
25735
16933
92355
1603
43289
70468
3513
6107
58600
6463
6077
22324
33637
22147
39998
30903
51658
75685
61141
17224
84387
26476
63580
7734
57786
77675
85517
80302
82047
11148
70232
65578
89872
30696
72480
84231
46379
98578
96946
30772
83661
39379
32099
10502
57349
22384
55942
81352
62010
77769
33958
16496
84565
96891
71814
11405
31021
11012
10483
51100
29869
4678
21698
59322
20292
5157
49579
9300
28969
86570
26722
36538
98281
12746
55470
39698
10991
96833
74279
68840
334
97528
62417
55075
49710
96741
6991
4915
74384
34226
16070
92071
25568
62390
88816
95995
90134
7327
9594
43854
48329
61969
7546
12657
96945
51815
528
53660
51319
72856
79543
88379
56123
70358
26248
53221
20609
5616
80108
17197
34362
38104
97884
35121
39210
13150
48951
45200
4699
86298
51359
43737
78398
43465
88432
22110
29369
12271
44606
1607
88433
2939
79402
81635
76405
70216
86880
10233
26596
91455
3856
54749
92925
42042
44872
30559
89665
28068
49994
76669
29479
39516
39471
44888
61148
79512
5016
39236
18932
78853
51084
80312
25010
44621
59411
93382
11503
11250
14189
53349
78827
13494
99472
62185
46733
5821
69501
82740
25400
22442
6398
18982
10797
38054
69630
88944
68119
65536
18212
28391
98167
9390
59502
74867
35820
5457
50438
22663
36894
32183
62051
73611
32072
5561
97311
90933
27136
75941
31312
20726
47300
26358
49862
87696
30882
23807
62496
6725
37859
14311
52107
11115
3126
51597
1592
33052
31253
92941
21656
92266
534
72571
14390
10672
87664
50732
54738
45603
66312
90101
6358
87911
20983
98443
27446
84446
86361
29193
90153
70619
41781
70351
54654
88789
57764
3399
19645
85559
59232
9316
59164
16692
78987
42499
45434
40920
17784
91059
85979
24057
87865
14353
17313
35852
49383
24620
34211
81812
52136
52424
47437
21206
89440
13950
4787
88392
15318
96960
98227
34407
42081
38777
82758
70184
24432
86035
1411
94406
29011
55699
9297
15002
63689
38398
7590
35177
81990
58143
76928
48343
86913
42721
84799
60889
64120
70870
11518
80104
4160
40698
63628
70866
4620
61330
97387
71498
38713
7310
10917
95231
63573
11534
55173
93066
40554
40032
78009
57986
53546
11911
6914
22858
54936
53655
60885
58249
48785
82749
57554
50714
16181
88796
62078
41434
15190
73490
86527
50494
54620
86585
85907
47079
58098
81257
91821
85870
85808
71258
174
60986
59398
59368
65692
14449
56674
73743
67329
52106
29503
64918
51267
1696
66954
50440
23931
99939
54385
90365
87413
47817
93259
77175
35011
40322
56414
65704
46301
54921
86449
13553
25113
74710
74766
71333
36259
98928
61235
92461
22329
46176
74774
23044
92358
81089
29235
6434
55673
18387
98611
67158
42785
98286
12314
94253
47335
22516
45261
53775
8360
34047
79871
91272
3213
6042
77975
94116
3401
28396
78559
10804
74799
56270
8683
11917
60334
94750
89187
87567
52490
18508
9327
52995
83543
96434
32287
64382
25076
6816
60404
49187
13538
45173
78254
99492
81184
83306
70419
78024
54213
84424
33337
87272
40824
33626
58064
14676
16687
477
45135
25747
87715
14899
24537
82407
71564
78455
84428
1519
2974
43787
35782
37638
92640
57166
2611
77416
12197
16553
31320
69173
5896
11656
96950
91918
67049
69702
80923
49725
80830
12321
25258
63121
88248
93324
23269
80902
24372
86307
3957
80227
81977
80185
86583
19869
16821
23918
26818
45273
8463
45692
67320
13327
71880
95025
53833
66890
60948
11703
97791
81740
19726
91534
49706
54094
56029
49659
88520
8196
32673
66457
28623
13343
17049
32078
68059
85132
43637
92537
86031
84891
39699
22055
18889
24922
89817
66437
25863
76799
80750
28752
6224
44004
27636
78536
78945
59917
8197
98595
12372
50117
8810
99838
77134
63334
51890
12238
37446
17848
22229
96436
24013
2001
92262
81582
39550
2714
85998
75211
63876
47346
75882
68663
16482
46603
68611
27860
4643
97810
94118
44873
99583
64525
79008
31860
47398
58109
93336
4572
7980
10083
68649
18530
90385
32223
74170
29429
84748
74131
54491
33252
80851
12006
54366
18190
50218
63236
10992
69653
61381
21027
51219
36849
96988
39424
41145
35521
45578
56872
63487
41885
20482
90867
18563
68263
74895
45130
44324
18079
24485
73673
3509
60470
3177
63328
47901
51994
96826
22131
73710
88623
80891
35201
70399
35423
35839
94402
46185
90921
51311
36778
58810
14325
25274
79562
95386
48871
77146
8342
76920
89714
10879
62592
18383
21283
45338
12291
7674
85086
63624
39100
30001
80487
34425
92819
80128
65303
85500
23191
97954
79630
31977
78695
5215
15751
48970
70542
75903
54823
46055
84294
77098
57359
9740
51804
89885
75826
37273
35924
63275
83168
36519
7523
92110
60448
15762
95035
11176
96092
20071
12260
27547
64662
91243
42948
50912
88089
53349
43809
54984
75850
36521
17854
51917
86781
81410
66082
10100
91428
58812
65686
75842
89026
65323
46828
18808
63646
79643
86077
61804
25843
27189
20651
98629
32452
50314
74981
6195
16173
13695
55977
38600
96564
21365
44035
16215
49855
60212
9588
68232
36095
41236
96814
59989
26953
26856
38715
52964
30342
55431
87710
8992
7008
49880
1265
7510
56925
30745
19245
22890
24360
89228
6248
21460
4554
69535
64537
955
11384
1399
25527
44779
28486
94168
23967
28886
72281
47282
58356
49221
70490
32555
44513
54712
45927
17766
48794
46818
72739
19022
63009
35194
23630
27457
996
91071
10415
61339
15459
16588
54701
43069
37007
58484
71773
17818
63246
59066
31638
350
58748
33615
76576
19291
74635
18248
40939
64146
21803
62044
37916
85530
86500
23831
91266
13456
26048
85598
7079
90076
20198
49728
57058
68283
85793
91508
64137
20430
49567
63925
21027
83103
15445
67767
15836
75211
98656
14500
44978
28656
78886
75480
7532
30580
28507
25237
70218
36719
35807
76260
95799
31511
46085
33065
87451
47558
83087
20225
71117
39338
54997
66811
40166
49256
9988
45008
38032
84270
57571
74560
19614
82292
34256
48298
62197
21294
74665
80424
48200
31857
29959
68933
80353
48799
17285
63068
86939
50737
7262
7886
9197
36384
15156
35648
26401
56527
22765
58382
78978
65081
57944
39696
58867
54355
47534
81096
13021
6493
59315
30756
60257
7946
48891
1366
78859
36329
80489
43757
22343
21008
1043
82768
78669
58596
27521
31607
21240
33256
13620
16934
14197
74655
57124
30311
59191
96223
47426
32451
12295
85972
42876
33276
1880
51726
91295
39466
23929
77001
92278
78256
55139
34647
11856
98330
2066
60652
90496
21206
18353
62757
30142
19404
73742
49333
41035
2779
88140
99886
89617
10545
42551
76008
17257
92134
98291
15666
15894
34614
42061
58546
26575
48057
32787
92090
15291
11553
48351
74346
96148
2447
5934
21563
52749
88787
23504
20943
76624
15838
35704
84115
17728
51973
74866
63853
70429
60501
69812
8
98054
67469
41517
68697
3769
29372
97147
58254
34550
41400
29977
39858
83842
92504
55956
46079
67462
783
58623
37440
7831
52165
47965
53634
5649
18900
7419
89271
80925
71164
2464
85094
5106
67267
77532
49394
56279
46253
82622
68773
57479
30995
32866
67673
78349
96739
60615
26084
10062
5812
47039
75133
6086
453
88703
9583
4842
3537
40598
601
51373
57744
96411
24959
75614
66669
76959
15377
34030
73375
27617
69141
47696
55335
4800
62291
72505
73861
82955
57470
68743
43031
83252
73626
49854
54288
23588
82030
54765
49072
79528
86920
75728
4581
72456
56615
1006
17630
74840
77097
60834
79368
77608
19761
91671
7
44022
92948
27052
66067
49027
3585
60055
748
45059
44106
76966
28155
77582
79188
98272
63462
58676
66487
76362
85360
5453
37906
78438
40939
90285
48142
81622
38007
50253
36126
34504
9769
42479
551
5183
43541
84993
14272
34246
56719
16706
13151
2810
47650
11507
12966
47783
44830
38715
74848
97699
46572
2932
98730
87719
99810
91574
44238
85195
47569
28733
94091
58429
18555
88729
96497
71230
12451
10546
81224
97305
42525
63094
7952
55072
43396
81537
94690
50149
9322
5000
18134
88371
92618
91330
38238
50950
84569
63347
72080
16909
52539
470
61409
73114
64274
76678
2124
57796
65266
53225
47441
94650
17615
88953
63195
51587
11928
97713
56986
19734
64157
54961
3823
21651
93258
84430
20390
72605
73176
31129
20349
78069
54169
19498
83651
11668
52978
26889
17372
91716
89957
49048
90113
35516
69195
38176
52484
41462
25249
53911
913
19054
16442
37899
8015
5593
3410
27854
81158
68096
91106
71966
57755
74135
53199
20687
47959
59838
30653
67383
90022
6740
96513
44533
58715
24499
60533
30463
84208
33004
2820
231
49898
69056
70373
83306
50620
46968
42724
93685
18658
60801
7579
96276
64526
81319
18657
33816
61760
35309
76633
16291
39085
24327
74987
47091
44386
66100
5231
77929
51778
98267
45701
46838
54955
34240
63874
22945
77687
62243
49285
83799
83167
68502
5384
17999
88569
71833
57394
52569
21826
59700
88105
22530
37206
21136
49477
58566
42396
61266
33471
71603
16703
49109
89512
75382
81271
28003
52790
78341
12039
33584
5817
67112
33023
18131
29932
14597
36193
97921
18631
82022
35616
1576
30257
91848
28485
1765
93779
28067
85996
15746
44872
26801
24171
88239
68976
97949
83410
88828
64324
17130
42925
4529
61988
12701
80007
26891
95851
53319
19081
74611
19364
71859
69440
50523
95766
3593
41789
27352
63099
6172
24309
89495
36974
31094
51465
99070
33987
76414
10944
74816
96144
23875
94672
55291
78281
4008
18843
95346
7402
56396
54070
84770
6669
46325
79717
58468
62619
94616
37602
14846
1887
199
37021
8838
34806
38583
92669
96084
11843
5677
805
16482
68383
8933
72721
50435
33261
65279
13471
1469
16300
30598
2827
1124
51557
36254
87411
46644
26692
17546
99417
59435
85988
28951
76743
70625
14307
46632
39724
77542
70069
71774
85605
18710
23188
60708
3127
47931
85108
21909
63672
88415
46197
72202
95149
97867
18098
73252
70158
98049
50902
35378
44198
74803
39022
544
99127
7263
28729
2556
67066
89640
9052
10342
90564
88273
91635
23379
63908
82488
29250
20190
66824
71500
70921
18092
94047
11949
80438
20538
32154
44479
38164
55845
42796
45866
83073
51350
86065
94673
92413
45608
12618
27597
55262
3479
40742
26854
75488
83431
15516
10254
61210
99214
56245
20665
92077
54015
11750
43004
45909
16884
71611
61057
39170
49271
10384
26372
83744
93549
7576
55726
34834
7840
13313
13611
84285
95207
95247
65994
30912
79764
84804
42256
53794
71225
69249
13081
86756
70872
65606
37549
11573
38982
44213
2523
14788
77275
88597
85461
25744
23801
76786
2823
62972
70391
51426
29973
93502
96265
73507
18480
81494
26381
15391
92052
19356
72372
10033
44897
54610
45450
86786
11828
41304
75013
60620
79714
84223
35782
32288
50032
66485
73231
41698
14322
61247
27714
91922
92574
39173
56561
24870
22604
35110
87591
8018
61165
4653
69073
89450
94884
20571
18251
34302
24325
45508
55011
7012
79689
13334
41580
20692
59595
73043
18530
55596
29986
48832
72628
12372
48764
8693
8723
39324
66387
95509
53205
7169
4142
5368
87622
94190
49111
49508
77517
78175
72468
46779
23254
88993
7812
68589
86017
24150
69753
33357
85318
67892
96620
88993
74850
38349
50177
33364
64835
3433
55608
28678
13421
63215
82349
62275
64806
49219
77517
71248
93188
6153
53461
64545
47313
94760
8072
64008
30360
44297
98989
87273
28975
75358
1923
43241
29408
7872
62498
27524
630
81041
81936
56637
17344
22593
48316
26128
5413
62443
85978
30116
38821
48639
16604
20252
74792
16219
54409
20908
50053
75218
27868
31817
89489
42863
91228
75609
96642
57682
86675
31722
25566
86360
31086
89662
84037
44442
16944
71492
77112
40620
87571
46722
63428
92582
47036
92334
92143
7615
87577
40764
40766
92788
37754
7954
25664
4617
70570
18103
81275
54918
33416
13065
7665
67363
42022
69582
9774
28926
85501
79299
77617
42217
2155
55216
18581
66401
24619
11868
76442
31032
55727
21693
71445
42964
69243
1831
39697
65745
59937
2630
3072
30497
58197
7975
82338
81556
22541
33264
13360
4723
89527
53872
93958
32325
22327
50897
843
62933
45051
38826
54910
94123
51452
4401
15518
92854
5651
91022
30166
715
2038
21386
88324
30855
98606
85638
68805
14768
50486
56360
94014
77242
7538
4913
61065
58182
58634
13290
35002
29637
52609
95356
22797
40122
1622
30942
12751
33565
90678
3369
69989
70331
84764
55624
20220
67611
59623
2923
19566
92316
64054
31707
45550
37914
19874
98536
48944
44975
216
41469
54392
69782
51474
99797
16189
28202
70032
63751
76538
27597
73016
57309
61841
19237
37416
78147
10044
16417
46516
16474
75570
16826
37728
95276
79345
1492
79867
91514
34702
43076
54710
81200
71063
7115
41248
70298
96001
17056
14719
19377
99155
38827
15949
63854
34894
55502
73325
11615
61847
53982
63912
51671
39971
63855
12713
37727
7390
49711
42929
83626
64791
48392
23703
93255
28588
77865
20384
96463
52301
89758
56214
60606
15024
27163
52137
59103
20913
47192
6239
60576
21475
22262
15321
8645
73943
24288
98531
28920
64935
8621
55127
85918
5888
21313
70032
88388
10122
20819
26374
84376
38070
81865
35050
5173
67587
91200
37983
98422
2476
33736
47699
79179
39185
81772
14105
65417
43777
33455
78181
29916
44161
63090
66979
23416
2331
97010
20628
63245
63686
78382
94789
14937
54094
32550
78318
7319
65024
24607
84005
17621
26101
86979
43580
65443
82040
43013
64093
96071
22741
16226
49856
14158
52991
86755
57671
90237
53022
77983
97687
53861
29876
95709
6035
61109
81547
73559
8310
8777
70397
56987
52077
50145
52894
3371
7983
42156
25290
52420
2586
69699
78823
18811
25066
96274
62902
96547
17208
785
15004
67020
67150
61169
23271
77989
3
69425
32991
24866
58327
44368
18987
86457
63276
49629
57757
80454
63583
76907
11771
25614
11106
864
19115
5600
26839
53709
52954
2551
22635
64407
6377
49693
29964
6675
98036
16874
94792
14865
65536
75306
12324
98767
99009
35068
72598
66575
31525
89878
13920
76163
23009
98694
72202
77060
47126
93651
46202
19489
75519
31491
86642
86965
72377
49974
18086
92849
99919
54927
7928
19993
14305
40978
57394
54379
45041
61353
68735
79449
68139
85664
85671
248
85614
96017
28582
57809
33338
1274
98759
37012
18232
51210
87682
30445
65248
69979
64079
81103
38923
21112
30693
51244
71703
90400
36180
88487
94832
42883
91675
49088
20161
25353
72039
17774
71159
14130
37353
65228
62221
1560
88595
18666
18457
79472
3279
83140
54579
944
24507
87055
93661
87946
21317
92047
1460
27286
50494
45159
24242
68783
60894
7400
68252
75444
97077
33802
65935
5838
92009
62584
92482
6352
23217
82821
43160
62938
41197
51389
69668
1977
97055
29879
72857
79561
36810
25798
16718
94810
97573
56431
14730
53200
86780
22196
99249
31620
77348
88271
36075
49608
59641
26203
62957
38824
52182
78315
21287
7756
73807
65662
19529
53818
4014
29738
8530
56152
47177
1333
43831
19247
4700
54595
95213
5899
39817
12682
45363
5023
6408
11809
40542
31685
65772
38071
89730
3779
22165
52704
57914
94793
55851
75497
95861
7415
73277
26605
6333
63804
6518
18944
64677
73209
49304
84712
85646
91107
72184
22828
79158
41543
73110
53701
77854
33673
61720
69905
14550
77381
57602
95430
82663
99318
76211
53123
88252
62228
159
2
91086
58808
6501
84426
44683
31099
10124
24577
82274
78077
66303
47295
40718
70690
80706
99933
62429
63639
92399
40749
26235
47442
41426
19107
65408
77078
44029
40656
49650
4757
4841
71759
13240
68433
37674
18264
75837
9563
3853
53971
26365
28957
64720
29703
35056
7603
52606
59632
83727
61875
26534
47790
96903
22189
35832
68538
98969
36590
76123
7860
86636
58559
27245
13463
17840
89706
31256
47310
68944
49212
67309
82304
14611
96614
77889
31687
78062
17342
22592
47231
29610
80994
5554
19769
78605
22300
70440
37039
14504
97953
84163
45938
87388
63668
9986
2335
68746
6408
92421
37136
44502
66882
79811
58254
43959
6940
75172
92548
30942
97734
60732
47504
74240
75272
20293
63730
96545
8706
5079
21191
14815
19636
97735
95791
39864
16569
22521
32746
8313
98798
99587
54049
58373
79985
43648
56033
14462
69348
2798
88610
14002
89905
51045
74438
66693
47976
42868
46941
84471
93667
43609
88549
58610
26250
1628
26767
36723
21330
24328
90620
35858
86017
58728
4263
73231
3277
21115
90811
31963
71746
1395
86949
12704
78434
2991
47557
96686
73350
66226
57694
53124
3971
2240
80013
93495
24424
12790
47990
88705
70468
32803
85369
5225
75684
41926
836
33994
17722
68005
79970
5283
21945
99527
64241
75643
82717
18479
31281
46543
96711
17109
1272
15322
60102
99971
77987
72608
1426
35017
88423
22870
18737
66653
28358
92081
99004
99186
7773
52553
42588
67060
66201
23114
53422
43294
3625
6680
3366
72568
55247
71228
36239
93040
7505
44111
76720
34323
7308
74721
46475
36968
9512
42119
86655
73898
99718
94783
85773
34369
62837
67553
83415
79899
19140
43651
63044
98155
54803
1833
47233
638
79426
46376
33953
89079
40779
22134
26277
11910
34667
69615
83735
26153
37499
65798
91536
6431
65469
25094
73946
56261
59282
9700
81327
78767
82504
47588
96800
88708
92273
72772
87346
17494
96814
44392
77570
50493
87050
5827
91241
84432
20932
5150
17307
27999
10085
35369
6378
59055
30159
95996
44647
28371
42774
25768
36328
98659
16104
69246
32901
45276
34919
73563
36061
6452
40664
94896
14933
95064
61556
82730
97696
84771
68188
74210
18715
11837
8169
31970
48143
38735
56161
33938
4313
75614
96166
79199
52070
52908
85256
60264
80184
51974
78203
59300
53126
93194
33059
42419
75807
65082
93515
9023
19310
55958
3318
3342
57210
21977
22061
59047
75653
83858
36726
71839
46996
71484
43237
18207
20013
81724
57645
60340
57532
21720
58767
80690
50609
56911
3443
86566
39075
96152
46005
89238
62680
27386
60086
17495
10940
88389
51827
22412
18766
60876
86643
82869
10971
18592
38393
28027
23170
88106
85945
22550
21302
68932
62472
81594
98146
71476
48493
33884
19878
99334
14707
72676
24928
69445
77632
48465
82566
58838
89280
6179
64336
96498
33818
27689
15507
9694
8036
97831
48423
33736
28723
9252
73769
12959
64842
59566
43293
22287
63827
3274
85804
12920
45484
71868
12555
60811
30169
66607
32220
28864
70584
98977
42637
19959
79409
93422
61119
78313
14379
51672
67489
91434
20604
40656
54170
77309
31289
2307
48550
83955
13291
57572
45848
63778
79875
65042
85373
15903
25924
21670
65857
42264
59550
61307
86923
73551
28059
97018
38915
17270
67154
34336
10100
57604
4633
19663
25229
85010
67992
66990
74305
91893
57497
37725
50190
216
3067
24410
96283
96085
35397
10665
86234
38479
50615
48836
91565
16879
15613
9278
90853
33978
43293
55573
22181
86635
8239
70996
44165
86258
65260
68194
466
89224
32511
92331
44499
18062
52505
90088
17767
77250
23457
34733
3050
56028
20744
89423
12502
99371
59769
81649
60838
59175
54511
74762
14358
5427
65026
91188
78246
29361
89657
61555
88350
2177
58883
73279
53291
23672
79905
39024
84358
52089
76154
33990
7606
64594
84658
17971
31692
61110
26453
10021
80397
57842
37326
60307
66541
11502
16660
82050
72117
82211
5091
83189
34087
25395
80680
12304
3353
75689
73910
32263
23709
56046
98679
13256
66369
34917
27932
48641
29266
16388
31701
62927
26939
9903
94748
56772
86348
4082
58699
7572
76022
13403
40782
3068
13234
66546
53107
98224
37857
43607
1566
40864
32558
9718
57081
92934
52016
92072
32713
68430
88876
16521
93851
52418
69431
11346
40285
75793
89016
84275
31914
87132
58508
72943
20893
17821
13124
2739
43783
64020
7016
30612
28667
1103
75903
54116
93030
1716
26086
86417
95772
39183
27102
29978
41389
32851
33827
75951
11863
11087
69526
82564
43093
28494
30972
34481
10229
22890
94783
10697
29768
94735
51314
31477
58930
95496
67538
67789
82337
79976
88040
13330
2714
51766
19564
48939
14
76950
57795
10266
55340
46416
6888
26489
64049
29824
73033
2551
68762
75065
55176
96169
79322
28854
39266
18254
99206
83231
37325
25860
95438
37556
97946
54401
32871
55993
54873
49647
53603
63422
65212
38246
92417
67530
31732
19271
25505
21476
86104
79443
24112
67069
37252
93318
43873
78621
68829
95604
30941
3592
45234
8222
58257
9677
94495
98224
51174
75403
50699
60954
51694
72672
28050
97257
60026
85296
7805
38497
74729
93166
82380
19098
85562
92522
7605
30644
16482
60183
88742
51225
54841
63384
4135
16941
60303
14406
6779
33588
28828
81440
79429
3008
23573
46896
33576
1973
34107
81046
58534
47644
42509
11859
49194
18624
8733
41204
63713
17832
18752
28217
99874
24977
92735
48289
10991
10120
81387
8244
26803
54977
89326
19789
41483
50487
22524
41921
88002
14240
90279
10288
78581
62251
75762
41383
68917
82361
20029
15504
43370
99126
23424
53079
60148
40402
97235
99993
70445
92128
16522
47051
73867
24107
44894
45156
64577
51504
9381
6952
25445
11644
67140
63218
1132
94338
93947
3710
95986
74521
73502
28112
80054
11280
83396
548
69473
87631
31161
33587
97895
5836
15662
90366
39814
60134
43824
59163
99692
52833
854
74297
2389
14878
31860
85489
88561
33238
47596
5483
87588
24244
85732
90090
44135
38860
16562
23285
23661
19644
9492
38979
76576
48509
78237
78370
56969
36837
42826
73028
8398
46205
38898
62535
50293
10042
97467
1056
76935
8443
80522
91747
95248
57597
33938
25457
11779
26942
48014
85694
1178
32620
76489
22589
63323
4169
38618
39659
46935
8478
86478
89717
50668
73753
92158
36839
93578
98916
62559
17299
9298
1443
96023
83161
24537
78218
17645
96281
5229
91161
4282
86034
66063
43285
76156
63862
48350
1507
28394
84236
61268
73444
17377
76289
78506
69000
13052
99085
27639
78768
49858
28446
42933
76068
61370
54883
4740
9485
1817
86998
26184
32337
85084
79238
21902
32105
27057
99488
96396
70016
76751
61914
50182
86698
36775
8541
95468
24286
25042
4300
96833
97298
50857
86805
90678
90514
79796
15282
63125
34396
34234
15580
76922
68571
85207
42254
14683
52669
23180
51377
7305
23571
54960
5929
23118
8133
50627
5851
91190
28336
81891
39609
28715
88062
36600
37708
72696
91392
2667
77277
21743
15209
33652
52992
76390
2730
28495
29405
70363
6917
22800
35164
94457
7633
77198
91020
73843
48778
49787
99953
56269
28369
77236
60328
21082
64679
58195
71319
20543
27842
9154
45846
35318
43497
33962
71380
11215
58354
84681
50152
81298
15478
79746
79765
64384
39309
25358
80504
60919
56683
69937
83217
90387
11414
38728
57740
19857
30115
11582
25579
53327
94828
42429
50
35312
19025
29953
49614
16283
18248
47368
69571
60099
59522
28070
40048
79650
31163
17621
82145
3646
45949
93226
5329
90797
32178
90723
67674
62357
8260
44860
67643
9932
12852
13376
54756
11294
44563
99197
89313
26701
29599
45808
35009
44243
15837
27360
58914
90210
71408
80871
80442
685
1908
58570
14884
32160
3514
3433
57926
80585
76128
44338
46587
36986
36843
28112
513
85926
96708
40001
42945
86377
64620
52422
54391
80677
26941
79699
69661
33574
22431
19718
26776
45895
78500
62708
67614
79566
53569
23199
43907
88146
85641
46788
39071
96413
87015
48432
10557
92652
30871
52787
79458
15411
62178
89517
53528
66845
19125
19844
31415
17906
43005
20184
87727
19697
4513
90061
95892
40092
80123
43944
12070
56115
51444
99605
68155
14265
74299
27013
20300
45107
45922
21173
49401
52335
74006
78921
17785
641
70009
95287
4835
39336
10589
84576
4082
57519
254
47802
61208
367
84189
5032
8034
27249
77365
25163
80484
67378
78556
91889
77729
11136
50296
69196
87576
33153
12027
63774
61806
21362
89436
39664
60885
85997
34611
68322
22486
79300
68497
80668
67936
82537
4570
66787
32492
15376
18080
87784
80268
40236
8797
54746
66288
29462
83980
1884
29653
83597
82021
18513
1835
94199
35411
14035
64481
7077
88084
80707
5071
63380
95853
56410
43711
22736
62502
30654
81688
12307
93897
32209
56233
23435
14291
88611
78543
29082
13044
89256
68195
78999
49225
31013
21507
16529
76083
94339
56603
52244
77363
52965
60784
61316
28421
81910
97449
67942
76438
80412
83098
28991
91684
19018
77934
98707
59440
58289
17040
7663
45442
31797
6294
17379
10394
42110
40235
20583
3118
10373
60343
25150
48485
21231
7534
28152
76110
57238
43986
24273
1374
8290
24741
76887
53508
53558
57999
61769
36971
22087
42184
47258
1132
5832
30498
62037
30508
22688
42358
12379
7481
63645
54602
76487
49885
29666
54140
40787
5693
74844
73646
80275
54672
92946
61454
69119
98591
60890
78080
21039
57462
4521
98250
39967
5348
70242
68764
44529
84052
24496
59834
74321
90248
45807
53479
76532
60623
26436
60271
15450
80772
9516
4785
43282
2915
44114
63848
58076
83911
17755
33557
28522
28133
3835
39243
30784
34303
71338
16758
22683
62822
35825
46504
55022
3119
70558
18722
59943
80656
67288
21851
15152
88600
2540
30320
1713
15112
68293
49896
96562
67314
1626
9251
41278
28108
88738
45471
41476
69585
94595
30950
15351
53717
76327
40503
39125
56674
73423
97999
