66448
36029
52560
16085
81987
8516
54372
15690
49506
10197
19699
2751
11820
42974
39520
92899
51089
42879
48203
22462
49305
88293
21323
93053
84356
96865
64283
32478
22124
78277
47947
28916
6438
23450
47895
36727
75432
94913
1620
37452
71748
16612
29895
47565
74259
86200
90448
98676
10701
31538
38403
92905
60788
79011
40855
65637
51856
657
26903
5571
2453
30611
96887
67618
69313
60520
76160
63577
52161
22741
74636
1752
94259
78329
65742
27414
19046
90735
46216
6973
3902
8704
60544
80846
91188
91362
27724
53777
35866
18768
68458
11550
77692
99079
94540
7553
82338
17371
80081
56974
48914
40372
96527
34753
80594
22248
34860
93488
95723
32246
15436
68399
96105
89116
25541
94112
26687
52406
14062
44853
47783
85620
98326
37475
31271
91670
1553
64325
91087
81319
89484
83050
19839
74803
65506
77436
14662
5189
24423
66478
87301
87874
32961
93153
97937
56860
22647
69395
824
8468
40546
90628
77883
56303
92768
40870
74297
43571
66631
95681
58988
12415
43158
61633
61964
79013
9223
34909
57746
65476
87905
31908
67608
16326
65386
68965
68635
61074
8890
50363
77954
78831
39851
52787
10073
74391
52524
74908
82070
14259
11604
17226
6236
9433
19699
46183
73854
38462
38468
13687
41979
2489
3327
97606
88903
81942
29356
62544
51083
65972
11122
50476
69731
8668
75917
60182
76709
2142
925
22744
22977
24617
71259
36052
47492
66471
42439
1488
52791
31379
85436
23359
85476
51160
50469
38792
88
67687
35562
48213
20580
89428
93186
49883
33982
79374
89644
50432
73284
36697
86361
77806
81344
79690
93312
15186
50695
41886
93365
27857
59740
80887
96084
69993
94866
66196
23095
19775
62478
64812
32967
34506
18090
95879
80976
95258
41206
48953
16749
6886
80474
3132
63618
37010
19830
96873
27752
41497
31146
32306
39490
64829
6481
60927
88815
13928
89480
35843
45689
21501
10637
36986
9546
34304
9795
12386
7326
66431
1457
96978
77459
79932
11466
35387
73916
87096
23207
36090
76310
57117
28336
9911
95250
45160
26875
92126
63473
15537
60107
5367
90606
78424
12665
57316
60532
2126
65712
64407
14800
11357
46258
52429
22018
54613
1240
17706
91245
71188
45207
37298
13070
79857
40062
32097
82889
75494
4892
11593
84222
49143
71422
64678
83387
53923
91894
23615
64139
78470
17463
85691
74540
82472
56445
44348
84510
68006
4778
12061
88
15771
38634
7140
50740
99722
35512
79812
65354
50955
66649
14419
56123
53968
60614
9186
59428
43282
97096
79262
39250
35901
31324
45985
32180
57748
39382
66198
70476
72899
84385
97032
53920
54239
70308
31173
27117
892
11169
35572
22459
47371
32983
67216
26539
18637
14279
66688
39628
47929
85043
75829
28814
17734
95010
89343
4430
46774
21281
79372
40271
34879
77027
43614
66986
43574
86569
86184
2620
92506
58397
57445
85086
80123
68728
46197
18610
20965
94340
32084
77529
42637
84283
94137
16161
91030
54350
55656
82588
14240
90786
97716
58924
26671
97940
84245
54138
28531
98205
43489
63557
13977
55601
25418
79960
24269
72418
79989
244
99402
38465
33522
72589
64928
22212
41661
30545
77729
29091
76303
23202
21160
72125
45793
56197
4934
89655
53343
2067
31658
30404
5029
85517
67341
41249
32793
81516
17655
50103
15108
3414
16241
27747
20846
73197
99336
82418
20949
73025
51034
78598
24106
27430
36321
49526
98152
89632
33369
27441
53777
39547
41776
94019
97735
599
5897
93232
900
57984
25292
45949
71703
15451
99662
63470
56540
11229
96440
58026
94518
11446
58998
46682
86443
91178
12639
72145
55868
97664
90172
51910
60256
6356
26391
70908
35292
95847
33538
40034
40737
39030
21312
20470
38306
16872
10228
9253
25200
60928
39588
55438
18867
63059
11465
74564
23495
76659
84694
26610
89618
75850
54499
7096
68766
52035
60821
69652
54519
11745
27659
43644
1442
83283
28423
38376
71319
42143
73656
42285
47389
45691
80992
72067
76865
82716
14342
56488
18835
72965
96571
22781
89213
8577
9985
56654
46464
20747
81244
64527
99020
55562
40057
16162
65692
61755
96950
69462
20940
5222
17901
4521
46617
1875
21728
44589
26419
16693
65346
83593
98785
94404
71008
65366
24945
54697
94571
72810
45850
45842
54466
53906
15824
16645
19520
38967
68419
92081
4895
82755
23445
62496
92872
62973
33270
90505
63001
22129
49406
451
62481
61259
7654
15027
39675
4161
931
76070
16436
17904
33856
48762
37018
65439
62806
78326
79700
50176
60555
92443
63000
39253
58277
9682
96349
35375
94505
67908
52254
8081
18773
69192
94118
65651
20918
61047
29214
51906
54854
50844
18129
67877
38053
80360
67321
2683
96403
66370
39624
20192
77864
15227
28244
88591
51376
46942
66175
41280
52039
35046
49602
41330
43884
12363
38038
57380
32517
55796
14079
51838
13231
80592
72214
28333
75071
82912
34609
18379
21050
92140
76785
8124
91278
2262
34919
4564
43307
45259
60419
38679
91298
62133
72763
825
56056
91885
62197
50724
25382
4334
86770
25431
80497
31237
23222
88779
90465
96421
9848
61873
84320
1496
65442
59127
93136
19791
19685
20810
23753
15610
20157
14966
72943
63027
11356
98600
86796
38932
14326
56308
3503
79657
80393
71730
96192
51488
99494
40515
37406
67389
37056
56978
1080
49226
65872
64374
99524
82316
80547
54388
59743
12112
5761
81665
3170
6532
36058
41445
84349
77955
82446
12058
56274
68680
59577
63220
11505
43300
16602
14459
97644
83626
23103
17491
72406
81095
29647
63837
72157
37935
62515
598
43072
54322
46626
76349
846
95726
64551
86674
10366
47486
27857
91386
82501
1584
76279
42335
52151
91605
1606
82612
72093
82609
67784
42198
86351
6834
72211
93454
70830
9853
79083
44628
64160
83491
82644
46285
72489
53363
16665
97365
5699
82794
19858
26679
48570
39045
15958
83704
78599
95127
61725
44884
1126
65750
61551
51329
9686
64399
12431
91472
12844
66682
40254
46322
54164
70696
37357
43062
53254
20600
62787
58992
85377
26122
61190
32054
89926
12011
23114
4196
21940
41999
70067
97791
19899
51612
88937
49654
63391
77058
79447
51045
57323
81609
52864
7188
88111
93508
60831
49884
53880
49217
61464
44585
55531
674
15201
55866
28478
68421
64359
56933
47922
35519
14014
55800
90544
40712
15976
65627
23711
81616
70145
62833
18528
4016
76517
47006
72646
15482
42591
32418
40949
39858
72047
8578
90326
12182
91030
32488
51540
5177
90977
54881
94742
64717
62544
1732
56825
80894
34274
82579
37769
67708
4735
40345
85821
19953
865
42548
11148
81361
94272
7852
6735
88238
9337
12833
49077
63275
12282
31139
88477
92585
89964
14874
59123
25053
76093
26278
73770
44290
21770
80545
15698
73771
53094
98785
85206
57777
96745
77786
37110
98730
31255
39391
54140
44667
69515
30409
18780
28132
61952
69392
16173
80281
63485
78390
54270
49330
53595
78339
8823
8632
11092
86507
4621
57599
57321
34892
71425
49939
54063
21620
6646
88235
11448
28831
56750
67067
50906
67037
15072
25477
41662
92914
13143
15759
67879
36407
32458
25232
23932
88127
3507
13667
72724
84308
22799
56286
25053
11231
90545
23581
44489
742
12099
69303
22102
36463
66682
52722
11416
7523
90356
33619
10917
83406
7889
28013
77309
49251
97739
70235
70804
99197
37428
5577
23998
18527
57387
42763
86294
21341
87578
12689
52650
52852
20174
10643
89190
50004
12020
12582
55419
47134
67661
54769
38796
1960
10478
52729
43445
84989
97750
44087
54841
60673
89260
74732
20198
5202
38709
49707
88295
30411
90255
948
1318
36642
63885
54625
36700
60721
13104
7929
55414
49810
16254
35875
66469
75075
52833
59060
12483
54696
7519
35017
85469
75568
63601
63216
69601
54736
81922
90049
1125
11276
84998
618
92273
58612
59028
20903
66603
92363
33698
13265
5021
73122
32859
42509
69573
52579
81440
3493
85369
82634
76024
50804
55444
58349
33045
49339
30626
68957
1413
83217
14116
21349
83505
47639
10336
7598
90806
264
23336
69989
20189
10736
4869
87348
35705
1844
13184
88077
7805
14223
22796
38694
28279
67229
76084
68733
62477
36495
18461
50365
92594
6911
75703
44057
36261
63582
8485
86005
45127
62313
95302
5124
10263
21466
98048
26699
44043
35163
6633
9541
93101
37205
24209
24000
50288
95846
40559
50948
15885
33489
91910
81748
88318
70960
24147
69325
49239
86660
88854
17931
38972
67853
17243
57291
58530
90453
22116
1963
56038
24870
16340
96078
43396
32860
2523
539
29526
45621
75321
2053
94441
41093
84305
72710
82685
69542
43404
40452
65753
34989
83046
4949
62728
96984
76921
28223
86356
8355
57828
14488
93885
20090
96727
28492
20822
61480
30974
8541
7229
51053
46631
11141
57109
46415
45458
60215
62178
20904
79061
70851
69760
86077
93737
38648
74431
65550
55380
81507
46751
97545
30899
44150
14597
45945
62788
11428
65335
57660
73102
95177
8218
12403
26285
78535
58053
21618
47806
54027
2305
1783
61187
96365
17823
45175
86547
13654
36790
39060
38817
11260
46168
42603
43208
7849
55313
98601
62512
85658
65115
77086
81087
29123
64288
37002
28799
69392
95501
83283
85351
39942
91694
69337
3593
11911
27116
56897
24952
62836
40705
53197
96724
54478
14068
97644
22420
57397
76981
29518
41902
97489
39446
10320
77221
42799
11363
37942
38608
18371
97536
21526
18563
29804
68862
61425
28253
61941
77626
91229
41005
43927
20626
29917
48001
1468
49509
54450
33772
66174
91622
13578
93491
40078
19291
58263
40213
96945
69528
55867
28853
34117
70292
22463
97605
81889
71973
739
31537
82522
50269
91056
81797
81025
56416
34729
11579
66314
95392
56607
81349
36936
73495
8323
30163
51860
54816
70839
89090
20045
60339
36254
17345
18329
62939
11378
15169
2665
50326
44596
59257
93466
64744
8541
89843
90232
85276
13203
26775
39069
57016
54328
82193
49335
35612
13405
91521
86888
75319
65587
4640
53735
88774
44258
48714
72068
46026
54642
52108
37160
70597
87623
56234
64090
69649
86666
93805
45694
98300
85025
25448
47033
17475
60001
17350
61296
22858
35610
28402
76877
88694
44081
99395
58595
49895
55179
46433
47465
75798
67876
19960
22466
53990
28352
10200
74302
30442
80569
51366
9657
30739
49975
41188
17889
26292
6045
72087
33749
6932
39648
18042
79624
35183
819
27039
89445
96362
13309
41981
21261
19025
80972
49115
29851
89903
86819
84695
69449
57096
91343
563
39404
55126
51447
52060
64505
5023
72690
83865
76523
10479
4498
39149
4669
13367
66430
36584
65617
32546
989
73872
30099
98416
25710
35495
55544
82385
69717
95354
41312
91231
86800
79622
23610
33528
70151
27687
6183
26103
36290
65022
82998
18574
14580
65054
90735
9506
94293
563
45323
36803
76046
29231
27648
14887
65773
20306
96347
20290
4793
95318
37446
87651
20223
89845
79241
54414
73450
60823
29804
39473
67442
49563
53211
86694
23787
12993
93122
51940
95934
57170
27703
57506
52148
38893
52536
90410
14767
77359
59465
14805
4563
69438
47616
51592
3393
10642
43260
48779
62181
70561
1903
41634
84229
81957
89372
17802
87034
46060
92059
50609
85243
24539
57082
57362
47540
65984
69054
38668
62038
49811
42695
95263
33864
68423
65745
88610
8411
55731
26774
39939
40411
18968
87921
57884
24449
93551
12542
86862
64677
49521
25470
43389
26193
27073
56790
45960
76689
64377
69622
87107
4742
76240
10455
21395
88474
53669
98142
79365
76622
65131
80349
85163
82672
54065
40633
16052
85544
24781
35366
67175
29040
39684
91758
62140
1956
30392
16144
11543
12207
14287
64485
63266
71365
84380
76670
19269
44879
83916
96298
10437
19873
91151
68916
23926
22248
49888
44808
69886
36351
84051
90550
71432
76512
1851
97135
7458
71159
53749
54157
90067
20498
58548
18703
30620
16885
43369
34433
51914
72043
43407
3258
86645
65335
34641
96223
14233
55175
50873
45509
44750
29258
50517
44339
94598
23512
22439
54726
6658
31088
23754
54639
785
84031
19805
7191
5062
76700
45293
23330
64565
63377
44579
89969
64811
41715
56998
51458
8263
83538
84399
85458
98392
49580
15432
22338
4212
26268
70335
75383
82354
84369
7469
12635
86404
66521
157
69890
22773
75836
14427
10855
60827
14372
41435
72500
97945
56218
44323
56352
68916
54348
44950
26035
91440
18186
83742
32901
16166
51761
88757
64997
71556
92479
33968
32118
85185
81092
59817
83091
3195
29625
96711
13362
73583
36779
15564
70183
55604
67600
65563
1759
7445
55962
77252
59117
87433
43913
63309
33698
34257
5178
16222
60693
35245
52861
80809
22434
74907
64869
31061
47246
65293
32377
91398
45577
17766
85735
58378
93676
3729
13496
13634
35650
29277
28319
31019
2531
77049
33002
32616
19740
93448
23003
7342
22570
54945
81105
81675
60484
99718
93023
76596
43769
4319
23038
99402
9647
32211
21566
38568
6666
9698
1143
40524
71405
48097
45183
49279
4603
51986
81044
77859
65270
48672
42744
44344
2697
38004
43773
49867
49761
99671
99254
83227
4533
21861
4269
26409
65575
76330
4659
36859
84771
55932
19666
9965
82116
79188
10206
79254
81366
52106
85450
43122
38070
16396
87350
50321
45749
55162
18310
53787
67131
25025
50190
67230
68617
51
3914
71862
70135
95744
55818
64087
49980
80595
81163
44090
49771
66442
10528
80322
95578
11283
44207
98986
87743
47264
40728
93197
72563
37767
36304
59217
17176
4185
60812
80432
37271
30941
8121
40005
929
26376
82408
44688
82168
45082
17958
69413
31270
84856
15018
74679
19339
60162
56936
40573
84404
67857
39842
91423
93446
12943
35582
94655
61691
10866
63795
44358
28707
2614
87805
51274
14347
53046
39152
21881
57083
22951
92297
25988
32153
31410
64639
58603
5804
78571
44921
73217
37019
2578
92505
26748
53459
41798
12022
92251
5799
52193
54471
88852
83954
60596
76635
44921
54072
86399
52838
22598
65194
37645
76662
90346
60681
40490
91108
41936
75330
70242
58981
91081
40119
97368
42560
26007
25694
79231
82074
57464
57346
72377
20525
31341
72519
75049
62487
29158
62668
63511
81679
80589
34985
19775
15730
61611
58808
2166
76731
31834
79888
54491
69842
77993
36651
9078
77115
99045
52874
26096
61359
79722
95727
30158
98248
44230
63591
65035
63125
8070
23595
32240
56813
19264
39003
29555
40705
63292
62571
23242
9834
91903
98266
63850
15522
68533
27453
45728
68590
62010
18715
97291
35737
37222
28465
88052
64476
15763
33526
81388
62520
88748
61016
61152
40230
25427
22597
98779
48934
73647
23014
74809
81365
82065
24006
7715
96634
64033
74832
70539
4094
53258
69494
16806
15739
11902
75470
42657
55085
62535
35095
61121
35174
81548
31673
80347
81182
15452
15402
72556
86855
39033
72877
15287
9790
55588
87894
92889
63293
41538
7496
9674
51502
47208
49023
28691
1722
62088
90089
86886
33632
21015
6798
91390
12833
47866
94673
49748
9143
59629
45391
52347
63622
46639
86533
16313
90827
53198
18478
26498
15345
19562
1353
5522
63810
95401
31001
20519
46842
7190
91494
58553
39384
56119
42048
77687
4622
22794
89700
74655
35959
66266
21208
22394
51720
67620
3920
15058
10047
21632
91859
92144
26904
14927
78007
40982
69247
34688
17608
44534
81695
70078
82920
73709
83609
32442
47473
56192
45104
21776
89366
32401
16545
56664
53543
44766
34609
90444
29491
34806
11134
31185
83016
24793
53399
56388
62774
9291
32360
86146
68177
98452
4077
47860
99477
62679
25255
37141
97572
92109
44813
18369
235
95325
33242
99835
71843
37787
26884
24635
97043
17498
28909
79315
73714
44431
77394
74877
44042
20260
51809
21123
75864
42325
63111
23978
58160
56266
31367
28987
91070
5809
17767
7887
81383
64856
38725
87159
18414
23076
88646
78374
56722
38993
28943
47963
63828
35623
87853
81358
8503
86645
96430
87190
27232
38572
8498
90485
70141
43835
27580
42849
72802
19554
13347
60400
31758
87445
6214
35967
19628
37743
79676
41087
80758
69008
40872
63293
51827
69493
30891
55884
10433
14227
25172
17584
57006
46319
32242
29866
55264
28733
71723
83867
24597
97427
23269
39479
27780
94184
54593
80232
81698
719
42407
70716
56769
17546
20317
21708
24339
24429
28561
24265
67788
70129
32726
80421
3973
37009
30219
76219
18813
6532
1142
46237
87098
40439
43856
46776
78797
60646
48122
8422
52852
93303
57422
71504
48857
38580
18960
73021
9207
12739
34531
11355
92348
56739
42552
64233
78410
15269
19745
28446
30488
91557
13827
87098
99638
72963
48010
63176
1966
19330
52822
39404
22661
10205
93139
76462
31808
5761
46759
33411
41412
7915
6853
83829
46677
61982
92894
37871
47008
46593
75095
66694
245
82579
79861
6791
89292
84332
26933
66713
94857
26929
3928
76335
36825
24787
13564
83885
74844
45381
98918
24723
74237
43256
21402
53227
33244
66133
53837
10251
63916
35543
39154
69864
5400
25858
35729
55287
28929
81892
74262
99905
45731
87974
93541
65890
18294
59406
96587
85950
49423
90421
36623
25313
3302
27456
82280
48369
63187
26877
71944
82707
82802
65500
53014
14358
80005
17351
86938
6623
24313
62752
27377
8178
27072
25749
36640
4667
3837
2658
90212
16790
1055
91844
16200
12641
21380
68021
89233
859
89951
777
27699
1177
20693
52452
92519
30501
57376
71446
99156
79635
6678
29684
47337
31490
39364
66195
24589
30795
36020
78883
17709
74410
81647
18279
73908
21190
15003
24237
5818
16318
37028
10286
53235
84657
78937
78563
6408
20074
23950
41441
63075
8455
87071
62196
23299
17988
90964
34484
58896
99209
68735
2949
51496
45709
27618
47537
42808
37413
11982
69850
80806
93293
76103
83647
97451
2545
37955
39789
97886
31512
42641
26687
78603
42958
81558
11635
17443
87085
44562
44458
17741
5639
82849
18108
17722
41843
63966
26390
72439
48369
87074
3537
37627
7771
15658
71152
35071
11883
25463
20438
87661
47171
56718
96865
67505
17213
65503
36999
81549
51055
97859
20875
73833
47098
11647
33596
89703
32912
6918
24075
66101
39967
51258
48967
2587
63614
72691
83350
90388
94451
54712
87442
55001
44607
43049
51997
16057
76807
16960
15715
50565
2400
67308
47211
26791
29205
92733
83673
93811
92984
41598
6883
88246
99843
99163
4526
99243
77769
38532
58436
33868
2815
7274
24148
43910
37216
29511
1479
17221
79841
36282
58650
54990
90546
53231
11677
84972
9998
33501
31686
2337
99167
61801
68115
69342
22672
5513
33594
97903
43985
95074
98767
31821
55265
33010
81938
63671
3355
65546
60593
26491
36671
40403
51041
28493
17147
42610
80693
65594
43414
15654
13817
58935
51706
72205
64654
51922
81755
65254
20833
33162
35080
39570
54794
68923
41613
61876
77022
21809
14946
53111
33362
46174
56020
98735
34125
67046
53422
9591
68680
91479
71844
82458
13380
5495
955
52685
59848
15861
25048
50009
65238
91042
63588
96310
29065
1784
28824
67507
1294
65880
18091
14419
12859
10770
49973
94673
25264
34237
25151
88260
18953
40678
87530
30461
54685
57957
64568
13997
89366
41068
33691
88068
28525
98745
15544
2292
58465
23754
39126
24404
78356
43216
80457
5600
2466
17148
57910
12382
13375
99861
19715
73947
66476
74476
24797
83956
96630
52743
11300
53937
82411
6010
21335
11659
153
67668
79127
43279
51109
77108
49979
67834
35493
20444
27152
65284
50811
70270
394
12697
29326
42932
62668
98690
58886
71116
57616
92131
11268
54687
42579
84733
54972
36227
83392
15187
83088
88086
40791
69514
19722
23643
99226
12746
35285
833
21364
9089
78713
57374
13639
72679
51377
37020
47184
51580
10314
68714
7864
7085
94811
90323
85978
30101
94908
37739
17900
42368
34564
44389
30956
92651
65891
64545
90088
26343
92344
70595
4554
44573
83344
25120
1342
10507
25852
83666
67618
89612
48077
13898
26217
19126
32783
38884
88331
58941
17183
84214
43469
2581
54634
31043
712
42196
64580
53260
25241
45206
13218
59366
63172
11962
3572
79527
48870
57674
20962
44473
56886
60728
22978
88817
34678
54691
28436
50553
53468
70457
76346
36201
10871
34359
791
74645
49985
59787
64930
70208
36960
7706
57895
62350
20344
30878
60634
90775
71153
69351
8441
21271
42432
66403
98014
7394
59988
17080
87197
22421
79583
19693
85632
65063
91584
96201
83069
20223
70345
63667
56720
77919
95410
18392
6234
43934
23257
56491
59990
73620
41171
10983
83988
36846
7892
20080
51636
59137
41239
55224
11552
99803
41226
74365
7782
90741
59962
55471
99697
92804
86454
54768
20419
54383
33122
93076
95057
84731
20923
7079
70395
36194
48385
54126
46342
59971
55110
12453
4696
71250
97554
40680
55728
71760
38225
46701
34239
60693
56153
86383
38759
39594
66875
58405
28430
35731
60197
1297
45694
13865
54002
35605
27677
71718
43407
46623
64228
67482
57387
21637
49375
83706
20922
9131
88928
22776
5574
74818
7136
91725
86035
69834
20402
61875
44204
40280
9797
10096
15823
93267
11255
97260
402
70808
35857
18595
41553
71902
3811
66998
27542
81140
85436
77212
59907
57286
16485
78646
55678
26270
44123
49217
91193
14919
3176
64004
59294
76332
84349
66088
75924
85823
47054
94823
4016
4214
91082
14366
63578
57456
25781
71164
44507
41782
5636
32381
14048
89820
29684
77712
83438
18438
20455
60307
86754
49575
32796
24832
82083
27717
45834
94337
95239
85689
49816
44704
4510
62994
86556
50745
53535
97593
93903
34416
94734
58703
57642
5311
84550
52530
95263
50760
36392
13918
6741
80841
1952
53041
4097
82445
83569
89767
92478
27295
92957
89988
91114
94425
52146
26864
89340
38874
80980
29148
53189
92214
6723
39619
85922
52616
35657
50123
73595
91683
64066
79915
31259
10726
25032
53670
65421
12397
40986
25942
28559
97508
36297
52996
48502
60983
25535
50964
32734
75652
56780
56061
86827
77266
33070
32629
19329
40155
79612
68460
25596
40581
65071
4399
94157
46702
45230
35853
87122
2917
59540
44950
76913
1462
16704
33919
30896
23357
79705
12641
31476
38524
31388
39490
89909
38215
40100
77163
55002
99325
55956
79544
82902
72081
15299
81935
26334
69062
72037
30536
21573
52537
88978
95563
31639
49176
95062
76310
5422
91153
68181
49757
26996
12165
74008
7852
91094
4507
14199
78121
51489
52592
32517
20
41373
45164
75635
17904
16578
31185
80482
47547
59994
68461
64265
19065
85269
52078
35742
1231
98371
5653
77125
39243
71826
43619
66931
63233
25668
880
8445
8561
89259
51994
2626
68900
14084
76442
48049
53332
81486
13843
19225
56939
49957
85476
2731
6820
14368
45693
76973
33934
81283
69838
49854
81647
96897
67706
80770
40421
52753
42634
73225
35592
5836
86879
4032
93259
44129
25887
92979
60961
87285
20689
93725
46716
56890
87491
92622
78992
90539
87080
24631
40502
321
74336
74357
46061
16117
20623
83096
47835
76755
47823
8911
42098
94551
88257
66738
94925
93254
18591
66156
90841
50924
34733
95875
13233
69901
31374
40004
52033
98922
32371
64112
52748
21587
19630
59293
86441
81123
43941
26090
93800
78364
62913
53476
22611
83584
35110
64302
47151
55721
33693
27408
7298
38342
99661
8702
60686
55378
73417
37891
29211
98450
76483
97515
50228
19723
54333
91242
32775
38718
11392
2188
76464
49793
54438
92154
38543
25788
75537
46885
90261
47996
60159
56339
57182
94839
64021
73891
82328
65597
81752
62910
94371
89591
38330
97020
14160
702
20401
31376
73771
5787
42276
44146
93653
25111
65055
18407
51338
83262
15271
10478
22818
41908
3367
39977
80435
74516
15655
18022
52659
33473
18686
59594
30619
58443
6334
18169
5767
51553
85486
91492
61562
81485
25078
27695
83678
78320
70195
35165
96745
44730
86442
13275
55419
6342
9497
14471
84644
28848
79017
8923
50402
53140
41696
84921
89416
93732
49555
45684
81915
4134
98584
14872
9814
93256
58521
84024
2413
16545
46277
3602
84174
50245
3840
28225
70819
57796
87899
64287
10964
83647
51774
19797
57866
63016
90690
24128
55662
80150
3579
80961
20720
29634
47282
7586
46564
94593
19185
33088
62150
28381
41400
19609
77438
83282
64941
77332
52351
54083
22319
8167
49577
24214
73483
5224
94862
243
12167
68660
75762
31892
71100
98582
82571
12521
56546
21781
25864
47563
48451
10396
10510
7226
24913
3207
25726
19222
55667
18471
45714
13238
27290
28114
11910
48745
82611
39658
57939
55719
65877
96200
32630
35250
82777
9893
81104
87918
5450
71173
30630
60859
82354
43552
36521
95179
53908
13774
97968
59460
99928
46671
58241
26515
58784
79476
17806
66411
52794
80365
79708
35097
74030
31088
20159
65989
56439
42786
40546
25735
69102
85958
14179
39651
31586
44287
63930
72995
53188
31044
34745
21904
29343
47903
93423
43757
73797
17025
75943
63696
88516
43814
9838
83901
49239
72224
42610
64832
80089
32323
97605
94567
94868
96140
34849
78394
57239
15663
10053
83192
95815
25435
81566
15215
524
85580
19137
5688
91372
49293
42708
64460
47189
39208
83436
56967
46772
68652
84529
69496
78787
60250
18654
39649
3774
56172
45669
65426
29398
5569
28080
84732
64415
65225
27105
36724
47012
54026
91258
48583
37147
23373
92569
23668
20658
51944
11099
66475
50248
29929
71010
57664
56281
87131
48881
5995
26225
65304
9812
94047
81474
93644
82204
91813
60241
58337
41064
23284
44170
64652
92735
21263
71092
43636
1498
380
63230
80442
19871
21468
12473
521
80231
79212
18624
17020
60385
77463
28305
27366
89328
23766
29151
59074
40815
56805
11233
151
78613
89314
45218
35591
93460
72581
667
15253
38107
48055
6174
41137
54235
82448
78761
85346
80934
32081
39834
5678
93875
91834
92514
57193
41438
9642
36018
14519
35213
41073
47954
90528
4590
1427
77393
93903
94780
5947
77174
58118
4320
31289
24405
94146
91539
91098
99997
4743
40417
58210
9550
1352
88618
8297
36263
10133
71747
83695
96638
51745
52729
62653
21929
18478
51573
25786
11129
32184
94811
51526
91975
78267
83757
61750
87751
35201
17452
31437
28184
69772
71934
5140
6365
61788
36811
98102
17510
58206
29601
73594
11591
6194
28088
13565
62922
72663
26640
93803
54785
79637
34614
21818
57811
58758
21414
27844
97112
44737
34090
29631
1728
36005
1664
22138
85869
20159
24313
71286
30977
87448
40254
69630
81841
65983
54701
39525
94969
64814
41314
73275
89674
74714
52593
68555
89982
93596
27407
43572
21548
99480
9936
5346
45911
26695
95210
18216
61665
94533
15929
79389
38685
62040
1180
47216
13313
50779
41373
71048
40410
80871
35470
76093
81594
19517
68815
90285
5324
20978
48492
54652
54856
10359
29730
61771
14050
85380
18146
93043
1085
97185
8814
17758
76605
40433
95073
70371
89850
14971
41772
66012
99024
61398
9978
20453
96179
88592
75668
75860
37408
19707
27169
16655
7663
55636
37093
25294
9253
30578
72427
95150
46598
67336
28541
54799
28327
41911
81456
3563
54496
40851
11069
40084
82464
91471
69641
29640
94524
48423
27622
43891
87776
21291
44914
48642
64294
56707
58877
7487
97795
74500
66857
85742
35550
25741
80714
77155
89309
48798
10636
33469
61048
21494
756
39427
58382
23622
91231
36250
14390
18744
2726
23776
24206
97782
73123
55048
29871
56
5901
18642
86754
92910
16255
27910
61963
97989
92408
31021
69220
75450
47099
51916
68517
84601
33462
68574
29726
90128
85471
21101
97095
75349
95931
47149
84207
20016
39000
74005
40304
67302
22714
1723
42308
40772
54547
1578
22193
10596
74571
75619
81087
7487
78752
81453
2091
4143
48646
11514
27508
15648
33167
43128
18226
60146
35078
60784
40006
57005
48214
46750
62509
62338
13735
34222
39598
55514
76552
76559
98867
92286
12616
83735
68532
73218
6686
78451
93486
36622
8169
71465
36851
88394
818
2060
80379
54725
96014
6523
5241
43842
8031
60630
90216
11968
34777
35966
35012
55141
13826
91209
30581
44294
88659
74558
90885
1653
2555
64371
71443
65256
27459
74944
69216
76930
77548
43039
77031
39136
38484
51587
99370
43586
7224
62258
15559
98227
28243
59297
57449
54775
35429
11210
54459
34097
19375
22508
40727
80014
46458
79840
11485
79473
31959
59923
69791
76572
77057
28612
83833
32439
26687
34972
72030
75777
43621
31685
10701
15152
54522
19785
67298
81830
51925
39240
32585
74514
58208
16597
72142
32416
65151
19726
5008
51646
86346
24502
20116
50476
93589
16176
70101
85760
85073
35290
87000
4339
44907
90244
68894
88043
19890
25675
68979
40421
93366
6647
53188
93534
93068
63085
12334
28863
50766
27506
22224
94403
1855
30749
57634
47495
39276
4694
41503
24397
89742
34577
62334
63180
20716
53058
73823
84471
35198
47868
44032
90760
55916
1546
95567
22217
64980
55016
14778
50015
65387
48607
25250
68020
32731
34459
26958
34847
906
88747
66460
40562
13339
70837
73874
4704
85966
15219
59187
89673
49058
37678
68589
30627
75291
24213
89903
56967
9278
1402
81271
65909
56954
10345
42345
68388
50785
86438
46172
56618
81843
43490
17391
53412
69051
70201
62105
67780
39379
876
65758
71796
99235
19734
445
38987
99655
99021
57158
39883
19630
6934
23625
54099
28318
15557
8650
95880
7189
26992
37552
88827
26891
38959
13916
52407
44595
35123
36983
5098
9472
11392
70437
95182
5829
67240
85109
56274
56628
97317
58330
62537
38375
60402
12500
13519
1277
8102
69959
73972
41565
66415
58862
54918
97718
99751
28072
6079
82471
61238
4336
29992
86554
85475
80074
90792
46187
64952
67929
59534
5286
64017
42030
6071
13102
75520
49531
68700
50106
86657
69350
81467
60059
44213
78937
56064
53240
8509
11606
92495
35738
10261
35527
20753
46084
11210
97299
74681
73497
91002
84941
41522
78497
57030
1415
53767
34247
5878
90116
20654
81018
74025
9418
50834
11667
25271
92214
41755
58550
42214
67050
7708
2769
78853
97057
77113
17793
46281
164
89011
756
37377
32757
51954
28490
90392
29448
23597
38932
44998
9617
18937
97471
18387
35736
96492
66250
21930
22825
97101
67986
32149
22632
61306
2927
23515
37890
21652
48055
42930
44735
25707
10176
45475
64340
89890
48291
41177
32565
56895
8412
35109
36583
33201
9518
1010
77683
43806
90787
54880
2230
21352
69457
93151
3797
88316
84056
14153
85774
98647
77192
64764
32458
89012
13504
49490
29231
11094
76273
39999
60914
57807
53761
77383
76553
11339
47243
88474
75903
18844
61923
5389
21952
4898
2903
7350
6676
28087
83474
60036
37769
19732
24506
55448
31272
24324
19545
85828
10730
21123
45752
78110
27812
43602
58695
67232
23005
69818
20122
78784
69024
42617
72974
73639
74316
81134
90953
26257
51817
84926
24542
82656
72342
92545
71888
52092
47038
34988
17998
8459
36457
77723
83101
16329
49550
58331
59699
98372
73349
37905
93055
59287
81466
49611
66535
30273
84639
60449
25481
65697
39865
10438
66755
10033
75802
8753
4205
32284
81423
32675
74276
19356
87759
17332
50914
55860
37940
31935
19753
40999
15718
17734
28447
20116
72402
61731
6834
70287
49658
6381
17308
64380
22087
96547
69378
34282
4761
84248
33815
38506
54559
43003
55102
57707
15201
7233
39692
47412
96858
4594
37484
5085
88100
98253
75772
50506
85804
53848
28628
12964
18372
8360
85447
35318
38263
24809
65218
74273
30231
26026
63601
39997
36178
10153
79553
36908
54787
68982
6464
78556
89765
9095
49920
79674
91906
66776
12731
23341
59754
56508
60433
36854
40735
16740
42188
994
34829
11947
62404
34249
68695
65692
1439
49958
19500
40384
55600
22099
13785
13032
9088
50337
76632
22227
54314
90001
43302
43612
82944
27986
38738
52132
6060
42551
97136
70647
66801
35860
54158
24253
54415
53077
11166
19648
45893
67643
21842
28181
54672
55476
59174
77321
71154
95638
72791
39593
23566
79671
62610
12398
83344
74988
77895
8387
69674
3357
95739
73652
60600
25281
33021
24693
9061
12987
53680
3340
6982
57552
29863
55900
73605
91331
77584
60719
62680
72335
42599
68511
57071
76065
19723
8097
86477
16
50253
35854
2670
25498
46820
29551
6983
66396
25022
5221
67594
8109
94961
50163
49128
18903
18704
55912
69201
26036
15833
76780
7640
32801
82315
62567
92466
51873
64756
66121
39549
88721
45929
84761
28668
12579
90511
24093
43648
18137
32213
17218
37251
5216
2821
69961
83630
12359
68592
66382
60059
39642
14982
35062
7284
31711
21447
39669
36442
49740
83891
29114
2146
33539
23357
84247
41274
72300
52479
34096
41673
93165
42439
38079
77556
62376
43951
65026
36156
73233
53451
49538
2885
65131
39451
44640
43122
95742
80607
92702
3628
68438
89514
33096
11650
80603
21680
33277
12649
80233
2073
66174
47716
33548
94103
84977
49248
59929
86228
12722
10934
2091
92389
32503
70676
51033
48699
26943
44757
64273
62296
32726
61963
34163
19198
51271
50847
23052
39619
54207
7568
16686
3809
57434
82135
26472
28426
99372
51307
69255
13464
27630
48192
21705
44258
65346
38091
39129
49515
99845
896
42924
32789
75729
51548
11351
34387
80716
77823
84459
91868
14352
59217
60622
56858
85656
65637
54647
36418
62339
9914
3046
94431
6664
29246
13278
94023
34391
15854
64447
72623
91208
89945
58916
87898
94626
6211
502
46157
39561
76292
99595
50206
73733
15888
42207
9642
61580
85490
3085
11589
44171
20913
36074
15276
49942
89301
69982
439
56265
45186
88575
78955
3546
931
98444
42540
47518
37858
61060
73391
74356
15380
85313
62125
71890
51314
15924
64307
12426
43105
84221
11830
21272
73139
72870
84453
33803
61543
60574
4727
30989
75851
6221
77667
42737
90370
78585
18638
40376
3424
82932
95326
8736
99025
41471
19597
88042
27642
45152
36186
63878
39288
86715
77978
61917
30917
36848
99148
77819
98137
46801
27593
41207
460
85085
19098
48800
82297
82974
27908
80454
67295
21436
67326
87809
6593
25628
5347
7618
22061
72728
39619
47893
55322
57052
94260
73647
44586
24570
33286
11130
86031
74411
67507
41274
25226
60739
17717
72475
84110
68495
49202
29529
31875
62638
34803
94668
57703
74121
74802
45774
7951
52017
12401
25322
24555
57651
40008
57890
36551
61338
7158
61
74253
85249
83545
12619
62376
32115
86488
21175
31108
66561
51677
51656
12689
15647
8480
31795
17319
47868
79071
9985
30499
33149
79178
48825
32527
23189
83258
42569
66303
23810
25793
9654
97911
39430
46781
8958
59019
95649
28263
50726
79551
88104
30760
75205
81613
24612
19562
90956
90468
57257
41836
86928
4141
24241
59120
77078
58537
7893
29135
85465
21911
49479
15308
75547
42610
54831
76261
80358
98614
30976
27909
28382
77475
43286
20759
98469
3706
52943
72726
37034
93700
9859
79167
35727
90002
24129
57832
94677
9279
34823
97546
24742
21298
9405
64473
26111
92992
40303
59860
25528
55246
39750
48632
86897
36852
77505
5807
27803
27709
19957
26181
29409
81578
24670
85819
3601
25974
82913
5429
32394
97684
52480
4719
16579
25525
35096
27788
33174
87110
82683
45262
70120
69559
54245
78082
53653
47030
74941
23794
26620
68249
15402
22398
26469
15322
99983
17285
15179
36796
48484
46141
95018
61004
5971
72162
19973
10916
61484
1067
60180
36681
58341
44760
38665
44787
99090
98791
89085
56813
62045
83110
27740
74418
44386
76707
25770
2840
80489
38336
69744
82313
73568
23138
54951
75051
68341
23112
34048
34946
38509
93112
91757
22347
63940
15829
58192
31753
55489
71917
94494
99709
91157
74255
74831
10190
1136
83866
5572
1032
12608
32720
92021
192
26984
65833
2455
93205
55641
59236
84423
15699
24207
53560
93430
3890
8202
33513
15216
99355
78566
28950
16586
53226
46074
12495
61800
68366
42346
17093
83784
69358
31753
30297
60078
37766
65423
19574
47181
43215
31091
71994
43855
34012
66533
93039
50849
54496
88299
7769
97246
28621
33557
78632
5047
74040
23967
71628
48443
78137
52867
43176
27337
20270
88760
28032
35823
61982
74859
32524
9053
87131
60280
34255
52876
32833
97509
46913
24708
26331
27259
94503
40494
41316
37954
19941
64951
34507
24792
85258
75934
68176
12878
81001
50043
53612
57312
44776
88971
40237
39758
81169
58556
86206
75579
95750
74705
24805
32449
47697
1522
60293
10447
64153
58324
19396
67777
88529
78560
51399
66106
69995
58563
1338
73761
61674
73458
89772
47829
55445
58199
68502
16525
36647
66492
47164
38769
22307
15571
78828
50703
4580
25503
39652
86843
65843
92259
8080
6278
7346
74789
34225
87129
85365
57087
50425
2734
93712
76226
1266
84107
73451
3878
52094
49212
38899
83027
55193
61933
57162
48485
65787
95937
62686
93600
22458
34801
83671
63856
28013
73124
5290
31578
56587
98343
97387
30213
47441
67018
33599
42911
10370
88311
61583
32590
99144
56751
9752
60787
88313
79395
76992
33244
15958
57932
31075
66215
87021
7079
37643
79950
36446
96017
91006
44180
49018
18458
46161
34986
86503
55945
77755
32126
19776
63309
11268
31456
19545
80698
39228
9138
71297
92392
19080
7180
68288
92164
61559
71914
1440
93169
42130
22418
97512
60895
58226
9989
14850
5958
49836
17890
53054
58943
8935
27793
40112
61343
48398
19539
2005
2609
47265
72387
74483
66671
1318
55785
49598
86301
61661
13339
77270
42658
27217
25904
68814
57411
50026
44707
31080
45310
61631
58624
90395
14176
31336
93358
3318
88419
89298
63769
12927
89224
16780
8347
3092
84589
82527
55974
94707
97195
72858
16176
78069
73198
66635
87228
29813
52050
85449
49633
94286
29654
1614
20953
23330
29408
41890
9128
3703
11373
92435
93703
38811
74579
34849
90828
15081
66485
50197
28152
29188
87618
35794
46620
79360
72202
70468
99241
28416
87326
45044
92051
31417
79907
33981
21633
37366
24467
59449
96211
77685
64176
92981
13520
86958
2629
23460
94252
62196
32091
10190
48338
11284
64309
37129
37299
50779
1385
31616
98123
65588
79708
87951
89581
21038
42104
41105
90059
571
94988
22865
72644
58389
26112
65820
29193
95100
39508
11096
69485
45115
62036
42222
50857
69160
97530
74178
32650
71401
93152
87971
86072
18292
39840
7774
71139
34159
23050
59437
45996
53559
48705
77773
81645
52572
48242
4109
23846
30152
80882
93890
69093
88000
84916
88120
56497
62723
47587
70370
59091
36432
66178
7538
65538
65861
44318
5541
25514
30818
89740
24757
2615
9419
79364
85106
48292
45228
2681
28171
66522
16023
28948
19366
47463
12681
62573
22223
27710
59018
34502
24845
49252
27891
69315
69136
99806
71050
76937
1447
30324
94473
1426
1294
18434
25565
62251
51012
61147
90058
45578
93594
49018
15948
78991
14472
24807
34136
35541
91034
29155
32193
81941
61927
21808
60310
24568
16994
54303
99112
90679
61801
13879
24042
60177
67355
43743
32689
89224
94855
16904
45851
70200
74943
7066
92940
79349
79595
95226
84531
99392
80282
68116
26091
73477
65684
907
75965
83924
61867
9530
6019
71867
17583
99302
10919
43132
17536
97698
66442
56176
38622
35262
15073
41016
37981
38766
43002
80827
81589
64050
45980
57601
87733
54727
41420
30282
79767
56617
13228
83372
23343
58499
82942
72232
63613
99797
59174
51368
6978
56256
29197
42839
16174
24242
77442
83292
85624
89129
22811
10453
96424
29253
75385
90860
39758
76654
20137
86680
26933
52254
24455
29011
49490
41197
20829
16115
47446
76056
56138
42344
43011
74541
16157
43121
58620
15734
43936
37339
55924
79039
97330
20215
79784
59430
23533
50070
46345
77246
19814
3491
10194
80031
17938
31294
28632
45325
62053
18961
40767
97635
18870
28016
4393
63453
38847
87794
77513
31359
5793
19206
81206
38694
3908
56372
74715
64904
95323
82130
83531
29898
68870
26399
33650
34398
63857
83935
31302
31479
6746
50132
35100
66475
9264
58421
40631
22723
14839
85006
42428
87746
51111
95091
80993
32624
48884
23874
79908
2
20617
66836
30615
34119
95438
85888
54008
26545
28072
78381
22303
69886
40799
76209
1777
26147
8667
83498
80658
60916
54855
36792
9175
34002
47512
62198
65145
89201
20679
85811
53158
23845
35386
33745
18449
40521
53441
7610
53674
52939
731
28345
41320
54423
33017
61180
90690
65951
59258
22404
74429
84452
46934
73414
38623
90243
23223
94242
56323
5375
88225
41629
26406
59622
18770
88253
48862
97507
22307
78784
42634
19488
1775
46265
68099
28182
37579
49001
48018
30867
32243
89046
41980
30182
72550
78154
2648
89385
28679
42475
37122
39531
30341
91314
41479
61434
76916
86826
76096
26890
71194
63400
32860
54340
34086
29825
21590
17134
34842
53996
36262
73523
13737
28884
88115
94031
21691
82778
76902
85400
18574
1350
67482
79596
66807
78343
60943
99732
33670
6991
24797
37554
29543
484
25158
27244
77061
49444
96485
79124
24617
99032
56898
28371
66528
95603
93735
6962
3418
69800
57197
95653
59695
29702
94063
15604
38620
84017
16000
32327
66155
44445
2713
18990
54865
38601
50282
73898
31600
82326
64530
42716
57789
43299
42634
13415
76828
33383
19963
39716
91847
59881
13648
64419
28398
54815
11654
87512
6296
84194
33279
14122
47207
74122
86422
38291
41434
88011
91694
92276
69035
94636
82435
24889
40537
28927
84993
19556
9601
41186
23507
69337
31141
7922
13716
24005
50222
46470
51138
53836
46414
75663
13136
59694
49054
58506
99898
51605
26214
3390
60691
43933
64187
35641
11707
93312
54882
97090
685
76541
16179
18746
3060
61892
94169
84277
70429
26113
78197
57518
86791
70115
49858
79372
68599
40840
23028
79631
80552
51751
33818
6230
20480
63769
87074
34705
63326
72868
90203
39294
94928
24774
99510
96451
71393
13211
51110
46438
92206
90922
96934
36332
68249
53618
67353
31532
34071
91693
54989
56720
74597
79358
38809
19559
44376
69116
24038
57417
21649
27579
70953
54633
50991
14675
66286
67056
74846
24047
24432
65019
55981
57237
81765
20243
71805
25165
44119
16997
85622
95951
29485
20190
36244
22989
63272
91397
43070
50234
92105
62677
91255
23255
13584
38453
49389
24472
69407
62933
56751
33271
68285
21959
51100
66708
20150
19096
12854
86247
47103
76042
96438
98052
55160
53071
37977
95370
26315
97828
89559
72712
50064
71751
92212
47308
14259
46167
62352
25674
53677
37031
51897
69125
3438
28446
44640
34653
66109
28846
90249
75157
15926
590
87515
80095
64306
56087
35608
86023
14373
34807
47719
44921
70080
5589
9101
92943
62006
88483
45242
34267
75484
74905
23039
23918
94890
67891
33853
20354
93406
35273
77336
72874
40991
38439
46219
15540
90015
14728
78997
20824
17914
89588
49490
15616
55067
13971
55748
82260
51838
67181
52304
5825
58416
24927
79397
97733
79346
73084
40150
16665
83645
47742
63145
6203
14367
88807
74664
52184
68419
4473
6485
14322
54351
84525
88283
69299
98375
9396
28319
57519
57903
42312
51253
36463
75693
8622
71791
159
90093
62987
35505
71797
7454
57664
1887
668
58778
51171
4087
37309
67586
16219
7003
98153
61128
16856
84903
68070
25702
25516
74114
25779
37420
74538
93007
24057
97463
51066
578
17264
31741
30069
63216
1483
29893
76067
83679
45121
60178
71087
91868
10489
92449
87172
64012
56689
22184
87207
78490
40299
44734
27472
63183
2517
45594
47942
65792
82483
50451
75061
51169
91307
99526
36335
91095
27661
88822
44924
64524
9885
82222
35519
99003
67486
16386
48168
48875
89725
48244
7727
95640
52279
42418
1491
10252
79688
64956
35279
4397
68945
28003
13494
11537
78277
34029
61771
40780
76720
97493
94879
11850
72837
64176
97863
99288
10050
36010
82105
47004
64162
41423
98948
75365
22911
24549
27210
50396
23585
11094
92763
47322
64328
74124
36398
13524
87346
85845
75966
51346
73449
72934
62271
64029
68204
86268
90843
23670
66808
41918
11406
17091
45555
95421
17210
4932
6902
3005
11016
97732
31732
89294
64572
36491
64746
72627
47155
90736
98149
50275
80380
17164
72523
84782
48784
21802
92359
51191
47087
63354
53
56032
80216
1348
421
164
85285
15322
37359
41629
38593
74215
17684
40133
16903
62979
26125
24730
75160
94824
23507
77371
73784
78303
54890
31791
42278
84499
15978
98437
91223
11848
50923
88693
34829
65060
27468
10949
4505
81899
20544
713
19306
70505
40407
37890
49040
20711
23748
48134
21266
28353
55632
70240
37416
68815
81818
40686
98486
21951
2249
3977
45318
16707
17648
45986
62369
39974
94172
40295
22921
6714
71773
87300
18966
62478
94254
12487
32075
42651
93763
15484
17940
83229
68463
56823
43295
97439
91823
88911
14708
36463
98743
43591
65586
33745
43254
71273
45927
13359
34984
99820
79307
18605
21720
24212
15258
41562
7056
22360
26540
59427
73311
14302
56659
81250
90917
33571
84144
40916
57150
663
80723
13321
88168
94372
45261
25524
83507
71568
28915
69953
40421
95640
41553
7750
63879
90300
76137
35314
55407
1818
44039
89507
93674
46322
97314
71156
50726
68136
57297
16883
85017
3304
74535
79600
88882
96100
66988
80561
66074
94457
77626
14178
20358
90160
19025
27082
37820
93888
60887
56281
82400
75664
2256
37342
66394
62746
30389
9557
23781
4779
53844
20317
74646
87880
740
98664
38183
19978
3140
91275
51935
40810
36655
76053
11040
37495
2013
26269
4557
72164
25913
10292
67158
13727
95034
39417
58881
42684
33729
82027
37719
79728
54606
4985
6472
28121
4543
89334
90780
99131
31047
87240
49655
26149
66182
84799
7239
63282
42442
39971
41357
69036
7906
31142
15046
89131
68411
34616
81237
5626
18553
57113
11823
39258
62164
46666
1603
90976
66764
66268
78020
44442
14410
76234
17428
79696
4820
89667
83406
40133
61677
72191
28656
24476
38791
92947
81444
90935
46309
80607
73257
16154
53714
49700
54947
84078
88760
35027
29819
52802
68830
21377
55252
42284
17857
91542
83404
24781
48909
81157
12938
70995
50520
18550
3595
25976
90875
30655
50787
73223
13134
63729
42898
73631
10015
48110
12324
51023
82159
94457
38757
41665
9833
91846
8064
55828
83903
47056
39314
13282
90083
46889
72655
864
10783
1004
76720
4196
22962
89166
14584
60448
95080
38547
17506
61420
66420
1501
90537
19170
41965
53664
97043
68963
75330
85553
61115
39063
79546
80380
50489
23186
85644
73140
27153
40178
58232
76965
97077
74372
1953
31557
4695
54630
14696
8073
13806
97447
72806
89237
13124
53259
70117
58699
27803
83371
90908
62277
15034
68857
19717
56573
71896
81248
3548
33865
36739
96426
14262
73444
27628
20028
12827
39431
27475
66108
13346
2839
38891
42387
89064
46776
70698
91661
81037
18400
21520
54364
78443
70406
18609
11740
78611
58008
84320
28658
67494
25388
41465
33806
28141
97486
7435
9872
7637
25209
18593
11559
75850
49697
89836
45683
27919
93676
19951
84236
96888
27841
86438
56060
46180
37560
1747
6855
77882
32977
98214
44491
27582
19393
1449
61218
4336
6215
2149
53220
77474
20189
96821
21098
59508
55818
6341
80013
79758
50804
40678
74733
82361
89619
65745
31566
67034
6016
11029
79836
44460
17836
81471
48655
61881
81709
68005
79113
25813
49395
12335
55900
32631
72665
58626
78058
92596
17015
16330
31812
55642
41429
96420
71443
1062
45849
57701
24949
86946
65441
6026
11231
63486
83309
69310
9794
5450
91155
5409
20104
82414
59030
19163
221
83719
54513
53501
16906
24414
55724
54703
12956
8549
32465
82044
73091
60465
77177
51607
10071
41583
66912
7272
50325
869
68791
32694
50919
44870
55000
63603
19490
29808
9587
67807
7177
18406
48903
49146
4783
30341
19789
91401
77561
11174
10542
93187
68513
27535
26965
1305
72567
52150
17887
55937
67138
86355
91759
45214
76356
69152
62846
17869
57532
69871
25263
59277
4485
79113
57185
28332
66716
33855
74429
98027
45471
28302
47280
84525
60752
34804
25202
28993
84921
27657
7524
92457
82537
49885
98009
8487
45468
73580
67947
6627
2713
77984
90574
78075
13333
99843
90658
42920
39734
34494
5954
42024
61682
41971
97497
62478
26581
55220
74068
86690
52928
66431
31186
95926
20175
85751
83225
76038
53235
52639
21410
90922
41214
821
77172
11932
22718
64104
32462
32257
7136
36440
55134
66582
15286
89449
57711
21465
6099
2051
47679
78832
22546
43945
57870
24185
3831
88276
6322
17456
21133
76684
3016
26486
7375
35650
37509
40068
31554
36429
80586
64140
12607
64799
89366
18216
74223
74115
4725
94466
5742
95669
69846
58879
9074
85438
67899
51177
76581
60586
26953
84791
47694
94184
23167
37371
84015
14717
32964
80840
47559
65925
97465
9341
83415
98856
42861
76435
99681
69045
59919
98079
84204
75518
56958
56228
50244
41199
33533
37688
98079
49612
96418
99121
34778
83110
1325
24172
38338
67353
79766
56954
1071
98021
71519
87752
6411
80455
95625
43657
7120
7956
86466
59170
20942
9777
4283
73361
83532
12050
15128
46523
12710
35949
43809
90289
57173
9658
50166
6526
42157
7306
76543
89264
17536
87168
38113
95264
91103
68272
16684
91936
25184
25459
44945
1440
27355
66564
57521
51676
49262
12090
22225
60262
97761
48067
64618
24107
40612
72601
3516
78181
62292
63203
69794
38941
21276
88811
61505
73338
69176
50871
66235
35338
33941
79014
80000
15468
29844
50121
73060
52824
30510
65276
53707
10732
49746
18784
51744
99091
83113
2134
99077
36596
2586
83290
48165
10933
46985
19609
39749
24713
86746
58480
27450
89949
82771
54786
67284
5019
60960
33142
49015
59673
71632
88331
37482
25538
46973
27737
49096
79710
53929
78950
90452
37696
79619
68833
92874
42284
17097
91262
92593
86275
76456
48014
80844
96012
58654
58971
7791
13057
20545
3133
79567
80211
82648
72892
49234
20891
54055
89890
80294
1055
81096
26044
93838
41500
88404
79917
40598
49846
26882
18255
68551
66297
73254
21415
73718
76747
28443
36419
31543
46033
79547
35731
78192
65403
73194
25058
45160
27852
68051
46383
30782
26377
71306
66028
65909
3038
81649
53554
66029
95559
9878
13663
85933
73442
32026
48046
34044
92015
69900
45809
66896
59648
88435
20428
58782
15523
21386
82161
95791
32169
71974
83188
41523
72274
65556
73195
67311
84951
39005
28772
31602
62068
63883
75235
60326
57296
66885
24182
95778
28650
72950
96694
956
55458
59084
93116
83772
69633
72253
23422
9899
96582
66404
52101
37866
76045
10760
38252
6400
13502
17181
82135
20427
13200
73636
26830
47799
26200
75981
51028
50380
36594
98878
88392
40225
95562
18571
88343
72047
79752
3781
8764
32449
80374
37392
70486
86343
10575
85387
11460
50346
27333
40980
4831
87322
46543
73924
99188
43747
92973
57142
64284
44349
18042
75142
47226
27746
24365
89268
98385
73851
19116
91719
24096
28852
41389
22606
57947
88526
74090
22818
25734
51091
67745
40615
57488
93060
30885
64113
2538
95566
46980
25380
87907
19323
27798
64499
49249
11428
6527
37066
1086
38180
27969
40103
58525
45160
86241
97411
98919
49987
96627
5071
96262
58782
8901
97241
30078
71180
88582
77550
163
70972
88689
68409
35643
16424
44890
22570
6736
52522
26707
29554
65586
28941
6011
8650
53447
87265
68388
55411
93136
71849
19487
72504
20217
60751
35207
18415
34268
67320
26310
51455
26644
40145
5032
89564
34873
35752
71738
24045
23804
50680
19966
49743
70208
86428
27918
60594
99923
57796
83467
12705
50248
17445
40449
36575
32851
26219
52952
36237
97088
54506
94394
86280
8944
99058
27388
74255
36592
14849
4587
50306
81208
92818
45716
65029
52957
70259
89167
54564
75220
66740
16265
72017
70436
32379
3053
24938
16518
31253
20207
71893
70684
90151
96405
89197
12043
70146
77537
21814
27574
25813
96895
25547
10392
20445
94216
53594
6878
13047
23985
38661
43999
43157
64819
75945
3768
59823
80567
29595
96904
16497
41790
21006
79877
99955
9098
39761
71066
95110
96237
53718
28670
93289
44940
47022
60241
84315
36623
20623
4245
88236
86312
57751
64071
26284
32509
89258
60953
7333
87668
20088
43117
28932
15194
56314
49328
3505
87215
72410
84432
57889
12594
56370
48123
12865
84613
16621
4022
86739
23932
84554
89527
8789
72072
46624
25984
21244
1050
84795
70137
25248
6934
45283
89576
45457
45366
32925
84847
32199
93079
83019
24322
94103
75941
96495
899
90337
41246
13742
55388
43910
11237
26095
77272
87223
18917
34466
46239
68745
415
25693
3341
87557
71987
98306
59885
29564
72071
12796
87159
86967
12951
99464
57219
36332
30393
71089
1256
17868
57931
22324
75510
17658
18300
1602
38892
8246
30931
53443
92439
79383
96128
85815
79752
33400
52861
37367
14385
71721
20833
40827
68860
44934
81825
12725
50951
60324
51907
66459
4991
99944
78752
29986
5624
20050
93429
88421
94375
35702
48103
89413
98557
80043
38896
48267
38656
12924
77898
18792
46855
77309
29975
72893
49
98328
93099
53751
40867
81508
60727
98994
8573
18103
6738
30398
39767
1874
17445
10943
92893
24571
22516
24174
59300
12328
80676
91165
42056
24599
8814
53240
8676
7450
84894
41031
13772
13392
18568
12624
47914
5263
96328
83257
45108
12765
20500
19755
90214
97631
10944
98610
63746
5640
75789
16064
32832
4722
89552
71634
10451
75115
88763
92363
62010
81863
46666
17724
85408
5203
62348
7269
41393
11146
18699
30868
24633
71136
31002
41772
76762
21691
45178
75586
56201
40642
45000
57633
6246
16910
76327
11501
73847
79805
5222
36772
78688
85541
53294
86529
55520
77765
8779
74330
51723
56279
53876
76713
52992
79362
29720
26791
76006
71917
60006
78612
53448
80877
73369
4372
51146
41471
74654
13939
88614
87537
29636
74441
86344
53818
66239
58969
12194
20266
69657
11475
46124
94460
84054
70521
58556
82665
93282
81279
41631
64310
32633
79467
18833
85613
44146
62268
60222
57609
80041
32744
34997
44234
2696
73117
72838
12201
54993
1545
98584
79302
27338
58228
36073
83613
14662
93899
19555
93366
30444
38744
21175
62556
55302
29964
21881
36421
24680
50207
55704
78736
58747
5263
98712
13582
14629
6948
74414
59990
26935
5236
79959
56444
9875
26338
47670
92604
35063
44608
46408
39600
3786
91862
76517
53058
12834
97083
78357
84251
68144
17408
64332
52089
19337
7148
82244
5535
98417
49698
56725
8678
64422
17951
19604
50961
62023
72447
76613
10879
25407
28063
13726
61914
71729
36957
82586
63916
69121
38875
17271
55953
94621
37603
62317
83015
48455
83332
18475
11074
16128
69467
8527
82364
87026
1229
48801
71273
64633
67472
53260
8393
53328
67018
49211
50551
45524
34289
97100
49534
37111
99441
83956
26252
78915
74604
3183
45886
13032
53659
44833
26522
41828
91891
13774
54716
39246
66243
25555
80872
15327
8282
8639
65662
87870
51173
37617
14284
95495
46102
43119
15389
90455
66688
15360
52943
50422
40958
52071
56162
44961
11092
81660
2349
55859
46606
5577
98890
5263
86884
91166
45682
77677
27967
1489
3171
99486
39573
67157
6269
21310
57776
95318
93964
60534
79981
85999
39168
50666
95295
31848
39768
19237
92692
71087
81533
1087
16784
11121
23051
29033
70133
97301
44810
55189
79236
15446
99131
95492
1021
3547
81453
26221
58499
60853
93552
38663
64091
44372
46337
19252
14514
61222
67395
20234
30590
18254
27823
99582
86397
47644
18850
12367
43770
79982
37461
52044
18286
29827
37418
8900
58242
93912
11010
51561
57875
49473
81867
16511
53294
85445
15895
53830
41147
22902
4360
34145
53719
45868
12743
67747
76089
7486
64691
20246
28406
5948
58647
24039
29087
27851
45749
71761
4648
47390
11966
31556
92868
38221
58883
80754
52460
97237
74437
374
36382
21868
3369
44033
6018
81918
56008
4450
93128
47017
70883
80465
63341
31346
52819
18169
28029
98595
64030
25536
55666
9121
33862
44884
5274
21613
29883
11347
90167
92535
47665
13687
39071
22746
51212
51036
932
11673
26584
48687
35374
79124
50645
54038
67684
16454
70895
534
80042
88958
84715
32324
58212
14711
93310
51948
25881
29366
71512
86871
61651
49313
26877
1053
88898
11895
72820
51015
86720
81071
97145
6463
43919
18608
12877
52758
35167
85418
72493
72882
58604
34896
25216
74067
32836
54419
16521
25120
45509
23932
10621
73362
74469
52613
91470
36124
46091
40468
5606
84533
84539
27925
8240
14501
42448
51283
66319
62120
17057
27571
40626
97601
869
42670
88671
67070
92243
32296
44204
70372
43683
18417
30702
89399
6000
61496
51272
5000
62719
21127
49413
60508
39224
66399
4096
9652
57971
3153
29120
40318
38767
7285
50658
22040
75867
47467
22190
17340
8855
85996
31852
39980
69589
74316
9359
38331
45433
44750
28527
89846
70656
76803
84853
2253
90012
66593
8943
31362
81117
33277
78723
42733
19020
17284
20896
49641
27697
25819
79792
7583
75092
68817
92266
67437
47968
1374
65125
80274
45700
7067
10662
82808
62643
73917
18202
50847
53963
36463
44159
31714
53074
79563
14716
73449
8253
91444
31922
26762
84618
63379
2954
37596
45389
92429
49837
97209
4584
39165
51667
91375
12724
67635
8115
41252
64860
24008
45625
25476
63912
47901
2293
51241
30455
8111
38096
23877
78629
8217
94842
37934
41260
47559
85727
85638
38247
48178
8120
32934
82034
38908
63229
44615
86381
98378
64696
36813
49759
22649
9364
71921
19127
99742
9077
2313
56686
66431
14562
9494
65993
39079
6525
89769
90362
99178
57459
35762
70949
54485
39854
33287
26080
96176
18279
94222
58772
94484
11385
62119
71233
69347
5970
86265
23197
75880
29730
52887
94973
42092
3286
77327
65324
87602
84574
66831
13176
90608
86570
93428
19724
68362
10420
77232
45976
80076
39926
16215
84205
55524
1596
51463
9220
28506
4724
94033
50974
38414
10434
48648
87910
7020
84176
58725
43539
71661
89283
92501
15626
73997
14504
36255
96224
39365
58317
22230
8828
51685
47245
34327
61083
84400
6211
39007
3949
18547
67168
2669
37341
99555
65975
88335
5710
67218
3445
92876
22145
14510
45454
30989
25011
63286
30866
65641
98499
74842
56255
2891
97266
24238
41488
3938
3618
60394
77523
81893
32321
11265
11417
11328
44095
95868
49734
19232
10394
79891
34024
15735
26299
97223
14724
39629
34361
89823
76843
46339
14780
84093
61964
20709
79132
47163
6980
44907
36392
64647
69168
55468
55682
24761
92035
43072
81351
24909
39027
18543
23052
98018
19693
83227
74789
65294
16809
51624
21791
28123
6168
30564
14317
84769
20697
25174
91424
52001
3116
87143
46030
14332
92254
11527
93397
57422
42947
83422
92602
33258
37377
29521
56138
25715
34056
78092
81697
67669
72320
38002
99273
33598
43548
35454
76570
66172
53674
51380
56384
147
40236
44938
21147
47355
13024
10572
20639
21140
86843
77809
25115
99656
37429
99832
48823
72123
6878
32766
82646
31697
7087
67327
72891
12060
80507
19525
74760
36800
30915
99954
40770
12614
79304
85799
16688
17657
1180
15183
90082
60864
3858
47947
82223
22360
88212
41978
52918
65134
99858
3204
43782
86870
79928
64739
83449
52138
54233
18159
95867
26915
84743
73477
49160
17965
13573
17363
73844
88202
19732
75650
92292
7974
21449
68992
60953
99729
88447
10409
19981
10814
82473
11570
73334
8120
20992
63090
69255
75004
31130
57934
534
91703
69308
36991
78680
64028
26886
63137
46120
20098
108
9435
43783
54584
27078
67526
53310
13126
33277
37179
38975
18338
4421
17854
52393
7915
93546
40833
82217
94181
36899
60822
66589
2161
62660
89717
71285
82376
33967
41862
48275
77653
75146
38284
95537
59788
85740
94767
2081
6827
56208
64164
77007
32235
6508
31418
84611
15202
51868
84707
73283
12793
11447
49245
8950
54821
82148
53308
45699
83876
77221
2998
29655
58486
46384
22955
34597
11414
49471
69679
51111
84723
87998
70294
34147
64751
40705
33242
95945
84915
53400
71884
31193
27117
8443
71797
30306
52839
26015
76967
61509
21477
74699
63941
35800
8763
76548
17227
91654
87017
51587
82844
68340
36724
96297
93478
3198
53761
46889
3508
24383
45265
67011
76912
8816
18516
70641
60658
50087
69451
59130
10058
61025
2302
26469
56198
92571
14422
83624
56000
7130
1209
43837
2920
63307
2080
91285
98473
94500
69846
89703
12698
39592
93839
53761
47171
15370
4514
15263
31690
64201
53861
77754
18617
59642
34276
17431
53166
31364
59293
92832
13631
19588
86811
20176
76583
26480
7692
12072
88498
31096
65281
99263
83456
87145
27714
92822
39610
69196
25420
29737
28783
81163
48425
16545
91368
99508
3817
65958
8752
4150
93794
22898
92570
98183
31522
99809
81998
46696
28876
13668
46452
25280
21239
75765
46780
95365
42495
30853
89511
45338
73733
26545
94549
25490
84746
69203
56940
17107
55364
34389
95841
84885
17690
81152
2375
10025
77346
76722
24817
34071
10644
32846
5413
25503
38795
45102
72736
74049
81720
90995
24192
16377
26402
75741
54449
62754
91070
51350
68568
23195
85606
99816
2773
66406
77210
9295
50777
51693
62960
48617
55012
88320
7672
89162
10361
11961
62737
94733
60928
92161
35074
7204
94264
8203
19862
31152
74423
97565
58455
7852
3775
31248
72261
74148
96960
23565
41620
54339
25124
66615
41407
12329
75290
54311
19372
30268
63906
80786
43518
29750
54546
98343
74385
85500
31587
63509
44278
63182
1147
73098
72971
66170
49783
81910
1205
47979
30165
55501
41340
92096
20476
4587
93572
20407
72232
73969
29188
97927
12310
56782
21317
58253
65096
85818
71129
21374
90197
20220
64213
7324
39312
92587
70188
32260
115
81361
46377
34691
80105
96043
56584
55721
88885
5517
18866
36886
20770
9058
2516
3729
13607
45713
30011
95031
53430
49148
98894
13296
99458
81282
23911
66429
64363
46148
6639
65198
38824
2981
76981
5648
95343
34058
81995
2339
88163
58016
65086
74346
95035
25725
7087
39964
80619
51615
35827
80087
72401
21873
2883
46836
67487
50348
31841
77749
88608
39450
2632
45307
84968
53878
55822
7380
80284
20175
58169
19314
891
13034
8443
10039
52552
68167
75627
54924
89717
46236
3457
99121
63917
87774
72622
44079
93022
40575
44310
37513
44546
45937
87563
21008
42953
51880
46695
39061
99812
67101
79173
64826
67376
90574
70877
66946
57500
26755
21786
43239
97177
56332
56602
98730
70462
71111
10625
30820
31349
32957
77402
70139
88870
77260
81996
81873
13117
87519
76436
75479
54842
1721
85189
51870
92629
8752
52953
10382
13804
60694
20370
33327
88587
33908
51505
58277
66423
86031
91698
54585
66775
26028
87170
87697
58271
60911
80351
28642
55354
61887
77098
19484
14003
10790
29259
48324
14464
87701
38626
89407
82572
67972
51525
93673
17600
97142
65051
52710
51053
15898
16307
4080
22808
49551
43554
81423
27682
52415
41431
32966
65811
23948
80893
16298
14339
56649
80108
85838
96549
61343
64652
61081
78544
73359
45704
83385
30571
52375
73835
73937
32308
98958
87289
92046
13484
20521
39852
66999
20323
71072
41194
30595
55676
36555
11615
28100
36381
35589
99069
53985
49878
94835
96460
94113
1835
65598
92591
54275
27711
3131
629
10443
21375
94860
17113
45207
12264
81408
94039
12847
22070
37557
37130
20635
77642
92862
28839
90606
28118
55295
69424
68640
44617
77173
68662
55354
46802
36275
16206
99114
61074
42087
51822
16279
48899
43066
71045
21134
446
44214
54804
71226
62094
67779
43949
29075
50671
23082
35878
62637
74402
73179
34458
74673
17648
39593
30140
57448
97144
98706
99513
18708
70935
95485
71305
23833
42835
65628
26418
32216
45732
2321
32153
43293
32416
35885
51685
14862
87169
39059
7826
37540
46068
70140
51439
24758
70497
8883
4725
23920
14482
28640
4132
15011
38883
66850
3579
11382
80836
12789
84147
80186
11245
80852
96250
97915
39135
77176
77127
3762
32915
36478
14174
2327
94497
66982
23490
90612
46607
10391
74674
80821
45876
66721
45218
55900
64840
33147
87767
81712
67786
38506
63646
65045
80237
54819
73769
55256
78112
58279
68359
17601
91161
82061
97983
22186
60477
