91379
93535
92169
98749
61719
34901
60549
7453
70313
67008
9791
99329
46984
93144
34451
97171
78325
55580
86287
13252
2198
73371
91656
34333
95431
50351
3255
67412
14015
12772
49620
5627
73658
58743
42381
72371
57704
64409
17795
48030
8369
46099
61569
90833
28387
26627
26201
58440
19674
66628
28925
15827
60906
36076
94455
41070
41068
47054
26118
65135
24131
57408
19765
15384
64074
77656
59642
75981
79451
80527
99272
17151
75870
37735
92689
23431
82541
92937
54299
41326
99553
69927
90141
97481
1626
57920
26327
93538
9359
57186
84204
98289
61648
28489
71677
80394
3253
59205
93250
40143
4934
24634
5479
73158
30405
64002
81058
27782
18043
429
67437
4555
95294
51464
73636
35785
69820
24283
89052
64156
12678
78317
23037
57790
68124
52354
63294
56722
59313
27236
11740
19262
59131
8127
7798
91797
83353
82886
39432
46578
62721
60980
52194
27233
62149
55245
55813
24247
54785
45059
78425
87714
40900
61492
1518
49210
67769
46960
16973
78487
59313
91128
77529
24061
61230
7586
59240
96050
98478
64025
2744
13296
12082
30241
36720
80181
68970
78521
2740
855
59936
79833
76132
5078
94685
91259
77490
19914
71323
68054
43870
79035
20905
52037
69007
79760
80788
69894
26480
51071
90008
90238
36357
77634
78467
11545
96745
19851
6882
64752
5446
87694
20235
9348
70287
63069
89157
64294
17853
14481
31416
55321
27108
40227
15309
83439
37138
15291
26433
3727
10788
18912
7308
65048
78148
11918
51912
63392
54818
75590
14656
1526
4302
16159
41334
15173
82960
24890
16977
8441
62468
20371
86210
85724
65301
71379
81425
49177
9493
29155
45417
48290
8470
45659
35388
45997
34216
62296
98196
86937
18351
21131
9784
97966
66336
34318
51287
56611
10009
54963
94387
67641
65434
94709
36301
30596
29572
26991
3978
59337
48940
53611
21119
26531
56443
10226
82014
32992
57477
37506
46588
66121
78181
61439
5438
52638
17041
14336
23008
35679
66015
14314
68545
10920
19092
12122
8014
16148
64580
92507
59146
67394
23276
9975
97751
26549
53799
38282
82532
33397
63536
69490
2195
38739
91221
3
98534
66345
25109
40152
25669
63104
41526
46724
93358
72683
40933
28294
4665
71377
31979
25210
75175
85064
78568
64139
70311
85725
17550
8647
22116
14864
96733
62508
31663
71099
43766
5150
92740
94483
27199
49946
99675
61448
50930
40836
79182
53543
94178
48221
5858
15870
52587
10321
93172
74911
76276
89548
85377
31966
47076
93997
92081
34900
766
17874
2402
27142
763
93267
94477
46176
85507
22379
24086
83707
92647
1264
80213
32318
69374
91940
7580
31232
5465
8708
91941
24171
99493
63101
72570
82396
22749
77695
96
25479
53962
59786
33536
95864
13720
39973
74675
22964
54549
66669
93162
72830
28873
62954
39384
5877
66957
1438
59388
74299
91113
99670
82190
49168
90254
35811
21445
29981
15149
70338
77987
54380
60050
38647
82142
25780
69312
28345
23660
18739
80746
92934
50762
49268
99660
45367
85417
9329
24484
41263
93334
57618
88048
19117
62884
79058
54084
69088
72695
38530
59272
2426
12624
6983
54540
19133
88368
1343
27433
55891
84363
61121
58390
33530
99275
59586
71011
35451
91166
43924
77526
91259
31741
4425
55263
7275
96025
70165
13850
13082
36548
74706
90273
49451
88857
79388
82955
27521
59626
30172
16293
64118
15140
97731
89484
62891
21121
83916
15428
59482
62089
54500
99831
69479
4966
19941
26189
68149
80067
68829
49093
66997
92767
99342
62446
85944
39188
41039
27364
51046
46367
1168
20746
26855
47276
38363
30784
52031
36415
6357
81185
55
73440
63683
93500
10742
97060
39050
35949
24047
88917
84719
29944
48755
50558
63069
76897
2759
23732
43268
4778
14768
4100
71678
56586
41035
53845
11246
91878
68697
91450
60578
22991
36535
72183
55639
5593
40780
1420
88411
19987
94428
93219
47245
23943
28410
77490
73825
10703
53306
33262
64639
97490
92227
99820
43787
38074
45412
80565
24256
60723
34206
34277
34582
72323
63358
54656
16578
65824
93454
22578
61436
13298
75489
83713
90684
64743
5485
48082
92574
38412
97622
20660
63845
38927
42660
21036
16827
86158
78230
4350
5621
58203
52976
53814
25525
87375
97200
81936
24810
81511
72607
554
36627
39264
89346
5795
4160
38987
50064
83408
77017
55021
40798
22747
26008
13205
67542
45560
14545
26138
73511
73990
84178
3793
69813
40638
62501
75400
47537
85404
97554
53602
2275
70663
94305
48143
68547
47102
10334
22503
71464
92128
57269
56708
54776
47000
47357
13977
93694
12004
88497
40498
65465
5568
83705
63081
32592
7540
81255
43714
74180
8119
70941
33604
10846
7518
45901
94229
95720
40068
92600
51024
32408
67960
77783
90341
74374
77566
93176
62254
39230
71171
26912
35082
17073
31073
3983
37208
62566
35530
70658
23089
42798
56532
4081
68897
1685
22722
23256
80900
74772
30091
50995
87386
41732
25034
81923
44390
29517
64417
83437
69065
26204
85322
92610
3829
20307
1755
17817
85105
86682
79605
67319
56297
67411
18826
63473
56238
88523
32296
16969
93393
93709
42310
22964
59735
27184
34986
52092
92250
17105
50037
47937
58973
25147
42924
31802
41449
38754
42788
87481
20360
37264
63496
72909
53373
32631
77226
84321
79870
4741
6724
58401
99472
757
34121
83773
96222
50273
23950
90630
76981
43669
77358
76406
83710
11712
55870
62892
58424
20004
29966
13492
26418
1132
87000
68678
83107
72061
5193
95845
61606
57285
78153
32487
88757
39408
24297
95444
43264
55930
16551
38023
46570
89439
35233
38129
51393
57101
33812
66973
21944
21499
85007
55631
26274
85139
87705
5510
98541
6314
40348
70656
79161
56369
28332
34205
45364
96772
62552
47899
51379
58559
59948
50112
16143
75889
54336
63831
27609
45064
64865
78449
70235
67788
92890
80620
72397
63848
66239
5650
60337
24610
25909
7320
76331
22508
33697
25031
59200
59891
57484
21592
44587
17621
92975
79927
29750
74832
53185
97066
33851
8213
18714
75467
50934
23131
19555
36785
9382
29167
98621
72653
32513
40457
44234
86032
10609
52987
7547
12938
72463
52674
43063
71277
86298
64063
11685
82032
16404
68159
3767
56943
52410
39958
88787
35888
47325
48331
37183
71713
53058
18349
93896
82204
23218
89027
86158
6540
43582
49312
84912
50602
62900
82677
23631
98560
16215
48993
49186
8910
27453
49124
32822
70347
95914
74833
44255
29539
66980
67265
47936
40415
78804
29476
58995
11971
67064
69683
14325
52016
32295
18561
68017
91754
45922
81072
20967
14771
16403
96031
99033
11638
21029
57921
53426
33728
48736
46313
33683
23177
98143
88705
828
43921
59024
49914
74291
3269
99655
77374
56660
65984
65279
55841
99989
63854
97135
72598
1748
21548
64740
72126
87519
79755
91360
60699
70592
9812
74927
45731
84035
90917
28514
3247
5158
38233
75243
21299
88956
96358
40979
95528
66781
87904
99547
98757
15502
82555
26413
71405
23432
69166
31998
65825
89512
56498
79746
10038
66226
37513
45196
40449
51330
17244
82721
2831
35185
91965
30296
64657
50913
95659
40176
45109
78086
54644
93197
28400
34128
66133
25233
21335
9593
65276
70067
31180
9543
7695
32287
83445
56222
25829
48650
44073
48421
9265
22192
89828
87988
97984
18795
45850
34583
59544
9042
13416
73825
26016
69804
95174
1713
26303
43535
82232
61913
41276
74650
39108
6449
16964
19147
21566
28791
95531
25469
15102
26304
83305
80066
94260
92288
99142
30393
17490
37810
69104
86092
53511
70980
41608
96649
89259
87011
89822
10907
40566
16094
40145
22724
30860
17849
81752
69753
7923
87633
39422
29626
36549
81606
75208
42157
64224
90602
53554
44022
48347
27525
39736
71124
47028
16354
36273
94746
68612
28250
14709
3657
86195
3611
9087
2727
26120
26292
39437
67647
99321
60000
59332
67253
44129
33964
63345
62947
27983
5063
28426
24116
98427
87301
44403
41276
55859
32944
3261
79059
35380
84011
20904
70669
76981
90084
64585
50327
82268
8886
59687
65039
50612
7704
9088
46816
33526
80518
93320
25753
16676
41962
49777
38633
97877
97286
28774
53946
68042
25696
66961
48743
64191
68618
80957
23387
4125
66670
64149
95143
12045
79539
32299
35007
37287
23150
30581
19409
99880
85703
51858
58051
22210
67398
33547
46345
4269
14139
88980
14848
85339
90376
85041
3818
49930
91851
8790
66342
63602
5483
95750
80363
15902
81982
55869
79873
54199
42772
26633
67324
74588
66404
42387
89077
1326
32338
87068
22279
80072
87129
24898
98339
86796
45338
60194
64689
40088
13985
26743
95588
75479
82513
61376
75064
23699
22572
87360
95466
34120
43616
77887
31796
57845
77809
7918
11651
29292
72543
40968
54327
32137
37748
21459
34775
99391
2892
83174
52687
66477
41633
79749
82951
27567
48210
94631
75777
18385
6704
45337
69550
55006
46629
49339
87149
52279
78273
41160
4513
85312
41570
38867
92462
5972
26431
56428
99184
81144
45329
34498
69688
83533
37023
7651
30084
66975
65572
35967
69946
34427
64063
53963
41793
99805
46487
37121
23292
39495
62185
56388
58883
20269
84048
19137
52767
91085
48207
87153
32386
9437
56893
82843
91585
69501
19022
88566
61168
15979
12250
13036
54040
89173
75597
58906
96023
41448
33674
55861
74612
57703
37245
34086
47293
19704
74715
7286
26911
13817
86520
10949
83553
47184
27717
25747
44478
15968
77603
51073
63389
84854
68393
42194
11662
5315
44045
34956
44836
62149
46867
51835
88041
91453
4336
41812
31234
22085
32345
34998
40769
90299
73965
89996
81441
83414
62747
79855
90945
51354
61809
8393
86208
27270
99331
2421
99153
33578
44180
80002
99323
30581
95556
20214
72112
60557
14519
97007
11080
61240
83069
98725
56857
54327
29443
82571
78005
755
31829
44276
53761
99919
33998
81522
72045
41693
42238
81337
89300
15565
85782
69923
14802
64319
98515
17292
87069
53817
44965
87806
82113
29493
13051
16007
42268
41586
71405
40678
89875
17323
71942
95236
96847
40132
77452
5983
43864
80768
22220
75394
89836
95888
41863
30640
68827
50150
76147
58560
14082
63847
2959
66594
30947
36031
39752
19456
43933
32431
38337
42944
43021
20929
81538
73989
78273
35036
6751
82261
91477
26835
68611
14997
21932
78231
51258
89328
51692
98701
75032
79063
14582
48443
48841
25474
38048
49499
5238
64820
96689
36562
52624
14045
47993
95930
67037
38714
93194
94683
29628
6071
49335
55289
80822
56372
35112
43271
22947
93733
87319
91545
97302
95955
3274
76695
45127
36928
24429
86765
53499
60360
9739
18015
40721
30338
31177
9690
16011
5894
54239
41382
62519
11497
38452
82328
59801
67556
4181
28771
49336
23219
66641
11662
9378
16985
13172
87201
10108
45568
49726
36857
97097
28542
31199
78395
65878
40947
78386
6149
36992
12303
49267
8896
81251
43024
48862
530
89057
83017
44326
73423
1131
89951
29614
82736
92014
85773
54183
76284
79389
45223
56327
10946
35126
68923
23746
96777
47988
62483
16232
93599
60561
93495
14555
62701
88950
5840
88107
31531
48576
81320
71759
84496
368
78956
90530
44642
67824
20179
98296
69388
41085
85080
99484
82222
27797
22531
24008
47981
97886
54631
58655
72267
74353
52100
72778
66769
57441
32460
53901
33833
92780
16963
20901
91241
24093
60095
97505
66697
4699
71119
76570
55190
58833
14008
54289
49919
53147
22971
23747
71852
53226
51122
7595
8942
33812
11801
68180
75185
65755
21961
3641
94991
48792
93503
70620
54814
86180
42684
51615
82633
13059
45542
49890
99101
3053
86635
77817
73113
22266
8773
87625
26569
47049
91705
31392
45740
43342
22746
99246
35696
95766
15658
931
77056
56728
54369
92422
41940
84409
81894
25616
65222
33468
11482
11651
8805
22852
42196
80842
34338
93000
62727
76398
89192
28882
5727
53937
94281
93075
72778
50443
83507
43175
63636
6111
13697
52320
84139
13370
60749
72850
31585
44199
2500
38202
18224
44081
73522
4171
10552
34582
87420
42167
59619
55749
56589
32983
31305
99540
13064
35223
82799
3232
97948
67393
5707
12993
95157
55076
25635
60681
44015
35969
94195
27354
82822
4945
84076
24737
75433
90582
72730
9043
16909
52605
73662
43266
48317
66413
6234
34075
68366
16047
24300
95200
18577
7705
65233
62301
37602
15129
76651
92137
5246
69818
37181
15387
95985
37142
64659
70278
74829
53849
36062
28147
81718
9677
28925
91994
4219
95207
54231
45500
29279
61870
4677
62239
85781
3747
55501
99431
73002
51153
49673
40878
31484
30354
6533
89760
12361
23772
21511
14069
14594
76199
43722
36331
57790
94363
74850
14016
53163
83066
48580
18761
29919
38951
7422
92370
93645
498
29761
45395
7058
45090
62175
76810
30735
8957
70351
90043
10802
13079
71214
70113
51245
53428
82495
2063
93896
53116
73971
18600
43793
28154
54756
2903
16722
34704
16443
44364
36507
73947
31249
59252
64958
29823
8147
69844
30554
89551
46910
28577
48079
74779
53066
79870
54353
54998
45092
16467
50103
98882
78227
63335
30066
68763
77499
52442
61019
45469
80800
67330
78469
73970
1346
15616
19634
13532
74663
33245
450
31035
60919
50310
64517
92572
42689
14593
16178
41439
1370
26987
53168
70659
68421
16048
98673
70736
27118
64710
56703
67392
45329
63079
71310
4234
87704
22697
27986
51725
57921
87067
90857
35094
15069
75870
63864
96078
67829
42302
62388
20515
29768
33451
79863
75154
84175
78776
4083
51053
4705
89583
68706
46702
19794
33103
77115
86616
77814
71780
15009
68518
6084
99810
63221
88372
11797
2397
11116
90374
19148
17575
5692
93400
88463
68231
93712
85090
98772
77234
31002
83176
86455
49641
81032
63900
34055
88463
73903
97232
48897
29125
80356
94780
63475
52036
3946
53544
86563
75031
69989
39415
65096
34098
18797
43376
12150
91634
42366
56106
33559
90323
42444
2067
16213
20136
62900
62877
31764
58747
29486
17797
26876
90113
3743
37282
90644
45528
76618
89479
91338
46975
29414
81652
59887
36499
1227
8895
85023
85858
22854
82043
19134
65262
91692
78402
76990
33856
36331
28421
95357
29349
27516
93196
10731
61354
76565
99308
34826
65199
94587
16516
91502
44811
33204
1427
73795
60349
78043
86587
70190
96873
78540
83306
61484
89111
54463
59755
52470
45796
7121
43240
80646
47011
96350
20729
73236
35860
26700
64974
78169
4799
80864
61780
11060
55086
98739
77832
16554
45924
28895
18614
82600
76765
9236
55628
73157
76739
21192
91648
87619
57322
2922
11610
33652
35433
69975
80159
61656
81717
73286
67708
1764
78076
97438
86091
44095
48859
89767
76773
30247
32956
99933
6212
85681
6704
65857
78932
23852
68005
78699
43957
21030
30948
70938
7823
95017
46442
53643
60851
5662
91104
40104
91626
43793
28313
29207
52541
59828
96711
10932
20511
11774
29147
42265
29595
47852
2135
58233
90389
39687
74098
2924
84480
83686
17447
50020
29628
25034
53946
37919
29705
27079
89993
64341
85996
59011
72394
20977
45853
95927
17926
25597
47563
4818
90482
53397
90253
71805
51430
29214
3110
25657
31197
39152
70419
51205
88039
71565
74580
65307
34382
52022
96180
89562
26435
35027
23
68574
92292
3663
704
57995
7565
89735
1020
35849
93559
10647
75982
1897
34865
60181
97816
47462
56122
26009
7170
80743
80793
96441
19498
49953
6297
80052
18121
82809
19524
37540
79774
82278
12026
35190
13529
25557
93934
47478
60070
70566
37949
56579
68435
37012
77068
40961
2304
40306
91070
92494
23139
17745
1167
19084
59316
44638
5487
34749
22908
48584
37886
47917
67189
58303
23936
87209
63293
31512
10430
59085
96157
32621
4089
61947
4208
21537
47083
40328
5523
44353
66684
96880
95496
36390
85821
73034
30790
94903
21157
26838
83872
39404
86022
530
12176
17133
63947
26380
30208
80792
28592
21394
6933
89954
43102
55141
27513
39925
24610
39020
59427
63383
5160
7845
61157
51787
22457
83510
11954
38801
31150
8258
62986
86312
40304
87319
70435
98644
36142
55939
94485
91547
40122
71623
60387
72585
5793
80068
81921
93139
32100
97938
35590
21176
23447
74640
40335
80324
14678
76149
73741
61518
1983
45573
92461
32033
90928
63103
98019
51352
73758
41139
14802
77410
51055
50961
29337
7078
68981
36892
60989
93152
47495
36030
98511
88264
80253
39477
16378
90004
53832
63595
90988
14324
53355
16323
4382
58747
66234
35279
80674
83069
78414
40255
32072
34068
55714
86100
56237
47869
1006
53106
43232
72031
50109
81715
53810
6411
84781
42745
26298
31647
68578
71900
87362
10085
18279
84609
68433
79353
13922
39467
76278
61959
30355
19467
60494
34194
92009
26771
6450
43506
26465
68265
58944
76373
32700
62935
27588
68998
34811
83006
74882
27370
32377
12075
25219
46631
4166
52450
26714
88767
82876
1431
26642
26171
27872
93436
118
77635
90966
86771
86428
34345
28225
81765
53934
94565
42902
38028
55255
80891
69340
37131
92199
21689
81410
24157
11139
26812
98588
53898
18412
31538
74460
3190
66058
80347
65033
45972
83860
13481
76799
10169
99423
48678
99618
18058
85121
16564
60032
1719
34241
72335
44899
37089
81981
24495
39471
31830
62742
53578
92350
43166
68860
45846
81845
47982
97330
98828
34819
45593
2654
4808
8374
2630
49743
30317
15673
2077
82219
95685
19502
77211
20756
47046
48452
6886
29751
34897
55189
56986
60369
41875
79935
76449
21277
54638
80573
65889
64542
97490
41633
6575
10310
12485
24048
91713
33601
2978
23706
52097
23041
8317
15988
38110
21254
47845
30196
3325
50890
69506
27976
57420
7206
1789
95508
18583
29124
35039
88902
18324
13443
66994
53687
44888
71936
7171
91425
34028
47688
60457
18359
1051
23958
97408
96358
96322
46186
70958
74822
18794
51273
40774
64540
24466
41579
5803
58992
28932
9381
69484
83173
57642
61139
87246
81114
65178
97730
80263
96957
35021
49751
11846
1415
82445
62208
52241
25688
3436
76693
3526
59983
22482
7721
25315
38597
58478
59571
14721
23111
37517
23732
87706
95535
87497
55300
3275
95838
55192
16542
19509
89528
99270
33124
38078
95227
32157
13360
82676
43037
70912
89817
56946
33090
10775
46558
43899
83031
98597
53330
49346
32398
67669
2436
45164
84918
61971
59017
2446
75285
80439
32936
50864
11045
58811
60802
83379
39049
69294
86045
750
59499
50914
428
54228
30035
65279
74684
67922
85254
99546
28892
71764
99512
48929
47050
55847
92271
99917
76118
32953
71510
20890
62390
73949
35738
1170
7814
78186
6277
72805
22777
60259
95060
86901
8832
66033
75767
69070
92406
88493
96773
46355
6982
16154
75290
92819
26777
12462
83502
23611
256
74609
71442
6021
62554
51167
76329
38925
46786
11432
88225
61060
81689
5590
57742
90270
66987
2606
26785
45030
75136
75503
96906
99762
15906
74488
3399
58865
86374
11942
93031
94368
88089
85499
49855
73660
77256
90426
33512
15473
78284
17935
64244
63409
33424
13132
76011
23233
83104
83309
31974
74445
2256
68509
5287
77660
54854
33650
54259
67134
43909
82803
89645
90722
76375
33625
76977
98243
45750
94099
95945
15842
51511
15172
40239
74576
55283
70856
77248
54914
93907
80308
13337
15655
7672
90298
95697
34517
98341
2028
74387
17375
91273
19704
10262
48963
1132
2545
40826
22751
35382
39950
48962
82884
80726
22444
22600
90339
26070
37903
84897
74628
26233
25381
87087
4854
75661
57675
44221
78720
52819
69290
31354
21974
44295
36217
30453
13544
13550
83878
18545
43700
96124
75470
35685
71227
35680
29417
9587
24176
49004
75044
92482
78381
44516
21702
68155
42496
25698
84116
78717
53315
72676
71984
10653
10921
97491
57499
70173
82548
16208
78395
98919
18052
51101
60536
57671
72010
44102
45185
36355
52346
9930
69612
92791
77951
51146
18746
15057
7112
40684
10456
44390
36416
44748
43266
37103
17883
48544
31170
72739
46669
8615
31158
88498
39541
8973
59952
46204
60918
33629
470
86508
60070
79940
33194
49332
86975
39997
94052
94662
9458
36991
94747
21612
6908
32223
35748
51940
89233
54467
63633
80636
74197
89541
9818
14182
51370
99744
45944
58648
64163
5914
59278
91874
81558
87885
61091
6605
74896
55667
47178
32589
72195
77902
99331
94434
13467
68818
26586
63505
74190
95856
3532
37402
71281
35967
618
96822
30215
10409
37975
7086
596
30031
3819
45979
57488
84474
95354
75349
67096
53056
82255
70938
31646
25102
49649
85822
6976
16120
30280
51721
1430
5530
87129
70002
39141
18698
80268
37654
92144
29565
68847
32148
39887
68082
10643
42216
69976
78143
84180
89314
80185
29942
55574
91522
50631
20979
59467
43571
29104
16485
44658
80769
89645
36086
65401
46328
6548
12825
72803
41146
47818
10095
51652
41821
71414
7510
81801
91135
94992
80751
30420
24422
17944
27210
9893
66553
69731
7088
60533
96724
44143
12877
68092
83788
46456
26424
89298
64128
24676
46752
98675
83383
32440
38933
60443
11804
21934
70895
5584
95123
15934
37631
99967
16503
37017
51121
6463
89297
85972
57082
33234
89719
12545
29668
19082
37535
46554
41779
29544
62238
6391
78771
8831
67809
70527
92192
42551
1799
33018
50706
17582
53145
87333
71235
35609
12487
7839
30526
63912
15841
35360
45797
72519
92686
40426
18495
94368
90828
51031
12732
52702
50661
9682
41126
27373
12043
46242
46439
77341
98736
5504
39761
91302
6532
92425
74542
18181
36523
76143
30724
7428
70458
4715
100
73047
71246
89005
85200
27523
3082
22292
43943
985
93771
96344
51886
79200
50985
90308
93564
54033
8652
20066
17474
49244
12936
36399
48885
78471
71319
70637
49433
26679
78450
80055
67660
16903
95980
90831
79949
69717
138
96500
9287
59132
63299
91407
39582
44476
56528
92620
44500
22998
28335
41157
84632
50707
28634
66202
13548
92901
54399
29501
36689
60389
29884
24298
18417
95002
98810
42292
17481
70971
93026
18907
369
92332
9856
28505
2953
96197
59091
13179
85602
4497
12781
62477
17479
1937
39118
56846
88710
62656
24183
36579
33342
24242
19853
7847
98566
51189
34477
24928
78776
69114
44838
85773
57656
89453
38839
79643
36293
80927
81990
18743
25755
87237
73370
39582
55875
73817
59670
93456
33816
7422
15571
63810
80662
47202
37880
52147
48064
56252
21625
28183
93806
42740
35113
16463
7826
24482
21213
25625
84229
68174
12222
66851
94259
96951
41034
25659
59808
60143
86120
19810
79413
13635
99687
3232
13931
16569
81010
75185
56179
55570
5329
73916
18271
39182
55999
64836
49137
59759
92324
23447
69662
8342
18670
84739
80382
76810
70833
98217
50930
45335
33816
64394
59698
60850
80678
21567
14579
86171
68878
51845
45970
83163
17483
7764
62496
19309
71325
28112
28553
81881
34657
63416
61826
41083
39435
77404
23695
50434
17187
54348
38798
41653
41241
51180
75011
2640
31014
91811
58881
54924
98816
76211
13170
29244
40378
90371
12419
73555
25686
62327
97711
63044
15912
77953
68455
32353
98344
28657
46074
98629
32275
29608
95655
6925
47391
4266
38684
43840
53017
43634
61673
77712
84701
67647
12230
57817
68145
22764
86398
89382
14559
93374
60631
89651
11021
87286
37247
76332
76122
51462
34485
18709
503
71009
56176
28003
13663
19018
33712
55975
78900
92654
14751
62987
35832
84494
45828
12373
24230
22549
33156
42792
73611
36520
34869
14474
95843
27643
63200
91457
43444
96672
98130
62966
79777
46202
92800
21211
55980
12592
24852
52552
44204
3004
20280
51745
88742
14243
50590
4340
72939
68832
32841
19263
59854
60569
39004
10670
43040
71059
37949
1442
81354
11042
76390
12557
13446
28792
50600
80281
56027
22718
27707
71720
5395
30656
53479
52406
9850
65667
55464
7867
37973
26898
57474
46158
19293
42262
57089
32995
69495
58500
39562
73940
47217
68112
6660
59453
98106
81471
10589
73985
9759
4122
65946
53387
8862
85566
85727
87887
67401
10384
99831
33582
16920
45391
48961
21848
64651
36386
64023
29932
73339
91888
97052
29723
77084
1198
73793
11243
22066
51762
43380
60439
11628
54951
56581
70868
5953
68922
22486
63982
61669
24496
93439
61520
84488
16890
72860
50659
72300
99649
62483
46670
35106
88508
28037
91259
86431
60193
52145
18459
26976
81943
91263
30975
74199
40841
77712
40647
3056
49335
30559
4664
2437
61415
68788
87622
75353
7225
58885
82066
36437
44727
46185
28044
95902
12555
85723
69113
5423
83051
32999
92047
89176
62384
75252
23518
46995
83589
17166
88553
41374
81434
83951
39506
46618
10295
40745
25619
39391
1006
98930
66408
46234
70089
91053
81515
97828
34467
11729
87735
10656
60275
91768
94318
91504
86498
46886
14582
58165
63806
21844
43102
44449
79751
33656
88830
3290
32838
9555
58972
74638
17790
31830
67691
3886
67162
40018
5518
99528
67398
16475
16379
44261
32314
38680
50842
63867
12625
63113
29836
37136
20888
24181
50665
77132
49473
90383
88417
93209
89463
72965
29956
52762
6092
1989
43838
59973
68687
17612
75962
90462
66073
27053
88455
96786
8902
14906
54072
67117
11168
26065
35172
60088
99671
5798
86990
43378
23438
85929
42752
95850
41967
94324
78800
4022
28158
4756
29317
62675
59946
99825
16338
78426
17248
19259
91424
73659
8730
33811
22507
58265
4213
76723
95395
41826
30880
3675
5010
8073
8816
63833
36061
34593
92720
16276
21860
41912
89878
74837
41827
6061
80241
52115
44219
10384
79966
13338
99851
78261
86458
69526
16983
51829
53906
2530
27883
19649
19894
53511
97241
57667
19916
28563
20958
96595
6016
46776
76067
18354
41337
57694
69342
6695
87239
53511
99481
31956
28121
2940
73322
13172
61835
74297
10626
78867
28860
69969
62242
65386
24029
8319
92582
88629
71621
29643
30277
43635
78530
21526
93489
83993
8043
42210
83097
62964
62513
23456
81614
47513
13875
18871
34019
10602
72624
24910
52397
7560
35670
32726
7498
73072
52602
12439
18654
30931
58945
98646
3000
74005
26523
93439
56627
26210
11023
94581
32824
62856
61713
147
87009
18933
17041
71326
25497
33838
25869
1673
66079
12424
61158
33988
41640
74791
39152
67138
51364
33937
31810
6662
15129
89838
38510
76522
81932
99647
15723
17003
96863
37975
5933
21620
55316
81306
78838
12453
67471
24209
9446
7167
77433
72359
30670
18927
96129
13924
1859
66101
24349
70979
21357
60177
39118
33713
44671
4201
38785
65285
84225
44056
69234
82359
70536
76566
46604
31902
39848
61056
8171
35433
67360
72260
7618
15449
58867
70252
91671
17626
28951
42628
29420
89981
77830
80937
95674
81651
53618
56529
5622
89320
27350
45649
32405
3065
11399
39662
15020
99603
96937
96675
72687
80778
734
69196
13019
94482
67513
92301
38160
55646
1361
50243
11478
48179
10929
7876
64928
3495
18476
69141
8814
34236
58189
49416
16076
17331
90509
94864
27704
75022
46142
15811
27137
82055
19972
6282
93227
74630
46692
32680
2223
98371
85652
73253
32414
43832
74449
19510
55398
81570
6800
94730
2478
24148
10924
57107
27195
65144
6270
57679
94677
2851
9931
92115
85988
35220
84247
35315
74356
19145
99383
1488
69751
99581
89988
5310
2441
32034
20683
7313
87023
43895
34402
78980
94553
91654
46613
76645
49639
52029
72222
36352
31399
65702
72435
31430
4380
90373
10394
6010
47930
38158
9335
79033
98062
5473
66470
54147
9339
2915
99107
55114
26335
8506
31942
23606
44628
24100
38733
50066
62290
74549
33170
10263
46769
66667
75164
28914
29964
1199
5617
63989
83234
48075
30664
21143
57367
8514
60156
85384
49719
80433
22941
54998
6778
75040
44609
94677
80994
13380
80280
29838
45025
6836
80669
28999
47448
36070
91752
73835
70554
5158
49472
64949
11568
34322
82510
36606
14709
27573
10124
88737
9153
28830
49181
7208
15619
9180
50102
54517
18376
72440
5210
83758
21336
39023
73219
77701
51263
53291
14140
38211
74121
3933
16012
81457
2215
68089
96236
29507
41806
81933
40602
36129
93374
34399
10150
94931
98720
27203
71337
69705
27593
84246
62262
33764
36027
9401
37577
15909
49643
25485
97660
64079
8253
45704
81688
60507
57483
95602
4168
44505
61573
7935
56968
11261
8338
58440
54749
57549
68372
36904
11231
60902
44266
21232
37713
5094
55087
55783
9362
46202
28191
48674
19435
83652
99130
3900
87880
4520
86881
66930
78980
11603
87742
20446
17372
45545
75008
109
94054
87818
8867
45919
82203
94176
89198
78971
79567
74759
15094
24108
36546
9177
23712
25724
28398
21749
4548
25068
54592
5003
47533
17197
81924
95751
70460
606
21786
12920
9357
30466
58501
80348
36081
30205
72225
65098
762
80331
56212
99547
14933
67325
91421
6325
35602
50353
10505
63830
81055
91468
52549
15993
96434
72855
79950
44040
84037
10164
78564
78207
4380
1819
4701
34841
73026
31541
72886
75289
42481
12084
81923
8758
69617
48685
10856
32900
71799
97075
92736
91835
1487
69137
57274
63814
10837
57540
67876
86795
35132
66675
55744
22578
10033
64748
37619
26963
95770
17084
29532
97952
20728
46474
7650
76460
59244
2608
75846
89623
56662
44471
64183
67384
64728
68782
94276
45670
4121
61352
28652
5442
67813
61647
75249
86084
64242
38408
80491
54112
42493
86181
33305
90581
32339
11584
84307
25778
72780
50907
6779
18853
65841
71697
68625
13602
6814
77688
49861
97260
40611
54998
67848
36035
1636
23197
93723
42026
25600
45125
60105
12339
78447
70052
71729
60170
36805
17740
2043
10811
12371
7393
47051
7008
8620
70069
97843
49963
89797
69858
93187
53004
31414
1956
45980
88608
68477
3408
57091
68247
2434
43541
92657
48160
9588
96974
70246
42899
23794
27040
89437
50714
78023
41622
76859
40381
57388
62487
5473
54697
88177
54465
9218
4220
45559
84676
41678
5967
15092
63037
9036
1216
1785
9709
46598
76123
13744
83030
55838
21861
21599
31762
54079
21285
78218
27247
49934
45456
86197
70635
56191
82095
38630
67944
44804
84494
34857
41388
43488
67235
88077
11735
9690
37977
43948
2274
60781
38553
24232
72017
33596
71828
71984
26836
81187
65999
86306
18688
27752
17196
92938
57316
62737
5489
5545
89931
16623
71255
74065
69774
21591
49072
19148
12915
86226
35350
44093
24646
19466
78221
47358
51858
16197
78548
58536
22011
44686
68333
24721
28763
53038
80902
79664
16568
54490
675
55132
51903
46694
63594
98418
73951
46391
49899
89045
62372
64726
9834
59440
36686
35457
89674
46839
67341
48091
34136
50476
49980
21604
54225
96861
49111
4387
7441
81930
53370
4959
38649
32772
67767
79885
76284
40113
61971
68772
37190
28236
78718
32076
98282
5418
81614
71861
32550
63991
27607
33540
90645
71039
63241
4456
59601
73833
91685
71947
31234
9117
31261
72580
98664
32581
9991
74281
24513
94866
68382
67361
6839
30838
53110
95480
39401
35470
62426
4683
54356
37539
46435
95843
6078
95782
10583
35200
11679
50872
3867
81514
70669
50124
42262
65836
94370
99140
73092
60957
28588
54712
94612
35443
32881
1557
27135
41180
14140
91745
48005
25927
79017
77437
71622
85693
13992
38980
69593
33390
22513
58640
71949
41573
14789
35324
73625
39933
18397
8867
99010
25677
25714
19943
10889
55006
63880
66798
62702
52446
37719
50247
48869
69293
53943
1834
99987
6261
5671
42910
7845
82391
16442
24052
81869
4159
18080
2256
86203
66841
16364
99912
73492
58109
30663
28228
21265
61382
9680
38917
23734
48769
16205
6051
4365
27329
10035
46287
16062
89295
15759
16855
49166
42494
33295
38824
68338
30429
41391
84877
4110
71493
64867
28853
68014
73906
58238
95571
24767
42191
54685
89919
82571
66090
34612
69338
70320
56582
33042
70702
47228
33231
71411
29940
72359
36553
67394
10255
37549
88289
17321
84534
46823
23109
93367
46991
85412
73487
60044
9047
59785
45116
81636
98430
40066
21755
7645
81359
38275
27041
98791
38541
44417
79738
79496
57464
43942
99002
82313
68783
10996
5681
63616
35568
9049
27260
42746
97787
85643
69912
37509
62196
6209
52690
72855
36935
33902
91578
83999
46886
55163
88502
32358
22670
28319
34035
91777
24456
1565
62806
26838
41419
44763
54032
35497
68990
83034
38480
87906
39547
13367
4402
5692
11376
90941
33205
50924
50527
64388
2443
74924
31877
72682
68649
51235
5495
61164
90942
44627
8392
40642
58849
77631
51143
35316
54659
27895
68901
59453
24547
60545
69141
56603
51072
82406
23820
16559
58633
33302
43208
22935
4304
54584
79501
46181
2526
48787
71146
83996
4704
91186
69947
64231
87838
34039
94759
17142
82636
255
94281
72629
18618
19629
54604
58155
3654
26230
79375
93356
47729
42729
86536
3419
74095
4825
9636
67008
28312
27112
22765
30466
11707
38865
59269
38017
37363
86770
64943
46866
59025
98421
60813
58936
4792
91225
5251
7163
38856
34434
14874
61832
10739
15225
37697
69061
33611
58753
49294
58831
12604
2904
44675
87890
35350
52261
19467
43140
38754
24260
3587
97470
42453
51916
22677
21144
7875
35898
10432
48832
10763
42619
22196
311
68337
29275
63577
16648
97417
76165
66639
5542
76590
99189
87759
53057
7314
41282
45489
32228
50864
96546
44615
53454
90813
1017
94246
78922
53053
71010
57925
76174
87282
62264
54366
75853
55823
65313
6962
32761
85675
17784
52297
14201
37265
73589
50679
706
20053
78203
42106
99637
69184
82239
24575
17973
87724
80976
73636
21507
60587
69638
48024
90872
70465
72811
87231
76510
1555
22881
56850
8971
50647
16751
18723
5787
11179
99756
51582
14057
99457
89254
4586
7722
10936
80302
15407
69991
77478
21572
24402
97461
92177
48987
70908
26034
38749
53545
87289
90653
74271
66190
81019
52819
84465
32574
16031
75586
69694
38156
28359
11659
37661
54996
47527
7193
7258
70341
74043
82457
26383
52874
89909
39317
3411
84468
1717
23600
7657
49894
53328
65760
37369
25468
28115
41411
24219
85976
31297
48672
58671
21674
60216
1692
98858
85244
89074
82677
24203
50519
65127
26974
25292
59030
33136
8951
93172
78693
35014
24584
97961
46805
96937
79674
39362
46847
6461
67026
20091
8914
20686
21387
14946
17979
56148
34478
68910
37360
34257
74129
56239
91161
568
35722
58784
21915
60104
14318
97497
25314
91669
28427
85825
29387
45864
60510
60353
96139
52508
47345
86324
59135
43274
96021
58
55762
44607
96920
41484
9092
97352
7106
13962
573
35856
68114
7983
14702
68736
23024
92966
9535
81477
48847
45942
97787
71792
35393
96569
27509
74134
72982
47946
68149
74872
5267
65373
93154
62781
7019
35400
72910
72410
68061
35263
22905
64980
69289
72862
65154
63101
3856
77247
70769
85370
7975
91115
2042
88133
74999
31725
24271
81678
70581
52098
66310
10972
60697
97965
961
50834
83037
79335
3104
26476
33780
92595
31871
6696
15108
13712
54381
93090
46913
97543
85611
29848
57800
6724
34940
92364
3413
64706
53647
32200
6977
44287
46982
78619
40059
16143
55363
41986
61794
60428
44398
59202
82332
70858
23813
5745
32630
57385
52609
63252
93465
36067
60128
30051
88965
48934
41076
74601
71085
7708
75400
41352
70574
74661
2154
6585
67789
29382
43546
8496
9836
25787
73325
97726
58153
8680
37438
9073
23444
77421
4882
95990
44394
8824
13542
23167
70642
1300
2168
56255
71092
89758
33614
57521
30257
16377
84550
55417
48803
47896
64348
5378
83761
80600
1105
45383
51343
28560
9374
7949
48016
69761
6613
47565
96617
23303
52976
23312
8580
31602
5849
96819
7805
30702
69653
5481
36925
37885
90254
36608
48336
38375
74523
84475
30565
88200
67406
65663
80162
28520
54522
51306
41825
85992
25278
98589
92683
35031
19475
99450
99631
56132
72494
41416
6974
87854
14482
43251
67975
30711
47701
26225
88586
65848
60845
89920
57275
66734
28439
48938
73269
80850
82212
28746
63577
27590
48449
11785
92674
41002
47105
5601
24581
69615
16457
9443
92682
73123
87703
19283
69121
58443
83792
369
25988
10639
77957
42195
89671
55086
1345
69165
53278
74131
71762
92083
89676
1471
45265
29653
32259
75750
40496
86921
35580
33526
65343
71143
58548
8209
26906
93805
802
64987
74355
16035
28945
26159
12055
85337
14750
42701
86560
21452
20048
13294
16535
8167
91726
56
99523
6694
33857
11596
65458
70774
96328
48285
13699
97977
54866
52155
56430
95077
32860
34861
22673
81100
36198
68030
73847
55446
99700
68654
28231
49610
20830
30249
92807
55916
25684
8052
27274
1664
34770
25059
41693
66380
87932
14664
18378
2812
35382
16039
19143
88863
96643
29093
24255
67823
15640
82270
51930
48814
90843
48149
38155
70924
83677
34310
48086
1796
71346
55767
33340
49670
90441
52974
81284
49456
32940
95420
26440
52021
5558
50007
96697
48223
48907
24101
25072
64529
36473
50356
97330
74885
40041
72038
6815
58197
90530
40490
16120
1269
1722
60774
97610
28893
7257
63824
14811
73668
81261
69916
13904
1991
95876
99216
45625
3818
95017
75251
66041
25525
41822
20387
33877
8832
80242
50118
61593
69961
28031
72185
98529
33410
98978
99748
4043
59976
17784
37038
45015
14253
1682
52492
89751
91191
36629
35893
69081
14658
73009
34322
70030
88128
69275
2673
16086
49089
92008
90968
44778
85133
28969
56182
56774
57710
54974
56085
32145
96267
3768
71948
53482
73039
67984
69233
8881
38409
90461
74764
73615
81004
29653
26246
84290
6166
53636
96704
45577
54381
51906
45696
55113
87717
26036
10310
23578
20415
30945
77566
23857
48620
43343
72014
36778
68463
67001
53198
3153
31136
88272
79063
26990
12300
10220
8692
63531
66938
28556
98901
69602
85705
10225
86339
27368
6900
10676
23406
37265
3160
87327
91553
80222
1036
89647
44247
11946
32271
50340
10631
52204
52832
55586
53691
31849
73734
87399
94687
24762
24656
77673
80116
38102
96983
79499
66404
24508
5311
87900
93327
64735
84668
56365
35908
98861
77234
57293
21068
51454
60404
24387
21985
41526
83982
56742
78012
6103
35007
3932
9035
11974
19229
15438
3649
26519
12444
85060
63239
600
73610
38082
8240
14648
61105
82974
92715
92178
14400
74845
13713
36570
37859
69514
35934
23842
76622
82386
7549
8073
63129
72638
20348
45153
40453
53934
447
64315
1725
13807
39024
10897
5943
56473
85940
53712
50554
59335
37720
64609
38810
25011
8202
7474
32190
13933
25252
20581
98883
20184
98980
19316
37561
57442
76055
15616
15915
30206
86707
49365
94524
4896
81700
25371
49037
32404
7390
47772
17787
78683
80017
50477
97701
70979
23675
50042
46539
67553
37559
26643
91378
52494
89555
72205
91140
58972
13023
16630
24180
21459
65697
761
23807
56876
31814
38474
83086
75400
71827
22350
50456
31886
30009
80074
92996
3169
45991
59239
90348
45082
11705
84191
22526
37254
97935
69767
22396
32094
71160
65624
82627
18879
77645
28315
8552
9446
72954
18833
56158
28138
82551
82588
93941
39573
57621
6350
22236
52000
41939
92012
75015
1963
32432
83646
57611
48534
61211
82998
68262
77214
31687
16410
78813
7575
99258
76944
15997
41666
6212
453
37826
44556
86989
67097
81014
77987
66215
6987
37713
26742
48707
29501
96414
21192
39967
60739
28671
16656
64413
38542
48167
10672
92975
28399
23653
72431
5774
2218
14368
28437
75657
33977
24414
22115
12858
44857
89343
22157
85685
69109
94566
32949
60315
61454
91415
16741
41419
6308
30683
80809
53367
69379
33921
92550
36468
73004
82720
73595
84523
39039
37815
64371
55820
30402
96181
46371
9539
15217
30292
35622
50435
76418
86271
66931
3774
47251
30325
69623
93462
57683
55078
72053
21806
55881
9242
35479
97466
51749
31249
84367
94677
17825
88997
9454
61266
26484
44363
77120
36490
49043
10841
24643
61939
964
67201
39746
15985
48192
16027
47858
23302
99044
82242
6920
1958
78933
4116
1652
9638
47789
18077
29535
43922
4646
90349
38588
48989
80962
48261
59438
4051
82037
12338
38966
68907
77232
97168
43639
92120
38282
55535
42729
82559
61612
9459
49781
78434
63418
2453
82739
3451
74681
85991
89886
78596
59937
40309
63857
61139
57889
40423
45473
63172
67434
42371
57206
52142
31801
22095
31654
49207
84388
19988
36112
45091
51039
74334
32978
69128
17419
24576
17064
47517
40317
4788
19746
7121
84679
16320
71360
9623
87941
89172
92076
33055
29925
36176
98644
39584
80852
93027
74275
15922
88545
40590
6108
33976
56401
11750
11122
67770
78142
48408
56966
89137
91756
40615
97981
87835
68810
48210
3741
33742
87905
32753
14469
23017
97213
82109
52358
78886
12180
6799
11010
82860
50583
82304
58080
92417
51797
39024
91400
17021
88135
9283
89793
25177
60763
72613
79460
82822
45344
74830
6333
1595
21674
67297
88702
61446
98179
45710
87488
54627
38831
32216
11703
80906
9242
66064
81424
69347
32384
60128
16298
26869
27288
16420
74478
72155
37406
78546
74316
74264
28475
71066
47923
49922
86708
19113
71789
53561
20460
52424
9749
30363
18999
59777
52918
21968
52668
17793
46209
47072
73829
45273
2186
23557
24198
51806
68224
62875
60712
2321
47783
17843
73745
19737
59860
67719
76594
85260
88868
93448
71117
99725
31801
20851
98496
85967
67570
47682
58354
53367
92838
85502
95385
82399
48573
27474
6950
53047
15947
96987
41166
23206
29610
71260
91381
94127
47891
18287
18137
78575
90872
74069
13048
80738
62817
3566
17600
4741
25985
42371
18801
72150
28884
71936
44496
85783
72407
47104
86091
23890
13476
97985
47428
72343
13225
78039
79804
47040
22340
72348
49949
37205
24509
33317
84387
86315
88000
93104
42344
68168
75733
53977
63916
82690
84350
23915
1374
25605
91020
12627
40553
83443
68094
75057
39357
20133
27992
10088
10424
12368
51964
79605
93809
76963
90983
65340
30113
365
69194
73117
92911
17787
29252
13830
1847
75359
92344
30338
23350
51116
84848
65839
68468
75774
49198
76909
38222
9046
35819
81906
3678
31427
17902
16763
36714
2524
53514
16957
16647
26474
22868
74778
29159
54307
24704
76974
21958
27153
58999
11049
74604
65585
74199
69591
44704
65367
1703
63035
53898
73646
84501
39899
87171
53437
25903
74004
65436
30629
46170
67597
40423
22248
99058
27242
35141
28964
36510
65111
85421
31420
78927
31044
13910
27543
6613
20720
23169
94849
51454
19774
34790
7920
85420
39685
77754
50082
402
70755
84730
24962
66091
77969
70390
48585
52150
7473
24285
53089
10066
79139
27008
30820
87090
35032
82214
72995
45694
90046
47724
46818
71494
93818
43926
85249
47970
84052
29367
84086
89707
91660
86169
37366
85264
2122
51785
61266
50998
92883
80034
82174
93296
97976
93556
26157
7158
87560
82833
78392
34053
9253
73268
31453
74931
19572
35758
25668
87405
96078
90350
26461
34799
31732
98732
64517
43807
55679
74643
82888
28038
31573
82569
83552
77932
45080
77276
68315
3567
11480
45130
46459
92320
70377
30029
80118
68666
80303
46561
15774
56703
20181
40979
93179
63697
62
93801
78228
79146
61906
89128
17101
67737
64442
20037
45867
3034
26791
71276
77010
11824
53997
80806
81839
59553
72173
63435
97458
66414
81391
34596
43218
86445
76590
73179
30517
69574
14478
68129
18375
89542
53961
3836
94151
17699
99494
87755
88514
35533
87435
16152
28183
74413
67401
54489
87705
51485
62742
834
70419
46244
39129
1162
197
46828
60093
3288
72653
47137
3816
83115
10401
97032
73222
43491
91417
90041
70718
2735
45577
31259
68934
54324
49964
71291
62674
1654
39612
27464
96328
79334
84830
83758
81615
8585
83291
34030
39366
57824
78760
10870
17489
82041
30983
95650
21901
7858
1606
34478
12677
42661
35270
18262
56381
10036
1750
70445
16140
40722
43837
75223
33543
96716
47959
13443
34391
48274
66071
15208
4364
75942
91402
38842
44556
12672
10844
84617
62692
8283
26900
67095
10879
81952
18330
82644
7988
40621
49273
74936
98041
14241
89312
6236
41302
8998
38754
16597
14389
23964
80637
77709
79701
3134
43608
67552
72797
13363
73157
99377
89037
89108
69798
90951
25713
17685
23691
58439
72879
82609
71834
40943
1343
13558
87816
32427
38074
83786
92995
35544
94155
13945
73810
87859
16899
67036
36308
92221
88105
51688
7205
64078
93389
88336
33567
1298
14173
27191
52413
99876
93265
50870
61755
90406
77985
10566
20345
4410
35063
2155
68958
14432
41695
17662
74138
88557
40059
28117
13507
69060
84946
10224
10337
41908
4200
72483
86693
21005
74217
66459
43220
12415
45407
34479
27073
61970
9956
74821
39032
65660
22705
63485
64344
2786
28692
48606
95192
39150
1216
77883
26058
8521
64318
61346
83420
70390
6434
76097
2331
65867
85017
81973
50898
96972
44829
92784
35505
89222
2283
30438
11721
933
7820
89781
30067
49170
16239
60622
4400
10476
72760
97508
74923
1345
8177
3632
41755
81962
96222
44382
96357
58369
39023
47000
88190
3871
77743
1038
59757
19126
43546
16606
18319
616
57707
51173
724
90307
56114
20514
9927
3929
84133
96675
77644
19232
12430
85391
34209
91266
17154
2511
5831
91458
51697
13209
45946
49036
27545
28923
33307
6807
24789
85985
40751
84731
80435
54435
7456
50441
89699
46765
29441
45835
59116
61900
14287
82904
8984
75346
57683
31252
52720
9799
67940
51458
97634
15660
9482
90855
94814
15821
38333
97693
40417
57666
57516
12048
79368
72801
23833
34264
27846
29156
9633
87604
68464
68723
62010
70207
64598
55022
45205
28946
45676
5978
37474
11126
55175
64197
36851
85636
46979
33686
38713
91675
29248
75318
44426
96028
23758
4213
41317
44549
26493
65435
29516
95657
62999
3372
60047
42537
68777
40055
4074
91665
57212
25979
4772
81841
13890
20919
2488
52790
8652
59244
79761
23557
52281
50704
65487
75059
82888
68978
97862
15364
12430
7814
3525
1854
40291
99244
79668
27657
14839
37665
7510
83845
89506
74113
54094
35944
55961
27574
64414
71443
67165
2978
31147
9167
6829
99814
53596
54921
70619
54093
85154
64328
37500
48536
50161
54375
91801
15558
91851
69907
88259
20479
18110
48898
60675
17693
87876
20910
82192
39160
67881
32045
2425
29196
80202
60590
77378
76938
79512
21906
55371
82520
58043
13285
48364
78789
13267
18424
14429
63533
39930
22332
60753
18277
86822
5340
46883
54532
40458
25431
97449
89199
21628
57785
13733
51135
68401
14230
91995
70544
96165
79106
33340
58057
22615
78960
52000
19395
46960
57252
8179
74743
24420
53367
97318
56905
79953
86055
91302
34475
75940
41112
73450
44879
25052
11819
70917
82541
80134
11642
95324
78861
20295
18765
61490
87986
44696
79196
65950
12260
20491
79361
48926
86167
45644
97336
97925
37117
81699
68183
29296
54789
59158
23236
70966
93870
20812
56056
15261
80652
70860
62382
98218
32789
5795
86983
92144
14025
35108
45661
76874
28892
86761
84258
16483
80002
91256
86804
3122
54933
59298
17215
51524
42310
41605
30800
88433
53694
63760
99538
80977
47535
51335
23143
56519
12988
54364
64355
32763
4705
73597
15656
18438
41569
87118
41690
32358
9354
46955
59551
52530
82055
1807
99701
93959
11330
73299
16559
20928
47379
80718
12845
1060
37290
60282
9848
61081
14293
17879
57207
70839
72398
58569
15920
59416
97092
36157
16606
83627
29637
70345
32940
39943
87781
25297
44747
20541
71757
95013
12694
12838
34371
99399
81151
35579
56209
56651
11573
9764
73493
39960
73941
78696
17189
11851
41898
43811
98492
77402
45827
91094
30309
2454
69263
52151
84515
31529
61559
30857
14907
72799
82840
2663
40416
82658
25179
98810
19736
71389
82707
68651
91599
69122
40915
65169
31864
27495
94409
72011
9435
35338
13275
30858
88672
44278
22940
75430
18551
33054
107
9521
67809
80165
35145
28808
10014
66464
60821
59749
65908
93268
58949
51730
54072
80313
21667
87064
13629
73728
13666
86805
50230
20081
87611
16524
76841
89228
49768
49270
787
84625
20668
37047
21362
87964
5470
27500
25138
1320
24768
90527
78423
97876
66016
58973
29188
68034
44858
62207
6119
89884
19751
33124
47361
79346
62199
32928
56181
82238
26951
4141
95307
28201
41086
38656
63490
22054
97834
93591
11920
99292
7986
6446
66199
43361
15703
10864
13415
62305
31788
24043
97193
36478
32207
55356
27439
4945
8419
32394
72086
89487
69771
82958
18965
11560
72773
12816
51557
73960
29601
46061
64556
51776
18717
2964
83367
27583
16670
10512
22228
36345
1805
43231
96090
74858
32555
1090
44565
33748
13075
33453
7297
92899
11883
10110
64227
38738
87269
99594
38831
32135
1208
43827
89881
16409
6166
17014
58587
61074
87050
4096
11584
16975
77297
25377
84587
96228
87698
47960
88583
70460
27258
96558
66379
44318
27512
78784
98441
59500
20594
43219
76692
66213
19682
69772
1868
11178
30065
70807
46568
66814
28943
16069
26590
72262
97388
43059
63889
84016
98005
18693
75800
6768
3086
18609
69671
80932
4712
85848
71900
23321
24512
59855
50761
97288
64948
66972
73273
59448
56322
87133
72544
97703
43103
82689
33667
34595
401
74810
57281
41970
26410
2890
53309
76753
40001
8250
27465
29306
7695
85034
33136
56062
6530
19714
11008
23058
57089
10439
49779
9479
14909
70794
15321
80849
69040
29498
59779
50057
64086
80282
28622
51822
32068
16076
53065
25030
84361
8909
23653
25378
24799
4026
22201
3039
98574
32496
52143
92521
35582
94578
39535
53914
2070
32611
68805
95904
48950
45235
67985
48765
32845
598
85547
35048
86904
67376
92273
31280
7768
20845
97839
52001
23791
47149
18346
60191
65334
47164
55273
39311
72190
27232
34368
74709
44769
73899
71034
11032
84356
32401
89122
23266
66252
7475
51342
58660
47673
80794
41769
11030
87747
72831
69628
77979
21712
27366
85816
69763
26832
87756
96194
79050
95829
1077
35323
71678
91218
15400
31819
56701
65646
23447
38858
60605
9157
30357
5163
43206
58076
72300
87877
72826
16223
72711
43134
180
16792
85770
21207
22318
82286
89058
96718
81692
16504
26326
11764
81878
98236
72220
62476
57108
96201
4425
25468
689
35917
32320
21748
34930
24628
67948
31448
69888
93982
11369
4619
32432
49371
5788
82586
92452
68325
66434
62754
42475
30394
87942
17631
49923
26453
69452
14866
61055
87528
6155
75693
81027
28792
29400
32318
10956
73525
24957
96727
89933
54837
58152
51286
66676
73932
96639
22070
9771
36745
18226
45296
76922
54832
47817
19247
40073
68815
40284
46415
68835
16288
17314
18609
91415
99642
93280
66718
83224
30324
95715
59157
24996
22935
13481
13203
48194
29343
9882
81918
49092
28238
15124
22766
65388
11725
73348
67705
13707
50464
97488
56089
58565
35972
66928
20283
13104
43911
79166
33095
51802
62372
92867
84903
10250
34362
83728
88150
55807
51016
86830
77735
23222
69448
85645
8143
70727
93701
7193
15504
50478
80154
69163
80931
4743
66824
12444
92800
88050
23443
6196
97069
6007
96890
80960
38369
77411
77425
31521
69588
61552
83165
39073
10597
76706
49643
57761
6375
89134
56685
1806
8585
34837
22098
58803
65441
65454
89473
44359
88660
19810
46994
42918
12900
60433
34505
22014
34134
28082
75215
97376
56735
97207
82031
81878
70060
16751
67882
78388
67658
25061
66264
7719
42744
68005
53948
20554
22343
12735
85986
51159
34954
4516
79575
98138
23328
69613
1957
76577
42428
52508
76170
62160
21293
314
86516
95026
78671
26879
28987
39977
40045
97423
19547
10246
58960
79906
77900
40564
17129
46044
82751
78799
36567
13627
49496
16818
76822
63120
54979
95182
35236
53796
99476
19254
92753
30555
61535
22071
78306
54230
24464
50374
81442
20818
2569
56433
55942
50190
83350
84471
27643
16203
40781
86963
86447
84748
84231
12179
27960
57404
18454
30696
57029
66606
23075
30934
47519
4000
94309
64331
10843
92185
98719
93421
91071
85329
25078
61227
74286
78288
31853
34613
11090
67022
64192
18120
44901
84346
62234
4737
60892
39030
7571
8371
34225
48607
93801
47284
83915
26635
28793
27761
53228
54859
63738
2018
83959
27696
72631
85657
28667
95242
8103
42451
76897
69163
41643
74033
7726
13130
73443
48480
90261
75587
39085
16788
56445
31803
12827
45812
2889
64002
69391
84686
99722
50705
17302
85451
81118
50131
87007
16253
46242
77408
11447
87061
5372
38980
36770
28978
45246
12255
48567
78451
36151
45157
58168
70958
34876
64869
26893
95225
72718
95655
24700
51941
96648
75023
26023
36458
62888
97790
31235
43517
73207
81815
46128
50719
66551
49599
78873
12047
95592
99614
80714
29120
47574
13602
67945
67397
95939
64418
60243
25448
66701
51008
33108
18458
9851
87112
44609
59876
87017
85781
97398
96349
16494
36211
1127
82324
21318
94271
88133
28045
79841
37770
62960
59689
28903
44860
43795
23933
70310
73622
37889
89093
50265
84720
17737
89265
10071
93760
69144
99261
18966
13756
35532
89983
37274
81591
12369
94266
73661
91015
13658
31119
71388
66568
54749
81011
14844
42713
17643
29723
48056
48003
64042
94579
61192
96986
1233
95279
40079
28060
39168
30361
28833
50167
88826
62601
99727
38599
34656
16307
17777
88605
26187
35097
1646
67387
62341
73089
33899
92859
28772
30946
31022
63056
44708
65304
19117
11620
19072
86807
34328
54688
93901
74587
65920
87754
17203
12862
67843
91817
90313
95491
74677
83012
21740
45744
7403
73832
80795
73369
36711
1864
28274
8470
69564
67263
94370
35862
60861
48081
60009
25549
20358
19567
42675
26505
81670
66809
47340
2210
75720
96030
47680
40496
36220
35199
81810
11479
43431
83250
2837
19133
94660
54659
17322
40252
60053
56948
74263
41618
43402
18596
84928
60309
72716
9646
54917
34021
34023
86024
72696
65658
80498
55116
92665
42812
67836
11956
42608
79666
73237
80094
71014
27986
14294
68911
39072
10422
61326
45588
47448
61680
34314
37475
11194
84852
14047
57056
84473
12724
87319
66652
107
16265
52310
68183
79208
9676
84073
31846
53562
55013
41418
41872
27553
1627
5649
66066
86150
32042
39194
22243
12634
22515
88079
17137
4330
30413
54227
18794
9697
74553
77259
53303
60858
41747
16040
1154
74688
24772
66485
52441
32293
79893
87673
77067
78587
31230
66410
73839
14610
98300
62607
4452
42223
22273
44463
14706
55333
87524
7483
2671
42482
78042
89653
82526
53849
47613
64700
7378
64119
51496
21653
89713
86820
82181
97144
92819
70536
77053
69011
29034
4280
71279
11519
96603
44396
62908
27229
98026
77886
48030
16748
17844
38592
58297
51403
26389
2298
37706
18949
8267
36704
16828
46942
17074
38028
65145
55928
27277
13565
67901
30882
28166
9227
26214
1822
59117
84133
4904
17742
93053
62281
27358
70458
6204
5856
94907
6336
81825
40659
28702
98488
55663
94702
70467
70979
47520
91120
12022
26576
66429
51788
72930
38570
94761
40159
16968
40226
68638
26382
15339
41492
17967
31003
21448
77528
61868
84739
75939
97608
36868
51544
34717
84873
19653
46550
89986
99992
73407
58276
48990
46994
70886
96906
76944
2175
94454
51401
17110
30780
52561
85338
168
580
35140
47239
43937
53019
33416
92192
67159
22391
19139
47324
33036
30795
61871
4045
44893
26289
60403
95709
41079
12851
87149
8586
11690
51094
17713
25212
96694
23939
65515
85183
17282
883
69696
48962
83531
25495
67059
17738
28281
60417
15555
70931
20078
46323
63185
98373
90359
4226
82720
91919
46469
5414
72597
20034
25237
39937
59422
15404
41931
19145
9359
37616
6494
5044
78631
13919
88812
73311
10545
37557
81614
87387
78054
86610
97543
76884
38768
18451
21750
6559
25098
74124
36426
13568
52131
30437
21813
79414
98785
84526
8665
46435
75010
50976
98400
20411
57597
17490
9704
49896
94471
29877
64218
47767
84210
28236
79611
80228
42128
78795
38684
1117
95253
25642
55404
37749
21242
6118
39726
13863
77982
49398
87941
46853
46023
39813
58411
39836
94470
6992
64481
70662
25273
71869
30561
81643
81961
52054
66799
24052
54644
33601
4494
22319
55909
59805
34191
55352
17215
99515
68931
3626
30201
91286
21714
17410
40355
45905
58725
2955
11526
32364
45213
56204
2794
41634
55046
90826
21937
79683
40870
68155
15008
16584
84400
44777
12574
88472
72149
82526
16629
27798
88442
72306
88182
70661
96068
22159
32121
47161
70992
95869
38049
80731
68863
18895
478
16153
70574
24424
10380
63783
73572
1835
15929
76086
91653
37279
88196
61551
41700
82971
70177
67437
92437
24275
78617
41172
68224
98623
58702
8785
50449
51172
4252
63568
97644
5762
72026
57972
72381
76634
80480
58455
41966
62041
93571
56062
97938
2501
90044
66519
29183
87586
45542
10290
54457
12610
78822
68217
71048
50471
58789
73261
26283
88278
217
58687
6918
4890
51490
16104
72375
31026
67952
65126
73927
59608
66017
35859
86332
11567
45224
2723
61482
79368
7593
35642
45705
91729
57377
30375
53250
50011
32259
92609
48868
3142
5213
90365
20467
87979
14425
46473
55232
2598
90559
81288
83891
2590
97176
50475
82980
77170
26541
48392
21866
5505
75822
58233
26027
22358
80814
58131
60594
43279
92620
64865
10526
16520
98381
11453
76951
32777
67076
48459
35931
44552
77171
75666
20535
44028
93355
53240
96753
68704
65232
47705
16994
22016
98968
26819
72641
59300
84146
55472
71034
99542
26819
14721
57758
69744
90731
58228
49268
34503
58246
70050
97037
16366
55471
47992
22933
43177
59871
58991
92325
67855
39571
63530
18678
96410
41483
49676
61424
26127
76623
26067
5472
96100
460
27445
24168
46323
87580
7221
42288
95258
43108
96386
65786
53067
87319
98861
88659
34807
23031
11428
18406
66194
62939
13744
69386
12067
5420
54279
24316
39979
76746
82319
90535
31151
48364
94256
73087
59299
23237
88437
94414
2421
14977
6911
52678
77556
62766
71621
32117
61019
26616
49195
67510
1341
98701
5918
31683
14286
78623
37450
88200
19500
98855
75352
96980
4649
47015
25448
11849
62550
75176
65958
57522
85037
5378
97676
78932
79547
25370
31380
23997
80328
81157
79800
60057
37028
11019
90184
68708
56176
69287
2503
10042
99495
87211
5987
97417
78183
90592
95087
13864
60543
85067
9535
66273
77430
4906
57791
67337
90389
21566
52527
68145
21011
51235
84959
10965
65372
40603
94115
34001
18909
34121
3220
91604
72110
16120
44067
66956
51900
77820
67930
46945
60274
57392
49905
65662
58915
17790
43722
36425
6263
99582
61610
45076
26192
62870
99188
51372
34808
63551
8483
43311
35592
58280
40227
39483
22167
39444
59597
35873
4093
38878
39678
25784
39907
50461
25106
11597
17098
19010
56802
59928
7252
48766
84952
25611
63314
50817
38058
67459
235
95261
87739
37505
53030
28905
98794
90258
70773
71553
11284
85194
98782
40427
97805
3376
4870
43124
26870
82547
56444
63353
53179
94970
57504
88450
39053
49272
58062
22184
83351
43454
715
61079
19615
62059
64395
78671
71739
80959
29436
3204
16076
43373
54066
43270
24668
4846
31728
77531
38000
13266
61264
15271
22378
26482
35855
46286
38301
43873
25368
80080
50573
39969
57483
42835
23907
21297
79786
55647
58347
99108
64352
61442
90570
27757
80366
92852
21183
14678
97620
30420
86196
3121
5848
10545
98305
29413
98485
20710
98301
55146
55683
79933
95138
9231
83167
94004
73212
98264
408
44924
95566
29030
69301
91837
40706
85263
77542
27800
76554
59180
13829
22085
41687
50257
33481
24283
8053
14455
84615
98286
89217
70389
36708
76658
37384
27406
96860
79805
90014
49347
18056
2091
67096
79625
48720
99227
8870
63381
87437
1175
71152
22228
95865
90353
76588
76728
51798
3432
16665
75212
92599
73418
1084
84872
77551
6387
8020
16640
30260
85940
34908
15478
94320
52943
79356
39217
43972
94431
81868
62149
54360
74484
27335
41777
86723
20475
37256
75688
11476
5629
27939
84295
11643
88350
10082
27654
33751
26341
59578
82314
90621
3196
69290
57142
54401
90573
29808
95521
86149
34060
92776
98211
88155
55220
44353
90601
2200
85321
96606
87912
35863
86205
97542
76398
93094
59182
3944
32051
38513
71020
54894
56367
83946
13400
9181
56902
42418
38696
9447
84574
24775
64424
16365
4561
8169
90810
44724
35902
41962
45246
82946
14841
84882
91532
2165
43811
61004
5822
44801
98228
80081
17483
15940
74068
93103
302
39048
11146
5781
8581
14004
70188
15742
58518
23823
4021
67799
73387
24818
32212
26447
41918
57961
59073
49754
33232
70054
88106
58498
33362
91169
84076
89098
16007
16976
5918
97952
63681
63935
40294
77535
60584
74861
34127
70686
9945
65635
38514
59929
50027
15024
46001
15865
48045
85670
86915
2115
3306
20395
16969
20826
53871
4541
19039
21169
31715
58182
72047
3217
74741
23479
4575
85891
73748
62180
586
14652
34391
13756
70188
57666
78397
44131
97207
51262
63886
68781
36611
23008
68257
94905
13538
84233
72183
648
66354
98458
82404
96185
48235
73783
98254
44227
5560
79959
1773
42350
67618
52362
58835
31950
54696
81255
85989
47869
10475
16049
20615
76019
61222
35334
55063
30981
1851
1380
81295
18039
40936
30136
89229
75199
67000
10436
94352
51960
75029
62540
22585
58591
58396
48446
7633
3534
73737
2172
76649
47091
72625
34055
28571
69548
86351
34409
50736
96225
15606
78110
21755
82269
6501
26464
23587
45866
12184
2222
34239
56905
84187
10201
41561
31275
44825
77899
72564
40111
99507
6100
57034
70105
65229
35218
65070
7018
86178
20092
75505
46306
66807
67723
99712
69167
97517
6182
81322
17424
94160
48168
10015
68138
7501
98512
51891
99654
92896
76037
45154
13126
40427
27684
75790
28290
99650
47111
25348
76420
56099
10676
53213
11484
97604
1055
68960
14656
85797
15773
73253
68643
98404
59398
31380
42512
88655
45382
50475
46820
62131
25984
53086
99110
35123
93215
49945
70468
81909
66683
13057
56491
5559
11172
71705
55522
82943
75951
38945
56356
90160
9338
73848
37368
81975
30620
10786
48303
44773
48878
96484
69849
8536
25521
73356
31396
40274
51451
54958
5010
94474
6881
26601
58997
94657
43234
91369
14218
52909
47949
14053
39984
45202
71152
18920
54371
45263
22815
19117
16217
23700
86525
70755
31289
80017
29834
33168
83763
72361
96009
18354
84351
24229
10925
68672
14806
27429
80416
92720
6311
27506
47663
73330
71991
47727
68020
81592
55800
49742
82593
889
1348
48607
29223
14315
37591
93282
4449
38510
58663
88573
59552
91464
77377
41962
21331
84331
23584
5256
96018
90386
73068
40306
99368
83370
4301
45932
93370
60814
21707
29241
41944
88906
83428
50250
18527
67745
69961
88753
52169
55882
40085
23507
83186
61237
98538
9788
51175
89580
63658
16813
48973
33300
24847
25488
98987
51635
18119
71660
90198
80843
46000
96276
18167
80324
78028
1017
3834
38728
71073
52480
86678
72648
3824
66895
39412
5564
12271
41984
10110
61192
51013
24632
98661
7770
65378
8209
76943
94703
1465
17299
83995
41653
79643
40002
12434
95819
71600
38513
12108
54085
86100
61364
94620
75948
74156
26067
99481
54082
43204
59162
32618
35267
89287
55501
8718
41223
90330
43897
71333
48836
29557
19270
10878
74640
39871
73961
59485
30980
30981
58229
44808
21756
43254
31857
13519
44826
3326
16869
1463
45323
94365
44910
77377
16097
70788
34641
77883
76128
29003
26284
18690
60884
4338
57224
21106
83839
59954
38955
23117
78225
87678
8329
40068
48335
4988
75611
28996
11862
15674
37416
97311
69210
22126
48607
79798
8231
1199
9255
29025
11880
62185
93422
36827
5157
47777
39709
28748
96231
70374
70189
77396
4471
31216
42834
62065
11845
24120
24021
71470
1541
41874
19360
35240
7795
33611
5171
57437
78967
24380
81267
41555
82275
99496
20674
10787
96986
68792
56490
87680
59179
71504
57906
86504
82970
59022
38547
37414
24640
88862
76068
34048
40009
15933
82130
19204
63227
95560
972
35882
93110
89088
80378
38246
86487
63708
62637
87246
66838
34891
977
95490
67088
70405
54048
82876
82783
69964
23216
71573
20740
91012
49644
20720
76167
13228
28193
38280
63830
59993
74926
