2428
56393
145
99410
95114
52148
10753
10808
39079
40143
67872
90382
13418
74487
51030
70323
19956
74808
72694
73454
21202
24936
68328
3579
72864
90944
15266
69265
86761
41496
49909
48972
55113
65694
92612
77436
23571
69747
70063
13193
7214
61890
93069
15937
59002
57566
6104
20448
76401
25751
90434
4827
79464
34232
31910
84521
72628
2720
31833
72238
93162
49530
58240
64005
12287
81916
35323
34857
84142
11097
80638
22208
81624
66403
47008
58629
20709
68320
40780
46256
87656
60776
64277
64356
69601
4665
14503
54581
95004
8342
22264
18005
96119
76963
97534
50873
33601
38389
16442
5996
85822
9722
4529
73872
28551
22885
93436
2636
24334
15923
49269
29078
38783
33023
12402
6366
1250
61342
46862
70613
42172
13529
77602
7929
80950
74213
99731
84958
41877
0
21989
47866
48872
43145
11086
20813
57185
56572
15621
6826
42938
3946
74872
96231
40569
96497
91645
96957
38446
14237
73280
40284
32761
59930
57852
57391
91560
14005
66693
26311
1822
7886
63841
39174
77264
44508
82167
84555
39976
71517
5087
37717
48972
20440
58585
41205
36634
78610
68730
19732
53034
18217
41762
56222
91861
11567
78152
49578
84723
2151
3254
55944
38144
84149
13297
55590
92024
6533
51665
52574
24162
77948
13391
72319
93577
77522
93948
69686
73669
81748
53518
79640
22457
63637
61045
37039
57877
2284
92428
48320
22683
43342
9195
72373
58783
42153
69466
26603
81767
34138
86560
18554
83858
18859
19448
43516
60533
82541
40645
23900
74752
45005
36092
42973
3072
4726
24800
73028
76957
33220
32684
36931
20131
91200
872
26722
33886
60605
84158
5132
99647
9517
53223
49172
63356
35776
25311
55330
43603
91451
56919
3869
12270
87761
69513
8182
67970
34881
88197
25903
99793
491
45770
3527
25744
2384
26353
99844
12611
75813
19715
14939
10213
54931
7019
59486
91811
64559
36678
9890
84072
44721
12759
81452
18515
29779
70871
31096
65604
17992
40585
22534
598
21942
18508
68706
29157
60497
57386
87181
62961
35830
48877
12685
13500
91616
85392
14862
60205
4971
2675
84179
33559
18147
69065
27646
75763
25863
71788
60823
12105
13856
68912
80700
78318
41272
34869
41445
67911
69465
76758
91059
31212
29379
36638
46037
73736
78153
24250
77975
33213
87592
7658
87655
5956
56197
2993
18213
45906
93378
85323
50182
22646
61501
64414
45189
49214
35013
21513
35623
43482
47514
60730
69769
60856
54656
80508
38984
21518
79551
8653
78573
23351
79899
89581
35059
42068
20267
68466
83382
30516
72567
20441
76826
40014
40243
52759
94293
88971
62290
58093
29210
68097
12649
53082
79619
61945
97506
50986
60634
44242
50393
66924
30212
52863
7927
94050
51051
26891
19464
51921
88710
68573
94203
65720
86055
36822
5014
52990
36513
80631
33779
24964
71507
73472
32250
19769
4597
89011
412
37612
19327
86487
28554
48124
53393
57753
31568
53036
90018
72428
23602
79570
56232
80977
81921
69678
95264
49522
81177
58040
26715
12072
39802
68498
94694
50332
45921
46141
31828
56810
57219
64423
89290
51234
63110
90113
76486
14153
86395
17519
18541
51260
24123
87193
36912
72852
78237
57631
89274
16869
51858
29577
74393
99424
81278
67324
44486
64313
38002
29224
29106
93570
31370
60030
64495
80214
67296
74751
65081
25075
31948
65744
33151
11998
11833
90506
5138
62506
19716
8685
91753
35731
72051
28885
55021
56261
10736
34404
11336
71834
17921
47167
35525
17600
32582
29813
12356
51448
91182
22746
88861
60315
28181
96210
22510
98327
51614
69000
4514
35479
55945
7646
92928
70401
57010
94783
78925
56025
57958
87344
17215
43171
30082
91046
54176
85990
37162
51921
83547
37675
82914
22805
4326
74981
3917
79929
48523
78858
24895
83064
82997
8895
15777
69621
73524
11955
64705
77708
63245
58466
16627
36292
52000
20089
8073
4640
57943
79257
44746
4308
43689
51156
71569
4213
9640
64821
6277
17545
37293
84348
34513
4574
28381
71847
50079
57783
32152
76652
68917
35296
95999
62018
66540
74658
12607
98912
40169
23058
81022
29149
17051
86660
91969
47479
40464
9118
95191
98287
3763
68295
74534
37489
28262
82654
60432
52433
39991
8422
59873
52497
44643
33183
1368
52895
20356
52848
97392
46267
60920
17440
56234
29558
208
71461
67032
83031
67345
57300
68168
19991
74090
67478
76235
57356
68499
19131
23361
58946
30750
29032
69155
50245
74941
9196
82605
47420
75088
73041
48582
5679
41448
38510
39949
92489
29117
99001
8994
15128
42473
77946
5550
81841
27423
86842
45551
38193
53131
31994
2244
33247
14664
23809
51762
6349
37400
91821
15217
80124
39075
32394
918
6015
3951
33504
62685
1592
33623
3430
25074
21215
2636
50261
32060
10977
14373
77816
76007
21093
48068
12191
37901
27338
5063
73939
91041
4812
64871
98404
99543
19685
94513
38238
29267
44432
14783
94649
52845
29000
75762
80848
42173
62608
57517
62025
75592
70796
20337
10483
69863
74604
91185
99246
51249
92136
95889
61668
37733
81799
32992
89526
49142
46970
70063
20753
53394
34693
91053
50207
37073
670
21536
57625
32247
32718
35778
93338
63941
78900
26358
46351
53731
29865
20325
35755
96930
40382
26714
83735
56529
5761
3734
66630
54911
93631
98064
84935
5223
82819
98381
48692
28221
55836
94712
47943
8275
66173
87006
67372
68200
81662
58216
37681
62190
13984
25654
7993
62902
3502
80565
41296
19802
67359
50460
62298
50439
10103
73
9093
89733
28109
13107
89436
8165
73224
32427
97085
56550
67010
54324
93602
32739
87599
16508
27899
14877
68758
26038
61629
97408
46270
27446
84628
86548
95844
69832
88244
4035
59560
73357
84525
39169
58664
61203
80925
14589
56772
37295
28415
10627
46817
86522
78049
6572
22761
64133
31411
30755
14799
67899
40027
63668
77296
78642
3494
46739
7253
89676
26905
11973
61397
3824
34438
62767
61464
15968
7097
20730
24598
65912
12594
23232
49245
88130
93293
26710
61297
92888
94365
84917
6670
99031
64951
93030
48138
86716
86762
36426
38805
51134
64397
18435
22306
32743
21201
73443
97887
12688
92501
55567
53696
32088
3993
18191
827
7137
64554
33717
65452
98408
18459
2567
13304
64895
37973
11114
66478
60072
11333
30829
649
84880
48819
36656
37011
97061
20276
40816
77316
18294
57173
66032
78824
60966
17592
87492
29918
62540
31899
41149
60476
99625
67603
11884
3888
30823
67928
98901
46978
35787
69498
93714
33941
94327
26417
62176
60236
25407
47890
23082
58057
67045
54013
50481
83600
90547
73075
17429
48427
74933
46757
6370
90055
68464
70312
17721
99291
8451
84485
75866
10792
87128
89133
88395
66140
32903
15657
5544
28209
74984
53487
57927
62707
71346
44944
37958
23774
60597
12111
79987
67077
20593
9964
16888
92175
2161
21310
36066
5052
26311
65184
67116
88166
69220
25026
10445
38051
90196
44704
762
38822
71316
527
50521
4485
62098
94164
2243
13781
28832
1071
49557
71569
90483
95060
47252
66202
91358
27930
29210
30040
35462
95756
61761
69695
35874
97758
267
15501
21234
61402
82252
79439
58072
30295
67732
95299
87831
49227
23581
59928
10951
3159
88653
85106
1681
27585
84296
96874
45293
6655
36278
21266
95766
42031
84204
78902
9031
67236
8186
3582
99093
72058
2960
46064
98792
95818
98606
11954
63510
6521
17894
75117
46078
57996
71536
6285
1150
51510
99050
71397
96402
91761
6346
13295
46250
58891
62338
24305
53958
952
75886
29179
30768
83557
90172
93805
55990
60557
2809
96918
7043
15524
64628
21943
18745
43184
46034
646
87342
20856
61837
33326
14848
77749
41385
15827
35989
8933
37589
25619
39763
82558
84826
58760
78137
61695
75171
13290
3928
3682
76297
49938
60050
47310
49242
70042
40877
94282
67846
36768
24148
5483
65669
31432
64107
53742
92744
28449
28396
18177
39163
1216
89315
13275
71955
86344
91234
41900
42362
38380
20642
71887
21300
70571
65527
21981
8108
1946
57614
57691
85633
54015
21733
93139
25543
21721
37544
75456
16507
44509
62244
76066
20262
27836
98121
17138
45101
54848
97569
86992
70483
59701
79047
54136
82572
24260
9637
338
18879
80346
62191
85609
2358
13192
27958
72979
24389
80772
1450
29135
84277
51340
35151
19694
36492
99914
24378
91911
65659
98547
5640
66510
25988
56906
68251
70239
73509
77570
38642
14356
93253
80224
83716
11063
36474
60607
1145
27921
63861
55885
837
96576
18251
99474
63938
15143
57312
90096
49865
65727
49202
86214
93420
15787
99455
36751
30291
49674
82996
38728
74545
65670
84404
16975
2242
1481
57473
5863
97219
46831
61770
93847
73582
14006
47120
35506
65553
23058
17782
9361
28362
28317
31494
32541
82113
49291
8634
2473
25186
22332
23053
34619
53045
28267
93023
39403
85788
57763
6814
84132
50760
25426
23544
37320
60024
50293
88154
40433
63920
8498
36067
55761
53970
86213
52426
97658
42043
71954
13704
49114
15196
99513
91812
11327
94803
84616
40858
86008
72902
8234
42279
95675
5020
19709
42099
19971
20920
42530
84699
11506
35603
4205
89465
75348
16948
78075
56307
2116
51118
59236
97277
6503
40918
37926
73516
16406
84544
577
75577
36954
57045
66337
18637
97136
88691
75542
22671
78284
50849
36479
49735
82265
14093
18149
88910
62654
97700
95748
77364
29949
70958
86116
7566
40885
18467
71910
24922
77671
46990
1049
59472
80277
87580
79437
89863
37382
86913
74271
34176
58343
49032
754
32147
40812
83860
76255
28341
75251
13687
63555
23363
81801
4526
59415
84525
36902
42968
12317
13186
76276
97938
33462
38547
77549
3408
96080
82247
61474
46457
3549
87419
44952
54784
11263
76467
98828
63834
60351
32546
2327
37185
43452
28082
99789
75204
48097
94448
56480
31368
19280
72855
32673
59456
30106
80983
54470
32260
6128
90946
59175
71377
64340
39827
32899
87549
27624
99675
26144
66197
32232
47177
80047
16917
45588
36501
7821
3715
15013
34954
76165
57096
17729
99886
39699
84812
45738
77743
11045
75469
62864
92715
97946
40251
50279
41500
53260
69812
56211
81598
3337
62839
83776
43582
48349
72423
66606
56961
72716
37310
32169
15727
86907
18379
41526
95578
73934
29289
43082
63502
73036
38270
49045
51255
478
28365
81467
27914
9143
54584
86915
88721
39886
88757
58697
31222
50758
37580
66062
96970
66318
78698
66607
5875
70404
20421
2099
82128
19605
12493
31581
14187
63008
16651
90338
75226
41304
33241
92372
50161
17416
1181
2077
60647
77649
89603
67656
37731
91982
96983
35992
84228
83001
50876
25916
26218
5190
22059
34746
2692
87117
63019
61609
17655
28997
93257
59867
97799
86060
41588
59702
71973
10819
73816
91844
29973
41654
8054
87584
11035
25945
38780
61425
67522
19790
27110
47316
24552
49284
28976
89585
7530
15193
3670
68144
37351
90879
71595
33924
25235
84413
65010
98853
18747
40396
55773
23452
72111
43522
77855
92727
38161
79596
14832
88508
90265
32019
15069
11770
28546
3521
87881
45435
24661
80222
51748
18966
12624
15443
74021
87842
78066
21999
66183
51268
26053
78567
15326
69769
39465
99480
40341
17071
57177
61865
17318
32637
91068
2540
4213
32500
67147
515
23465
4829
69434
70975
76231
65153
23076
72675
25196
24792
46583
9671
4743
74969
43929
69689
9266
71632
72726
17373
86859
64845
80167
88277
48211
30681
11553
84572
18274
88644
82199
5101
94564
11962
34828
92545
70036
43252
69465
37108
99316
28394
42711
29865
24582
89510
85930
95716
36266
12275
65707
98261
38133
37941
29456
76245
68714
14963
47545
7176
81943
13199
45050
97026
94991
82582
57152
66471
31999
16242
36866
88619
69168
17436
80646
40408
8024
27887
54092
27725
42332
25561
56347
56067
36966
25867
35814
72363
28991
29455
40219
23539
7114
62584
30664
8520
20733
93301
44234
90902
60156
46048
41683
40042
53556
71571
19287
66264
40592
6394
6772
86872
96220
63459
71259
2764
55860
47218
46143
64861
57735
55153
79801
70946
78862
38597
9301
80578
14531
48252
28061
49777
54751
23074
91744
84375
50196
42770
88159
97774
42660
36009
36980
62282
15036
33815
96447
53491
70801
70031
45966
64525
32021
73886
45448
38969
93686
91992
17718
74132
15188
19629
16398
49341
87260
45531
34014
14068
97797
6941
69458
47902
26150
86337
75362
20133
8883
79128
36154
58844
51858
16358
24103
68897
27134
75897
26875
2171
95608
80342
76862
81698
62244
36655
65073
52733
57127
70256
44319
94503
60091
81177
1955
10315
70956
21894
70960
67791
44850
41962
45057
28173
81580
96667
52158
29531
75605
24102
31207
40908
17350
71043
74624
95792
23624
28291
53017
72726
67348
80614
8473
80626
2568
83049
37255
47546
40872
92828
65812
12906
62767
73266
66824
96391
28561
12113
6183
641
42703
76586
89824
44881
84789
51426
95090
43234
47827
81679
74204
82668
36822
25886
27167
98459
27651
22833
68849
61742
35599
47046
43553
92027
90174
41778
15202
28976
46934
1102
19511
41749
27487
65767
64889
23022
10137
49433
43656
76220
84378
88918
17867
1922
64259
94111
61317
55300
33373
52245
82711
60908
86037
80426
39148
26887
82002
86353
6756
39660
61839
90196
94112
36317
11129
4995
6823
77894
30150
77738
7956
31170
67184
42268
83869
13980
81677
58284
3071
33043
65100
82586
9611
76919
14574
43018
8167
1136
70175
5840
88962
62655
68240
52839
45016
46139
99986
66274
78750
68189
51312
6682
23467
91512
78729
66757
47972
77311
90281
19528
52674
75595
58052
55619
53697
93492
56910
46859
57191
48412
7097
39061
3599
19339
97484
57965
17714
65365
32285
18118
46354
4920
7339
91468
80578
69186
79066
84854
628
68879
18635
76472
39232
75759
20024
69396
19022
44166
99817
15312
95393
60846
88246
64099
76320
25015
95321
93704
38626
77582
12270
3733
5782
3003
72715
80998
18092
8324
17526
4082
33795
36751
14151
89696
10863
72581
25052
42354
63270
85650
62195
52254
54792
41609
79335
58750
45289
22821
87785
77214
91389
10634
91610
44723
54942
62761
70307
79082
39965
56706
54514
83870
17603
69028
26065
6979
54274
15440
45380
59392
67677
92124
93951
49018
9680
43315
44610
94762
12221
88537
89362
76081
6069
47340
43669
66882
39328
10599
87849
19997
89545
73856
2497
92636
74120
37265
85245
16327
1965
56852
61669
80130
50502
24903
16291
13062
15661
86927
45114
9580
18033
82680
99014
83141
92448
83002
5169
4360
24878
51352
88495
49251
90436
27042
44376
95058
10151
58107
24543
92494
32388
42837
60563
23484
43862
88471
47121
52646
66099
15584
52548
93639
8185
89830
7675
84640
37168
36919
39653
40360
10780
96161
75531
65856
66882
40269
36457
29572
79828
94821
99755
73181
92315
48342
77793
83603
50592
12817
51518
14048
17239
59756
34995
42592
2504
68774
22531
63556
59419
28935
53858
11750
85664
85669
40463
4407
63480
76451
54219
65108
20707
60692
98293
59543
12167
63069
63235
24010
80825
56729
28255
25718
63436
22838
74587
6841
42131
42716
57491
32758
32372
9998
54142
97383
91020
56041
47024
96909
40633
29193
91855
31720
37895
13259
50352
82850
94490
4109
38670
48389
15765
51858
52198
60397
48357
94434
7985
2232
71758
83949
54911
3322
12207
92336
86636
21262
46260
16656
94786
36038
40408
11267
53676
30435
12629
97583
9553
75328
60810
95338
13973
69705
22248
51392
71016
7945
60888
51379
80553
40065
33580
2109
22555
11604
65601
97169
66497
59551
77230
52383
6105
23814
77195
67158
48339
649
24289
483
17837
76342
4330
6328
10476
88664
74373
37737
25049
13294
30520
19151
88757
16374
29250
14319
36410
3495
57628
20277
78320
73118
10123
74009
9033
36176
45926
69732
25882
17695
13214
19212
12790
91816
2894
43547
75464
86873
93216
32910
3245
39583
76634
86425
58283
2301
58947
49736
58738
91897
18006
16992
63758
47696
50626
56771
8966
38378
7931
39091
33940
27816
40609
39214
78977
5338
54154
66487
91260
62029
28207
53493
40503
67489
24560
30965
88351
28313
32229
85035
89270
69484
2338
68566
76526
10520
77509
12577
38020
18166
10719
61893
34998
744
74781
95500
27234
9807
36403
54192
37085
47002
5636
66402
141
68792
90000
551
31748
87758
52218
50781
78809
82116
49940
18907
64868
34458
56041
83030
96918
84249
18087
16512
6355
17796
54344
59466
70797
90764
58907
51434
81982
83522
86132
21912
30466
63304
62924
86995
30382
30497
38870
50497
96113
37415
83840
61875
66693
4155
450
47910
23666
69974
6854
31366
52064
10270
61395
58381
92918
13909
37912
77865
95924
32588
71026
40348
73769
86516
30906
69661
78994
95989
27470
32380
22576
73975
76538
62466
32164
2366
36067
23638
67306
31219
75824
85565
17712
51612
75445
53017
44017
62414
62141
33170
59282
74073
3219
74130
18615
71426
30861
88553
82755
85518
55254
42897
65611
69529
39703
61260
77206
9255
45121
42602
94132
16786
3129
88007
46103
81634
832
49841
50450
80314
18558
36263
90476
55631
98699
56188
33473
93908
74810
86907
41142
71984
72322
31141
50774
89617
30569
51126
99054
54586
99631
89765
62498
53144
48501
84330
54026
2738
56649
20410
83628
49343
54799
22125
37399
83633
23501
41985
78233
46735
22291
81463
42046
68960
24325
53307
50821
7907
98630
15170
69889
48284
4995
18252
30089
32489
40409
76904
860
73618
11235
38967
57109
86303
54693
25512
88902
63395
83086
54243
33556
9846
90317
2241
16751
17185
61332
11576
57036
3506
98081
55189
92513
82128
99854
40450
15325
45960
55287
5383
43681
58597
9988
92652
53215
75775
48562
89597
99117
97802
42690
86694
87974
20335
30109
12830
21502
99512
49282
5696
73023
60740
91502
83251
3301
77114
35847
49036
54738
25851
30693
87466
558
74448
64093
11807
73855
7010
20268
25006
15489
617
92796
12431
42819
82076
6774
63696
61694
55047
42212
57334
1714
64155
53889
85537
2590
32767
77152
62573
16380
12836
74326
23988
69527
60150
99877
21937
24650
11566
50917
79328
34102
2788
60049
33026
95039
13442
27532
9660
28196
89044
6126
79838
83769
28700
98735
82017
48706
74945
79918
99146
25551
13960
72382
96939
19279
44123
1774
81193
72306
70533
90131
91608
29791
89792
83413
32258
50414
51013
23827
29574
8995
226
89171
82397
67559
57834
6346
58393
28485
36423
44324
76454
81150
73066
6353
28018
70122
32515
17805
75977
15180
26284
31274
37176
93424
66559
82939
88851
32899
71240
16575
40979
27439
49142
8872
92567
28658
36811
72328
97643
60602
70546
59096
41830
15167
62800
74820
3085
81244
80499
24085
32885
81804
94631
32476
10310
94909
615
79320
42874
26260
4593
51653
18853
59581
49618
49185
44015
51724
55777
76540
61820
57173
32264
6075
41293
26436
56348
38153
51488
26362
17325
49947
88786
24358
30553
88798
62628
53371
61980
53216
53851
8051
16706
279
72865
92576
48412
63922
80746
16618
49809
23162
91697
18155
55756
55364
87712
61315
37107
49974
27759
93912
87096
14931
28163
54573
98120
86661
30264
49406
6688
42790
63481
52373
49312
45995
32492
94893
77016
86222
30315
77729
85118
48406
76780
67663
35906
2277
17059
13902
20793
80702
64541
55497
26933
93680
29549
94711
55606
7524
65828
79096
24377
77247
99129
41327
93582
40308
56040
78519
77192
60745
89751
45635
13134
1220
55763
88501
37198
64051
45657
7770
17361
25973
75056
31841
28170
5287
42740
52726
15880
13839
24558
15520
45834
32222
16510
76051
23250
41158
62011
91218
64082
34745
49649
14821
52515
7993
54633
18738
24693
34721
46342
82779
54433
9039
65163
4981
34938
50668
27931
10624
20097
67898
42680
28359
14616
75897
15853
82006
62030
3701
20839
47955
30329
84432
14622
77371
42818
26599
73457
59066
57018
32452
92911
61509
5931
82496
91186
78904
23881
23442
25638
73479
84775
32953
49832
12899
2277
96706
29961
81132
76231
74038
34386
92365
20482
71298
25441
97176
38671
51748
94481
76799
30370
19504
41720
69836
67764
58589
10985
4670
6811
85198
19354
80705
33244
9120
57345
75240
69431
25549
3991
72713
67073
96891
8510
1173
30063
64549
14015
4722
59246
58723
86060
57143
88303
20312
28740
73604
20479
38840
15380
3036
47189
65204
30875
27040
47653
80484
15174
43241
57842
74191
10650
99361
73728
95418
97041
14878
74918
75243
92763
1436
31074
33016
46149
96374
82535
6545
91191
257
22610
55911
1880
86149
64954
57207
42956
29433
54406
33463
10109
37466
22680
31676
79127
38055
25127
17798
89773
95036
1578
94920
9530
86505
84272
87416
27170
44175
13997
98511
17207
41974
74639
47485
97943
40270
8015
55148
18162
87296
82978
37327
67209
78543
99599
95176
37426
92657
86139
50291
37272
60644
35200
91218
69599
91375
93052
30389
96646
22486
92198
37317
54661
14841
30011
7790
20886
60394
59254
24327
46928
72297
88991
26783
8878
92894
62906
26150
3022
60529
34272
17205
37941
14633
52171
42555
41487
71296
16810
92997
81109
58912
27669
424
17223
30332
95002
23982
9337
62253
61141
24059
75467
44232
85247
46715
98927
36632
47485
6347
57999
53469
99930
30976
9063
84064
21103
31703
78894
37265
89278
85082
96722
12992
71646
75372
78497
20949
39152
55570
91332
95276
59504
49437
44646
80080
20679
19128
97106
48659
14653
2762
15898
7207
2604
43625
56596
83132
55920
9244
10079
43127
6363
62826
10339
67979
7077
60548
67159
30998
12800
15052
18300
219
64905
93761
45190
29143
16314
17512
45786
27586
67293
32440
93171
28868
99675
66562
10687
26354
17203
83196
59750
51428
78406
92872
7403
15476
74286
38597
48299
10580
77071
73362
75939
84108
33190
93594
61838
81359
32798
16257
18059
64890
86913
70825
6941
49352
33036
75425
43596
42549
9275
96779
22025
83373
50307
93224
70158
87343
40414
44163
73060
42019
4481
70295
89918
88917
96330
47325
72195
10766
62229
98422
67177
22030
74702
58065
40892
64616
53728
83257
53343
75481
45676
97758
82249
65766
31350
52479
66480
98705
41881
4273
47172
34903
61178
47855
43057
81322
63385
81758
99944
34022
612
34779
99032
82034
28967
16163
6646
98229
28062
78590
27867
70835
39307
28617
57196
11106
13026
13247
45237
5517
5217
58596
51439
37220
57917
3054
89217
81470
86232
90320
20866
93132
60975
57700
84348
39387
91984
47732
71372
85542
38088
86596
13286
44182
95546
91968
16822
78327
14796
64734
44161
87704
18908
15856
15722
49694
82672
67400
23952
47429
33770
39432
8757
85941
52634
89957
41081
37341
4301
45591
15492
13710
14500
27840
40643
22710
66527
5974
40746
35864
63128
46671
6136
97797
71021
41064
75672
70681
22101
69362
22948
35124
41587
44601
32260
20819
99240
15538
5587
23402
57379
18561
56610
65089
96596
79972
42294
67944
37310
47584
90893
85240
67658
53606
85982
69736
88792
97153
68510
97096
42641
43646
69919
42878
39288
31032
26195
4667
55678
74560
45070
1304
88277
24326
3529
51090
57372
6214
94083
70336
24153
71313
84258
37933
16166
59351
87671
91286
21986
80942
60608
3073
64231
19682
66759
84279
55163
65849
64743
85921
81984
81954
4078
88571
7271
87673
90974
14807
90274
54073
96206
43088
92118
50431
32782
70985
28303
94614
73800
87554
50221
17285
46817
9238
93661
58801
67742
62004
12994
22000
23588
14520
99762
4843
10520
83142
16573
94991
48165
9634
26472
86257
12571
85966
11800
57211
32404
66721
15562
63032
87251
19073
64896
45655
83494
47965
63125
37919
14218
35369
55249
82960
27565
7830
54680
63697
17614
4781
61980
68476
62560
44776
15699
81826
18030
33870
22820
34780
70169
49449
16347
8495
12413
38150
9660
46683
58674
15464
17716
80033
56877
72489
60298
60878
5510
49870
26869
6632
36181
10949
91975
71315
59222
55806
68423
85889
67627
91747
87389
89780
13217
8149
33510
88177
50474
28965
60903
30307
45001
23628
71646
84041
47693
14408
4275
39165
79669
31091
81998
43970
70161
52865
66115
57993
30057
78582
96168
15072
59255
85089
12263
78520
83119
77785
52654
13201
48735
73235
83140
80228
8049
36829
44214
13965
52141
5594
45871
30418
45947
34042
55783
54069
9767
28054
23698
86386
23965
79045
47769
26005
18324
49597
15494
79355
26567
94025
59128
62307
78590
79491
9943
58098
97387
24815
86529
74911
45552
52756
8611
55009
54142
30648
26339
65747
11513
32822
81594
11457
88759
4607
58239
72275
55719
36426
26975
23955
42478
39289
84840
95867
49292
7114
14244
16832
25758
18806
35140
62901
68124
2858
18770
55134
13602
58079
52680
46578
17644
31352
92350
57099
41275
89527
28158
93582
20724
3773
66484
83985
1672
27613
24834
42894
39566
21275
38768
88131
63691
65446
70880
85090
92980
11086
91712
78588
66155
86116
2936
51429
97029
10254
2531
2276
71020
131
81082
58778
5216
44169
55532
14796
6616
99080
96266
4750
95814
24394
15838
44526
73177
34898
43004
37498
85596
50039
6577
96112
66235
50523
16024
56736
9094
11372
65676
59775
57550
34006
87959
24747
61069
45282
39400
56406
78338
67536
52675
17393
66425
69452
45427
90358
24073
59504
45691
2194
14647
72374
94794
41293
11929
43320
67500
60695
70997
19238
91965
89393
19494
24451
82136
30933
36128
4669
46766
56900
67051
79751
73362
28426
2668
64277
15409
74447
82274
10226
74304
54812
83147
14689
67885
98504
50503
99887
36151
98111
98772
12305
19802
36430
10008
800
43266
77005
23390
28973
53857
83945
55351
11522
73467
47149
10145
77815
61822
46156
95078
87310
88752
4110
45595
7692
10049
31637
18505
14036
76671
21162
19017
81409
87623
19081
64007
1151
90041
7238
94153
66951
22661
31674
52425
56982
58338
47790
21566
2792
4030
85986
1145
32374
87407
43739
45419
5577
42727
77223
21764
13434
23878
14958
54550
48489
31401
59383
88056
77461
88993
86836
78982
63422
29215
93675
97190
38485
96715
25601
63461
34812
5427
14149
72256
52831
53536
54295
71135
78319
53957
76467
17243
30295
70321
58878
27777
67005
29539
64940
20270
34807
23069
6987
99930
47046
76625
82287
68785
60660
72793
73435
828
60678
56227
53545
8575
2333
14184
82998
52923
1135
97822
24493
85747
16061
60963
91886
25452
40849
40762
83131
174
46647
61810
81855
81383
53492
3842
32251
24239
85031
38865
78478
4646
12218
18257
88961
51257
24484
22508
71756
88611
8767
27862
23912
53648
51362
73826
54450
95613
57658
91281
75289
73979
53322
3876
5124
97715
33371
42675
50659
8899
46913
30487
88528
31910
29325
88065
64321
34098
85288
99726
48398
64795
16115
35185
37369
92885
67256
54192
52671
38615
73324
34828
97945
60762
87491
41303
49423
97664
97456
88810
82074
94034
94776
67758
33012
63138
21202
9464
59807
81455
50621
2418
84526
40071
65310
98516
64532
33511
76212
2066
82663
15869
80090
82095
2160
70414
66456
45167
76243
2004
26534
2826
5493
52607
39167
17244
95310
66845
53181
51545
5133
65332
87031
65790
78178
19627
8340
60962
65228
21801
34506
76716
93504
50805
54776
68446
39922
98844
27772
71087
56035
92402
55026
43447
97416
49647
3977
72707
58067
56091
84579
19784
25536
41444
42154
21332
74173
81259
68938
16832
74326
9151
26926
56353
59485
98466
45306
38206
23219
42248
31747
73564
44085
71677
84646
14453
6630
67014
58348
63784
65205
55647
62936
50858
71083
26212
30217
92345
25619
72620
1651
72336
13702
82767
86676
31255
90930
5448
886
72882
71942
37685
21696
18138
23165
2683
37241
40041
96996
10055
81722
18063
91530
61231
18350
38657
96931
3671
29866
12913
5688
74352
83011
72952
10415
16442
52048
2960
23507
25898
7773
64895
81760
73671
22152
57101
98189
49391
39548
43158
87478
32310
91304
16507
94436
56526
83388
45907
77852
24258
21663
22847
33505
56476
99887
48060
99398
24775
90998
82321
93268
7726
3301
86183
82708
43427
25648
84793
6714
31196
30789
46625
7343
93048
73739
69586
56857
44288
29427
94148
69929
33512
21565
22569
28288
64180
35338
91422
61279
37463
49913
93630
57482
67575
60897
69616
97623
68141
50154
87265
68857
26600
296
64652
14020
16497
10005
52150
95964
47817
26697
43094
44895
39822
70424
36657
79499
78621
37193
44484
62957
64465
48271
44890
3079
39785
36998
1630
60477
62888
68747
9898
14685
93878
47960
82557
97192
63780
2651
42668
97697
42861
88050
11887
51505
13975
84869
84508
30773
78201
96703
28081
35205
61111
83018
87818
97121
93992
72615
29555
67258
72569
60871
81016
87514
57482
60265
6744
25425
26677
49072
74039
96925
12720
5600
57010
33205
13288
64214
79790
8786
54733
31937
62505
16538
18669
48032
9394
28651
44952
5848
74517
68513
99555
70418
73582
59268
56712
41840
26783
29969
66794
68074
1341
19906
66486
50986
44932
58365
68357
78879
35114
86038
13726
77474
54225
52354
87576
59523
96790
57977
98301
89998
99271
98215
3242
14336
88306
34319
65780
9760
42104
65692
9252
85052
66688
5094
27651
86721
26695
70333
92496
94710
62806
86677
47790
46134
50828
78575
58811
63816
35738
22751
35707
6269
45133
7807
24020
34533
56582
18224
6961
47150
49830
89063
14506
39642
64677
84348
38683
8475
60065
35595
92176
78798
80884
95428
10530
15250
80862
7733
98075
20259
80385
69714
21494
14775
38316
1982
60898
2196
52271
23993
18789
1292
37485
67974
73853
86583
86704
29912
3266
12908
84566
95384
80007
59451
15144
73078
61663
48489
63788
99561
50684
80968
89296
59588
66898
65554
20071
85304
59099
94339
52241
61504
99091
22801
45650
55789
62948
82569
33156
23438
8028
49254
74888
62587
21433
84016
71864
26014
47207
29647
84696
37791
50209
96651
34827
30347
62963
33410
91522
53952
49408
73700
91279
78904
23199
53071
73848
95343
4544
35490
22727
43602
173
29184
65437
9510
36812
79907
59430
84210
36448
62809
24680
4043
83374
84672
60406
66330
3774
80058
20674
69387
15736
28301
366
87157
51469
49018
38147
25537
23832
39671
67707
43065
79193
267
85944
97166
35297
48070
11416
47717
6541
84475
55968
92512
73161
90490
13077
45861
14805
69038
25737
42541
14437
26928
19187
73067
26434
90694
70103
81398
41934
4316
62757
25781
9892
48797
926
13671
38718
76014
91280
92556
2129
42055
41762
39987
69107
13231
22059
7296
20669
95347
6174
65337
69003
66978
10239
8014
48576
28072
22137
62147
33062
2533
25192
97308
65843
98922
80337
56036
84423
97743
2290
10521
44498
18931
852
27479
37586
55441
3517
44511
48794
67836
51938
5572
87599
58359
25
30707
52428
41524
43180
29212
34309
66406
63210
31809
45096
20996
52055
50010
21887
44317
26244
44866
97490
74931
11513
31777
79402
36982
44047
73655
25329
37150
63962
12642
3124
81507
34404
76588
81418
41468
78997
21301
70030
66163
30221
64888
81736
40034
5684
84380
86411
70252
104
23417
15671
66074
29238
99557
27230
51344
94021
25563
39684
43724
87435
88518
1535
14170
44675
61135
28446
50903
91830
46593
61574
49856
72534
81109
64280
86069
29130
30495
48334
7024
56035
38516
16548
48924
43758
69527
70387
53396
57890
27678
17656
96858
39961
18629
11060
15952
15259
64527
91564
41558
41205
79413
51601
7392
99625
82061
17210
42739
41791
94487
10413
90525
17593
24390
51389
60430
49893
68074
14156
85783
57867
62582
95890
39261
36166
37171
57654
30681
91024
99136
29977
69295
47573
99428
13746
89417
60329
81810
52883
37776
82518
71064
75051
15623
55534
48644
1989
51555
41343
36594
77134
40523
12804
81431
72212
40776
88952
81251
66889
17608
53509
80279
67847
48662
49819
17091
76878
17838
8924
79130
39400
2783
8659
60821
65357
50209
68965
17536
74146
47344
51009
65029
8669
75621
92337
28595
24611
79471
41778
32298
99379
27475
73279
81670
98427
92093
33033
41606
20232
4034
48196
95480
38843
69268
98939
11139
44982
90817
93412
44432
82487
7944
65197
91669
46203
79448
82453
68383
55140
19207
61240
97244
81685
27532
94691
39427
34106
53691
79077
71616
12068
38586
40390
69632
43250
35844
113
49525
26379
94073
15981
66630
52136
83359
84362
89047
74479
63098
46454
75792
2457
90916
93391
7788
21717
22377
96786
46432
44198
23169
72947
59238
72039
25162
64326
19942
31887
91810
48537
40544
30672
67966
17444
58072
9849
21994
39481
54462
73691
13086
95446
12985
13896
33881
29402
26735
17719
87260
55795
56883
53125
6149
82869
45868
44373
391
40391
12318
26264
22594
15384
71672
97576
89893
5071
8665
73742
36444
73216
50111
20451
37431
3290
622
16980
79098
36861
57945
37278
33690
30921
17679
57145
89211
59729
40517
9233
65187
67118
12189
15504
59001
57585
9904
18007
29792
39664
44765
68971
90378
9410
29614
45004
94107
67557
9507
70592
72507
33116
26877
88047
34679
37271
42697
88903
23989
79402
18982
90432
85714
27520
9461
48634
24667
32680
5533
63906
5732
53357
21944
91060
93607
87363
3454
41242
74492
29405
98028
95474
7601
73308
82992
76717
2407
74786
95667
33236
61450
71717
98243
99430
22154
56062
62076
60764
25434
13729
48435
75341
8101
94311
24319
58701
18248
19047
66916
47440
3791
39460
35325
86253
83440
47744
23685
76061
21758
58766
52419
54307
74379
39492
80752
10277
59806
57167
59717
33464
38828
2721
57061
28475
39894
11237
65093
36218
72127
41907
5300
16274
49289
33567
70251
37396
33675
93964
54546
45635
54512
42878
651
94135
28174
82445
61375
19908
37186
4469
24356
25524
78149
62283
34408
9873
92909
33994
82973
41727
25987
12842
43393
86374
74492
19954
69704
79629
86646
36389
22088
95137
1297
27416
41089
13270
74439
78467
33159
90309
39977
55126
65550
34131
5720
27651
91280
38962
89085
8473
19677
8608
83461
65073
37632
10445
3005
59905
53706
68635
10950
20525
1054
17790
14068
72606
87800
39330
74633
86123
57626
92396
26569
95828
68789
61017
39001
71533
3824
96834
59641
62167
26008
34561
21211
87946
81701
54125
64768
29039
32548
98690
6542
43947
84998
50012
35535
33653
39076
70273
81128
53576
66605
64478
3092
5747
9679
76330
54909
47342
18237
84967
20183
73064
36451
82086
86297
87867
3875
13034
46360
51969
71498
66693
34146
65472
66037
50175
21812
832
65722
5654
64665
65086
46836
90655
13695
14713
66574
36521
86999
3561
11755
26754
1833
20175
1264
50196
98290
53928
92271
22567
9211
17563
28657
64906
90199
9234
85182
70956
92024
77669
15180
98021
66511
30417
21506
57330
29374
96552
22568
50908
71804
60130
80685
80730
45636
86450
5333
32141
59578
88307
97373
98473
82940
71361
34827
54900
18208
97892
86295
34407
26544
13222
20496
46769
78782
8038
61740
17083
68390
41317
86064
18598
2495
37726
33784
27408
51101
94259
28164
60726
19462
59618
64352
88404
35406
52118
11950
70215
32946
48026
93457
33331
77710
72456
41465
17792
33115
5824
2566
45119
777
46324
33402
46795
884
0
32800
38891
71654
93271
25235
70452
30089
53720
55245
5194
39911
38207
19085
85767
15648
11032
6435
86325
10951
46255
8731
16277
86681
17443
32227
52130
31611
537
86427
90415
13104
99660
85528
69261
17076
79010
30357
73
21591
61945
68215
3826
19097
58273
69659
79480
71102
41603
37791
17232
58383
30335
74
87188
80077
16116
2328
7975
37554
40599
61157
71190
21734
1030
4277
95034
31771
16631
48574
11994
87301
68682
66804
21870
49529
7965
25327
62558
72097
29950
66202
90152
39290
94747
72474
54433
27146
4181
633
89075
12961
98323
69646
70916
65259
26579
82251
60055
16494
26203
4675
1132
55463
10958
20725
65506
95803
16474
95674
85629
65757
61614
16967
85219
52827
22280
73535
36768
60325
50860
22681
83785
38460
3473
41993
20541
26802
12630
18989
37736
25923
91442
11158
2369
69135
68201
87473
42675
87092
19130
63601
78937
18180
55477
40475
95330
10568
88394
75982
65909
40625
53117
57005
57966
57206
12597
85194
92325
77359
70804
49264
28560
5901
97248
62893
56671
1651
25888
27482
5317
90517
77923
83849
2998
37324
49497
85162
65548
8564
40869
75162
34212
23138
86602
38344
76645
40900
23971
62149
60800
88311
42287
84552
76819
95839
37865
32987
43080
34983
83829
89029
9819
94261
28215
7189
82360
83241
95453
84775
2498
15346
41117
76918
79153
38125
92281
10687
69523
81723
4126
56558
95731
34909
25133
57960
75446
83375
23024
77108
49250
35294
23886
93990
17369
52903
85946
75880
98883
91150
50470
40135
8203
72407
1429
64824
95488
43973
91501
78438
87163
53901
67787
76218
58464
63382
45329
1861
82525
40527
54715
8204
93391
76940
5967
29808
45220
42495
33874
15864
55548
63631
99575
49790
53097
10616
36722
72244
65973
93855
16619
16465
97250
54031
16558
25851
48524
54677
82655
27090
82507
14004
65452
77783
68405
98246
3322
5848
92448
79760
17345
29145
61413
77537
51124
65983
73472
75335
12216
37532
56244
27086
2774
15443
28139
43733
98315
65511
49819
49934
40316
98372
91813
64306
65543
29481
53782
34655
53557
48657
83920
81840
2764
50205
72643
92727
17985
85055
38933
36665
52778
94886
77313
72294
82642
89857
95867
20115
78181
56753
65457
3414
20299
49679
72654
57085
15378
40951
49688
40268
79747
65392
70521
92049
61943
22745
5626
40934
4291
63154
13451
8386
1038
48324
93984
9884
71267
70350
47638
6813
28322
47213
64755
928
26160
77575
42186
52361
72111
70740
76926
97440
29161
9673
31230
11593
51846
53026
71567
18337
43357
13548
903
84726
53510
66860
2773
11715
90350
24143
57951
54599
27428
4591
86147
36545
69648
21663
59071
82474
81507
62676
51916
16655
29258
15599
82404
48234
5756
18123
83172
56380
75763
33023
37037
85833
94551
75377
88453
40079
97077
27096
70138
64452
31855
41868
54182
56684
55694
10444
3470
76948
74994
69707
76613
93646
46826
3384
37966
54569
83358
19976
50111
81836
76713
91650
80384
21071
73733
21415
82802
76725
19711
63836
76076
67370
89161
42870
68769
9653
89486
41441
32574
90555
13760
69837
52495
20304
98989
309
27745
30426
85072
23277
30210
69572
43684
49735
98661
44667
68467
35778
20225
56457
83245
46833
92249
12171
39636
75299
39318
99057
60020
44979
16977
96530
1584
34222
44077
20138
96280
51549
48480
69585
90710
91982
242
19160
29575
41923
41535
12835
86279
32567
42743
67262
38053
96232
39396
77341
92950
42470
76683
8052
45733
31286
99755
68527
32136
87363
99203
21167
25005
46306
74864
15906
95092
76960
2580
91485
54390
35658
5106
82297
19619
41400
5622
22312
96842
38648
67570
54386
41841
35091
29986
9232
31204
37598
54641
72996
35818
52158
18869
71603
43443
15576
85013
257
86221
33077
93194
16359
97014
40431
50051
10290
25868
93531
63203
45659
92832
66707
70310
26303
89289
56350
81249
32795
60405
27774
14054
70438
93786
39893
167
56491
84619
81717
96914
70497
2182
89315
14586
47561
79978
42343
62422
14211
74342
72851
20771
98988
46252
1197
76933
79192
74372
48923
66666
14665
21149
71786
32719
76138
20702
4955
96060
93610
38331
43147
86603
63896
65187
97373
88295
85111
68918
5798
35406
81790
51188
4436
21336
87471
30033
30332
32050
96401
44292
24223
39331
90317
96894
95960
4784
80706
61816
44484
48282
28453
23398
94511
80837
12856
10696
84247
32340
46853
97726
84159
91856
55384
51419
26226
43752
55735
84083
67954
71442
34878
63470
82876
78735
3163
82462
64026
12748
44579
78925
17477
69764
73871
73744
51156
18916
72951
75448
48709
12711
25512
10279
95655
27775
70565
8703
45410
4917
99416
26870
23460
87048
14867
97734
15432
37937
69320
52641
77989
82727
35969
14177
70448
18430
3516
14717
74479
70763
33319
17048
63644
88962
56692
91380
77425
33056
34233
79588
63478
55077
64935
11807
72421
84537
79236
4752
28886
86575
62599
43753
75212
6119
97488
59096
49851
84045
67937
84050
48756
22270
317
55980
36750
59275
94364
48873
37523
96695
71496
1966
2340
11802
62967
52017
73514
64584
62373
14031
73562
46252
21293
20828
14500
96525
65027
5237
6585
86547
945
44946
29910
2434
65421
34712
60753
34213
79060
70507
15871
38311
32197
85952
99103
54362
39324
88016
2503
82266
81545
15048
59337
1643
55052
74078
40161
511
20976
79934
19966
85557
64993
62050
27530
45051
77195
64640
7512
91700
60721
79133
81545
11572
29734
66431
83675
87592
26827
91072
14287
44626
3238
51295
70325
36690
95579
21105
2358
92673
16042
81909
46494
34071
1284
33060
73284
23020
13867
73767
77047
9755
34374
97251
84294
48387
25053
37071
59628
68039
52695
25830
91191
19061
97358
20568
23636
33924
94572
59
4504
6294
88932
34687
37133
63453
89967
17822
42711
858
96449
25874
4930
35168
46823
42593
93322
56759
75648
62356
20710
83261
92341
30373
35666
49063
2902
68598
41048
60517
47251
4991
57883
66563
7475
21631
81279
74251
9397
39412
10584
47240
33281
40421
77421
40614
63337
65756
59497
44949
95137
36497
46718
42445
49752
42978
12758
78891
45010
66911
62871
53945
48676
12161
46962
24779
73004
60795
68297
45734
60202
51880
12474
43739
5118
32996
55917
5137
9119
6295
79286
15649
47029
73196
58918
36539
47797
58879
57109
85605
49014
87797
78500
94372
77524
79366
16402
97011
13473
88437
59389
49360
53827
43520
19763
71830
65294
91090
54420
15781
34302
1558
65765
19166
14480
7687
85652
9706
94174
84674
97027
38267
87638
30813
79027
7466
41591
23633
72527
85502
88903
18834
77041
97326
96691
23135
90037
48926
98659
70421
13752
90694
55609
34110
54060
43921
18695
76807
1947
69472
77418
91919
21077
78958
43430
42618
12089
74063
1695
68166
86364
4529
87442
12757
70200
47877
42606
61961
30932
22551
10066
8335
28780
25272
21540
66481
66685
98653
49803
66063
48495
71712
2058
64584
34687
32868
86106
73874
58760
1079
28387
18601
94798
39952
48214
38596
66215
90967
71625
14819
88421
31780
55280
8709
35908
25183
85044
76150
93197
80998
97331
49189
24645
11630
39381
65843
22805
56545
16070
47719
76214
66566
15028
77695
7064
62270
58439
91201
80272
94473
4439
688
64892
59529
36015
62170
22772
64319
87133
67150
97039
57906
54770
27403
77103
91470
15452
45875
67978
96968
22845
12478
84438
9664
25576
69195
87344
24319
62872
37969
9704
63456
94157
75092
61677
35755
37412
68628
16433
93148
27857
61791
73176
79586
60220
44806
60771
57732
65685
70892
61907
39742
58741
56891
63996
78345
49683
18385
95528
45176
61983
22648
40516
41726
35390
31092
36907
33390
11395
11477
4461
43066
50118
1708
61852
87069
96676
38073
64467
35252
77619
58595
68644
69990
45664
44161
99740
71109
92487
58166
5972
27757
6094
94490
18647
28361
18015
59378
85931
76821
18816
88834
91134
10077
27184
81849
49614
8004
91904
44042
41493
96194
14699
85787
15856
53189
78932
73942
53802
36472
86203
10045
46057
15457
78267
66202
82517
50979
81891
35092
86112
81476
4911
23486
33687
52713
44802
75562
75524
76894
27010
25243
54140
89426
97456
53368
21388
28702
82467
12188
46171
998
87328
21482
155
29656
24088
56989
47730
90450
67198
63742
33376
38656
11523
49999
95436
38467
56208
41668
90031
74381
13791
71569
6684
10472
96503
3358
31531
57846
26402
18136
88449
4179
32140
29089
17054
97207
53850
37351
32930
9528
12901
4786
73948
27693
59122
82423
31793
82445
80783
57226
71878
62037
31724
18000
94218
44424
1171
62482
43650
68305
12421
88206
35890
61860
23091
12775
44421
93378
38806
57084
5114
83867
36363
39862
29739
9838
65582
2555
58554
7500
90066
15936
93883
34331
13595
38460
36184
49430
67256
39671
40517
18482
56096
95137
27201
20155
42664
6559
23333
38300
65342
73152
684
20606
61093
80301
18911
84072
173
52703
20380
41860
92142
52235
83234
82434
76321
90328
29532
84214
3931
95410
43591
41853
4263
45942
62754
54269
14495
20461
22417
29002
85127
29942
15022
95684
91046
4828
909
4510
74305
12519
88714
89178
65014
78190
97969
91567
65810
67786
51977
19565
94479
17829
43422
78551
45614
86033
32201
74159
75596
31638
48415
73999
84804
53859
67795
78739
18594
56678
36808
27029
34783
62102
30967
21616
57534
33517
59578
17478
32545
89460
48403
32221
19721
88886
32635
36004
94696
52982
51563
93331
61253
74013
128
61584
55435
18539
36783
76718
26222
65231
39525
88560
79355
65649
90905
92524
57563
30157
40177
31050
86628
27610
7630
97195
29724
53512
32405
20455
49003
43753
29594
69902
35611
93382
11371
48912
65135
75346
34742
16025
89181
47195
70168
75348
36393
88540
3811
57680
56608
8080
54860
72864
14350
71618
98414
13435
58460
97088
23390
32132
70409
749
61868
92549
51300
86549
4594
68436
94979
34363
36540
41496
92004
32303
60725
62244
19709
55099
77578
14241
20065
22140
23068
43179
45298
16654
99592
95218
30142
11424
17323
96704
23352
91207
37780
42490
71091
24175
69994
38784
14589
96203
2166
88494
7606
83021
50191
22725
49387
36018
72096
99204
15571
38261
87992
54703
79110
4899
24046
25810
61333
16238
51311
25791
53706
56347
75270
31187
69533
19287
2470
40150
70031
3494
13527
88193
43079
24316
43258
42650
11271
27396
79163
7451
18026
9725
35794
17010
11804
88165
65750
769
38390
18190
6431
66596
91700
90349
84822
46770
11093
50577
96763
30621
9519
70224
25363
13268
99020
16477
18924
73928
33413
79574
67982
81900
54489
82938
40159
67381
89065
95896
77107
11489
72436
47426
81743
62356
9994
50720
26584
45373
10159
47713
20573
8759
6959
20077
13598
22187
24472
5302
43415
4499
52120
95564
78348
8761
56564
46799
8563
37086
42754
42815
69369
18391
47907
42384
8946
85554
93216
51322
15009
65654
2144
45900
74783
19016
57892
49792
86860
78506
58368
13450
83983
21054
44022
83050
99564
3144
74671
11553
2913
43953
38009
36288
43356
68136
64984
48571
6109
47363
91594
37725
259
22819
92668
69749
51798
83285
18562
34222
13681
1461
60919
45629
27018
71725
47729
41395
95135
97884
10495
67730
60030
20370
19939
28989
90417
80342
57350
81960
39332
32682
55228
92398
46196
7591
70677
4641
46390
28098
4797
76539
76385
24272
84337
14835
13370
86918
51518
18572
47802
71768
82392
3496
37438
85827
19955
2106
94762
96583
5730
55417
39834
42220
36106
91408
34183
17509
99650
62802
64659
54322
83081
45419
44433
1983
17155
35249
27059
32810
37905
4985
81170
99234
74381
5863
44532
54891
12639
93853
85917
15230
10399
4340
94388
60172
85224
56361
99952
56707
19892
20526
85504
84266
37785
61153
88916
76070
33280
52538
84843
24895
45183
9790
3545
57693
99858
85713
13525
20524
32250
9448
59837
37630
6641
40732
76710
30831
2985
90555
59811
69892
50945
66456
69265
36813
63299
83203
16510
4937
14653
87987
15636
90537
98426
12479
79333
1613
1724
84812
55764
92970
7064
58177
70270
34733
8365
41078
17603
93497
50114
79563
37205
77516
15772
53717
88060
94432
83258
48563
95523
34829
78637
5566
53378
89675
44886
93183
20745
65301
30750
92155
8774
79402
51468
6505
99476
75981
61959
28069
14176
91725
46440
90493
13208
12446
34234
48648
34099
102
94673
26038
50455
36628
31844
27425
87051
86442
42505
40131
58009
48795
80492
93251
17727
33583
26827
9223
2963
9476
42769
53421
16177
57231
44653
17428
77378
74176
7534
48789
51594
11524
88222
72271
83246
1315
6679
21376
26017
11625
81734
68527
62602
61378
96667
75910
74931
99134
94698
20158
84528
20757
10881
58194
80329
55556
93830
14869
16998
82645
19117
79232
61111
68893
28019
89220
44797
81182
79034
83965
71576
92397
80609
16583
65326
2926
63198
36266
44693
39163
87867
33745
76125
13924
47883
50553
85437
68016
61575
20741
75864
37025
24650
27406
42092
87254
56613
12311
84119
58890
83167
32030
54790
23833
31373
36622
12955
86531
77194
43186
60666
24905
88211
22533
31696
83957
98210
44677
1025
70006
60388
87525
16876
3048
13177
5281
77021
11474
26760
52877
47760
78633
91388
73478
60380
7698
98336
28746
68772
76933
67890
68323
92213
10733
9798
19998
60412
27723
9722
98874
33096
82074
1841
35676
86871
9070
71823
99072
48096
79446
23824
22217
24156
5152
41861
17369
53393
63835
21996
73341
47900
59544
88170
7264
19739
19114
19624
19424
22933
17260
11560
16733
86951
80866
2146
98797
54443
85143
36127
48236
66598
82501
497
8049
85423
28500
62029
32412
93815
61657
72518
33196
69498
21504
82759
909
75264
79237
63597
14318
1679
89723
76767
14768
94545
82831
19307
23803
97182
76231
15006
77387
71142
97572
67551
14343
26909
60167
93000
10162
48291
91536
9474
43770
72655
65217
63581
64302
42903
90049
64745
42317
64927
68796
69363
65689
57019
22408
72479
11915
12835
85858
64863
90208
40370
53047
62317
75568
38779
80639
42251
25695
60873
68867
25524
36589
83760
66623
92606
13800
59189
71554
41135
99553
90455
71955
27129
30172
825
2958
23732
18401
14478
57420
38326
67215
7231
66369
91441
28656
36987
7230
2697
88520
69916
81814
76240
67143
65810
31358
75648
5470
73294
75118
32501
78638
50317
59876
63429
11419
18207
91240
49564
54784
31379
2281
84024
43773
24193
95206
2302
12203
64659
97001
83735
5423
98481
88078
32234
46989
31751
99426
25271
18996
5206
61895
10093
26167
2324
93715
70153
63644
84800
35575
83629
53581
26566
18365
86392
88172
44491
80491
43175
90692
16374
73733
43240
2746
61947
86159
80950
56451
27205
93039
7606
1870
47456
11345
48077
38306
60896
16292
7004
8866
30769
60258
85689
17261
7516
86349
72875
12803
3378
19380
3009
53120
152
84309
96944
58701
45359
37532
99816
16236
9919
49450
68977
30161
17632
61393
8967
97905
74629
71963
22703
74930
89061
16363
1909
46081
31527
39995
79396
52675
68233
28196
23585
40419
91533
66588
30660
60522
81633
14266
99187
90605
29418
11413
82909
7552
68908
95018
25200
25801
1463
70524
51864
72655
95314
94326
60181
68400
6109
65036
14039
56914
19494
18944
40345
59857
21578
63040
18807
59095
68677
28364
173
80266
5272
22773
60589
68384
65814
11329
94748
62957
37739
89803
19882
45149
99465
74696
97037
15261
20529
88548
48185
435
2330
51339
30206
32014
75201
93027
84157
95575
34542
72087
33192
63175
56510
45198
79830
51667
56402
8474
72863
81251
28500
2157
78202
90848
78081
89700
17713
46507
84951
96872
54909
24938
90908
31114
4388
88253
25320
41931
29291
74543
59729
21758
73305
43304
44113
12741
12075
91679
89526
81847
45165
90509
869
25188
47611
40477
27564
8527
2261
90367
68035
25786
23896
32795
56094
96416
57279
53603
57202
37851
5493
11042
31169
36198
92501
63664
15588
11324
67904
85191
28500
21567
93082
94320
60436
30965
20834
25975
21599
98829
81292
99965
11306
15711
25501
93899
16821
39794
27618
10948
63219
30679
42670
75092
35123
36882
68878
94597
46283
43224
56938
73392
28128
23348
80890
87376
92469
10276
46114
66866
67725
44641
21292
88712
72798
53628
14849
21757
89236
65443
48419
68868
64287
26050
61994
89961
49051
64487
78201
49833
82778
16478
15292
31261
40816
45819
45792
21712
78970
48214
99023
36018
28139
26063
99687
68166
31125
47315
7094
46198
55985
63800
45685
10790
63339
70722
67805
31686
23340
33512
58698
48896
99365
70224
83915
40818
18742
5143
44194
81782
69624
51021
18910
24604
55981
86173
20307
97465
4354
84426
87059
55320
573
74228
87499
62255
78313
58234
7772
29517
45659
46938
7285
38096
72961
57684
83402
55475
96070
24876
37490
40996
33988
53454
51810
84563
63142
45228
51298
16998
92825
27651
59209
83113
90799
81404
34747
94211
23535
22478
73947
18565
58684
94496
1869
90555
54752
99660
76173
30020
83573
94208
95686
98175
51217
95646
25296
72155
85323
16578
23561
28241
71374
92836
66606
51853
34809
30611
93143
55110
37904
98722
43149
44303
13283
58143
20488
50374
11224
28382
57833
25354
25047
97780
62544
9930
50227
93055
93307
52665
96848
88099
98812
8765
91029
93999
13718
58278
62320
78622
81364
77404
92288
23482
58246
84689
26019
1147
50041
53941
43676
49036
19537
13448
2624
68367
83845
52011
18206
45111
82103
22544
39081
5330
81807
38831
42691
9674
61972
14554
64007
81729
35078
76360
96563
69146
94042
75086
1040
98967
97523
29964
60768
79068
70362
38819
85635
31250
50009
29412
92262
4232
6201
74468
14953
85556
69494
63147
83114
28727
9052
51244
76179
82879
59777
74223
2205
15558
37023
65258
78304
39287
3435
9358
64152
88817
67159
98462
26485
18628
50880
13562
4959
98008
16245
98073
80740
51820
77029
80565
39232
52092
75523
89536
85256
3261
86809
85877
68051
43778
94982
66601
26053
58176
8630
30209
36185
81550
53468
9117
52906
75718
12174
44625
29342
13641
87933
90900
53008
30591
35312
19889
7480
41276
9788
93723
14009
34878
94562
40542
76327
44786
22405
94960
75987
16470
57926
52583
89781
62265
22270
29476
7221
55135
60439
44524
59605
961
55463
3128
63743
34769
47146
78210
15110
39131
49436
76576
93019
70278
144
54285
8079
86842
10319
69090
55520
44988
4336
37604
5890
29525
20496
51479
78219
53905
495
47921
74906
55938
20615
43465
65253
12229
65865
74285
41918
21052
99030
99443
13890
47738
63382
36680
54398
14142
88121
43076
9886
28087
70184
65310
31219
86886
61031
44667
2047
51328
94345
21890
8000
69938
73648
18827
95832
63359
16223
68214
56789
49253
35358
78073
69569
70078
16042
79089
85160
71426
77302
23320
41473
92522
90594
53239
98172
95599
45654
91635
35590
25969
95963
40036
60540
63252
57142
86115
49897
87652
35874
63457
12765
61241
90761
48564
56301
37045
66878
80876
39105
41643
4314
54084
33343
47226
95634
46517
3153
63254
24401
3588
47924
24424
56727
30843
74144
31531
7054
68596
39727
52119
95588
38674
89644
43132
394
37162
31866
67684
64616
88063
36830
58619
50874
87596
95626
15818
44011
41369
43558
40990
18701
63472
22621
38152
72274
42090
15425
76509
67531
53571
94364
88766
52634
45548
62389
86226
78517
77599
19099
38158
5946
37196
15121
3863
61513
90002
77878
34495
11779
31082
27600
71115
48221
67453
88820
54101
28929
48694
51380
2445
6849
3698
19301
30234
53976
40212
18956
95711
3999
61205
80165
74968
50505
46265
33264
58243
88572
48252
33240
24412
47053
50795
57281
96129
85014
73839
99630
93268
62614
94851
67660
9439
83205
65959
24158
38033
87090
44174
83813
33574
40508
71058
88940
12678
62633
25288
53518
70500
63622
61869
90692
84166
81628
95679
8111
67204
47851
19528
73886
23049
97222
45013
64637
56247
48106
61574
29370
7303
95068
53310
27349
79053
62142
16185
37667
25274
94702
35837
8031
82524
37148
70249
4270
52992
75909
88907
23469
79480
89265
25678
65113
59415
13701
16336
63643
34424
66917
38961
89934
62271
77706
16615
95438
6935
64700
60495
76319
89339
82764
19294
88983
22416
44657
81205
95913
94063
18845
70163
60431
57761
39130
38180
95731
75587
16839
7383
85338
11976
24169
25902
32750
42718
2160
22766
92198
50696
66023
10262
39060
84363
29047
55789
28938
50533
59289
67732
79050
50391
28470
35834
17545
36323
91901
8302
69407
82288
61695
24655
11214
55626
17099
28384
76429
33959
19713
76567
17488
32548
59285
7028
15989
61358
49603
30255
66061
93437
36265
33322
4741
69883
42053
34342
93936
21826
48491
89905
63123
35
65155
34300
31692
57186
79230
75819
46464
18655
22931
83206
39360
12912
88058
29997
79287
64969
94339
90792
21554
47198
94772
61852
23149
19359
4958
60313
66838
15746
38299
27760
99264
68415
26182
68258
75463
69364
12310
49428
78522
43209
59864
53215
72202
21262
5128
7619
7469
54688
42893
81436
90895
32106
8046
3308
51223
35016
32757
54840
82225
40039
75742
95151
79197
80105
80251
17221
10963
12964
79112
38750
95088
83978
90534
2661
4290
75587
58774
82076
94861
65110
94899
20078
81879
4167
96300
76800
22998
61850
24893
6471
14804
18549
82474
73523
98748
88356
62487
61672
61796
79062
90119
97677
53878
13605
62095
37565
2109
32275
40757
72251
59176
65295
85162
48899
19294
16119
62434
74812
78815
78584
80524
56393
39219
28945
11410
14111
90577
68149
55919
9872
61582
82446
67431
30501
6080
52703
99240
66251
76653
73666
14619
20421
52565
73521
5799
46303
41689
67936
81538
88514
86214
62502
51445
37059
56162
14173
49003
23383
30226
3647
64789
21089
4517
30160
49725
24651
57185
34235
25861
83347
61096
60629
22044
86492
68870
36541
26236
11366
17594
90501
98595
30552
50687
56138
99083
16890
46037
26078
8648
85183
40113
62023
22046
52127
86302
55777
45501
33570
88590
57022
18298
77944
85025
39150
331
62438
39888
98841
16414
44380
4791
4297
94422
13473
25405
24805
33860
11119
59297
65016
47614
84668
86146
93585
7422
90989
24427
1475
90906
35215
49082
15468
93627
80704
41804
93714
99964
30503
42311
70985
33249
32612
8898
7506
98193
92930
10805
79518
13330
31433
85273
49744
9696
70832
57819
1920
30505
30192
68834
18683
88552
79060
70618
36648
58459
2413
36157
42117
7620
43489
44606
67824
97721
64867
21489
75587
31720
99230
83962
45462
20810
85386
75920
68840
9634
73666
57262
73048
75347
58028
8278
63693
21979
37655
25058
95510
78320
29731
8521
38700
38454
67066
82826
82291
98746
85853
73879
72031
49357
33657
19713
75732
68192
14616
95228
76869
41369
21523
55439
7294
61008
25957
32475
97373
47336
15867
36005
50011
25773
92264
55970
71849
68422
40373
72574
78101
71319
10165
33961
70604
46167
53143
94398
26969
97480
50133
7184
6668
79000
33257
55412
79350
96339
99359
26438
45264
9763
31973
80665
56251
28997
72350
80862
4514
33993
51479
86383
83451
70630
96209
57081
23341
57911
70653
24740
84044
22870
22757
25889
42719
50644
94215
75567
15523
16114
51709
457
10824
24414
69015
17871
89081
50062
37131
36048
54265
20946
98434
83601
72809
16665
77843
8892
21798
65795
25677
78664
59215
55198
56046
2337
10660
23232
54161
38036
48233
29631
56580
86874
18250
62064
52727
49534
71642
32826
76848
61324
54740
40694
12348
3799
13218
71270
21376
93191
22299
76687
21390
52062
58566
66932
32594
4166
11517
41968
43660
44377
91470
17967
8600
25323
22907
1226
65129
30264
81441
11358
34612
52934
38389
26504
17000
32822
51530
159
44060
55501
78896
20653
48257
50201
90230
21291
75542
68547
37488
15321
65211
72784
40659
7223
25885
60050
36861
33922
15503
59473
96178
38926
91450
58898
31426
66301
36011
61282
15206
85625
70507
53282
25865
44116
74316
36974
56227
9209
87102
64395
34335
20078
31778
62573
93503
94185
79542
11234
85558
21612
99887
52479
65171
26558
12005
87269
73853
42791
83720
84879
35802
73256
68848
36474
33322
20309
40146
3249
51504
3248
85934
76788
27088
86532
81957
71141
78867
46106
55592
42032
32424
21115
34284
63252
56998
69474
72570
91153
82508
71805
38211
15408
38857
36640
92112
80201
46967
71718
16727
23190
97537
82886
83305
2578
94246
20078
9833
16300
57590
18302
94903
50574
67321
28003
90859
51589
47215
68622
90013
1260
6482
68080
32640
29817
21879
76085
33935
9572
82708
56987
71775
74960
1371
93101
41749
13495
68804
1056
87825
43926
47689
15049
96359
21202
44683
73624
93390
36517
49587
1718
96562
67913
43794
58327
24932
31840
13193
17083
2065
76637
89061
89927
48015
69523
29090
43514
92628
52473
56976
24783
20577
93558
70547
68303
34524
69838
87396
86768
83003
8585
3733
44109
80892
34236
63026
38083
73202
2615
55363
28326
91737
45802
99022
90302
64394
92885
24857
38945
81483
62858
51021
83342
57246
76737
5142
6883
22297
15896
56711
80028
23029
97573
89946
53609
95200
569
8213
59498
54958
63891
69480
88521
29676
82334
15123
95637
65717
56424
26149
50518
90525
63424
6942
3922
54955
85994
30550
10779
2531
60899
53303
47986
77921
31788
65829
21500
41154
54645
21279
95615
6492
10087
91197
56410
95950
98381
312
8575
93330
60672
22665
3725
7151
96526
18185
32686
13228
61863
76504
94281
6654
82947
51674
90085
45762
67251
66587
56700
76550
43938
49619
2871
58881
40360
40453
38635
36579
36684
87553
54320
87879
83538
31561
54202
18662
16392
5137
38710
28773
47145
27616
33987
3886
15885
34867
63562
32124
93997
74304
99611
62479
79190
87575
94693
26880
8586
61061
44466
4943
77197
93362
73629
13112
49266
81771
31409
2052
85155
64154
45215
39483
30023
21201
62107
35702
80787
40517
75540
61171
12272
34519
52782
18627
80100
1166
60478
43485
87808
61280
72961
6517
81413
31824
7641
62695
87252
14641
20965
72717
61841
52520
19228
99473
54291
29583
71942
59132
67563
61942
39767
9868
2190
92740
77737
17188
68544
41436
62965
14685
38143
7899
52397
41594
26889
3613
54745
69850
89835
40831
63948
82951
11688
96447
68418
49003
24098
54239
21368
40706
52519
25961
58056
83210
28699
10956
23072
50327
71262
2693
68414
36227
72794
72249
28490
36866
30412
99966
66448
67284
43596
19194
78488
73684
77594
71491
29060
15437
39335
4421
64838
24653
49693
23874
27995
90545
25548
71379
49543
72735
37363
87597
82222
30579
9287
44191
90412
20273
59490
61528
49875
889
6795
4485
31039
94265
55549
4120
14007
54364
74583
3972
48801
20928
63553
88357
62786
33990
29013
25596
92082
99490
81649
69976
53816
96850
35160
14384
9127
37547
48831
8749
92916
75502
29499
82469
48179
28314
13956
27458
66253
9179
92486
48033
23072
32897
28293
72565
53715
96043
8874
32844
31381
79010
24526
77066
5233
80898
11713
79249
31759
46611
57976
56098
94122
5366
52561
79517
76201
34779
580
80197
56157
76239
29608
57119
60886
19314
61086
75160
57314
39302
32798
41798
18755
52132
41373
4071
10732
38281
72088
41254
39224
98958
64735
46876
19015
63957
32928
4882
15829
95071
60687
3077
2488
88474
69552
13795
64087
1624
38401
16593
98114
56315
75142
12431
63410
91948
28626
82739
98205
55755
26574
35666
92597
88192
83434
77501
90079
69328
47806
51112
4715
42699
10107
65958
67957
55522
72210
60240
93366
67191
18976
12260
75975
13292
79286
32330
38388
75037
75553
65906
19865
12778
11322
52633
24508
47180
20844
69451
21414
5289
39612
12674
56831
867
33946
59756
96805
53130
37444
33131
67273
85138
38929
15157
3462
62207
62497
52956
97982
51709
36382
45928
97555
85228
93326
51136
4799
48856
20440
99848
39889
43526
76273
77189
35173
66091
42114
47899
77822
21911
26776
55639
51682
20014
71751
51624
86162
79447
8924
75080
13829
14926
42718
76505
49920
56404
4351
84619
65684
21030
97189
30650
47187
83307
85007
53108
30416
99782
34150
88311
96595
13484
37763
3225
68982
7119
91255
79426
45632
56505
19578
1331
7995
99061
99955
10154
77843
52007
96545
36733
53997
97563
26052
29188
68353
44954
99563
53651
21942
36922
84379
76549
82361
80557
67192
73716
97722
60249
52243
22565
54467
48040
68688
70625
2869
81109
56691
37181
928
18887
92391
1467
8351
69083
70090
20009
28654
44441
31896
80711
46698
47977
74739
28647
9507
63454
76012
98477
75616
53680
23184
42902
63055
10344
67986
12533
743
93492
39889
93143
34012
23994
41894
71496
43262
873
82412
11727
13167
25515
59180
52436
48543
68856
93219
70658
93670
20580
30515
94344
25725
91287
67427
6745
3865
60701
51828
47059
49381
86484
15873
84157
98362
98979
6801
74697
65726
68555
92989
87865
71031
36469
98776
61597
70026
85994
65504
62235
60725
57218
92416
18280
51397
15316
14783
37298
56596
90668
4841
22592
68098
22362
98839
78801
5615
23239
1117
49697
91219
93635
5809
74602
38906
31738
84083
28583
8287
54885
70461
47028
75780
61788
1544
15633
90859
49449
26936
80325
88981
75096
10405
17503
94420
70122
1544
