93038
12843
85120
19829
23730
77174
18676
57239
39765
64676
94069
18614
37028
92106
95538
82744
31654
10660
54416
62713
30322
60447
18405
2856
27968
8896
23296
76253
61821
33940
87335
31674
39096
8437
56952
64414
53433
91158
2512
19808
36594
36908
9162
56398
40173
92792
65952
16449
91332
99893
4557
8412
56208
95355
1843
35426
84857
97677
54263
37266
43309
65029
40714
66848
84300
10650
90243
38961
74111
39723
99144
73938
16456
75755
50636
27221
84597
82121
20754
79561
58479
78362
527
48340
38351
65573
78414
39216
90383
83563
96877
1088
62974
70577
10372
79758
12653
64620
21766
80994
77639
9768
76896
82240
65118
26453
95774
29343
22912
73294
71437
43970
93033
10759
85307
82260
21681
8018
40314
55173
61350
85902
1380
12731
35700
71662
32249
87383
99713
62113
97987
74662
99446
48130
78618
19872
97015
75518
37764
87584
64499
80990
10196
71328
73078
94544
28243
65905
8124
37494
60860
25652
7169
48235
89505
7160
6932
6093
69452
41296
5578
38540
99712
40400
89550
47053
29821
3652
35254
94587
40578
26221
57873
31147
71916
22009
66940
426
89949
33118
66388
39749
46392
29427
99141
19573
39977
13994
73281
59909
20961
78318
72237
79457
62559
63061
12917
52925
78603
37282
93056
18175
25147
84666
86878
7786
92344
55552
58525
22151
84763
85231
25627
13426
68881
79796
85046
22271
27166
94150
38815
26920
50270
98979
67086
41876
53350
58184
20942
2373
92872
27052
53177
33661
28661
17754
38878
2574
60893
62537
6110
62973
55571
97049
58327
4626
61324
35180
85208
55871
38374
31999
99795
70858
30500
11844
25136
66809
44215
38365
83070
83513
56665
28119
85252
36011
47987
57057
72310
1420
6111
20647
74499
84255
31719
88175
81643
92249
64908
7407
31982
16456
76963
75817
10368
97345
38394
94949
88344
24869
89784
23433
56840
4431
85378
28567
75591
29308
23513
7747
87049
19096
88353
82160
16976
41697
97405
29190
31612
15002
2486
66130
76254
19278
27771
33753
96842
97631
32065
4858
31050
18506
87627
14240
70896
88697
43878
31328
45828
25733
36043
53653
28731
74661
10663
20214
26856
49111
75864
96817
37580
47306
38413
73638
53706
6086
59312
50787
67381
65689
30464
84599
11466
35550
74486
42964
42650
78124
50825
88358
84032
73112
98829
50699
63185
65864
38743
4622
26257
27926
74971
11108
20449
53341
82934
99458
32566
68290
51784
75801
4870
87074
56473
53808
43868
73844
71164
56220
92555
62555
98448
69149
64670
18283
44419
10296
15630
98805
17106
36461
73517
71664
83244
9044
25727
6342
79156
98041
90312
58616
81989
26001
22496
39503
16304
46808
64131
832
65088
89129
45862
82299
96895
46905
13732
77009
72049
54768
118
65631
65406
48677
55008
10619
25358
29076
62152
65914
87404
49887
55490
16699
66765
6847
82375
8596
60778
34789
48677
4375
57896
39505
12751
59488
97561
49870
97300
90654
8092
80968
11853
97627
54591
61707
17616
73258
68068
35865
7842
57068
19458
67655
91081
15871
94146
96630
66208
51812
97354
44969
77699
74731
16087
83943
88650
51133
24643
34095
53395
76838
43398
75795
91512
97149
59448
56051
63583
84305
20244
5014
23888
74577
985
45575
97697
42136
33162
4810
36014
28500
84053
61978
49924
77778
54001
26720
49276
96519
69312
70418
32805
28477
32756
25445
72570
94008
94766
52688
6163
57668
99649
95168
887
52573
34805
8433
40078
61626
78536
76752
67029
43543
43311
62698
94475
12222
54458
23311
35048
22770
43061
34633
64942
25047
22186
78451
98743
68129
75044
72088
53037
42391
59247
67530
47513
12292
75995
73051
91540
32826
92256
4923
70681
73475
4891
31438
65083
5221
36182
69417
93746
91921
75429
11881
32689
10473
5644
47728
6195
25579
43359
88478
99604
98047
98498
23560
26492
40473
42415
89207
5494
61995
80053
21087
22431
71594
86973
41274
47769
10234
93480
52033
14431
57113
89141
40710
74163
15942
24031
53841
79635
10060
40130
62709
51915
23150
66878
24686
50851
78609
35188
11290
17497
52416
13805
62257
96042
77568
39002
52194
70985
26929
50006
27659
70546
60286
17736
67572
7928
31105
11845
39977
3994
16822
71858
82963
75829
78426
68743
11954
62163
44735
43662
16696
76257
76719
39787
32100
68126
33083
39062
71642
25455
5087
99235
80796
34159
55347
51555
26535
1476
87504
20739
8013
6349
92989
39890
55114
41239
46742
44065
25925
65295
64184
64099
85765
90705
46795
65555
54349
191
54796
54900
1046
88366
37846
95507
95111
35867
42029
95402
45779
15994
43207
54238
64656
77070
38422
34567
66351
92501
38838
1456
42877
65275
18416
82708
15893
67663
39497
32681
21663
3538
80650
90297
75561
57259
89900
78954
35713
61240
19552
48895
77420
92512
74008
97592
19494
50403
94869
87509
63862
66770
19374
25176
60301
77019
82682
23367
93404
87581
18043
35409
69199
81658
38887
46024
93577
53674
96788
1932
95037
43884
40287
20521
74246
79736
71512
77047
7588
27791
19310
58463
74067
34772
9587
18077
33290
692
18251
77920
50541
99808
11095
25167
43632
91964
74072
68038
70248
22031
84674
23934
82543
93147
30399
11530
36948
56103
62236
61405
85981
93335
41812
96649
71514
40413
12151
20419
76583
57353
53463
48322
98462
8764
3887
10055
31478
32186
95825
22838
13500
29086
59338
71522
12620
20327
43187
84486
42860
75280
48055
94896
37
26718
80540
85720
86431
82962
79952
30030
99257
4702
99218
24210
10753
28692
68793
72893
64630
97050
35493
63837
25943
9562
81056
21469
68999
64950
81296
1667
61536
22233
55101
21394
58289
53544
51961
12272
80182
59703
39761
63746
23314
45816
8015
3124
82956
45678
60776
88021
17891
75967
56361
41246
27374
97896
63417
61491
16437
70475
17034
13506
68198
60036
226
74537
46293
11385
7393
54452
8435
36687
57934
89379
20457
54457
80002
31690
58961
82828
66736
69235
3857
88302
75568
82846
39670
2380
86951
57832
7145
27371
32501
69737
44016
3606
2394
57303
61571
36886
66629
24937
84937
65504
13851
80726
10736
55015
81761
22171
709
19891
19750
83771
39669
94250
19439
38400
37537
67306
87648
69632
99895
61848
72292
27740
59795
18771
93402
5730
73106
19522
57788
34002
18542
8012
48076
43101
32219
41030
12094
20777
75708
19814
18140
50257
45699
21271
25114
11305
49092
12101
94871
86496
41172
30328
52492
67230
75427
79070
22580
91149
52851
90881
21528
25204
48948
90743
49078
45565
58078
11864
95021
6072
2314
40555
76744
82585
83406
6393
26533
68349
71346
89283
60512
9066
42643
6734
80352
87700
10164
82492
79070
73851
13564
80599
57966
12914
39345
52807
34796
23675
48206
64323
21668
35373
47427
53828
97469
19639
23242
33940
35779
56831
49985
53990
2959
56579
37033
75519
30262
93953
10426
62417
91723
62578
35009
95241
34193
94353
18711
23455
54529
39865
31903
87946
2997
88524
14651
50998
22991
84592
69963
70893
41480
96019
26884
3282
60537
84720
12073
35758
97695
46154
70185
1889
11983
39893
82004
74522
3670
43348
62779
73026
69323
61532
59683
29714
36852
61560
70406
70373
78930
11814
68934
17799
69866
94206
33678
41485
25168
92083
75688
58143
42162
1746
3604
13168
23454
11624
74380
41550
689
49664
59249
13685
50782
84169
35216
15262
2199
55861
24023
29876
28090
70654
67951
71783
64763
25636
36725
17177
85514
42610
31960
56822
42721
85406
30001
71553
21869
38542
34298
79466
81302
87224
28013
6236
94860
84770
67322
52082
53200
84489
96740
30185
82364
91421
25464
6992
42832
61960
79051
35292
19514
7439
51856
77656
56961
1809
67667
61658
50670
43053
52788
209
8504
44257
41987
47546
19498
73133
34804
25714
54963
6709
30207
79590
77642
86341
29048
47014
87868
50991
55462
24504
8980
39088
25793
52264
27141
27376
52589
12541
74295
30824
15406
57927
27275
67870
53894
18772
75341
6124
54994
94275
53717
81599
31070
91216
53562
74619
89184
91213
20340
48092
984
96081
56428
65047
74498
70378
91682
59295
84276
61647
78139
85539
12506
5456
40485
52308
89068
43119
60424
14309
95945
41383
37706
97003
6003
83722
65439
16932
10598
33033
18572
11220
48950
92621
91254
64650
27236
14211
23692
96353
96476
40307
16910
80482
12431
44497
89112
92583
11496
71692
11471
13562
30700
78373
99814
70396
16467
70714
50093
4962
59038
79391
20823
48602
98644
59054
90727
65355
40093
63957
93078
75162
20410
8174
58852
97833
33758
49677
31449
12602
21293
66322
17398
88785
98736
21246
90908
39575
91218
20930
72920
45915
50875
49458
75242
48307
38118
72729
28689
71360
81632
48967
90294
70895
74784
3557
63889
79260
78589
41032
44859
46097
45553
4804
27665
33677
91240
568
58561
43487
23940
9031
30741
14641
90993
70759
70713
9506
43872
28466
69898
95276
76834
84506
37181
22596
97378
13754
70217
51519
52320
10247
44755
71921
91430
3237
44468
97201
30984
78806
58249
41945
44989
82445
68598
37226
33492
21953
35703
21036
99221
13501
90181
38482
32886
21492
79586
4764
52470
94001
51297
48758
58906
13549
73301
36734
39777
77146
64500
47747
72261
604
51815
41833
96497
73527
50449
58536
72442
76708
30585
59892
58715
59421
80598
60088
8785
67351
65175
21628
81711
69936
13996
97253
64383
83774
72628
33947
41270
1447
88195
80454
64595
68750
78416
47729
81588
9547
96633
72049
22740
55892
42547
20671
14885
78327
6354
58081
81254
50666
86672
86055
63553
10681
81598
42128
39652
43678
46021
82637
63769
43791
40183
44125
36516
67537
59895
15256
80473
98795
24290
2824
49272
17333
75864
30353
76454
12463
17003
90032
40009
40590
93955
82785
14239
79793
3499
71099
51388
22066
52667
15543
11358
47704
79235
23886
39342
62760
66065
32608
62678
69244
69024
52752
67929
68364
42877
94028
65235
777
64247
75179
28399
11945
86018
18192
33823
27900
84359
51275
34107
1981
90380
99742
78265
3556
66587
45308
325
83704
45234
2925
27773
79554
13287
48015
43980
68764
83030
93271
42721
42600
34536
32277
78795
12254
42881
72597
8211
44957
3463
4482
43062
8195
77290
17349
88926
20280
74708
17931
81084
12580
80046
87556
60483
17216
10476
48808
64196
70954
854
50036
71714
27314
23860
49778
78897
92689
68182
69943
23536
68666
20829
19557
71936
24872
90697
27953
9408
68567
87136
83903
96359
90543
95992
35689
34429
19995
81153
77631
89973
83288
15666
90376
54827
44777
60046
79206
30902
42855
86163
84599
36555
7221
59071
52216
67726
68881
19359
89189
8501
41159
22421
55068
41818
49408
9701
5695
40925
98967
25116
60791
82324
74380
62910
8278
79088
63634
85482
71541
76174
34755
69484
98236
73718
79859
53760
7168
10419
95169
74814
62822
26639
19210
67366
71526
25579
7096
77064
58379
86552
86744
87344
55766
75157
13097
38029
63906
51877
70256
3709
38691
12780
25321
21431
44776
20870
42808
44948
29823
57156
39549
97914
77079
41667
19269
46951
99585
79851
39741
19510
7344
66722
3650
3313
6239
4074
33236
63060
31025
8382
77449
66297
45396
11236
98941
52454
5407
74318
63847
57327
11066
32947
77191
8040
56253
77030
99164
58284
83889
43600
35762
48227
41266
6127
81784
36563
66646
34409
37648
42918
76935
63214
44735
94676
69612
72170
17604
96653
40742
46052
64037
68709
50678
87767
2181
31164
10332
90442
28147
21097
24474
56141
75644
62754
3287
7890
7039
93739
58175
93830
23265
95353
11719
97067
84759
91297
15343
67731
98465
73537
5728
19643
46423
48907
4885
16546
22778
37898
39063
37700
79469
77810
36928
5399
8157
71432
93248
71489
69947
29995
72254
34996
12875
54238
51766
7655
61141
51156
8417
24915
27960
4182
87250
56519
37182
27187
19613
10952
94091
25797
77810
67912
23695
26492
57607
88993
88763
80553
43412
35727
67184
68361
7383
24807
76979
61004
34359
42872
10812
95361
10118
39805
72526
23616
6240
18331
15649
38931
35280
57725
82811
95298
63506
8330
77149
66906
48307
60800
14457
39961
31476
39535
60962
89336
40878
27220
91324
65877
32079
65520
88626
90588
82946
68325
23974
14898
44365
43469
91362
53694
28244
19734
53006
88148
87675
49790
81915
17823
60456
59526
17020
75595
54503
7830
41908
70924
10055
94414
71946
82670
34625
85796
36441
6938
39641
735
77956
88481
31454
5071
66215
86248
3659
47238
2216
82992
18608
38103
28396
94593
86186
71818
7431
76595
20015
6137
62411
98905
99398
88010
44001
35146
30450
21577
90838
92493
11632
76160
10604
15968
93974
70358
31058
32421
75931
69986
33070
89930
83573
80523
89302
74324
30558
8190
58558
3943
32592
3914
77227
40116
55407
90395
55398
42463
19334
28337
98956
6411
66153
29916
4611
45637
80601
10646
45511
75338
2471
70461
7907
16694
63568
43692
65371
39562
74438
68214
24549
86361
97647
21118
52664
73391
69062
97045
56924
96190
97728
26065
9441
32231
93737
68294
28204
68578
81549
81859
1292
51049
5042
72556
42699
35687
49986
83024
73344
40408
91239
82054
31201
5053
20687
52649
15733
16224
73391
80717
76231
23582
69380
24732
98551
86197
60724
39666
25195
84843
92275
66417
88867
46200
40642
58562
96554
71698
66674
28969
31208
71603
34182
73955
50196
31113
91061
74143
8359
7194
74063
87574
78444
62545
63319
97704
75155
52969
99439
83989
41573
3861
34482
5748
9265
93450
96442
5363
2405
4938
1057
22956
18393
33454
66725
38561
33637
86351
42949
76596
26834
20593
11432
39781
16846
37324
64541
24776
55481
67288
63388
44034
17885
28500
10795
96064
9338
62451
52509
28820
27871
16772
33366
59277
98645
89501
43401
2706
45013
40451
35426
49627
53754
33049
39263
49901
39377
47778
62745
93839
14861
57620
18241
7853
12503
22459
45669
87337
96770
83175
48465
81944
40828
28756
60466
60288
87041
93556
31927
1932
64938
46011
75184
58986
89667
24230
16664
29186
66969
57480
99311
41363
25586
17523
99712
11083
76215
77664
92674
47426
23820
83035
50617
28564
7041
86253
17788
73913
43201
95239
89489
58819
66279
28137
94805
72692
11792
47788
87768
54841
44043
44466
1508
86086
88109
89928
58174
84943
77826
83220
82726
64001
70942
34337
61401
70779
43441
20901
93974
88108
61464
427
45725
25098
92976
46529
69906
48716
48806
67200
36257
82117
80970
21875
29404
83294
17538
9959
66400
20686
73531
8846
65750
26072
66426
88495
25525
17313
1584
53869
27268
18573
69036
90066
21629
76533
8266
10233
91853
54951
29865
61845
80473
82683
46682
68416
42714
23245
70645
66340
1449
55835
262
26336
31637
10620
69444
18680
27473
5659
57698
14460
29227
60592
55679
30386
24343
71577
48472
81218
34058
67066
39005
67167
76066
42286
91616
43181
96707
48296
13705
32019
4156
62411
29159
92671
41000
50722
58306
29104
38545
17948
65612
13956
41103
83304
42198
90526
8685
95497
11614
97939
2764
14999
21765
66834
40993
72114
67967
46766
78170
99715
96260
49865
80063
11664
20995
71166
13203
88636
47510
76523
71609
14137
83569
85753
30131
71755
49652
49674
83749
51930
86176
5950
81432
72755
15430
33442
59131
57436
45691
34038
84900
32242
14760
52984
26996
16897
81981
83442
31737
63231
28261
91069
99853
75269
98517
48049
89563
25835
91007
31754
68001
23551
29155
22968
61489
16962
676
59587
84210
7359
80536
87673
8772
41993
51322
74710
38689
72911
66810
13903
84862
31423
35891
25659
34193
67829
36861
47262
9420
25245
59737
27731
22151
80173
86154
45589
17628
59544
71171
82762
58860
41872
6747
59693
84351
78459
67773
58614
2345
26385
33020
79624
41831
7599
24388
53783
50217
81691
60108
95092
67338
51349
62887
43575
16058
88662
60761
55848
98397
65512
64839
86154
50316
59874
39
92004
6489
86206
7511
9132
35759
2616
95433
50866
98968
69765
86076
95879
53657
38222
63334
97001
10264
56808
63661
23276
4222
2993
91381
20390
16054
95816
91059
76918
66645
13673
48896
72242
42388
30661
52650
42221
38521
87098
93540
55233
41204
16372
60158
14206
64581
75743
89359
45391
17883
61288
35758
28325
37206
92591
60993
56770
33486
18955
21420
89412
75181
31770
12491
83085
1975
55491
90875
91083
80874
25098
79090
34344
79136
42703
70063
14288
89169
3268
29388
36922
60662
76713
12784
74006
48936
30694
32609
41425
97543
31300
10998
82248
32278
97160
19627
70503
49892
38541
35694
32060
73958
77949
278
78492
79519
64172
49651
18641
26561
62417
59488
52640
88685
7649
47509
76883
43447
88298
32121
1127
7813
93353
30357
94900
33526
22984
56196
74676
41215
79352
56390
47346
61361
31942
22484
86769
38582
79293
109
79766
30586
45017
10703
64115
80518
17699
66210
55312
59399
73646
91438
29752
11693
11180
80908
98141
24336
18285
8122
27017
67981
3478
79624
56931
6510
60154
58192
17754
36200
94040
80995
63537
22910
67952
89469
67815
8387
50915
32858
57506
84988
91782
22659
39479
85827
66498
19105
67544
32872
51116
9170
60794
78482
63804
66136
54658
21507
58892
39119
268
96410
53167
70327
8344
44722
83563
88271
63729
77864
37460
93923
11803
66970
33287
34300
70009
60202
8287
98582
40120
61474
34456
31663
55163
23729
93246
24506
15395
89907
15056
62931
1979
77839
49271
7886
34494
76186
18365
73640
60325
51162
37932
29247
4497
901
34020
96798
81265
44967
91159
86544
72017
65825
9477
10997
58207
93039
1616
87442
2555
63650
955
62051
39834
21420
22468
52844
65847
27131
80026
49933
58359
46812
55581
36371
43383
51969
13105
82763
71412
85437
28094
81746
46647
30987
2568
64008
28923
27727
27653
37699
66844
4884
34624
50816
84830
64501
72394
81204
32535
81047
21591
67744
93722
53779
52604
69987
67105
6098
65571
40169
96598
17936
73576
41314
3998
13155
61460
92077
38083
56629
16979
47475
43484
85581
80180
76496
53883
57517
91644
28395
36850
57492
63272
8103
93731
5602
99741
65779
93059
82460
84173
89340
46827
19238
17321
41858
51195
96525
50653
12679
40874
60679
69677
52964
7950
48401
84746
48662
65220
65304
62480
51541
53053
62388
18655
27654
72326
54510
68308
66566
56370
98275
83044
71110
74502
42368
44885
14839
59648
85069
56760
71899
75717
24710
17574
5914
97478
74404
35286
23350
50062
40155
9561
75254
17387
74972
9298
77727
44374
20027
821
20257
7552
56651
54299
16909
97339
29669
25215
99877
63587
56583
55033
21867
31079
51033
1972
29531
72856
79307
21197
80053
40396
75738
32298
6162
23087
2513
40341
20888
24168
21196
24052
59976
66659
4952
40935
71893
33824
77622
81437
57839
25047
18943
18514
95517
74949
29409
48361
16777
45976
67528
82210
6326
31284
83704
7705
27180
23839
59094
40603
35828
26671
83302
95397
74239
68814
18094
59035
89056
455
11642
4929
99994
69424
44985
21081
93428
68659
85157
92538
33034
84155
14784
27466
24285
2904
71289
74744
64298
71150
8398
2072
5271
73088
46444
18716
93897
84469
15889
70859
41812
5060
79923
1696
60586
3842
11481
17698
22709
59717
96231
18171
61151
43731
71991
27320
71886
82540
86882
72828
16750
78417
48799
98337
55750
11759
30370
31852
14412
45516
7206
56300
44020
20141
75493
67567
34531
2305
47555
320
11491
57102
26795
31296
85455
45846
68785
88896
97166
19141
68471
78169
23228
4442
13387
18761
33220
63504
33869
94443
75146
98951
35471
2513
35652
1332
26389
28384
93129
81218
56379
199
8162
5699
27894
95325
99901
36215
1875
71671
89024
61335
78299
76035
77018
10815
45016
67141
45013
45814
92305
80107
17384
48155
49
8270
26857
53198
28486
23496
83135
50487
93478
13004
58102
74007
3659
2982
55180
17898
57599
88688
2728
49910
3923
32750
77162
6034
35337
6920
39517
90678
86065
72705
37737
3483
93424
22840
58598
7438
31997
58011
32779
77014
36550
4930
81507
24639
79215
8751
64577
66179
86618
64160
72907
95509
81954
87246
93969
65385
6145
21830
68545
6659
21618
12258
67443
56954
85329
66883
19807
30185
72510
61868
44911
54578
81088
25278
45070
99983
66822
98252
81472
34679
94569
91162
4907
5385
2669
56823
56083
52023
22022
90388
85540
34610
65367
14112
63400
48014
37142
38817
48408
92658
17324
84977
62511
18815
70904
32723
67450
54171
17363
85424
51948
80056
52142
47603
71886
97253
37303
97053
31764
97457
10683
26757
95658
14935
52005
21424
10637
18795
28645
99433
90742
70911
76460
17405
54033
39666
43763
11701
36844
2102
86427
95697
55403
72284
88430
12286
53784
40190
15397
43187
35511
1481
32868
13454
39800
13893
7296
28998
1926
64227
576
96684
59324
8930
63553
43747
89335
2301
11923
53433
76807
49364
53025
76961
89439
43638
3694
71951
49323
70056
55643
22063
27009
38677
41701
7970
32401
14289
16427
9622
12470
49643
91309
48608
32654
59887
33999
40793
84518
71190
35773
41522
42415
70027
85609
47477
71693
39610
63504
44762
66381
99254
79483
10915
84470
4487
42530
86517
80345
45071
4906
93523
33507
77944
40270
68312
37009
43580
42171
91121
70050
22511
3446
69493
82920
48973
60729
87938
22424
57596
97850
29365
14306
64542
14700
84933
39482
49621
42238
61692
75764
9906
32322
99379
21103
89661
1833
14377
4872
27291
75881
74592
44143
28894
3520
15733
96374
73999
45330
86810
98630
73040
65263
19441
11084
38353
47152
93479
49777
1202
31743
6442
33479
89264
98646
71273
95
76109
25952
12262
78871
93920
26268
8474
85904
26966
69121
46598
5470
57860
17243
95250
21497
31339
69074
43844
25169
76294
42379
77886
4574
61554
41608
50068
71509
23226
94219
47080
17814
63807
16569
74084
28834
98944
2233
65460
84555
37228
47803
95165
58051
10081
29173
88126
89974
51103
56937
39521
30260
46383
21026
81438
45830
88073
81789
80525
34338
51463
51589
36581
22138
75492
71222
85622
30702
29103
78403
7615
77474
54162
61076
51789
12362
71418
63719
67314
58753
22114
90710
15421
47577
27168
67641
68219
25837
87212
52610
18761
10195
19465
84423
94517
52845
46065
83965
73457
5726
19105
38591
47282
55258
48414
55118
63019
50742
99970
97298
67329
13054
98279
65023
67435
15557
54895
42355
3337
13431
73198
90811
68541
74731
3572
48406
70666
57300
98779
64081
44999
58006
53705
38321
74848
77494
28514
24783
60554
43467
18062
4157
57953
9712
85282
77959
17024
32571
21294
62421
54587
85607
4386
5069
67228
26830
56990
72853
7705
72275
10932
63382
86639
70427
25916
42716
62525
4603
29140
81625
94783
88205
94418
5770
98244
84252
74184
68658
49935
6943
87730
50146
59271
35043
4478
10106
99483
87296
74585
45128
61366
26317
86994
6735
53018
816
13293
34404
2300
3918
91623
38610
2140
21632
5345
40189
18368
4134
71595
57987
96844
32822
51854
52575
77856
12077
92181
19463
59085
20486
56665
53205
4853
12040
6760
96578
32670
50969
97778
49614
3539
75601
38287
28157
60696
2889
96624
11387
5639
57170
2848
70592
63148
7938
77783
27567
10905
35434
81276
18616
73671
86115
31795
42653
39210
60710
64586
20658
19247
35898
99836
64157
73812
85512
71745
53213
75780
85547
73459
44072
49199
84228
84700
61900
84322
38857
64321
83382
88391
66333
54533
98641
32316
14011
7515
35559
2408
50284
81773
84707
60992
46072
56162
23958
59381
99673
53551
16952
55734
97899
93021
14727
58090
65343
52786
42859
63138
10127
74815
2906
5919
71468
57094
1047
52128
76339
63749
45620
2629
88702
44611
11865
97573
6102
80854
12893
87144
27558
38639
56561
3234
75275
83171
55420
87021
99176
22134
56801
83393
20790
23302
72317
31443
65721
49233
41388
18760
31821
94244
89771
33908
75903
31938
3512
26099
61016
51917
45045
64354
65108
56404
88364
27547
18929
248
21260
33644
19523
24444
8754
5491
52100
71337
39683
26200
58217
60348
62293
519
18383
35981
94094
30440
8404
35645
50500
87197
75331
97594
10627
14391
64807
65809
22445
37781
39648
25618
75899
63643
21524
56409
10402
87595
55420
32062
17
54370
47295
36922
61494
14385
66845
97556
96257
56086
48129
52455
3905
31223
10650
75314
82794
70299
54531
20669
4951
11781
95229
70466
9868
21805
8574
73983
44789
88637
32963
17655
59306
21413
16929
22527
83860
54939
30329
97548
13321
30643
80970
37847
61587
37238
16065
1417
57998
51554
50763
78121
99088
74942
79979
86655
75076
87256
32582
66884
97615
47837
9788
75784
88531
19381
33009
992
41265
87768
67433
94314
82153
74961
8787
94750
18046
44813
95196
4307
42773
4256
4228
51882
73659
38325
55246
65691
54022
98319
3984
57019
39092
97024
80395
40519
74896
99013
92020
22543
10931
40381
59345
13185
54534
11077
45599
26289
79142
89553
71568
79331
74048
2536
87058
53973
66780
1404
17514
98475
61527
90725
96992
80920
92520
12986
44692
66565
48580
17995
398
22050
59708
59485
78835
32391
95684
77411
81811
41541
19983
35093
96032
36269
84022
31632
83449
35933
6199
57514
74820
52099
62938
85328
20826
77871
591
53566
5979
32697
72115
65049
91811
7660
66962
11053
76853
62606
70182
53695
70867
54252
95101
25166
3472
79367
33145
68650
52668
82037
51952
84049
9791
27542
94036
89154
40897
80276
63949
21216
21829
42965
1506
58309
24182
56001
71511
36064
55578
23594
67792
31788
29219
89308
22612
62959
93316
45379
38605
55692
11905
87539
50347
69957
67359
99833
11880
49744
13146
91484
91942
88276
66037
29806
66581
56001
47340
63317
817
94314
8134
78000
45607
77984
62503
62024
89848
65260
61217
77942
69047
59976
42410
54315
8396
91514
94504
86271
31003
19054
17385
49497
27519
655
81840
91416
68367
72226
86889
66684
91522
14848
44766
11284
62927
61326
23266
16133
96494
91066
36298
90771
53018
22547
48188
55183
10391
78213
92095
70077
92432
56176
58514
61793
66074
47013
40537
8998
79349
39645
60337
90346
41296
38229
2021
54345
48811
55177
89241
3781
37432
10380
4163
99887
86363
93985
5274
99285
24113
57754
31335
79143
48876
54090
10136
42375
83036
18921
44211
3949
80874
93604
29576
62132
68382
8830
89343
19589
13312
70215
11536
4093
24987
83958
35473
97502
2397
11526
63562
80591
67420
93035
548
56689
50035
90768
80768
38175
55401
54767
68453
89376
16019
19532
3857
85805
37039
48270
2320
26841
54897
29850
97835
83746
79803
81357
31095
91155
91973
28598
39214
82195
44349
47311
18459
54318
64200
20662
6095
37565
73766
7340
10800
8724
65139
40008
6161
36329
57993
9689
20509
95548
46147
7895
65517
16231
64893
93573
9305
39235
37271
32933
57739
92660
76184
92279
72143
80498
27023
88656
9094
88342
50197
97043
19450
56157
85935
12270
79372
92828
1935
27636
75689
57632
86713
94194
31675
73952
4675
336
58620
64322
11830
20871
56837
80038
85682
42457
45380
42515
97645
53585
8236
63228
49307
3256
89318
84047
59850
67281
88550
12698
73573
70802
19160
3930
10648
87903
85625
28065
94355
82949
16322
79267
57831
76591
23551
43357
10861
1673
606
89123
91046
15983
8003
67557
64221
8624
22009
21149
88521
10181
59234
90583
47790
19304
92175
20477
64771
498
20331
90334
63471
8117
27089
96763
33389
3763
71071
7310
35470
33945
83970
34103
68701
88092
68304
61764
66685
32430
22325
65308
58191
9469
48325
94984
944
63049
31889
72830
43295
92095
75252
28140
13437
39094
45549
27741
86156
16837
69959
43467
1850
62848
20467
27682
52631
88237
94583
58765
69377
15015
7744
19551
57953
49454
67347
4191
36974
73705
60322
45649
89712
93594
23642
37853
23711
19708
20824
17983
29642
82875
84444
49162
89523
99023
97589
59801
50583
22743
37628
5332
27755
93166
52541
68123
546
6029
70992
19858
55820
15997
43430
99497
56825
49558
87615
91367
1147
85689
88536
6259
13128
37479
63137
89374
25246
23228
4461
45840
70018
45036
28547
67277
54113
26552
81361
79556
58615
49228
14400
16372
89614
65304
482
64667
66750
14217
63080
26525
61491
65252
46672
16909
92428
5982
51164
61691
60672
68603
59486
91354
75931
36897
43567
2413
5766
13240
77311
84269
25540
20064
10310
80441
75512
97295
16249
37755
12708
99013
41624
23283
57837
88718
87973
14210
14362
11316
24015
24277
79579
93054
46316
43052
73959
44874
53061
2726
50845
23554
92331
28267
37004
3325
20359
4726
63598
67509
3503
95132
62671
7872
73077
76605
55691
5645
99833
85510
32886
70781
75519
63265
58261
79804
69147
31354
15305
11802
33097
89742
91884
75851
88441
83122
88212
5463
62599
22621
48852
30270
86569
27411
1026
24012
43265
22384
4051
61941
37074
86157
71650
15981
27536
23153
51696
46278
99984
52023
98022
94311
10270
31928
50646
75910
44782
52181
59007
28450
73290
95204
18062
12959
64106
43636
23041
19070
25153
74558
38632
15288
80468
51562
38341
32472
62950
27579
71250
50354
45230
39384
90113
57188
21898
95160
94398
18375
17549
80233
50993
99666
79251
75806
86208
47851
47670
58098
54770
93642
94233
33501
30157
28813
33537
49042
14369
22578
42020
79442
68030
52116
38841
25777
45215
21028
23951
51714
72490
84515
27354
77634
36335
14106
95560
39326
51566
24727
63153
67010
71030
9316
70125
87360
15752
3045
3231
65977
32826
4270
45807
49514
73175
40255
85622
96373
43875
39581
14354
71371
45309
83790
68665
80596
29245
83568
15563
58363
22045
84694
71392
89560
6131
3072
53248
86555
71612
37078
38993
70450
64501
53346
86603
80887
16771
48583
51208
77401
9170
77537
22263
85509
5307
77274
81263
7698
23870
28966
9888
27718
25647
85724
42854
33415
64557
74930
4055
60290
90797
24244
88412
75506
57557
92352
76252
96365
63429
35297
49363
5265
47920
34373
10817
2502
8647
26653
72703
39984
71223
65170
1421
50196
26761
23870
47719
73668
24391
90670
53814
6217
33119
13458
74786
8588
87168
44829
12421
5345
44736
19648
59611
59888
49888
54174
64118
79745
49863
8715
6573
77155
53323
12614
80084
90906
26575
95376
65448
39875
55174
57799
86881
22117
78262
6980
78697
949
56919
34414
41003
64581
79450
15960
76773
64491
28935
95966
69432
77802
43358
6359
9054
66399
63679
15895
48315
21770
69317
79876
64459
16535
46734
36723
74651
10728
87478
69119
72308
67777
61120
47365
18227
3855
35830
74110
7188
14998
89448
42874
1868
24021
18992
14165
21141
29336
37814
23737
86212
21978
14384
97200
11990
84373
52449
5028
97353
42952
84866
73238
74024
37219
33471
11031
48894
23762
81720
82757
29548
26820
83783
84358
36981
56375
88033
69530
87414
55937
53653
10528
80083
83101
34418
19848
41485
9649
59846
22384
31984
28792
10752
61597
43304
24849
87447
30072
57043
56514
64196
48226
35121
43978
29577
41045
65849
25826
6837
51193
57766
82095
65600
90048
23502
19208
59153
26367
82866
6974
75615
3273
79025
95724
14771
74313
39224
87836
26701
60636
85556
98868
89534
50600
1768
14651
16178
44413
54426
66348
31024
50503
60263
68758
77658
72653
79863
36365
79791
90281
99403
66513
54320
70212
57203
40216
37408
76685
90268
75515
67300
22166
26311
11834
34633
93708
94516
98253
72837
24465
54429
19688
29014
44663
99551
28233
30119
31002
35699
34177
99153
46395
54748
3741
8830
98453
2424
23153
11113
19166
62457
57760
42561
14460
10094
21450
7819
48673
1818
69745
58727
39684
78630
95082
87947
60957
79218
6781
27180
7357
79014
52249
76956
43592
35623
77368
80781
43056
49222
1929
20947
48527
67634
35296
87015
57889
49069
19030
75687
22171
14716
41022
31067
42028
7544
18310
82739
88238
84290
59654
12717
33193
88500
87048
35314
54885
90226
26035
43712
20969
69214
24694
82914
18965
55627
62414
55803
86040
67946
19092
88385
56623
39808
10342
35078
40795
95129
13808
97267
17757
67573
49719
34157
70257
96832
62498
43033
8548
53088
89541
80699
11956
59367
28555
30874
83331
32105
62303
70368
28822
56871
92855
54589
84016
91593
14366
72043
30470
5867
12605
63405
29375
81646
9605
72752
98538
62959
58395
96595
78396
36597
36256
61955
63588
67140
81692
6687
22669
72878
95047
66875
82576
94793
44947
14912
29907
16732
57305
23791
1089
83571
56831
3142
56167
98354
56355
45596
25673
4005
43495
41574
42303
76278
3993
49756
29551
18264
45789
22453
3048
98496
98105
38223
19704
45492
18525
46764
87403
63100
59021
69750
0
53460
81004
33826
29001
6659
85958
39442
94208
85222
13595
10869
36353
75430
32611
34153
64840
97768
51554
62465
37991
49059
79466
11489
1667
56780
39815
38726
43212
35469
31179
11363
3191
86772
57175
12965
15866
12455
24162
18168
24772
4150
3465
87011
73462
38121
61011
94127
37922
48088
27264
73605
61854
97305
83278
86261
17029
16020
60263
74354
37195
23027
5066
74618
92730
84181
49556
13460
57518
4162
20683
9202
91689
12696
67303
12118
77747
65059
79389
60593
79666
24204
36618
58982
57858
12872
26392
8398
51794
43409
19856
21972
24923
17298
3804
48864
25533
36220
311
3793
30583
2038
17940
67
36387
4497
55048
72849
81484
23353
15061
19316
18412
62087
40691
63785
15303
3187
56445
86448
55870
88743
8054
17552
93872
20143
822
7513
91892
4397
73877
24066
76171
55049
12242
12016
93125
38309
67904
51256
54163
81038
73550
97435
70053
89710
18257
95184
23199
32575
46257
61728
23580
35130
47789
747
9663
87438
20843
63144
98034
28364
67040
19817
86750
5086
71256
67420
3461
24792
78915
16046
46975
28070
11357
26379
92239
35013
42903
3649
27681
87183
44359
39298
35714
37006
26121
13191
21596
99313
12656
88145
38445
88380
75662
37099
9475
51577
49595
17900
61270
18509
1925
12441
47361
82214
49525
70151
50207
90896
67578
10878
91230
20007
96436
34233
84803
36166
46079
49961
12698
82430
95225
20697
10455
91938
96338
40749
40494
14271
71375
31620
46507
40617
38171
27036
5615
28561
651
28116
59304
62707
524
70220
66636
70667
53708
33513
25458
41031
59745
22358
23533
91512
61113
1700
49413
48386
82816
44849
19348
45459
29128
45095
3994
70288
5848
315
16829
62187
87635
57878
4544
38161
72291
39120
72767
20000
19522
22264
60772
67573
75365
22896
7945
10211
36902
64341
58955
6080
53708
989
99880
60505
2521
1209
78229
85062
65551
81466
74878
66328
75872
85232
75226
7055
10482
63917
1417
82920
84779
91015
53774
30900
74622
87165
11619
11236
29841
70961
25374
4575
40490
31411
33822
64982
6006
41055
46065
88175
77750
79901
69190
38973
11655
34214
5513
3409
38284
98694
42337
70698
16026
40029
54818
76487
89472
41535
95151
17565
71761
53499
79920
9477
1263
34425
83723
83756
25461
29148
1634
50222
21537
44616
98825
58749
45084
64349
15619
46459
62503
1
6616
7847
16037
50171
90517
49491
21855
9371
1952
24820
59896
32056
94262
78676
93037
20242
97602
37634
16456
16118
6428
35912
96354
54719
98524
80988
88114
7865
57050
5968
91031
39264
964
2085
55293
18152
52251
1820
6608
43350
68778
41069
80506
40811
5635
60304
91546
19073
96600
89241
75172
51118
95411
47041
70542
70502
82067
74975
59006
83293
44003
13557
34158
7433
34937
1607
25017
87237
27976
86342
19141
79795
28258
4139
98605
79225
77037
23967
20521
19660
91648
83639
38236
15370
9915
19741
92730
83105
30305
22185
63796
72557
21523
51182
86274
90143
60809
21777
42859
29753
33615
92629
71604
98997
76059
65426
92099
54245
38055
19907
79438
45462
43951
27358
35077
7310
39400
99583
50041
19060
45562
55710
76743
10926
1564
18335
27877
64037
46411
11976
49320
6822
20454
98764
57584
31458
42633
69446
88528
49684
40612
26178
78845
44930
25560
78517
72979
45085
89997
89196
76575
81795
36243
13506
43340
89508
54067
41804
20557
65505
49776
88078
22244
14480
69536
50224
85293
64444
29601
99883
13514
50122
97242
70910
57803
37686
18095
8061
74649
22556
76384
93865
37632
27890
33215
47290
535
19666
49580
64152
26061
694
22990
56041
82034
21500
7344
71173
8351
12713
70838
3142
39907
61162
19803
58939
10794
40181
49929
88444
62956
68174
93267
35863
49744
65829
36402
45257
66683
60925
22298
9352
98201
38632
54329
70301
82247
11822
75788
70127
59514
24140
21725
45690
15951
51512
20604
42719
27568
12675
85977
71669
65472
37240
75612
83133
76451
54913
9505
45043
83309
27144
84659
10784
84390
31163
4996
97741
56310
18697
43590
10738
69427
31273
56745
83500
94147
87641
97618
93804
27984
89476
88660
9228
49832
7037
22125
34109
41646
93960
39519
58621
93889
56184
64234
98148
50950
52467
49571
98237
35156
45201
68211
42353
37372
54147
46191
30686
39123
77681
34927
38759
7902
43068
17004
63302
62553
76418
5595
78525
36900
42879
26145
22025
56202
57840
22994
81335
30639
12563
31179
98193
84501
80235
50119
48529
83275
18208
24865
56598
38099
38723
18088
11988
47374
33391
44088
92550
98663
13546
15674
67198
13657
17675
70586
91613
26301
8917
17121
24031
97715
88513
16591
62413
65869
62523
39478
69782
22771
37955
38006
16695
35638
24308
48368
36503
48117
74657
14506
10928
74789
75386
72158
76039
32929
36558
43295
45021
59694
42923
39177
85342
14280
33376
84291
55190
49967
25636
33300
27939
72584
64752
32031
44582
9361
26247
90141
74451
47749
20022
3830
92168
98472
95477
34235
7963
52688
68429
34755
65131
82256
35956
49887
98328
71458
68276
30716
72687
51919
11147
25013
8382
60734
87787
69683
77830
760
83808
80674
5582
46964
14738
83504
25267
91876
23328
82117
25501
23706
38125
70746
61453
96600
56407
26872
49267
81715
1281
89325
9821
88035
89843
11789
78473
34346
60824
73635
94011
3326
36421
60499
24522
48053
30681
87725
33876
79020
64799
96528
54034
68372
46608
4985
88967
9113
41654
84742
12049
53456
13036
4331
83970
36189
54849
54288
78345
6878
85883
65573
98761
7672
87
29699
49643
39068
24079
4001
1423
11061
61525
74095
32062
22672
33468
49203
8155
55976
73173
63102
16024
16750
20151
82665
76836
35986
90104
94161
47874
84720
55416
26188
7701
18425
70973
92071
83447
22045
21784
80159
52585
2258
2150
7896
99397
26564
52467
76828
22383
35385
62297
36851
52618
43903
38055
33308
12998
23349
74269
40326
62487
16851
82227
23597
11202
30007
48920
43444
51824
21452
30744
24219
95205
5880
38007
89437
81450
75619
56699
15049
23750
6048
81542
92507
99051
41305
70656
3095
94989
23131
96467
96641
17741
42107
89776
60795
34900
55939
93807
78684
94843
18462
92371
67882
85863
69979
48844
39316
62386
6593
82326
96014
20068
73648
28607
94121
11649
52463
52294
97998
38588
43448
72863
74711
91913
90332
75763
5995
50351
67988
99940
12052
54652
83685
12941
24767
17523
62031
96648
28495
52481
9682
72746
74397
81006
43582
97577
33456
7310
65014
12733
86422
64631
28031
7780
80796
41004
99370
81376
62128
63192
72476
15867
98000
27479
17495
2411
46862
71086
8039
29520
44611
48123
25643
17689
91533
52775
63549
51975
33286
10807
77984
63626
18786
9282
73829
72007
57029
69885
85946
86651
50046
67794
29136
87897
98020
65583
57991
21967
71948
99707
69688
39047
47012
82243
85950
34633
91439
24691
63234
70430
71421
24832
74914
40719
31014
56226
94046
62124
27556
3135
65087
13384
32778
64961
56195
47137
84420
28842
92777
45662
87468
13502
83125
51378
1414
34687
70529
14205
26809
62390
18433
12433
39627
16813
73585
51185
64311
87321
44541
56886
98990
82965
7084
32139
51591
27882
79882
34712
86372
96970
91217
6877
38211
97020
19444
90036
86941
53137
24871
75192
71614
45749
63214
5765
23266
10241
96064
76693
66953
89774
12023
21929
67670
99556
42999
80585
54058
31120
70169
74274
91127
69748
91444
46286
97604
41560
92326
70546
17373
11966
31204
81664
56371
87923
8284
19421
15831
27361
35491
96061
65198
63522
83840
13418
79346
64816
91348
36868
84870
62455
35396
11618
5747
93291
4068
61014
64579
46742
18210
34095
31001
85417
684
71576
59083
77332
7391
11038
5150
1777
39406
18382
63389
52443
26731
77181
81205
20444
82389
51489
83119
77635
70430
72669
21163
39733
39831
71642
78773
442
74554
80304
80231
7768
7060
31140
69787
98877
48173
74283
27179
77013
9941
13709
15047
59420
67309
66917
38898
34701
54543
85157
44218
76345
83835
3030
54994
31188
53952
6748
90221
29865
77923
39032
75321
80525
90414
78792
76182
45393
56440
28041
5938
24049
2317
57980
39522
1577
12314
70470
67935
55496
48407
56082
53690
35548
7505
24017
96701
82541
14419
70722
224
98278
74640
72108
40453
68493
33200
29512
41105
93876
57621
72859
83047
46696
89256
57281
42338
16679
54245
75302
77230
17582
89248
91373
3844
43920
19890
8628
15136
72163
52388
49230
22113
20053
38678
50576
25821
22748
61069
52392
15550
70058
53527
87302
78685
85823
25596
69982
81081
75097
18659
58374
74196
69606
48862
40699
15019
82970
2643
2912
50192
33340
71111
45126
78597
57850
94697
29159
66646
45310
10329
73963
96372
43160
5331
60750
9450
64250
44220
75513
85950
42947
27655
78765
38597
91731
99685
24862
86883
89117
10855
1884
17791
69850
53329
2956
6431
3514
82908
25173
29028
80726
25864
74775
84932
43585
64573
47862
6816
12253
19484
39125
58530
52681
39623
80220
3221
98520
11785
46652
9025
78813
58467
70825
17217
12386
43540
12966
26595
22872
34629
31135
71899
14761
5550
68207
4900
96329
61320
43138
56021
2923
78320
92469
25243
57552
56117
65626
19672
34298
42110
22135
16056
56510
2811
72078
98956
31832
12390
54647
7334
20729
34933
15465
10287
83643
91488
85111
92072
89909
89417
77143
21083
98953
62477
24639
85373
40699
68517
26697
162
33629
3097
23285
83773
83781
26082
37228
53107
89600
12282
38018
58107
33279
18019
5942
61972
6768
9616
7988
55907
81128
67124
65529
90247
74683
36549
23606
81050
11886
75596
47469
60775
76164
68812
71864
22659
16821
65005
8298
41962
17789
49700
80685
85590
9904
80481
61258
46398
31851
21556
63816
14985
49830
76604
48907
89325
20645
18222
60829
61833
75214
6270
32203
38843
92149
47885
48422
94206
3218
41200
28106
18564
16276
79576
68155
78700
38735
41763
58027
66977
34353
94015
64536
89710
22195
62454
81746
82753
70539
99579
28154
20283
13406
60431
68710
46385
91218
59375
50658
24579
63457
68670
32336
56727
94089
18251
84528
86481
8769
9951
67770
11056
47590
58405
55240
12328
66036
92726
81297
9847
10704
92512
14096
24038
65090
26034
70819
14015
11040
22598
50543
92038
17221
82124
56193
85269
82432
62127
57263
81623
84937
92839
80189
49633
96174
93690
44604
18088
63436
62639
25549
8771
28377
67089
68899
66046
84062
28732
70726
21847
56546
55559
49875
9817
92546
89582
91809
80883
6461
73978
90558
27541
21611
63407
36536
23910
11085
62963
43032
17252
93759
11734
60265
24761
60682
10242
8983
64118
71415
90464
55890
53583
8062
16260
52817
68306
30716
14999
13075
16165
59523
7647
94560
82012
34347
72461
89134
46068
48070
56898
50337
29999
77650
28991
38698
40652
98759
79304
73680
76770
60720
38835
26891
52057
69078
36275
36876
5381
74008
30588
34875
863
74519
2290
88729
75458
62894
97427
71012
86879
69438
92829
14649
5950
11271
77053
19443
6130
74387
61397
8785
19319
90541
23561
77814
69034
17519
99079
71690
34149
79993
60912
50430
10997
12189
64071
1037
52826
76086
5621
79102
63067
63769
67863
95589
19172
98020
53477
66153
9405
19988
23903
84160
47208
46355
36534
66775
96342
96653
59700
72718
35334
40707
80457
26944
43899
26393
15507
53888
77529
33418
71913
63775
42332
63611
69508
94890
51573
19533
16362
70799
27491
60172
5369
68960
68521
91684
69773
94513
42193
93140
25486
68156
21533
90010
13785
93828
61125
68334
19688
84246
66290
6731
23425
99243
80822
48264
89400
9514
82598
36868
36322
93258
4438
43968
32087
44693
80335
66758
93346
18409
7087
52839
45481
49816
49757
34051
29172
36399
91879
82241
52028
48595
47674
38463
26065
27591
32989
46435
96423
52234
83659
14639
76350
93630
40875
59539
24173
74019
79533
60029
7659
78338
68420
1995
77273
71814
89498
71809
51183
67684
22420
89046
97826
11163
57188
98377
63502
22
39173
56689
60102
43759
55350
91666
81685
15470
44214
85803
10960
58319
13816
14507
95578
23361
50211
73476
44211
33226
90025
2265
68606
40296
64226
63409
48302
626
70532
5773
7020
75389
52865
67766
35271
74203
16574
76463
97561
74334
41099
13962
84946
49115
61891
74262
34468
15657
17890
36502
41162
73960
17662
90829
26741
34526
75427
29558
71508
51964
22479
86672
61471
83232
14887
82229
46080
50580
85492
87372
47903
50067
66878
89589
48713
50156
15491
47490
89820
88127
25491
66021
59570
56484
43243
36867
31399
2859
24525
3304
65352
14909
47544
94581
69402
74914
49001
17972
65860
31868
83470
50220
74619
51697
17315
86255
2280
56998
8811
26097
70679
93702
69676
31924
44703
26178
85095
53310
88201
92594
92914
34636
34559
12954
24532
31648
25874
24808
86205
67765
45383
15513
43423
42515
19584
65947
42733
54430
21539
50765
68015
91049
48425
8323
96159
27912
59621
6598
82051
61827
35342
23000
86983
96486
67979
7317
75574
39061
80378
70517
79637
20317
69694
13389
8444
27878
71011
33078
8178
50980
75246
33189
89924
72333
53701
92921
82145
87493
75672
42548
40245
83733
13547
42464
89024
57722
39842
22163
83507
47577
87816
66669
31814
35600
65211
77310
4024
69704
65079
18917
73988
92998
55101
81235
24413
11041
22240
60013
18342
37742
24429
59824
93584
30104
62196
70991
64881
18667
25815
11256
83869
50127
93742
46934
92356
83569
66228
13999
80424
86013
88433
48812
29817
92232
24261
92057
18702
77962
49646
48355
85218
42089
74262
5470
37993
87632
85341
8233
79598
65438
12190
53161
22411
3739
68672
81361
4515
55398
84507
35139
48767
48937
17701
39665
14467
13838
77049
63900
83596
25099
47906
83966
77897
48152
99177
73891
95699
87329
43897
94161
53451
33975
17995
51400
72750
49762
62195
92900
5847
36209
3686
27712
67153
27281
57990
24693
21879
84923
37228
36513
70667
11944
23441
51106
76239
88128
45241
76993
51395
85328
19613
64203
24091
13018
12115
1530
34012
14342
53307
87475
73908
33975
23944
10345
89683
4536
7722
94527
94825
72693
67476
98314
36798
82917
93359
564
12616
86117
99962
18429
73164
59233
85084
11740
34612
38539
8744
24804
90505
12749
55147
72162
97165
86267
37142
60898
98200
25506
49474
29137
17325
83454
48228
38620
23449
64839
57839
16952
19463
3530
93857
46459
34210
67510
82027
45064
42184
92525
90560
36040
84072
97467
66905
90707
89048
41411
32098
95471
46005
2036
85413
98927
439
29338
85969
30140
52208
86641
39654
3185
39938
4021
74144
90784
3002
24437
21950
13330
3565
95109
44814
108
81197
12019
45526
96205
8967
99249
12097
18643
86173
43569
69797
87486
46651
30351
7245
25708
53304
51815
65352
29636
34699
58376
43341
49070
5287
87137
74952
48991
15765
33751
43494
82354
87373
72216
73657
41106
46608
59018
13608
41492
26308
17885
45815
85377
89389
57087
49422
52594
95941
80270
82760
14932
20984
3528
66202
37322
65214
92766
2942
93682
64405
51175
54652
7776
70683
51249
83860
69798
60357
46962
33450
7317
86143
34780
34222
87357
82209
84879
2566
51856
98761
23049
16379
85893
71323
72345
96285
73593
22098
89553
77204
40592
29121
74137
75780
97784
85483
10431
77180
30414
13595
63628
59067
30426
30625
27219
8063
76982
93930
92387
15371
33516
25787
93628
10037
5597
46441
46718
68969
94717
58999
87164
91325
27580
63949
29872
71315
13824
54354
1096
12452
5550
14183
29150
39951
46407
24095
53541
53790
51119
2494
38911
86800
42185
64364
41259
58377
62333
87798
12252
63155
20860
39650
80805
58478
61243
30989
37969
30299
31419
80963
75663
44673
60329
2747
50090
62170
38976
7116
82678
32926
11724
80303
51558
36234
74986
86706
89947
25612
43052
93366
21783
47661
20376
73543
63824
20411
79152
80117
91808
91698
84588
8627
89976
13991
94915
11467
64149
98641
31145
30876
49483
64724
32114
76402
56542
59339
22517
60737
33935
53105
18636
69405
58611
61708
4247
23960
14048
42679
22912
31033
97184
9995
7993
40597
14824
67401
63425
2477
8323
93318
85670
96004
76711
43956
41445
75675
5865
82569
31277
95468
2603
85037
64609
51007
94100
65637
24604
27819
1337
36055
83982
81229
503
4794
2277
38750
354
49308
97287
96884
83159
55727
635
14360
67118
59569
98152
69343
80843
99606
5493
50151
12692
86676
73552
64047
43101
89227
82698
38324
34271
80527
43967
71012
90503
99763
11603
20481
73578
73844
62296
95988
20342
7647
1740
11722
94916
35904
99840
86128
40074
73736
95827
79846
24525
46138
23068
54019
81043
68498
59207
50502
29942
61010
53078
21620
58741
94635
55209
46578
66757
82404
52825
13248
48260
38250
93246
33328
50990
89237
33072
36610
46120
7698
29354
77470
83674
83218
33578
9102
58842
63758
19381
80373
22883
22005
86712
97679
78885
28436
60458
94726
97109
50241
17837
98446
11845
76804
89267
94078
71119
72291
90429
32715
51114
26632
91838
35907
68511
78193
48958
82819
95830
33428
58778
77942
62505
81132
93033
26410
99482
59428
95194
3856
79296
43679
46073
17872
4861
61250
5616
11463
68907
70559
45706
87678
79316
97695
51283
22952
57793
22154
25243
76343
5098
3574
7481
42876
33325
47146
98540
90233
53658
67086
1597
6021
85450
11921
44672
66971
74703
38806
81049
50463
98887
84700
63676
25743
17642
9929
84716
76321
33059
21906
87461
87679
45916
11466
87478
24955
14641
15076
37349
28944
47687
72678
84055
45464
41749
94892
44263
644
39648
58678
40819
36699
42565
13808
82454
37745
86800
27292
95311
27843
37545
10045
83841
71437
90318
77538
85140
27208
12059
13006
25882
93283
1094
65536
9227
68861
19719
31076
17617
97885
60372
4341
91520
30606
10187
93933
81373
11834
54985
50986
49087
31361
53560
89471
20723
98198
2308
85972
54841
59222
44814
93275
24780
30086
67514
62385
12959
84521
65955
17868
53699
76795
25807
63207
74597
17036
45309
86535
74292
46556
79354
18473
36544
3471
85427
56043
94846
73518
33124
75443
88616
95034
74127
26272
97185
589
86953
8843
86678
78287
42926
51801
14464
11217
93268
50336
34791
59658
96029
36659
33696
20844
59239
66508
37526
35266
26302
50006
10119
40169
23441
5780
37093
79303
16289
4048
86941
61132
35157
44804
70644
80164
22667
39519
47053
14101
73737
93429
29000
70780
90929
1157
9413
95422
17139
78024
58181
31373
67037
3795
71633
58266
41774
34793
74452
23602
84200
32065
27747
80790
10051
79279
41150
71291
28030
6865
27790
55194
56944
98904
1037
91252
28829
77457
45414
22054
5924
27631
23985
38245
68789
20503
96865
17687
31712
3720
85721
14510
28104
45221
21304
84929
9623
12768
39158
43528
92235
93188
96166
14644
32558
46559
64091
7816
91491
36970
72999
67864
45692
9079
93919
16093
30505
46838
56954
44722
7914
18371
96216
31951
72070
44720
79103
37567
97812
20043
27489
28320
82326
76459
35097
83510
98342
69084
32724
78636
21097
42693
69357
63848
68608
30514
30705
67370
18269
44035
51521
6433
46482
2416
23317
61098
67909
46647
35101
49670
80096
78564
71203
49238
24580
36444
59405
36662
49950
7333
42462
45331
18770
2261
92508
84810
29876
24406
59500
41599
56821
2323
9785
62070
7738
15554
37684
28978
90121
29358
87445
91656
83421
73664
46528
58271
42872
63145
1507
17990
39448
83150
40924
4145
75170
25328
16215
69842
90203
88790
46164
45808
50230
55226
47239
44903
2439
9230
44921
56667
70294
80009
27436
15482
29488
69489
74876
97678
33591
37894
19809
32603
66425
66185
46417
79963
22142
14503
21154
59763
15354
65190
53293
33202
13795
19179
95790
87334
74045
79942
13160
30522
70641
5307
64838
82832
59548
20237
48924
9111
37156
41480
89835
33097
56069
58283
43491
43108
73
60625
6179
38627
96246
44091
77468
30136
18752
283
54867
49384
40768
96575
2853
9123
44157
23161
7718
33694
56327
47143
52962
86543
95139
85859
32516
96452
98751
4553
17012
28993
13607
71584
23131
26772
22608
90727
64259
23094
31858
59070
68826
3041
20979
54254
91541
65609
72286
87734
20400
28344
31923
6707
24371
94697
36696
91147
25233
62304
64013
71062
3082
33253
84828
5481
42448
96187
57071
320
75527
53153
476
93351
56134
18085
2044
38694
68122
29248
20025
60807
3241
64306
96485
59269
93011
96698
52487
33363
37429
94545
92401
85701
13064
60676
78445
22879
49862
2829
97397
88089
79757
35853
99842
62731
17691
76744
90621
49787
40345
51708
82993
16544
85109
48479
78401
94226
12679
12629
12373
55696
10613
22539
25232
41901
90802
31379
75389
72311
19169
55708
57384
26950
63863
37613
25833
45662
95038
35101
75578
17441
75318
66898
88426
57972
35799
29781
70538
2764
83057
5550
88837
99573
64820
52834
97741
51039
42955
26309
2064
98661
50691
74013
32138
19995
84394
63093
15315
40051
73107
62394
54137
13132
89718
93750
55432
54296
58451
50470
64486
45609
69399
14778
58780
1143
407
46025
55694
90416
35225
89999
6123
50205
53107
28164
69439
67820
21963
13561
64838
63711
85693
81778
36028
49937
38427
85402
5392
18848
3790
76232
80023
66396
59867
32973
7260
5674
24417
80470
64309
50869
63583
34276
55185
41234
89075
17957
39949
9006
27900
90798
73126
29174
47233
52504
98312
31106
1930
17557
51749
75168
9644
79533
9634
98169
86019
97785
27851
31009
41463
13851
58887
61696
40449
23128
326
64280
68007
22067
97142
35315
4963
22952
67445
36587
54594
18977
81729
19829
90376
57816
54411
67499
67952
50794
29323
1044
82833
43668
61420
83538
83645
15245
56936
82535
21283
22048
27918
23333
96980
13572
85151
61809
14850
32153
88377
8275
80581
37698
3115
55645
28151
25145
39079
4693
80575
77299
91765
58401
11883
33650
60452
88622
4982
95041
91867
23485
13417
75695
43534
4075
797
65067
89164
77339
68831
62456
56565
41378
39341
3789
80425
12174
89725
97612
11996
34068
91644
70044
65637
6133
40403
36806
93686
22604
33126
5353
10086
30294
59895
4762
58665
90270
31015
38043
48193
27941
47069
13046
95982
65675
41599
69879
86401
15964
66940
39172
90574
32314
12492
7385
75520
83938
16207
34756
27238
79390
1938
21946
38699
66983
21905
61972
11395
92020
44118
59977
59457
98851
99167
80841
93894
23267
56382
31860
373
72060
34746
80405
82273
75419
84754
24734
89863
39806
98498
39265
9560
2136
39454
29352
34863
10690
17979
74577
75425
34623
52301
85674
97970
31306
6123
79429
48163
86141
29871
27128
5065
19872
15673
65460
57338
76589
74419
6591
40353
20060
70063
8048
3953
82224
73197
54790
20213
13149
96377
95046
31974
88244
27057
48208
25846
85132
59972
45373
82057
93711
57909
12278
46947
95774
95583
18356
73564
35874
34866
39087
56624
14480
17948
53445
4788
78040
87108
54346
31523
88842
64239
5542
15574
63846
91717
57648
33170
38015
2957
8293
19354
95530
52117
36932
59813
24105
52622
28329
60331
6862
98964
1348
99674
88878
15628
98357
35877
79045
64998
98887
7387
88031
98977
16134
6389
64394
66797
25854
70473
14198
82508
13713
54012
15877
25074
33493
68277
14901
70156
19944
56556
44263
43933
99120
43329
16139
57315
59636
32552
26122
87511
79536
5602
80111
18323
62073
61832
51379
4303
37166
94528
97029
18564
91446
32946
72562
18161
82908
70836
59222
62908
25892
4130
83007
50672
84393
5353
18617
89988
64276
38594
58972
42653
43707
74812
3599
47082
98580
96594
1207
7532
79764
38460
7424
37657
27688
673
97478
99414
14607
84617
12960
7201
59026
31761
65546
17617
88353
41080
39822
17685
38348
88758
70735
62777
19866
38605
93745
44424
94697
16439
76904
9035
88323
47999
15227
80975
35482
38827
692
22276
672
73463
60008
96993
23557
10653
51614
87301
89389
6800
58269
68921
30605
36969
6006
73266
38274
70360
9483
26002
4527
85948
38746
46637
63697
89229
65547
50249
57824
85782
32498
34239
13124
84865
16736
71295
41841
15051
90636
60144
57953
49206
50746
3668
96269
4701
33382
82121
91400
27714
74479
64844
24951
64483
21155
85049
56721
6124
56226
43981
38319
65606
56305
99212
79215
86604
64894
52927
67499
91102
78507
4597
91185
99182
63161
16170
7935
75032
26803
66789
55710
77775
97395
87067
61560
27058
64852
99057
8918
2398
44758
96894
89882
15357
3144
35183
67125
30460
40277
7717
83303
77754
44301
21817
53329
91644
47151
26367
15960
74173
5072
18248
36793
16547
55306
44481
48355
38957
80708
20537
42869
53032
91866
58784
65589
56321
2409
98315
31306
99285
53593
45844
52695
21507
68519
21151
75093
89731
36974
69047
34091
96785
82066
82326
10445
95457
11048
34851
93902
44182
88965
81654
91235
23758
83586
94839
94869
43445
47049
18821
77538
11962
65214
31058
68657
8606
84109
52043
9745
2344
10412
38902
56333
53366
87692
41940
85197
25743
40898
46214
61132
60499
70028
67147
60978
73043
57314
59943
67118
95197
33115
95840
67505
80912
6585
46498
61865
40142
90770
97699
77080
4143
73596
29536
86481
96018
37908
94661
46351
38991
94282
34380
26418
88296
74285
52125
34359
76509
88111
41620
71858
83390
66452
45985
26731
92891
10236
33800
18770
44728
68395
72328
86144
83484
60658
81209
93227
97097
39003
22158
35910
9190
310
89915
88659
58743
45371
12464
21478
17486
29915
27907
62423
3419
11048
78187
10275
9631
49981
8936
58976
13950
72971
82049
60283
11059
91906
57125
49008
57181
90008
58739
97669
47287
73625
89237
6692
30374
18827
86119
51475
16363
84316
11158
45361
39064
71818
54915
35311
91775
55119
14854
9960
42694
11496
54767
88127
99991
65056
8328
10772
16884
23133
27863
43746
42792
28711
608
86712
21176
32304
27174
80689
93368
40581
51378
97139
22170
2703
79692
42529
24417
89542
69094
19069
10483
68531
35609
31614
37581
3104
69031
15305
47025
5855
67071
84367
57755
99188
41534
48963
60177
62111
90675
6774
2840
75946
20763
82673
7011
47307
52747
71598
35111
50134
97260
82996
394
77187
51329
74413
77689
35255
7844
18373
59001
64690
18990
28161
20629
45428
42005
11738
7254
40492
46671
65173
2833
94463
13429
23168
84825
6737
73091
30858
11606
31956
79708
79936
40750
92682
36491
43744
35583
69080
58500
64764
28110
56137
25224
31244
21562
69051
57256
67216
21354
77227
72224
82497
27013
58808
67173
98483
448
5398
6841
17546
46641
30962
82203
70165
86275
75741
16060
72587
25186
77495
39179
34848
53430
73785
57395
49508
5677
48446
71898
80281
69905
33039
74506
63216
91897
77002
81229
62335
74522
334
81
97664
31518
93382
67083
48360
22029
80463
98807
2594
37160
62504
85918
40296
45109
35285
47280
72413
71571
28336
68049
75402
82863
48269
59152
14996
75568
67623
68082
30390
9581
25004
78094
52737
93087
55459
22993
46092
21265
66485
76193
11033
55603
48223
90975
10757
84685
74674
56006
76331
31313
86981
35760
81079
80649
34040
74999
23714
97136
78053
81144
26479
87228
89189
3604
2560
97753
95261
24177
8086
78897
82915
15710
27491
48295
83376
38931
31597
61892
14564
75030
93986
77544
51761
82042
46003
83202
57061
44322
19950
379
64855
41892
19932
65548
31565
88680
62131
64304
42152
73743
29337
80660
78445
26993
74614
99338
11440
45855
5300
82589
23551
82535
3446
77503
92392
13013
59954
7390
54216
65686
91372
19894
59889
30296
57521
65728
46647
81998
41869
27399
31032
27440
18825
15163
97702
55103
33188
27902
60946
65381
80269
38716
39030
98907
14970
74137
49950
16516
35720
45538
69716
407
4848
73445
65864
5530
13570
44444
95224
44361
96481
9892
97889
3286
91387
19756
54722
30219
96675
2217
38026
63275
52364
33030
77118
48566
28356
48729
57992
85163
6442
15953
74878
19047
43630
98443
55854
22668
73028
37220
23748
14046
2661
29449
87416
2534
642
22122
58071
60857
66437
88717
10188
75251
3014
13022
22442
84413
88134
23332
46649
52430
85868
78223
77754
13293
66842
65581
33081
30612
49067
22141
50862
78640
85419
63067
48
51077
18323
32025
49559
83503
21951
12782
70316
51523
26414
45160
70447
55091
43862
73758
77188
91185
45921
71456
48092
82315
53223
22128
78299
49652
80810
38185
28299
71300
87720
96829
36605
33941
54657
59614
23543
23054
62533
54642
77438
48125
5880
32905
35105
51229
55430
16970
74015
56088
38941
48105
30263
4645
32587
26837
59338
48498
67477
3791
70799
51485
57936
853
47763
52124
92448
18459
79946
26044
91339
73211
28663
59687
17657
87620
60083
58015
5355
25390
17950
53831
53589
48973
6111
33600
17880
98179
93657
62576
82656
61104
9453
34016
78711
20293
64774
39804
42085
6103
74213
37373
72773
66990
22345
60611
81989
30685
58842
25116
23385
31948
91667
42786
64476
57456
98602
25376
12388
5117
5757
15572
57696
2226
28538
82480
48241
77074
18666
16475
30371
52979
64508
17109
79335
11951
70666
7831
74350
95672
9130
4568
99844
29353
66291
9549
2886
27671
87018
45416
11873
71206
88552
84129
63465
37496
13193
47186
19314
87680
73396
37819
28527
46965
94210
68102
30117
50946
19789
68326
83946
30906
96534
26136
11296
74568
58387
74892
17448
91813
15795
20029
16452
3011
75952
43770
8398
43878
95056
58665
39822
73426
63831
45026
73756
26304
33292
34487
86034
29290
19430
71731
50605
197
74067
73344
36832
74927
77158
60259
88597
57758
49499
17218
24833
66424
70343
45413
20451
42817
25089
92762
85625
88686
82278
63795
37534
17336
58766
47466
34820
98220
67305
75140
30698
33024
5397
27795
1146
42976
42048
32726
87714
4134
84948
76539
34508
87304
12099
22149
12636
72651
60720
44104
78534
6998
20792
85425
83690
55073
92123
58339
67341
80876
66507
2044
25109
93004
78832
68886
26465
32960
59733
61449
68034
63746
44082
95214
89721
67321
56823
24734
45039
88618
49362
87512
62059
41487
39998
12066
38611
32224
8552
98695
10979
22510
96126
24287
70819
10287
81047
87084
43976
96979
16793
3520
53065
71765
58571
67036
57404
38573
60023
7476
43373
44834
24347
78606
11322
25053
33965
55113
73262
14712
23273
64314
36088
3221
58328
52753
58055
81292
12638
21786
95876
73724
19200
32127
40428
53219
84209
95787
28873
84361
85880
73642
92012
67382
11711
64365
53577
72035
1465
77641
40718
69294
94929
9887
52225
69511
4076
91190
98486
50599
47067
29091
67978
78657
96543
28715
17663
73361
39768
6719
18675
84272
74380
87622
18143
27626
38705
78169
71946
36134
27735
6344
29288
24964
58933
98266
48530
75526
22734
9457
66147
43845
94943
23212
58220
10404
51177
68390
29940
29217
59285
52668
56496
39880
30665
32139
3227
4738
96549
12087
85170
80618
61946
73033
38447
42688
45160
97008
1855
63255
90194
83688
24002
48169
31841
84280
93983
74954
24945
34741
90561
69433
36092
34596
39730
57459
9217
46685
81811
17634
92337
59179
77877
95731
15862
58352
84823
40933
23712
92965
81884
34173
15469
23166
72296
27319
29555
34124
3543
9719
57997
27901
92410
22589
47585
98526
50191
45910
83786
29248
69531
78831
22471
31160
74151
46629
61983
79521
14645
60344
51375
88764
56701
57950
45809
43991
82536
67955
67242
49516
34440
61870
34353
20256
33266
37455
18903
65132
78649
55349
14039
51960
62120
64876
96892
64323
10684
64739
50985
67711
48124
31388
15337
19226
62646
92732
53940
65943
22455
27906
64250
10683
60582
42645
84975
68931
38301
29845
3827
84786
46213
47252
47005
40041
12654
79774
74147
31631
4168
38834
95945
36624
28416
37749
59363
96834
40026
7900
32873
88834
62824
30087
7286
83517
34372
25230
10300
96043
12784
77875
86345
76213
51783
