65546
26595
77154
46447
46514
80712
44619
2302
78415
96179
47389
54086
24928
21124
52360
74596
31849
55806
34666
63306
88076
64222
10970
56008
37670
57864
91474
62988
85192
41244
38614
48966
4944
34248
72005
65924
78468
77271
19355
49117
8843
29511
24864
33449
15688
70968
47121
87533
82452
54081
86793
68789
11286
36732
68907
98041
30177
7297
56271
53474
95722
3153
26343
83334
97093
14121
9292
78766
44379
60630
78986
70425
62634
89575
79301
66906
70489
12510
63558
45533
55158
26017
77446
84551
65679
22765
48565
69498
8489
73674
86759
95351
92768
65209
85341
38974
83195
27049
40939
31122
18155
77129
43179
78872
58432
53689
77534
8573
99048
46777
27898
62007
77221
93123
40852
89284
55530
19380
64427
21039
70834
47653
55983
23473
28732
21720
5772
69523
86343
12014
74807
74194
58694
74485
9715
10331
38240
50239
20480
4662
48360
36846
89666
4608
44883
13899
88841
17584
26267
34101
24738
46363
41295
81207
15577
8690
500
76370
31017
22153
95901
34010
45858
38483
23650
7325
1974
3241
15904
12861
66112
62857
77325
82367
16721
27899
80278
40604
68153
91663
51511
99253
29262
53346
44854
41379
98875
66272
84092
45164
2632
21603
39601
34226
84066
94905
21491
26597
67208
771
90578
28985
73617
80506
96012
850
124
11501
48832
53019
14326
43557
27441
39191
41570
28937
71161
54479
19880
51901
21223
64073
4285
46949
88951
84730
51690
4360
25452
96562
63644
59184
38092
71733
14343
96717
93144
13482
47127
59993
79014
63853
98709
49526
50910
1439
90259
97492
68877
10205
2388
41807
32297
75918
93659
90100
72482
94517
40814
23364
76737
6343
83910
79026
69184
89718
18390
50438
44581
37708
98454
6404
44477
50195
90283
71302
4881
6129
55380
23814
45095
58098
23220
84120
32247
25725
86167
57972
18536
1832
27682
32721
13127
92712
87420
28045
96451
82080
53395
47977
30152
86234
33708
30289
81239
36500
59659
91290
11262
41106
38523
58692
95321
11090
71130
3550
38212
18972
73796
23688
26011
36087
69051
83892
21425
44857
96112
66822
2761
15063
59088
18267
62293
1722
70254
61157
34569
74675
63305
74740
7418
79109
67161
80081
69368
45152
99708
9988
65605
51822
30359
1333
11825
64166
37099
23119
33556
67551
21174
84352
85670
40190
28515
30398
53855
3568
46447
80132
22662
24755
4537
89401
41016
22382
80773
25841
36984
36865
79596
40301
63181
73432
19172
91742
20924
26457
81896
82311
28258
26300
67588
36352
85070
52090
61375
44183
70682
66590
51172
5073
48260
30809
92975
19438
53965
178
36753
38474
56685
29786
81184
75135
38384
69308
68895
80776
47601
71731
14181
45793
27378
99959
2348
77162
54133
84399
47672
61354
52282
60874
21377
77712
27062
15657
60639
38709
17388
62868
96210
37885
75146
56972
71083
87005
5347
9440
37339
10518
15588
12570
33942
69343
28566
35441
35106
10721
64431
76129
74434
73307
82676
78231
49434
16006
29487
19878
45694
25491
8521
30840
31451
67793
80741
59614
37186
12459
86681
35720
90604
86605
40521
18000
61071
73223
20002
57072
62492
51498
19760
94356
79089
93135
51356
32394
94978
99319
39237
45174
65535
38445
4057
85282
78753
90280
89521
92627
14935
57420
59943
14134
72072
23888
16596
24793
62756
73019
95050
27095
90252
88136
87787
27371
58618
86088
58757
29478
55629
88006
94378
89179
57525
17669
13520
99287
63768
37638
16161
28238
5695
59302
35872
73424
21313
62820
65465
98555
82953
98944
48931
15530
53670
57055
24054
97675
58063
15147
15619
81359
40305
94072
59700
84634
41782
61473
80032
47322
53972
43184
77355
97492
14575
47708
17784
44985
79084
38637
80396
4664
1299
52955
62753
99182
99455
51476
81091
67448
16710
3261
35914
20137
72480
98800
46997
17431
35254
97411
6655
82063
67400
31241
16641
25961
96698
80146
92740
5590
95068
8686
81729
72405
77749
58095
96599
71878
29419
58635
91655
76438
9970
27040
38127
90104
24975
90643
19458
94293
6087
78097
64577
27962
44905
18806
74264
27504
55636
92684
18327
52169
21702
28779
65707
3542
93955
90943
57401
53046
43998
48775
53430
90568
63399
43482
43878
89857
51985
17380
60335
7577
93758
85742
94169
7584
91274
76379
31300
8591
1233
25614
59462
15896
92510
54985
99200
45151
29425
57233
75867
3746
60139
72205
24324
15668
47961
99085
32066
26503
89115
38408
23824
647
53136
99837
20603
99140
14464
35067
47865
61480
57701
29468
71748
71847
88407
79980
91442
17587
34419
3399
72658
59279
98215
46496
17349
21916
47420
53759
24951
20015
81473
96962
66585
79427
82544
35204
78684
46923
991
26
41003
55392
67589
80634
49317
75384
19334
58359
95318
92248
55869
85767
86450
36544
57766
49861
36909
18948
56037
70770
62458
50492
12470
70455
99837
75473
73874
45061
72367
17399
73082
12062
76782
29114
27779
44620
70174
74001
13983
19342
16480
10000
23556
24724
89358
41625
13211
51840
34800
70610
13799
74316
8414
75697
78927
75338
65490
53332
64938
47302
88776
75502
14694
50152
98294
32540
35829
30678
7906
94933
4725
50198
88485
63871
9435
85713
62362
82943
32987
72180
58562
47784
59382
2063
63255
22325
50528
70208
18379
71313
62924
42826
32444
22931
95639
29310
69750
73416
72110
45020
53478
30249
38877
67059
21175
22411
63573
26980
96458
2869
84057
89605
64822
18987
16870
78145
55834
98473
90044
58716
36315
19244
86445
11797
81343
56651
97280
24900
40132
74659
39458
35394
23517
42991
19755
91048
64138
17302
68520
90480
980
49503
76202
95128
77826
79039
83851
97477
27226
98099
59800
43555
81527
25993
13279
3851
79491
89401
21878
57693
21042
87825
7813
16013
60444
54445
4882
26266
61652
22598
59592
45081
1161
15969
58978
66320
31192
33736
73401
95935
9996
6550
88904
12953
57204
11276
12120
98671
82175
59585
36205
5390
86006
88214
47180
53023
37333
5286
68583
44972
39048
98204
61703
69155
66783
17984
42101
31410
85678
69770
35429
66450
64867
16311
92127
43649
84612
72632
14603
84423
25156
97511
96920
25818
51266
36821
49225
13981
69087
12319
5374
90979
78682
23103
39290
5586
24393
24479
50262
72578
30166
98888
19329
77316
98387
13016
498
72863
24380
34930
53100
70070
60968
35728
61164
6598
25195
60403
57330
39499
79275
80859
81386
6594
96509
62002
33846
88873
604
93794
86906
88259
60549
89191
32355
3704
68817
67903
10836
33913
49168
18686
89743
66496
68255
59358
80797
59189
73797
49332
79610
68206
24240
18366
41056
61422
40967
3480
94414
42766
69099
10093
48788
39930
39951
66891
86462
75858
91249
67823
45115
9872
13332
34432
62152
99625
97371
29464
12670
53868
56708
20732
81461
31048
38271
47116
47379
86475
41514
82518
13942
51876
10474
61829
96665
10730
55080
74391
60998
9686
98245
71821
12408
38314
90332
48731
51212
94229
52562
1119
63492
72047
10108
33998
26487
98910
19694
21898
77433
95676
46779
72624
42242
69231
41198
83949
45949
99512
19332
66129
84687
19431
46883
50556
33506
48555
39835
27188
34734
91624
97816
94393
1667
59265
34721
89840
29653
34165
54384
14043
49571
45381
45070
47881
37510
16051
73643
11338
31731
41191
55670
73307
84398
29099
17791
72416
15275
97142
75271
61679
95873
48742
79168
12873
50894
48358
79783
79812
26113
42703
65722
96707
75080
13995
76375
14599
27158
66517
26995
12350
39056
64411
9908
28410
53205
51493
25996
54237
87688
74224
28370
62000
31899
9459
70686
29555
54522
19779
33985
84782
52273
978
81855
262
55962
86898
57546
43692
90855
73815
54780
31695
78632
39034
60113
22130
19834
62233
23774
24120
57901
6268
99698
13499
54192
90003
89735
71228
52474
75484
43205
94964
75223
96096
47636
83401
74478
43229
17211
41853
22060
32126
5018
82593
93199
64710
74656
87366
68208
61515
64362
36276
94285
27775
84153
64531
70354
85675
34031
37510
79876
55636
53445
75097
34409
10111
88460
59887
96120
68112
43870
39806
40697
14478
29696
46390
72856
98339
62615
31996
58379
12607
92259
94197
94813
284
37180
81789
24854
24349
20680
32856
43657
83343
64215
51200
84507
82769
67835
88189
31627
62960
9127
68402
88098
61003
47010
88756
6711
53430
76584
15062
68639
84441
61694
60447
32560
69560
99599
51805
70833
75886
81608
2387
6400
66674
56173
95310
95807
51164
94966
67701
43260
66753
5993
17214
3899
10361
30901
50622
39714
58466
56904
40921
16992
89182
12494
74775
3803
33591
92070
99383
438
90082
60963
29757
62619
1665
12860
46246
41354
71619
62544
67037
95646
91750
60442
52039
19800
16157
57132
4760
82155
34348
42763
27624
72995
22000
94247
7904
4178
32412
37365
19502
24569
27005
34315
22489
24175
75999
82104
28366
59825
80105
16318
71480
83590
68292
76268
78414
2574
71929
11260
3463
26246
65431
28485
58665
81659
63124
60446
60126
23785
68875
5104
9800
60206
46692
64439
90155
96240
42865
35285
57288
3271
36788
20275
98987
37160
24158
18612
94874
61103
21138
31128
77390
48073
7880
82922
80030
79611
334
31046
91798
52115
45577
78635
65575
32553
89337
62520
97463
96977
13722
62503
92665
11551
78279
90083
760
89271
38425
98087
65166
57393
75725
82324
39985
83910
55139
66862
44140
3193
44546
90420
49579
69221
20154
15450
9967
86654
36865
420
24642
18726
84767
65602
45221
86096
50245
3907
46725
33129
26104
44503
92781
43239
70604
68165
43060
39089
91659
62597
15447
57993
84085
70075
10113
32242
44033
95152
68422
30178
93921
13903
35439
12773
18787
23577
81776
43179
49620
79590
62870
96879
86592
44729
79868
70053
26740
19806
56188
75008
40229
99618
57506
80317
81097
50415
17564
11695
48482
42723
96558
67432
84827
89612
70659
3040
75179
53954
99005
66533
81751
63808
69837
20704
46420
41217
43166
91647
80970
90067
79020
26789
59188
63547
32658
58218
24899
79973
87649
57712
1538
8517
68685
33731
88213
26671
14720
70540
46299
44655
78834
35699
39730
91366
7984
87598
98521
74531
59609
72874
28176
92793
12008
48148
53372
62818
97644
80933
92872
15568
23763
83336
61285
5323
1476
35465
177
63789
5996
1340
25622
85622
81745
59367
86089
50796
10850
89293
70387
53842
21775
89336
61036
29572
9109
23395
355
98733
28178
44097
17338
10757
1494
77772
49070
53098
23834
8750
89845
99225
83691
5285
80352
1737
19838
29751
22080
71045
17928
42099
72388
40612
55717
69439
87520
61991
23478
35555
57706
25966
26888
1618
12830
94391
43215
2096
19074
95220
80018
81892
65219
59911
49567
47291
41374
69149
16863
65590
59323
85541
17604
27186
7699
56460
14047
9266
51634
54902
33263
5419
1911
14554
89140
26156
56505
44634
32129
31271
15108
42558
97199
74688
29537
28844
29742
83986
14003
67494
66230
98200
77150
46273
96700
44319
44130
89757
33281
11557
75301
81573
60388
19405
81006
71525
19512
28835
47181
38627
49104
98758
58361
87164
2646
68823
66162
21628
67675
29277
87844
46328
43305
22258
67853
82540
36532
39085
34997
26412
66446
1292
39964
67145
56858
59166
17107
13059
75353
71211
50240
81253
30720
67297
53188
92834
87083
29564
13977
72233
21002
39728
36629
63943
79193
93398
53164
78906
82862
61809
98130
95726
43468
45244
56637
75734
94740
5554
37128
45352
26395
56601
39380
40373
35638
2283
23850
89891
86866
84099
5916
51561
83904
99937
64329
54855
8941
25146
64735
77696
44144
83615
11194
56789
10589
17319
41067
35839
27446
11612
71636
63304
39553
93535
20463
63046
28405
56857
73070
63189
75854
98336
10558
93328
68032
7586
8549
53324
46632
45232
36106
2577
32829
42282
50707
99958
30278
15043
93705
13176
21989
48049
81881
59798
81681
40467
23284
49164
9953
57695
16821
78922
96228
14119
91586
87345
74382
74855
93964
80138
67597
71374
7729
41282
82138
98087
78177
72517
40042
7363
35741
34390
58756
1380
5915
32680
65741
71656
89894
53244
29055
88048
10115
2776
48056
32077
1134
14720
89135
16934
21027
83540
1185
46439
21464
63878
7785
50250
37223
3062
10095
891
33578
25484
71447
46442
61823
20560
27514
57010
12619
45513
73170
35009
83611
73233
64974
22180
23685
30322
5029
51217
6605
78016
97928
23888
68387
177
12464
79718
99722
66429
23447
68287
61140
52078
89122
18743
24744
54564
82203
15942
90630
68456
42142
35910
32865
35403
34153
63586
57643
90938
48470
71036
29071
86272
56325
79899
5943
19992
98802
39984
2797
47341
22151
29667
68863
41681
16522
46719
61020
37014
76982
48694
28666
67116
52231
7186
7706
60824
4271
79482
58148
45165
84998
62781
21548
31913
74974
28606
10166
58063
28852
68571
87669
42716
75970
47100
23215
5896
81906
181
48700
36059
74381
76280
27277
49450
35570
1306
68714
29677
68578
82976
23220
85342
44951
62950
71497
80591
64309
27531
68325
70760
39225
50333
12997
17405
49902
88476
69255
79240
26942
96782
91662
74536
31621
25183
13314
55029
73730
33586
23700
80734
85031
68936
4671
30401
27503
58603
52105
51974
14511
53432
86504
41241
37349
1416
33602
43875
79661
67993
63725
41540
60339
61149
52790
34767
7010
35135
76413
84609
75771
86125
20604
41951
8001
84166
78696
34283
92177
13282
60017
63842
77744
70232
88548
14486
37020
19504
55567
29923
44132
10726
82116
22352
39060
89207
98999
73957
18888
82732
33154
56291
72161
63392
49320
10563
87862
41647
45013
27151
96034
67133
66628
75927
2779
14527
79003
97138
7779
5674
42257
66802
78487
91927
28976
56257
13285
32464
77910
22813
44218
6106
58837
38894
22361
92222
18169
13824
33096
82294
30954
98530
67397
78864
43015
38841
83957
58722
17555
89121
96285
87114
25644
59714
37098
98528
22197
36523
48010
56668
26486
43821
35133
14621
1658
28278
36390
42653
73910
4777
7580
95246
58697
80535
90654
96624
16670
22620
15363
73491
70030
61816
79758
44164
21379
84392
76992
34550
13239
72480
41096
302
27676
56392
46197
68810
46261
19120
61005
22094
92608
36785
39446
69325
37591
87490
64081
97745
34572
32115
73798
69768
5490
35306
24122
69035
16474
71320
9342
48715
48635
55958
3490
58394
97131
56257
92198
23316
90506
83152
77968
94120
1470
56750
81465
4903
32184
57528
34146
77543
39829
87540
56037
5460
71777
34892
6918
16276
91542
52518
73384
53141
2019
53441
68604
68054
70760
48910
67604
60207
91741
95688
54357
1405
86001
9778
83019
55054
55344
17868
17302
23333
71006
10097
15938
69803
80673
13968
61269
83026
66587
35973
25538
84359
45556
72692
27386
33780
2230
30113
33026
36239
58994
34030
17535
98818
95424
80786
66414
43479
8163
82899
51088
70208
46091
3584
50179
3521
91636
72525
53804
79131
99596
89803
18255
20821
57298
69571
98209
21800
97786
96815
8629
84008
96429
91446
67699
88779
33421
12962
11015
64535
22933
45120
81781
60268
81727
90131
36682
11082
85024
92949
47149
98112
90446
55947
45013
57203
6305
65795
84084
28776
75479
35949
71025
61646
92722
63027
96851
50411
79836
14102
76313
72609
22091
64295
46759
14428
46143
11103
74491
39579
19431
69564
14622
23288
70308
91832
24086
22614
2630
70407
50231
50342
79954
12813
89818
58294
47237
28889
96294
72854
15954
21570
83754
39145
98471
49469
13548
58629
18414
49432
19740
4422
78511
90070
90434
3925
49203
56040
15767
19120
41411
32324
56271
9559
37999
53700
49395
46226
40234
27485
72429
45890
27890
40666
35612
68195
91406
39189
58856
80858
12241
62386
94127
77889
50971
61656
19262
84780
45278
87341
62011
71479
31965
43757
39583
1550
35057
93510
95905
86872
74469
60850
63661
91201
50049
23378
12756
57603
36965
58244
8061
40688
87819
41441
7737
59071
46
52534
61460
50960
92362
98812
8584
31774
2745
42006
57067
63456
67100
68551
2184
54555
42587
86189
18443
98120
35747
69598
22038
71549
44846
56253
96465
76923
64705
97049
99646
24916
49806
65570
77514
97238
60058
94249
49632
95257
5753
45780
57944
11520
62517
8922
90572
12239
49550
92225
74410
85546
82363
72497
24454
27910
2254
55476
40039
35055
37238
34029
45698
77140
79166
23571
37316
10802
35763
36136
22056
83676
33314
91770
98600
70788
97600
88661
73681
86761
62755
45538
64079
17404
20142
98945
47527
7664
2538
80478
99012
58239
25551
90227
67720
70227
96258
39482
8676
78456
23000
99437
38660
61819
16057
1980
41313
70046
98400
13834
20346
63355
82590
19781
5277
11570
37279
15968
41982
68433
84452
97007
59754
98079
61839
63902
91670
37190
6046
63661
1488
74555
61422
80716
22039
21546
544
85903
60423
63970
16057
48271
88588
65211
89732
29469
52728
33152
85010
35907
75471
92636
79842
67321
84351
58117
44923
86145
41806
78176
90998
65120
27595
6095
68792
91193
42662
58782
40829
44519
12252
22406
26865
11830
69291
50427
96535
28415
32484
35961
86284
73023
86942
74374
88294
45554
23750
87939
99255
83921
148
63188
85005
42662
14426
22186
70043
84999
90390
9194
53298
17943
50854
8476
87561
83604
44059
26705
77053
32862
55749
913
75377
37030
92526
93761
27510
42350
49540
91758
14789
37186
51022
34136
78601
66227
50687
64318
46427
62572
68424
24002
69093
56915
21960
94904
11592
41182
88383
52624
82904
72782
80960
22622
71908
36205
4901
73378
92404
60352
16604
76921
62380
77577
9118
66272
62701
35547
71360
30079
73627
68986
55299
86234
31577
5231
68167
85519
73551
94150
23580
52877
54126
16932
22552
80338
87690
35656
2277
46078
59110
33564
93458
43929
69902
46584
98057
98142
92957
48883
89217
44963
45375
36615
18218
68998
95153
2240
32453
38485
96229
64353
77558
23866
15873
64435
26226
69665
84327
25162
27219
17480
12175
23095
58058
85570
8496
46243
47059
55527
56157
23663
65636
47612
55212
57317
14560
15962
30771
98170
18216
82142
18667
94979
63537
35020
22935
4464
19825
69569
30941
23945
20626
5236
306
43812
75753
13095
41429
65664
3520
58352
6289
45442
13487
66815
59974
78825
12042
67627
69250
7760
18708
28797
28584
61119
85841
36824
35378
62574
85432
37444
10771
13240
50952
62294
49909
20343
30130
36797
62945
49122
96404
21580
55486
32288
53765
11935
70608
34439
93260
4139
85889
40246
1099
66663
59454
52555
41625
97265
62136
15138
56142
90430
95179
22154
27639
36674
23515
39397
81289
93752
85273
43773
52018
40975
49094
13022
55243
53201
41071
78675
99017
37680
68182
53185
9011
687
70193
78138
4398
30539
84780
70303
62964
45605
3017
90389
44388
19021
34120
11298
95250
46315
64673
15972
91423
21901
79278
88175
60579
68264
33606
21633
21447
37741
12228
49924
21551
18699
36678
9695
68884
3226
81937
71769
63024
64651
5394
18827
6642
77609
89951
15265
37266
93195
10236
1933
45631
74746
33690
35623
30035
60378
67642
71205
70504
71382
2255
64435
28932
24684
11393
29296
75791
30834
35789
32612
30469
57412
35914
29697
70663
42764
44198
1078
65196
85868
97135
10634
56213
6218
66318
827
69758
59193
57646
6707
53777
78272
15067
91683
33780
97385
11269
99679
85346
37352
2723
75574
28664
57222
46324
98252
36005
35337
26112
92725
70436
6625
29917
40944
8167
8082
50575
64446
46857
95065
56615
43998
47909
24221
11371
74535
48901
16020
22710
70753
76019
21519
35254
56224
30635
85922
340
43070
31345
73524
7889
99379
57279
1023
42955
20180
62647
27301
91039
78213
19863
3152
1096
13788
3466
93283
52037
65140
8154
94978
2105
94794
12132
69754
84460
21528
18916
27151
27343
6124
86415
7393
89405
8228
31456
92090
50941
89576
11274
31734
99203
94531
6924
19247
78198
16959
3042
89157
64748
93789
37304
34694
60818
75822
34778
90271
37320
85873
84582
3775
1673
73226
82819
17284
84136
37466
76171
96101
22069
27553
8292
57243
62463
31629
20332
7309
48852
74845
87410
75159
21124
99670
70690
81493
11076
11329
5272
95729
98094
80864
54742
47239
63557
35179
89072
54386
21046
71148
59333
52821
48442
70834
7944
54120
58872
14198
4188
74940
38343
23816
20446
25389
47889
63444
82588
21859
79988
68183
73796
58021
75682
47736
86519
40251
96456
72965
23580
79774
35083
85003
59088
77438
22798
6065
99835
74671
65136
67826
72991
6097
1331
39413
52906
12571
97559
70891
9674
83780
35397
18180
64096
9709
29480
25550
56781
45710
82517
65387
89257
94683
86219
57901
434
39539
30709
91985
80321
33093
95917
56214
33241
81760
86843
84664
10521
58037
20474
63917
39121
7115
28924
73179
52561
50303
21220
82005
51068
49237
14449
89936
99611
3839
52634
88742
15791
49321
14516
3046
72830
37311
67185
35701
95278
66876
63299
73477
79056
51088
61759
2512
6036
53740
67196
81778
45114
68365
25306
3553
80969
515
49023
42346
41880
86365
85148
48040
12873
89076
54607
19939
98678
9456
41826
5411
97059
36218
41616
27408
30035
65087
61512
81352
56535
3069
85802
7323
99425
84813
45134
80967
67991
49998
53476
20427
84450
30570
3093
2250
1126
13543
85961
41566
16940
45612
33890
58357
50875
66509
7398
76429
96262
41045
28986
24648
67327
89232
31305
67468
12232
8274
6148
19610
23178
39143
93539
41064
88638
63736
51434
41949
92745
84855
82982
11209
12934
13255
9559
58975
89435
16522
4040
36719
86124
86185
36345
37540
83758
87162
15166
89655
31860
50001
85696
28814
74982
84133
77889
19605
77328
60253
46493
97239
44023
56215
50668
29561
21157
73493
14051
39859
98405
24389
55739
3532
13099
72684
86409
66545
14378
60462
43020
26257
57865
81660
86918
19608
11120
76634
64353
86182
28092
77452
21299
71468
22226
55580
76508
14658
33328
55467
46188
24936
81023
25586
59650
33655
65925
84115
83631
65602
58423
88993
28440
38478
78443
52680
18618
14252
85035
81819
4296
29839
55878
71673
23056
527
12800
40090
27100
36088
38986
22843
26197
71823
45644
88132
50657
10243
93983
31251
29997
7660
8055
58247
87718
3426
62269
34122
99040
96828
18107
4379
81466
43108
69233
89208
75641
10356
3044
10245
89136
41391
16598
76123
91041
56990
39825
3056
67998
31845
82396
28126
5928
16322
67184
46675
80761
8193
57285
54805
16573
28479
2949
29775
90906
49113
34338
24893
47056
15
69635
496
2267
58619
26425
30686
3126
63752
90992
22889
45434
32849
9634
24906
59749
28568
94085
42106
36789
50751
40133
82205
67187
50854
47724
4555
61388
27234
92445
19100
14618
24854
46400
44048
54594
42032
70231
12408
2871
45762
26351
59204
54236
60828
27539
48170
49446
90115
44251
52336
56959
44208
58081
61014
77735
70567
27220
75555
99669
52114
90789
6026
35100
70650
10399
28536
19081
92066
99924
30909
38184
44287
68562
73461
16869
21784
74804
65298
9360
69270
37045
81288
85435
44232
56191
63764
58813
51990
87521
64394
47449
85951
28544
84025
76120
27857
31908
47933
89074
36676
80467
19426
59820
62740
90523
63375
91740
94874
61929
41814
52808
19781
89879
50295
10220
28890
44129
64524
76186
3621
24728
71924
76507
14939
67184
55487
74516
56814
93652
74259
83684
19660
97945
35961
20681
80532
98768
60839
63235
33269
73269
35403
48688
7461
25253
30224
77719
70844
15532
26544
51776
9291
19164
97847
43712
53467
59674
19567
3122
36710
88402
9166
3201
66700
74730
31064
63010
40531
74068
3345
84574
52735
7870
70307
1326
26058
78019
57097
40831
60064
92548
94742
99572
67385
74449
41221
4331
79892
38401
69054
95352
72812
5954
89921
41805
74745
46154
58642
56699
72070
91596
37089
9618
20811
86438
62868
38884
22183
11990
23956
35240
69851
21037
53073
91099
25861
97596
1683
1569
21816
42059
58334
83848
69204
78345
93504
62893
31944
75101
73531
92792
93217
49242
79114
59235
68300
48050
92849
68536
44080
49346
19749
58424
22433
72714
35797
90391
43523
33024
8724
10629
54716
35866
37124
60456
10739
16329
7681
97093
89835
29990
84679
79037
12118
39012
40064
80404
50424
11109
29678
76685
15801
62217
80945
40368
30566
52673
89174
16654
92358
3009
18973
13724
2900
32371
28261
48378
43197
36809
36662
24920
51639
18922
98858
21454
73019
63054
56921
37993
81217
76869
51647
77702
2519
9777
24748
35255
58846
93716
50569
76418
42754
71235
76130
76777
84627
60314
18420
64836
48196
32458
73748
78346
81984
34381
18105
28079
5124
41818
55527
46439
17596
78964
20025
91369
52190
2909
23978
6735
73597
86887
28928
43513
459
78187
87958
75313
94159
83123
40069
14153
47135
81361
4782
92416
10713
70451
25798
78596
63300
50510
37566
5170
65726
24567
64366
85177
8225
16273
16382
79452
81655
90016
22801
53813
79254
81404
14990
87447
27963
79937
88364
67565
48927
64259
51545
30494
45560
21663
97543
68977
55279
62125
48276
55693
87993
99794
71796
96281
69588
9713
22909
55235
23136
48545
1359
82396
43607
4058
61822
68768
96906
78153
9149
91699
81498
41924
7593
39431
44304
99639
96911
3770
11641
87964
50363
7837
81346
99432
3838
83727
1772
82594
14875
77287
20395
79920
24846
6545
15969
70154
29177
65391
51794
99439
89197
31073
96003
70966
81329
11072
12148
49597
48818
30692
7704
24733
47847
22245
39885
55519
49920
78558
62492
17351
24683
8109
48270
4847
62626
94551
57832
80751
33972
68649
91109
20791
84846
55610
22095
96127
68006
75564
9530
19254
77636
55569
30077
80886
97870
94730
74349
37401
28558
95018
14744
25157
40034
24601
7675
74818
83359
500
13537
93165
8387
62674
83992
85541
34646
45826
81457
99234
41532
19248
83252
91109
43066
15942
27838
76842
56066
31471
28440
68891
5084
8823
67157
64447
5203
90414
75208
11919
91834
3083
46079
77672
15993
31853
44608
43868
14168
41149
17790
57347
95334
79631
28184
38192
89798
87847
88238
75390
75319
58777
4865
2441
73407
80168
68998
92376
24051
47376
85031
28536
5221
12032
33782
6117
48779
4574
83375
94209
36456
11438
34121
90279
82905
85070
1208
74009
42110
63833
19042
437
90914
38155
20923
39334
56201
89091
68960
76567
22934
33220
88653
46786
92342
24246
9915
38151
21100
46155
13370
72408
80186
24347
13862
51889
11177
55184
34921
24069
50613
33342
37165
71475
89879
52426
73820
10679
87376
6763
75766
68701
26031
87566
46990
6641
19648
27411
14114
88434
13714
53461
82644
3397
32642
35879
138
8869
31689
42202
54527
11735
96511
1627
43811
10044
34026
29849
35510
2528
74599
4292
31612
73008
12596
31377
83966
97673
27511
69658
33917
89578
32975
29538
43475
24523
40277
93142
24264
48839
99054
22351
76238
14709
82608
90901
60633
9077
36366
21053
6334
74501
31522
3122
91207
13075
68374
67378
5105
59373
60399
80495
45538
88884
98103
29110
67658
65743
90438
25708
94389
24988
81931
38868
41577
1249
32764
83790
32259
76129
1912
32218
51017
91722
90069
61049
77163
89770
66124
90420
77658
5090
47485
19414
8261
38931
81983
436
11309
68757
4456
85645
29508
11783
21174
15181
51430
71616
43512
14443
75379
6788
94812
76466
6025
48370
78645
48893
75578
21146
11368
572
92079
32780
51603
12243
7129
40204
45435
98049
78543
99489
9073
8862
57417
17356
7777
87005
85048
44662
27766
50993
94208
81026
17037
32460
38483
55490
51476
48322
40682
26278
48063
58861
68675
41135
84999
98826
20338
24737
23135
39008
51013
30327
68276
70401
74393
54128
58944
49896
69746
67879
94348
92962
6011
22432
46112
88490
78330
67582
98344
87501
6959
5554
96804
29388
98441
50766
29900
82911
33029
11928
21246
68406
14436
99354
13606
50363
48679
98806
46664
98675
51914
72598
3245
43684
4090
98625
69928
91889
96372
44522
56388
18016
43036
30307
52940
65980
72471
77935
38454
27958
4709
54420
1293
80966
20158
90287
14745
75536
56776
98050
73453
94882
49522
16168
22093
81306
78000
17258
27770
83940
10292
34026
84060
25856
47653
49020
98987
97794
2143
756
23033
55155
39687
68730
55615
37429
25480
3866
34115
35172
94351
59736
69795
93400
44319
56705
25697
53863
54866
61309
17610
27527
71149
3905
71748
36497
52799
50049
29780
63233
75062
57826
93194
54650
74654
79852
89193
86087
69014
19135
38103
43547
69008
73533
53213
48058
68101
63877
31355
5649
32531
23744
42316
63680
53941
80404
30897
54040
34333
26454
8284
26462
16240
73916
13819
48047
69278
95889
7519
44511
92092
46177
74057
56538
55104
35316
58096
92747
45017
93080
58993
96826
82856
95926
36595
66512
52542
85383
70741
57975
852
11808
30359
3869
7041
52680
46402
96823
30300
45706
78133
24801
29806
15909
22157
20515
59346
17249
65519
66928
66316
13885
76149
68808
46852
69860
52980
25181
27774
81469
35302
37779
18967
34465
23960
78785
89245
59944
25970
63892
89579
66748
49150
27826
60672
46863
80343
91611
50331
58057
47215
18540
31829
87417
55197
53822
65371
16204
61250
87755
54183
63228
27990
66896
51418
97536
8244
7918
8632
10497
21151
51915
66591
21292
23215
4886
46053
32675
54939
1767
66158
97071
96964
34948
76711
45168
60700
62944
89058
21396
35826
88701
60206
41830
65659
79955
66194
20702
65087
63209
47462
94519
80829
98528
81101
11901
39387
68240
62803
6565
86222
31625
448
32247
27074
47515
32214
82150
67238
85617
52780
35136
29560
48984
14215
73856
16489
42206
7538
46113
8876
1878
10938
89261
47584
44536
5001
74388
59511
34468
19997
57336
97922
11975
53859
52773
13916
51638
2549
6206
43856
34935
47566
46162
15367
61664
51110
34542
20146
36663
70671
20588
85072
4600
86218
95913
90428
9973
44198
24692
15351
87767
25494
24257
76013
48387
41998
79294
30567
49464
95898
32477
46956
67925
24315
80976
14260
2936
17759
87987
75435
43456
56635
90947
12319
74580
73640
94413
69734
95964
94264
44897
72782
37709
81875
61700
44386
8995
72594
78725
75670
73478
35031
97543
99952
89967
44071
83677
25811
6660
20614
28853
90089
71487
12621
63083
42636
72045
86730
5214
6993
72434
93428
41407
74993
51657
34088
80773
16981
33577
79077
70334
40350
83716
7618
24384
48655
95849
61959
84158
59479
35401
92174
75734
34527
98646
19703
52135
45036
75047
11842
38175
52177
13625
65677
76850
55572
10576
97418
9768
79515
7675
86939
73709
4051
45845
10605
54188
15997
98727
37550
49301
88501
80362
63405
3323
74113
29739
49709
32891
41810
26632
83749
46518
90522
50295
59319
88607
26826
92325
33387
98896
82246
23419
72967
62455
19368
48285
52525
94382
87214
93837
31729
86056
19105
55948
18517
38823
21731
64864
85859
48587
66356
10193
6407
2501
77728
18766
77543
33897
21640
45645
27999
63970
78700
39983
40925
79903
23922
2081
84470
86347
25174
59167
62691
29403
47695
43347
6652
49984
34265
34555
63471
50748
10147
40137
55068
59921
16471
12196
39024
35957
63394
20555
14140
19650
59072
96154
86322
56778
26757
47109
68860
20167
48874
78305
32088
84080
86194
92258
68628
81032
96695
43487
5250
15665
5718
850
88984
56574
95924
94107
10407
73126
36587
78756
79957
35283
94998
71583
14105
60058
38133
53612
29715
38246
45852
45527
75717
29197
57118
73534
55186
61988
35634
52015
78546
75566
47839
976
49231
36239
52458
30489
88959
70912
3768
5723
6942
35035
29954
87588
12743
76501
71957
50202
6126
16779
58466
11301
84350
98613
73161
22666
93002
472
83996
29809
14482
59128
38131
39528
96052
10634
78892
2400
36972
18727
39517
55637
57514
14940
64664
36492
44751
60062
93497
30837
87235
87036
42447
28271
50997
5965
55685
1482
74896
12296
9707
12712
81751
95730
96806
91069
16861
8177
22224
35254
2819
91487
8845
79766
77839
8027
71788
32282
30085
15866
56087
2718
68645
69083
97431
3065
4672
59927
83014
65156
81464
69143
46482
70072
4052
47296
16075
84500
75644
26249
95306
26846
26455
10349
82781
4033
84735
64476
52787
28180
76798
11596
99457
31420
88455
59788
37070
81287
17747
93305
81409
16601
45142
34090
70405
53285
34077
71174
15287
33617
29255
43222
93356
73819
11453
57364
63777
75578
13103
63490
95136
2685
39149
94616
18827
92336
33790
51509
96521
72926
19937
66006
13130
66192
43806
65157
62233
89394
3847
90473
19485
28567
19696
44667
8075
31475
70792
18585
79116
23910
18515
74803
67943
94297
24870
36514
83051
70305
47071
88696
79514
27296
16702
61715
87061
42378
2211
39404
17376
59685
31589
66508
72402
62730
51532
27581
64828
55657
51757
40830
53331
40105
89376
99057
3452
41196
7870
65135
87027
144
51836
36955
79287
13810
16159
78579
35605
45998
94043
77762
5136
3201
39564
74931
76650
2255
10704
87968
39186
92449
83647
86089
32266
3302
12359
28897
98707
67706
79401
24033
34935
18884
90890
90016
68019
70521
76759
80890
63199
766
98968
75948
44796
3370
8303
85858
13625
11146
19406
49960
29249
86430
8370
1469
18852
79969
16607
17862
88640
59367
68185
39551
96108
9855
22365
74699
29314
74839
77946
90060
77447
32990
74768
15982
80024
54276
61923
49566
92498
31582
95899
63833
25565
16614
15611
33951
25942
32096
52955
88230
70136
35735
31717
60586
87942
45893
60809
59202
59192
98385
80765
24014
44704
47475
39189
20268
2840
75443
22554
80522
97161
5328
37802
76374
53178
38364
58989
46226
8147
32740
51919
81251
15757
77198
2046
24232
15097
51451
72418
73831
59177
51308
95091
75875
57215
65344
81340
69930
45072
2491
77611
69003
76724
17667
59377
73925
43981
65572
45980
26394
96273
92403
366
95394
5749
82224
84506
14236
37624
292
35419
89791
81546
57898
83985
71887
26583
59946
64569
43691
31956
30080
18055
7395
1253
45948
15811
93991
97544
93410
6941
96859
41570
39921
31534
83335
62275
31457
96461
72362
42552
66693
70954
39342
84910
60049
43850
86870
74334
67253
28064
44917
39705
65318
3973
73016
28369
52670
19859
27779
6849
97818
7075
4506
78938
99714
15489
69653
74891
13061
87913
24599
97229
43042
4513
79544
54536
31875
54419
73501
45029
81764
45349
29065
31570
62386
86678
13038
18731
10222
7127
25884
5195
20848
1027
40890
85486
56264
44701
45522
40834
22208
22277
91077
38826
45534
32470
97376
71374
54886
69951
12647
20259
92315
65148
66478
30578
85862
7184
2279
9544
24879
13825
25717
45306
85576
32304
9119
7090
98602
58420
84096
80186
72758
89938
78139
76420
86270
68219
40203
25683
6204
16738
12121
84106
68800
9144
78535
19823
40807
34854
1225
89788
74214
19526
67635
14082
45926
9919
6285
45722
50122
91099
98308
49513
81196
96454
54106
82062
17093
42469
40445
13964
58283
93457
12021
60559
90676
52111
87127
97661
64249
31469
54199
68058
92822
49563
14554
65079
82414
91491
3529
49369
47596
92326
19361
97666
97348
81653
72616
27134
70647
19625
61818
31435
38837
83487
20257
16869
24509
7987
23043
44110
96000
90072
89653
54711
73348
29842
27566
70286
1989
83824
88822
13668
54581
60105
52221
20056
74659
51730
16136
24037
76954
66425
59910
76742
69568
49953
36416
20610
45183
83866
82255
40279
49249
48284
24136
54855
97588
48480
28690
20441
96365
11579
7384
16942
56712
5400
858
20514
36302
73073
17854
96826
42607
34794
29732
59760
34287
91786
73111
1047
55197
38038
4639
66285
76830
76396
37555
77533
50185
53497
3275
13838
40939
54359
1300
52492
91402
66503
37789
6193
97191
9895
85519
55279
36317
719
313
81372
89350
37230
2152
42203
80348
38652
2486
86787
31612
58172
84826
21166
29703
91921
3997
10016
17603
53785
77581
76050
44959
89257
25130
41018
32787
94663
74717
34393
24485
31806
48969
52832
5384
92706
45369
82112
47135
46560
27801
64077
30112
77249
60577
7886
40403
50363
30988
86403
94489
70740
42727
85075
14922
20628
32773
44754
1911
40453
62222
2731
25710
92618
82744
3440
379
32889
88366
11067
22091
62294
7628
58783
22796
81774
20365
26832
83281
37005
28028
61740
82450
61660
98438
96868
72527
20954
6193
54379
36469
51510
32294
34298
51802
17063
35753
27806
38658
95208
77289
94303
80003
29938
32627
90829
83974
36408
16577
62825
27812
34233
38512
73389
42800
74182
22063
38393
10516
87665
13139
65691
16019
26669
1415
18458
84077
96552
84641
37792
52033
80962
34768
38945
83116
57960
95442
89900
42960
54450
96513
97517
97425
5269
44781
35900
10168
10885
89957
40582
38234
48619
27375
98837
58291
46527
86807
33375
99692
20738
65476
70376
30620
97339
26150
89173
11242
13292
4332
20622
67536
64496
95026
30511
88507
89683
50871
20748
99311
26862
52876
89630
13031
50557
54825
13261
63739
49695
62426
21020
4314
52266
72278
2092
99351
34984
46800
81998
97184
63186
93766
48201
90568
75463
71095
72964
84903
89384
30386
976
57847
99156
21577
17365
2591
15291
96772
32120
92397
94690
44274
96774
62012
1266
75227
15615
96853
90236
39568
96673
65906
73965
73796
97008
36094
45322
60980
93855
22296
88777
68737
51614
88502
93547
2559
17793
65317
43833
40998
30568
25583
78202
44965
91408
82422
52111
4150
27637
78396
53740
69804
15650
95365
12275
63818
96791
88564
9838
4237
73334
82675
34568
88745
29450
82670
72392
29554
31636
79902
86379
55377
15283
61795
88062
8534
58479
70539
38965
68044
81475
31887
29259
30536
93636
46493
13910
16059
5490
65328
35142
37255
57787
4091
82458
50478
92230
90789
63326
10566
77186
60237
92933
91177
4332
82991
12575
63561
21655
2975
59128
88929
53787
70770
67917
85062
76572
381
73387
52380
23446
79445
46662
94245
21986
38741
87123
19988
31816
71325
21858
37952
14561
50327
31675
25300
47335
16694
84564
91139
63547
48599
98700
89977
75091
58218
47111
43500
90334
79081
72167
59985
13141
3846
12707
90219
49312
40804
59078
46879
63106
25628
38471
46755
56259
73728
4321
59380
27736
21307
81774
76551
21776
97399
65221
30679
95197
88089
68620
42141
30301
59143
3708
84094
93989
62313
59120
80606
20937
20845
32137
74290
43274
44100
35842
36083
11132
77451
10986
76079
39955
52804
63875
75801
15850
37506
81686
45344
68111
48132
83153
5822
57134
15928
91903
95879
97369
72737
83874
68257
53905
97267
44911
75954
95827
56475
97989
38741
58306
99580
13932
86823
66892
16244
29350
67742
91964
87613
36597
95928
43484
76431
32201
64049
22341
13506
24579
57359
7397
97074
20972
19800
15467
61499
53035
60259
83217
9764
71303
55788
54503
45816
48921
82016
28536
86095
92620
51864
82267
93899
97268
46435
28473
12670
3753
66492
36533
7081
7422
92379
31133
94528
40770
47623
88204
11305
20851
99497
84281
99363
46553
53820
20383
57026
86406
11072
83754
60441
68488
33581
85819
51537
44585
82469
8984
93589
50595
86818
51123
90992
71331
60207
89109
16014
43001
32019
9511
59456
9209
9768
18333
27835
47377
25289
78528
20320
76807
79369
3190
31157
38447
36929
45775
72466
21958
86945
37551
63385
75310
40360
11635
10204
83846
80495
706
85506
59172
29087
29169
63364
79218
56067
8691
51442
67043
51800
68540
18291
38064
75040
77104
26345
93492
73942
11788
10451
87488
44604
82480
22636
79739
41073
30120
50065
26586
9918
38902
53471
62136
33263
90334
81018
21042
9919
11086
70699
42498
55596
99335
41921
83893
47273
12556
97656
75147
37682
18758
83351
47627
51738
78225
95955
91841
72321
92711
22257
64181
59490
65415
90025
99496
74664
63202
96934
35117
79360
45026
25034
45890
92393
60310
72462
43370
61608
63646
16358
76649
37464
18096
85379
12283
5663
84197
21811
29969
15196
18980
96323
93673
8829
49672
64644
54313
91181
2096
37931
5719
58761
75587
45939
62424
16051
69693
77917
68387
43232
20283
45111
7745
94221
88863
82107
80484
48463
79392
59182
89825
21479
92914
45609
85419
26515
2765
83828
44109
80674
4284
80942
6820
71136
30853
85289
34743
13519
16368
62163
50676
95383
28117
2127
70600
37812
19655
58978
45594
90477
55
49097
72612
78725
9222
2311
39055
74826
62538
31677
98123
82635
10460
14162
20424
40967
2492
16626
79187
82688
20642
94067
61296
40335
67010
4818
50257
68241
88603
52572
49328
89950
94908
62185
50319
52698
25843
28834
47305
4196
24468
66531
40148
54413
70466
6588
68950
30595
221
58769
99393
78635
72136
40194
81453
33612
11605
16516
30672
55304
10352
6446
73564
77830
23429
68400
37621
89226
48142
81886
7565
75463
27453
57002
96799
91371
87171
83727
41860
39832
54811
29002
73653
53714
88501
12099
4829
69972
34082
92810
43546
29181
55004
11761
36841
38981
70756
55627
60698
53899
25598
23087
95733
14331
4887
80541
96329
25586
56976
23748
50889
91337
45633
55969
64155
49375
97083
51382
28009
70782
49190
59074
13237
28012
50185
96418
43946
82288
99591
96580
37389
15390
2790
39363
96498
67425
76652
32740
72811
30948
97538
47500
5723
18270
62010
99932
72393
32919
23661
16170
53712
98299
73597
58557
31411
37786
83481
20612
87214
57882
70847
16884
87080
94970
91739
68221
39844
18819
18030
70407
2166
97581
11178
47022
73971
21387
86393
47223
15905
65972
92254
80590
39245
40751
31347
18110
72284
10394
99825
68396
89465
22775
84751
32976
64909
39636
51905
10640
36077
80949
13665
80379
77197
44832
24811
38815
26258
55301
94915
20712
69894
5704
73297
74998
18660
70157
13068
37753
78674
2654
90453
39276
10095
23515
57690
56203
86242
63551
87867
89298
54866
59467
46217
82611
19668
12978
90282
1235
77983
21569
66874
18659
11068
51240
23403
21974
42488
19752
7725
83491
28507
52923
12232
94137
71923
45467
10854
36217
458
66032
22350
92405
98743
13466
82283
39012
56208
47959
99979
98942
36573
64529
96771
27962
9863
25159
30576
29090
71151
74071
69592
74767
57563
43461
84079
82663
62443
96010
24757
57839
16938
33723
83677
12815
2816
99861
76009
16929
8900
55138
70577
88692
73935
19147
43138
36643
5515
79290
83139
29614
98187
90187
77618
66674
86068
53679
42541
92202
78329
96188
1485
62785
17508
47412
87853
98418
96848
50671
15880
32766
27924
94728
4032
37609
31322
25634
88699
20082
58637
39573
31240
40013
55825
77497
37792
63071
60140
58669
61895
25301
11650
42757
9169
75810
84606
56686
51425
61331
26252
65278
3661
46480
24421
42461
34941
6449
85857
63370
53683
6362
88528
58860
53828
79861
66724
10550
43300
57163
11526
14837
78688
33278
46633
44089
15941
37478
32252
71806
48030
53094
53688
68278
80282
38090
8921
95700
53260
76160
98538
663
5996
82671
4345
57842
40219
79608
51018
80276
30532
84744
61127
25401
33629
47640
12596
26476
91661
94177
89216
30967
30311
13119
68632
67849
82005
2369
66486
59266
64336
8617
54711
83934
37131
48102
21003
75804
55120
63340
71973
47465
58274
55853
64721
78542
99681
63766
47429
81587
48172
90984
66768
93582
44577
64914
28496
30668
76224
25544
51872
43995
40654
50658
8046
4369
53173
40210
34346
22077
52840
52099
22490
85576
31811
17323
64106
28935
29393
89742
37377
82432
98280
25551
60367
96375
78128
71090
71235
2612
27553
78291
72345
77714
29129
86749
27664
24134
51660
7976
15642
24746
62374
47858
37644
56613
33868
24569
64085
86521
86545
274
30892
93321
84068
68361
88770
2789
64727
68853
63286
66132
94490
59927
55943
28956
80934
4143
3492
12752
91541
76763
98047
96407
48718
65101
26049
61877
69632
13448
2295
32312
80676
86583
45129
13729
25828
13194
14251
62381
91930
47918
35341
45312
58257
73351
25613
95917
55112
88428
69229
92099
1813
74144
638
77047
48838
63176
12795
23882
14850
61230
22867
57784
4174
62321
32062
97916
42220
75719
2128
49059
64670
74320
82380
9228
60200
85784
77040
53432
61076
98856
48942
26163
34190
47721
7930
14111
83855
75319
52159
43162
28952
84126
95757
98604
70356
63572
2637
77647
52672
54995
45045
42010
3399
7600
91798
92172
58789
54845
89394
18034
74893
57719
59660
1173
50694
96653
39800
68739
27664
38446
82705
55416
91364
23917
39913
90056
5050
8660
77851
42412
73028
79586
91964
85479
33080
65763
62832
81364
62475
69354
63673
21966
94456
50317
46379
52379
93631
58685
76891
75542
53643
86913
21333
28952
48140
85614
75756
2338
55523
15557
12332
90057
22364
96457
58283
40286
57685
28891
74206
99513
62013
93844
90185
52449
17496
60990
64270
30267
19423
45487
39943
44909
84964
61507
83374
9646
67315
15158
95961
46604
69268
95451
15907
18553
92236
62715
58885
83378
72707
94317
43076
9581
24193
91310
59972
18143
94962
97726
22235
95176
67657
791
28384
86140
26784
69834
86913
9966
39165
28152
67444
93594
92016
7689
9317
2640
78040
96493
71375
62648
32358
3149
79366
12518
52314
51565
41872
64508
68873
3776
57300
55126
75744
72232
94602
73110
81890
58152
56114
29164
48717
80520
51649
13954
82779
19813
98038
15394
52677
81618
22251
85316
87489
51055
2471
16247
89836
79588
65136
32715
56610
61626
4958
11929
28810
56950
26538
47120
66479
85555
88645
62813
78697
53723
88741
82070
99067
81793
29306
81827
38805
13182
19615
94281
76313
4999
14988
99508
58074
40423
73353
83809
68737
80190
65756
17797
24362
26294
16899
62270
43979
60541
71166
14580
84724
67428
51043
48778
35601
3475
32661
61063
37869
96902
94350
61692
73265
84104
93529
12370
53418
13131
29213
66417
4073
41666
53364
93071
68419
93467
58938
84371
38873
28987
62688
30053
946
4855
91199
95828
60260
64461
47466
11491
43249
25854
413
68593
19598
1192
51026
71587
29535
35875
59762
33360
47486
98904
51464
16074
71963
91097
92369
66980
55997
26401
22224
98212
16039
83817
79710
10150
9174
94500
60990
33546
91942
23576
60079
54619
14003
15610
97882
10877
88157
27364
36139
34514
28581
48789
90493
96105
11541
91749
26798
30020
59708
28739
38898
74949
97879
58670
35299
72596
60811
66188
39125
97359
33070
48202
2888
70127
3205
95793
27447
24147
5800
79297
8269
60459
97570
90733
13079
31138
24789
58482
68116
15529
76762
67509
8234
25180
6822
96889
10066
64596
40
43705
16723
44264
20462
34024
27532
10944
79752
96898
33035
79992
99876
94351
59579
25902
63928
75636
59322
66888
51871
16341
2280
95045
77306
98155
58075
87006
53880
72094
87600
42104
97648
45759
76796
60585
71115
90309
12160
61220
81663
28034
47387
81987
34517
13408
14777
73072
17644
41854
9961
91536
28183
41313
65709
23308
92161
27065
71626
3517
67633
33585
99391
60180
79848
46322
27699
23396
13127
2965
13031
82413
64686
36451
15562
31045
47551
35499
53195
65828
31489
23390
63849
97228
8513
19275
9543
74419
28338
77394
27419
11247
4149
74087
88805
28381
93108
69446
65405
51278
17768
13581
78885
77679
94650
95802
57566
33587
64358
94273
56950
49023
43996
12394
40606
9938
24224
55110
79450
93486
37202
31756
36402
27079
14696
88468
44294
22439
62743
43886
51998
28924
70064
50368
84478
35103
77830
96891
11577
46370
71246
10841
64669
86005
74400
12117
66636
87988
37306
51814
42123
94257
78980
93593
79603
95577
60238
34443
60036
88390
28597
17216
13849
16609
74468
85538
49015
29969
60471
77082
85152
83461
55579
3140
27332
45017
1938
58642
22807
5288
63923
72480
94621
74127
41805
45551
22785
65594
30891
66016
4197
88525
7187
9614
35892
22833
48105
60936
22803
7769
37393
30186
72566
92591
72722
89912
86032
27264
77109
16727
71714
50401
60237
92391
51220
93373
71568
8288
70049
27292
44867
67015
94476
39793
16469
14574
12049
72512
32738
41990
42455
73418
73143
77025
92705
60950
30677
31080
84547
96702
62702
28054
97554
14099
92205
62927
96756
686
43730
12641
92535
13045
19675
44789
97630
10374
6942
71986
8117
72930
45266
70735
21605
95801
37902
65522
45923
6702
66953
48265
56675
33254
57729
35492
62059
58163
36823
83821
70306
94007
74871
55878
77831
24152
8341
3870
5469
8703
59155
84367
78916
62668
61407
83639
57347
18521
70393
27696
73217
32649
61362
83598
93652
71405
69360
39637
1968
38067
50991
5461
97121
93068
43490
4003
5428
5080
73302
30741
32943
63377
2007
60185
65185
87216
7083
59314
8660
2335
37309
4561
52607
67516
55509
16652
90104
80455
80354
33245
77159
41513
19001
54010
14421
10753
37975
30988
77475
94476
5186
25870
27287
81039
30158
33028
46642
24868
81116
47381
23261
92031
56221
24135
46881
34780
10100
90742
2805
26375
35545
18896
96786
97192
4121
21168
163
90889
75451
83925
40984
89093
17630
95902
97370
58670
27774
20452
89241
6587
69269
96404
85504
62157
29470
83847
21258
90876
85300
64640
69710
62754
54649
69954
41366
32100
44212
9451
61070
10265
16977
68753
65335
2744
68748
44056
5051
43042
40424
46093
83195
71689
24186
77441
80004
89084
43427
33221
30656
27440
91610
2591
92744
68748
64135
56519
32055
84625
67788
93056
21754
59652
53631
14742
11236
85338
24050
20688
94974
9983
18739
34162
40603
64674
36686
24915
25354
85568
74961
44597
58629
91980
63784
60806
31814
63288
89991
34802
30456
13347
19526
99651
7691
62015
54342
41302
5922
6109
46002
4763
35431
58104
61153
16265
18431
49626
52823
87547
41815
27055
1643
87915
44157
19748
88932
8490
27980
88315
2268
99609
49151
12559
26342
7751
96582
82302
19212
50727
58870
47895
26929
94540
28475
87745
46646
10596
52041
71430
86072
65807
54512
7771
99030
4219
74574
71469
59536
81822
37854
29897
36875
32942
78286
41735
71025
50560
96270
41716
94581
61627
83748
94523
81268
31064
285
63568
48343
29817
43006
79833
26229
24835
81528
4921
25333
54297
86458
64025
42290
56118
80801
77557
52791
17607
88298
76193
4553
82562
56455
58166
26276
15463
44528
67613
79261
14514
95377
76823
35207
63194
79490
327
37778
10217
90228
39964
78701
66040
45254
21470
10220
96231
64663
88788
66533
61398
66934
38992
18804
70818
43446
72952
7326
40127
24189
85426
41906
67823
98236
91275
74731
36476
41720
55300
44275
6552
87527
31641
89058
69518
34742
6415
5092
63492
40647
22586
22040
4528
81464
88616
90644
32660
12222
70925
65734
21207
19473
58540
93686
60450
93376
23391
72775
44147
5446
60932
98428
98849
98516
60548
791
18189
61710
18912
46748
66306
2130
96410
70517
37641
7890
36957
2767
12555
25187
54186
28481
95715
70798
38401
60204
64959
69188
38888
12510
77651
83310
59899
40081
9434
57026
94640
73648
14187
46577
24773
40026
30804
30878
79465
3935
68469
52649
88484
1319
90907
72009
92899
25586
55383
38361
51748
56314
20923
43849
83546
83348
11536
62325
78877
23542
4983
6546
75346
7186
66906
85829
22451
43073
4462
19886
9402
63899
50024
24961
78895
32162
99321
97781
76811
72286
70535
80693
75337
51843
82569
18677
30376
56143
81790
46558
72799
63631
29995
76618
97310
81537
75791
14860
51932
2420
41413
59974
92515
4172
8374
85310
16724
30274
98616
34154
80375
89384
90822
8328
74532
95114
41053
69898
28359
50256
89393
12271
10260
87552
57578
69581
83335
76448
93598
24394
42198
65817
37068
37610
12885
28567
95474
26339
57126
53197
30604
57036
93979
50773
50186
43700
53257
32309
30476
16911
81995
46909
16189
51914
62032
69005
1257
24672
34722
2868
32091
62853
88116
27219
50104
94591
94215
49791
29010
64469
64153
85862
34506
29024
52426
21961
81381
7102
524
15431
57577
63557
68903
27098
27605
46932
79783
20954
80571
74245
78691
12800
80922
57695
11178
82246
796
17192
32235
7305
20808
96632
54273
5808
51589
68393
62233
42119
85677
70506
77250
75300
98825
32242
19056
88490
58767
45777
30733
3340
9332
77346
5661
56297
19887
24605
35212
19573
93196
70826
48982
4249
43210
2320
75538
17905
96338
2827
93468
77011
95764
92155
72606
95727
88479
87417
17594
37842
34621
72613
36982
20261
57801
96346
40101
67666
9774
24579
29582
35366
46365
76744
84955
21618
18602
76160
6369
34988
13956
67946
70406
35570
73711
84439
96884
23790
90400
2846
83736
46037
24404
39347
36183
19530
35629
50930
81103
64224
27530
30869
32773
18236
386
41797
78544
35160
45021
38510
37152
28004
38991
54091
92140
6408
73202
27936
27544
13988
93535
83654
73279
27704
97416
53760
1603
61567
16021
80557
43822
21430
29081
74647
61699
75483
29552
22696
1574
91281
28568
78460
36869
87487
73000
67089
4834
41624
2225
69690
10014
88373
42096
48500
77315
18046
78541
2032
77870
8905
98900
35215
90775
33529
40109
82284
99518
44327
13978
30738
29300
87550
2829
7566
55363
38176
14275
71872
67451
9606
48160
34955
93434
34341
54824
68428
73463
88716
72375
23591
79884
85034
62463
23708
76573
63148
60028
11481
54697
11716
71221
71049
2988
10341
6065
78698
59694
32267
55666
11708
87372
11480
88851
88566
37505
152
48122
98546
42512
30086
54394
76712
23761
53863
55625
43065
33462
58164
55544
26178
29400
4662
42548
36752
41411
44362
25271
64658
71546
61220
83532
15946
49481
52079
64190
9790
72517
44466
79099
48139
53922
70671
79786
217
84465
17573
44262
94409
55827
12245
56726
21258
44671
1729
57451
90476
79532
24848
83541
54764
89660
31727
32194
95949
98789
56337
19220
85992
65084
67255
57886
78202
82144
97547
59323
45788
40193
2374
83883
80
89035
39826
71594
36983
23987
84233
87407
97023
72444
74236
45246
60250
96966
42000
50218
47786
98293
72898
73163
32344
31385
96619
52823
72003
77343
46623
20192
40982
74259
80912
76907
90866
2768
60175
54152
72267
66310
10482
92339
30799
75559
34321
29925
52096
36398
71275
76919
44995
74956
57733
92661
66833
61776
53202
57371
96587
81395
26607
66575
55562
61853
46085
74618
23412
68695
32369
60132
36747
63054
91360
56331
48863
75584
82900
60352
58628
53159
87876
96094
67038
91871
61343
25543
76729
74678
56049
37309
73781
32879
98366
59770
33118
34418
90699
29133
38809
37108
97468
68754
3579
68062
76376
19820
89684
28572
11304
2945
32008
72965
37791
98098
21598
55714
12308
20566
91282
63581
7946
90610
23909
84648
18800
96183
75060
94310
52996
24632
16774
87066
71603
79622
66430
97034
6460
29961
68337
99695
70066
93309
70737
48636
17216
39272
51624
3209
55366
76852
94945
42523
51138
49229
767
24849
58346
55800
22609
7085
55446
25901
54653
24574
13563
55507
31801
96326
60881
54775
1178
77388
10070
3177
94691
6177
74667
89587
17983
71943
83964
61078
44937
31842
71709
50178
70376
61471
48400
15826
76697
9468
3748
86018
7428
70611
43287
58511
97297
57542
19963
84649
8723
56520
6295
74231
12642
44742
82596
79527
52391
48305
78264
19760
51344
27944
43520
44742
77219
12230
36965
83865
30319
29541
50161
75115
52542
97198
67563
83052
48871
1503
72863
95732
11521
26743
95289
64412
54897
85153
20335
2489
18660
36250
23166
44822
74136
96992
31501
75084
72500
23386
74222
96257
22457
57214
82467
987
1264
20611
56637
63999
62274
8004
73855
84331
77190
64460
46177
57324
309
23236
93840
47228
25978
35895
44371
83323
15430
32479
5577
43721
28000
57422
88078
86910
39033
57722
75357
47014
16636
58981
78958
32573
70628
14952
27328
79554
73033
80924
92562
67771
86642
97125
17708
38661
68750
6460
93627
469
65150
24151
81241
64848
81130
48023
7882
53988
84500
19053
54882
58529
43369
63401
19557
45496
23635
14241
72231
94254
51563
90299
32562
12284
46124
93976
32101
90471
85763
91868
2969
54071
5443
39870
99679
22998
49238
89320
61765
46150
84109
44299
70616
57183
64440
80707
89252
98405
58193
64162
76982
70562
79986
99260
91618
57541
75303
68751
98304
15126
11326
48940
35313
71348
88635
49638
21984
17326
71336
55958
52964
64890
73162
10633
84642
5653
65870
38823
19375
94264
13474
18688
50195
14675
47873
212
84264
1064
30086
71615
82018
82183
11138
50816
54985
69890
37448
31749
28321
45932
22853
77557
78955
70067
49645
54969
99076
4118
13744
98376
78155
77796
75660
5997
47392
73396
55260
71575
22312
62523
38734
85501
47981
97517
13907
78508
80130
50131
2415
37454
80228
72037
55920
42105
29564
32356
50331
77201
85954
45878
39393
75930
58139
45055
61457
3743
75299
36409
60712
45208
23877
25552
89091
23228
71270
32733
7573
71331
53186
81052
78036
3157
6127
33964
63629
4693
58718
90786
68248
88356
70112
95946
18598
82547
34340
47932
36950
50985
8478
96663
42504
82796
16004
20988
68361
34800
49234
57258
14925
30873
74989
4561
72346
6671
31716
53333
53472
59773
71635
91777
64679
39846
65378
74053
95426
37733
75178
28526
24287
22270
72727
1
39904
52071
74600
29812
77123
72365
93619
71560
21245
69380
60710
53222
69830
85454
51817
36117
8270
64039
67423
29494
22542
83179
31052
95228
45368
27653
11568
11979
72624
22037
69744
23980
69204
79292
88790
92906
94007
1831
6991
12236
24747
58838
39314
19375
98684
31624
96161
71903
27354
28485
78887
87827
90511
28999
81698
33026
54191
56966
38682
96453
38924
4671
88687
42155
23625
34272
13521
56883
65543
86610
22984
68905
93755
59075
44020
3008
7776
3664
2031
75080
37001
8268
71503
65452
72303
30927
15336
20204
34184
63165
75853
68882
65721
53265
58999
86738
29730
91654
46590
94019
15863
85315
47204
60404
46672
97505
11697
29261
13366
76538
68281
60707
95581
27151
86778
53463
21169
58037
13186
92172
5193
22654
44685
66916
63065
31200
71883
13078
22307
8388
93920
41901
77805
72525
12901
57376
51278
60578
22317
59145
6465
75802
45122
93125
4444
87171
44781
77831
81435
90255
92404
82361
98581
2972
3421
68528
94992
41470
59409
93322
73873
93803
59260
49895
94795
4323
19057
94977
36121
2298
171
71786
13607
2948
88941
1953
44329
41820
60235
45392
49711
65904
93890
11300
91377
6764
34114
24042
50052
11681
27788
32035
9935
63186
54838
10724
46039
25147
1483
97388
82869
82687
2319
23522
18250
10156
91264
5419
86697
39981
14009
72901
85042
74188
24976
11267
63359
80130
35103
37830
30807
1244
30048
76404
80769
33003
5617
69943
91538
37641
84438
45269
81703
39651
87038
60295
84654
48039
83422
2968
28703
17035
7354
15836
4136
63351
37186
10058
17029
76241
82649
37720
98479
85187
60176
46513
33419
66923
3441
82166
89475
60991
85400
5966
55090
23514
18555
74187
58745
30088
907
38715
3087
73066
38835
84039
9173
75526
26172
84908
22406
3470
99763
79603
83726
92875
84770
13039
23858
63494
58555
12467
49773
70514
45620
35597
71643
48602
53675
45955
7917
55651
90731
99592
46301
63645
45767
87931
18940
68331
81187
24605
22823
43244
75954
72461
87160
74278
32633
11361
45721
61903
82771
22915
29203
9367
33966
80358
99428
58421
28210
899
34063
64076
94818
40948
23310
28665
17403
40749
12418
43036
42265
12690
67435
36065
94169
89528
44115
19274
54585
82972
52036
3866
53660
98618
77146
79617
92905
66060
98419
56959
10835
97887
76483
80087
27348
73875
28868
1042
41810
3919
12171
77708
5059
51550
51894
4543
25005
48938
64673
8266
86502
24371
89752
48189
77690
93484
73830
23684
4939
19603
85099
35341
74995
99019
73549
26808
24357
30936
94534
69819
8145
59542
63835
32335
35270
23957
71276
10010
97297
29557
37959
44761
6468
45019
29143
43338
32498
84685
68282
68788
23191
13264
52561
52019
32565
90683
77776
26244
58361
13751
23093
72201
4251
91413
693
77177
47076
46444
99410
15335
83146
76430
26153
53870
75031
47239
89671
67158
9992
61297
59708
94469
49489
88086
97352
37253
42174
16067
98833
36589
90644
31556
59543
7279
58965
56674
10015
42142
89282
9175
42091
28474
75676
53994
8298
50170
84035
2603
58828
24596
3999
54348
29518
12171
64029
20217
18164
71254
42801
60950
49012
93353
86682
74452
25967
45987
45155
53424
82587
54803
80997
42248
4123
86823
85002
74427
79248
47602
41388
97436
43912
28921
636
70225
96661
86139
69823
80814
3033
17435
60147
34602
65693
52715
71119
10331
58369
44503
72744
11667
94830
70507
20431
66614
13895
89601
39512
73782
31101
44395
31702
91149
63969
26489
27682
63606
92789
66376
34011
38889
73916
47559
42055
34769
54512
40583
96823
80012
56466
23071
82728
27390
61531
85465
43238
73298
74353
52797
7243
95950
77206
15415
94629
12882
74651
70407
57622
13741
29905
93734
82325
43260
52480
22000
64818
60608
74928
2002
33366
89019
86373
28144
92808
5511
84680
78419
72204
36306
26239
30382
22567
8057
85695
77676
28126
18144
86072
19512
18747
91212
82191
20841
39473
27325
48681
92711
19479
42412
97442
90846
38768
91900
30846
12766
29548
47840
40215
86220
98247
86537
52181
7146
82031
7338
10299
65149
11299
1994
28062
6368
12758
44389
13137
52325
35251
13056
37851
32387
32539
50087
70506
8929
17961
75077
39585
67581
61207
11550
79117
71513
85466
53964
7509
25090
63751
57557
47056
93087
52185
23173
41104
59507
71243
92717
35100
35470
78591
1336
46107
66198
54081
38566
22604
19981
78982
1415
45331
31712
84398
32789
99118
93516
25736
70830
81253
30509
81365
53389
49920
31652
87812
15588
16562
82116
84061
39704
28627
2873
28153
14361
36844
80661
13006
37373
77803
62104
94121
64024
63671
10876
78708
71737
45213
19963
68311
59460
94536
38269
77882
96103
30768
50817
74601
45340
44361
83079
4976
92730
61500
32824
79909
6136
25682
51443
35910
58880
37293
51445
91511
42027
58641
87940
29614
53630
49983
42136
11530
79201
98339
18663
39645
95320
78051
60107
32938
6048
44536
29874
39881
53511
83897
94401
4104
41384
61906
66534
4140
3554
92628
2585
51669
94485
41094
24365
88543
14872
86361
82009
40612
10809
25017
81342
13695
69490
94431
52309
65740
41476
38947
8535
32396
80787
74223
10279
30020
77150
20111
66463
39908
14713
54020
38262
18117
56297
65560
5035
15692
96059
91020
593
42027
16321
57422
67351
47143
68682
56838
42035
45652
57405
90510
65226
99356
56370
59170
6142
80126
94573
62125
63541
95987
13912
26691
50402
63916
8731
47309
41266
61880
91035
34815
277
63938
83532
82598
89190
64534
47028
24445
73657
78116
77150
47998
9601
78141
43544
4565
74043
21211
18889
72656
96378
74461
73266
87795
66831
52143
15456
55881
15317
98568
6379
49365
93783
20525
33391
63077
9791
63443
93956
52712
58683
82145
2684
92950
67053
23892
45048
76686
9776
79357
71367
65213
45187
1893
60860
23994
34707
72400
84139
81647
66729
37855
13409
13265
67116
58736
75517
96528
36821
35488
76718
10058
66158
30608
53994
43098
72645
87749
4360
25295
60435
4617
58522
47287
98723
13424
12395
57018
78817
38581
28145
95202
56641
49698
76015
79992
27369
19854
10282
70986
25084
36385
78182
78600
7908
75507
95804
56015
15803
59443
24794
73629
66102
52356
95159
53922
32943
95169
75921
95287
25645
91584
51909
47081
19218
36405
20074
83662
77217
10669
48203
12216
74122
30491
45919
41159
78707
98192
26183
89272
61284
7267
30019
59035
93487
28752
15633
91491
75899
68252
77155
55287
428
83415
20060
9349
60240
69754
96935
66358
54152
73232
90355
10301
68497
39089
51023
41640
22094
44554
70750
28121
17140
51576
44279
31503
61809
52978
31516
82557
80570
98439
14485
10876
75504
33533
35753
39292
26446
21880
88472
85205
69362
62331
91511
83645
98821
92105
94696
40498
69353
54340
69590
71574
50014
82839
61194
90267
31697
34479
13965
20948
71361
96451
5371
77771
40719
30101
82624
56049
54753
38641
4338
91952
56627
86962
20778
95164
5340
16260
55392
47336
4152
55332
71650
65876
45559
64163
68752
72644
31617
83273
57079
78860
96644
11191
44201
60552
8764
72677
28790
19208
24925
57706
6313
57705
4512
45049
21312
51166
69544
14088
34665
34125
83984
69869
21846
30966
46995
80257
44637
33774
51095
35366
11247
73226
36726
80933
46131
51191
93515
25199
27166
53062
26710
54662
90256
35588
2347
54868
47406
54312
64829
61145
27224
87206
36323
20834
70119
36224
60805
1684
40453
80476
69573
27529
68552
51409
54348
8241
53324
