47472
31433
64158
97286
92425
28204
22449
36807
5183
63303
594
19894
63384
80484
73589
17517
13444
65080
55895
88700
17703
97157
69913
92578
21726
95808
9884
3736
67728
79213
79382
95527
38387
66758
69071
40922
4151
49338
69467
23662
5619
8115
84531
12805
53322
48752
21778
6170
7449
45424
93801
74831
88960
33616
45983
66755
41547
95020
38377
75935
91036
29250
45218
48623
10295
81812
60391
87822
93194
19851
98961
72058
96662
43289
22896
84806
85566
6135
47553
52206
33003
64333
75276
61029
23929
98928
39132
70731
78754
62181
91547
1947
70309
39812
52554
19168
61459
68599
19674
70343
59446
95490
81994
73423
19134
73629
95677
2365
2728
76509
94007
26572
94957
3313
36948
78946
90021
2727
39941
97246
3383
67438
69320
69582
32062
19671
15874
79868
21401
50133
30716
23592
34575
62851
45688
81937
2556
90244
5998
2509
65821
24774
78375
89177
47476
94816
64789
95946
53209
35642
68461
67105
33341
77068
3426
93884
17947
69599
47103
68106
91486
20943
5537
93143
64873
96626
17615
16773
5095
72498
46198
47707
88656
53718
64165
2551
24980
21695
68514
40480
62855
14
84136
57783
13417
75811
46078
87275
51601
75776
51092
45579
29045
59179
49884
60694
13720
30067
25699
38062
74321
47946
70027
30379
85492
29425
4454
60364
89440
32113
84657
12553
92484
88261
52971
65988
69678
70934
15536
70365
6002
6430
6582
61957
64051
77901
81155
62218
14161
78602
11817
62321
37935
43281
7104
39937
62431
80827
56030
85180
44653
26203
52021
43113
3461
36261
17545
91276
26370
56329
93228
96088
52788
96925
10936
89499
59340
2680
53129
20279
6503
74779
35508
49712
58709
13386
83496
15937
89349
27800
62816
20937
99567
43713
15809
73123
95421
91664
95350
15252
96310
92929
41286
16382
91945
72673
43055
10737
68787
82737
18657
23552
44270
56362
91385
96177
70326
92218
66328
78222
97336
97868
62976
14809
35065
86918
55083
30621
32448
57228
43495
40191
53921
79970
87986
29491
69127
64270
91950
9835
6333
99452
31873
53226
50586
14811
299
68471
97575
52612
98149
10477
40333
91579
77875
8239
17920
11823
55237
27449
54114
49083
784
5010
98101
77167
51843
16989
18625
89384
3497
67950
63902
90171
2811
69177
28447
49746
30559
38407
55547
9933
22625
53474
51449
67306
95788
17360
83607
74751
54756
53980
94967
79075
67235
77007
28551
68684
82671
14238
14091
94164
72725
13213
56521
18453
58852
30449
17649
81907
9256
14723
98599
65465
83649
86321
92399
58363
84639
57182
883
41562
35100
9866
58068
53927
73559
4604
13834
92479
57640
1403
10330
46932
92645
87292
30803
10540
11408
75510
25733
88450
47290
21329
15615
57163
97529
50109
68707
78739
34081
53279
7112
6982
68514
18310
62379
78346
39005
11260
56532
47913
79844
48024
56352
7757
44845
55888
69808
56516
76595
331
87341
80387
38154
40469
25975
6759
84125
92268
1545
6422
92005
50071
5226
58308
10855
7190
9618
46034
37419
84980
64598
48625
62677
74361
88819
97475
81218
32028
95859
41218
84801
32726
64895
53307
35819
4145
89122
3154
52832
87904
83573
75465
32288
53768
49676
80059
34114
22748
92252
49090
66133
27238
23591
71896
65776
897
76614
60827
65688
8708
47729
7114
95182
86265
94030
29292
91922
13995
29300
63920
80216
63613
7771
63886
82373
6520
44963
25004
3942
64861
6493
57085
8589
44664
71321
22469
55146
67445
94861
65527
3298
8109
10494
34367
31758
43160
35758
55771
86514
44006
90243
71460
78968
16521
12976
1003
47496
78858
31266
71422
64167
32860
20905
18313
46986
16494
24321
36249
76469
2041
51964
6141
16724
38265
19757
12613
91732
85913
9876
11916
85407
73575
92449
50802
20147
84838
87943
8962
98526
42403
894
81331
99032
13055
82708
59625
56061
24906
92274
22363
87206
63217
78791
82255
57314
99022
65715
70178
57174
72382
82258
88324
76622
1521
49347
54751
19710
13658
21043
14648
52666
95461
34539
63183
86063
9512
97939
79521
92188
91954
58721
24973
71056
64769
38178
12275
30849
46384
38884
56631
48102
43276
33406
59781
78706
88552
4284
92559
72654
6855
63210
22834
36017
50646
35645
68247
61246
98300
49305
86997
83739
28425
49730
72499
7433
72012
29282
21515
43365
22497
28499
1034
26106
24007
17354
78484
99232
19056
60993
65957
53333
55985
18272
65362
38998
9977
15399
38606
38363
43231
4249
82697
49452
25780
36136
99442
25188
66071
77658
2397
74272
44039
26101
9055
92196
8019
30764
27638
14219
3917
16646
46822
99880
4350
93703
44286
4574
85651
95965
92633
42520
67764
9769
56897
16198
74485
74696
2765
96884
28710
73022
75979
73321
90821
16382
31993
49657
50836
8855
13741
95847
53604
53790
13141
59131
75472
33492
49145
72860
39111
13397
78428
50666
55713
28381
58721
33914
58130
80918
89129
95311
62493
58146
82203
82961
49024
89569
43869
44781
47469
47872
51967
95689
75928
22302
28503
3074
32972
42236
902
78660
2265
2305
44602
56997
24456
77191
429
4414
43119
91749
56682
45255
13247
96250
84047
910
93018
24723
39470
74484
35011
52505
71982
76228
11374
60090
59759
38513
88502
56754
22859
54443
66061
2230
82807
49117
59662
42716
51177
43846
74958
27242
18643
19281
78801
44250
2285
86356
1689
78215
91409
35330
64122
11736
67808
32493
9448
54757
7394
70012
93906
61770
70923
84356
65672
58343
69368
27334
38871
29617
94777
87941
55669
7481
74025
45122
21911
84375
80504
71766
96993
75827
60842
43211
42869
15983
70007
92791
57068
11316
23123
57942
94019
2168
21673
16515
36813
11145
44065
12691
2118
70713
66241
83759
42247
84837
42159
40716
65685
12580
78836
85640
2548
26376
48955
7010
51354
68084
9081
60502
68094
75323
23847
11573
34766
86480
5323
40797
48544
82384
91797
3802
60480
3624
48549
91512
77193
675
7881
58980
46031
52628
50788
46270
38936
6269
54955
25757
63275
70170
52137
85919
23008
429
92834
11851
60823
25319
80116
59494
25445
99023
41273
34990
66121
90450
13609
54646
41981
22791
46877
49534
95656
25085
30542
51981
22672
49220
7516
90702
34509
55317
32650
11846
69752
47455
93607
18286
21410
40911
33384
56176
64513
44251
99280
68770
22149
40555
27217
12698
38825
54468
63564
22605
85093
11155
70645
7785
18241
55954
49906
56171
2403
58618
82434
32893
41993
84485
38362
72816
16594
11582
7690
57426
21303
17608
89407
73291
55864
90855
12674
84314
64560
95343
25501
82727
62570
20488
6525
30277
30285
27322
86002
2758
33843
2203
78708
26650
54904
98354
50848
87782
64301
56519
6464
43709
9035
69321
6217
30334
60741
21915
96638
93033
63767
4700
92081
52031
16315
19249
20458
92725
61434
80914
10784
69300
49439
19694
73252
35025
67431
23515
69309
79940
11605
35358
86349
34887
68834
27411
92115
17581
21937
730
9866
77692
21185
67518
7055
6728
70299
80387
50592
11918
77579
94859
1727
42602
49324
60005
69365
15573
7612
35124
92948
90462
32143
24535
65525
43107
83743
49946
95072
17677
10528
57432
73962
47494
658
95658
87225
90616
67824
10513
99427
58851
91621
540
80212
97690
78590
97878
68333
92058
46138
23024
17514
81800
33214
22918
69692
98438
47526
19121
16341
83314
73846
5033
43011
54396
92558
31796
38483
58113
6780
80751
69111
96712
69131
16951
30050
15961
14457
91061
76271
11477
82022
15492
48994
22422
18184
68800
24838
11075
11836
60493
73622
176
67510
94977
45687
61104
22202
72143
37218
41496
11812
70673
14432
6226
85185
3153
55213
84666
72960
25972
15071
80185
12995
65635
39136
64763
91279
69816
22263
4399
69923
71329
52326
4027
45190
13844
33196
8153
50393
75568
88105
18737
7211
63371
20738
74772
5003
85085
63867
25235
55608
60968
44673
92026
81525
5795
66378
11053
64856
75041
46739
84605
87905
57763
39593
26470
8296
34103
60388
92936
67663
75146
63629
36353
12247
88209
19681
3683
32110
464
51341
86583
84741
25382
22137
51917
40160
95413
54945
5055
94599
80145
11518
32129
52442
30117
13700
14983
48001
87772
58244
67956
98880
23282
3634
98265
86282
31064
26113
30258
11117
1694
66026
16313
22251
99808
37451
89542
43433
24336
21132
28036
86367
38236
19996
13296
35152
56091
81627
81616
78004
61433
4945
47246
50609
26684
63899
62512
61737
24947
63750
35254
34508
91322
37715
13263
909
48396
38971
72279
89907
89446
10572
22545
43558
56596
54354
44573
22505
8602
6609
89495
63399
65089
35469
50252
52485
62076
90157
34777
94135
93654
48468
46850
20399
19289
72527
27115
2577
87101
99117
20823
27266
10380
95400
85818
2462
48174
56258
13533
29736
85942
16554
53518
34620
71432
71806
70241
57697
16357
59371
6248
85530
6613
38351
66570
8763
92591
93920
53827
79833
53000
38885
93207
54714
69525
25922
23700
46508
83423
50897
85123
80241
8355
69739
46154
70456
45314
4263
12866
53831
91148
60921
880
39476
54052
96092
4259
63219
48624
33930
27177
79210
5791
25319
55181
90304
42039
29598
41489
70132
82426
12131
44516
99817
25300
66776
15552
78719
27268
11627
95746
67421
78948
63292
3463
71146
51607
65309
85952
42236
75535
3218
42610
89607
36023
91319
66156
68279
64611
46305
13542
23417
74675
72861
63634
31091
93470
87156
26978
29620
58176
32432
79830
76966
7458
38904
13439
20064
47011
77463
74581
57656
74240
27675
8018
55830
50789
85018
4329
17699
45200
59950
36966
90016
64542
43809
51428
59027
85620
39364
49285
72349
23404
24121
49201
88839
88218
19728
26702
97850
72570
21742
27095
53581
40409
33034
77757
21081
35324
68530
23735
38377
46096
33674
15015
62189
97103
22804
95115
56622
70155
68267
13757
18812
21723
58857
88071
85186
29632
65769
97862
5883
67026
45543
95226
72574
86220
24963
29959
34581
24784
15460
81291
39852
38776
59641
59164
49124
47898
52731
34237
61799
68695
27022
3517
61526
20993
3462
4333
54845
9031
46086
59420
22568
94142
85220
84689
91280
78317
88233
27075
51662
51925
76020
83192
81456
33979
43230
20888
31433
62100
97016
27566
54370
37228
53424
13435
75022
87698
7059
54070
43420
90884
30796
23300
42277
47026
43787
56144
61606
70257
44896
70663
68167
88607
53479
81170
4345
99918
36414
72945
50815
17616
67568
50929
47843
41597
30902
7882
2346
3235
36372
76151
20961
18506
64799
73874
69430
96354
66174
48107
3076
51148
49774
88453
30982
44963
19295
55406
99212
39365
89180
22233
27659
88545
19304
38842
66831
5631
52067
16285
23180
39590
69677
78723
85170
72046
1537
41466
76831
79043
43202
96343
84398
34066
12244
64723
80973
98867
70401
49183
67852
85683
15548
23110
32049
14333
46178
91646
37417
69957
1500
8297
8953
1649
89345
86734
65842
30788
36729
16400
73859
43400
96764
22376
74440
80790
18872
72131
55713
79301
41522
4666
69469
45166
79524
53098
97173
71160
45700
22672
30421
74404
39205
57699
41333
30775
14806
39469
32134
36319
63753
80007
53383
69316
62895
2128
64183
35501
69758
77674
77445
140
45172
52306
9892
89127
77397
58234
53434
79844
66704
41988
50328
18384
86945
20509
70531
42316
50447
67347
15536
27316
34677
41589
13935
81421
3230
54630
74430
21835
13833
51997
29759
95004
81165
99484
48228
25013
23637
91626
57798
1526
58316
27343
95348
42972
19028
16300
49577
73444
26768
18741
53910
87767
75650
6796
29791
47958
97999
43547
85442
52675
12350
1870
72337
37129
8383
23722
66561
2794
16776
90830
23707
53507
87707
15333
44911
58269
66659
91012
42985
81267
38237
31462
18524
23419
53204
55746
78074
94643
52932
64197
52326
5194
56032
38738
11712
45832
2416
32435
36959
98490
76178
97498
62590
43678
42688
32600
34637
10695
30514
17561
15176
2222
88858
72506
11204
96949
49646
65129
48357
67769
67587
47160
42350
53908
6644
55965
40912
72331
8162
9000
86115
83931
89621
13953
97010
27003
48385
57950
76976
10030
39588
27007
22217
27143
87275
36934
44500
24057
54773
27478
56452
95930
70415
59943
90718
89108
43166
23906
53349
61480
61947
43615
40944
73631
68248
22169
14333
80590
7105
64747
36638
14629
1918
75626
66962
55860
49588
542
24655
83002
99372
28893
44475
53836
31595
92550
61914
75071
83328
8151
91010
40018
43197
50476
4522
41562
45021
3189
8385
17163
68643
39506
47899
41792
66979
13613
93989
32872
66170
31668
19482
97645
5047
22034
99566
88258
57085
44873
45863
60936
75169
27599
3372
78845
28334
546
96630
45858
27720
4488
50947
82535
3661
48071
23177
70901
47255
69566
44167
29847
78079
54910
27159
1222
94076
95945
75232
62416
80552
59621
94248
98660
82179
31933
4135
3837
88689
77141
24631
94473
31934
56839
10983
44308
9378
98111
54446
88054
86080
52943
34556
92853
84776
24912
48172
57272
46396
70070
534
15338
83696
9902
73410
28103
36586
67991
87735
25958
76169
96154
86257
31363
1283
88167
5584
60808
36582
94477
2125
21591
64511
43382
32520
18167
41305
86653
56284
46840
83934
19693
37172
5060
47161
48695
59287
38373
86235
36591
82047
54509
71196
30852
68136
49157
73050
56090
18787
95958
47069
9126
29642
55598
76507
74085
16814
61999
74198
60281
90892
59994
54883
60161
13726
48563
903
29332
28813
29009
13370
99898
6149
80612
47309
19559
76225
73283
65639
59221
48325
10610
76043
13085
58186
32397
72054
25969
89491
42323
34020
79737
15711
2673
76146
77000
69432
31081
17726
4218
97128
61888
25002
50316
15211
9249
34528
28856
96575
34225
11439
48908
71191
32528
57652
53798
67120
16680
1300
95758
36411
60150
17573
41456
95065
95282
41132
16692
44293
61212
57217
45500
67594
49445
84368
9785
52341
79767
33976
46826
55302
35138
93270
56211
4448
41188
8316
92630
14592
32276
48666
5648
73162
31148
28638
37682
58526
17424
3960
23354
62378
95391
36502
9390
56569
15381
99503
25205
69321
49402
9243
33714
37818
18283
44479
17438
33891
58275
85767
60704
52862
42309
29579
10827
8771
65641
20948
16212
95731
60737
98200
66895
8619
8166
18688
73381
52984
91684
30891
12500
70633
50815
51020
86275
12928
30592
3567
82208
88899
58656
91417
18297
49359
87535
79084
57363
91052
44481
16169
10282
41435
11511
44592
37189
53515
48197
93540
68053
18091
88133
78250
27626
44635
45336
83887
24946
14299
69812
12329
69135
36101
66926
50326
52692
49622
51717
19425
25372
38919
61545
20483
60294
23450
25062
76965
60561
49328
74641
43140
78000
83543
81773
33549
4458
83425
48346
93544
94706
23024
60604
37714
22269
31789
23491
63426
79589
31511
97756
35853
8089
38105
43859
14276
22046
49876
80835
44539
16871
94300
44668
50725
24780
26111
29808
80475
52330
89855
86842
83611
74295
45921
523
88141
64224
31518
7283
57473
46497
84951
52872
33300
52320
25733
71061
93266
85030
79342
11010
10421
11611
19316
97724
59915
35325
40743
98690
9173
36796
56891
76299
44
13590
43988
32182
84351
15466
5629
56944
72663
61691
46457
11708
32091
75043
20049
39778
64495
57105
59467
9847
97559
48609
87868
92804
75226
72246
37428
38646
62978
70998
1399
98913
85119
44738
87404
67057
42955
14064
44655
1487
64328
5032
95681
53901
11814
39511
39007
45582
8225
13971
33872
67477
45350
75980
89527
56936
34998
18795
7465
37920
65828
57546
19352
15600
68216
76175
95278
88304
63574
46887
90773
38469
44184
46107
55795
99694
28824
38321
82260
57038
16714
78529
35647
51729
11814
79858
63082
4924
54531
27601
26122
71510
96127
88173
11810
30317
84283
56626
20188
72518
12323
17729
71734
70693
82828
64360
23188
76245
14614
56099
116
25556
44176
48686
61950
45214
59386
69605
9401
2997
92582
52987
59291
82442
79672
12147
1497
39082
10861
38335
99228
70376
43479
43251
62709
74083
86374
76548
15463
93043
13219
86338
76834
70998
68214
22351
38832
32337
62375
61755
5032
87365
71713
16254
92065
6608
41586
47984
16384
78493
20208
12169
33490
75401
99254
34896
52501
60563
68939
95106
83344
40607
1379
97026
17251
35782
47967
87223
81658
8862
1808
20838
19995
92098
5657
89132
41182
77310
60978
60152
82108
46361
46217
58308
99456
18910
98691
24974
82971
50089
81024
99511
10068
65579
96796
64887
98684
98394
73617
42362
63998
55865
49242
64347
87253
33791
64179
41020
91289
28070
86492
80959
50577
1714
51964
52452
74380
67547
19138
80608
96587
41465
1031
2070
87254
89228
65487
9364
7918
88101
47183
64429
14818
21781
85128
44718
74492
38256
75761
20736
15059
89628
3635
32025
84579
71516
28397
2078
77209
97940
86968
76313
91784
75960
15397
8467
12858
31285
35491
46159
27136
26364
56573
44067
38602
99654
58975
9907
93106
89417
87929
22188
84434
48726
46652
54458
60342
20395
40833
23750
19724
57596
9929
39983
80792
44985
29151
94755
51140
13659
40474
5915
57749
69457
29982
95889
51192
16258
65826
22750
9499
38462
47149
31732
96537
57670
43930
40501
97165
76148
79546
66831
44296
2919
98616
71956
9981
63535
81431
73434
45529
83954
4280
37867
71152
94137
30712
73194
53042
28987
64534
29987
40765
18851
52722
92141
76236
67328
26193
75776
3117
20137
1565
10957
35377
7115
84298
4798
15388
18512
26035
96106
44444
69806
57282
82421
35766
68169
85166
9122
50875
36518
79647
18998
40090
52397
46605
19339
60688
61849
51878
28269
13210
47936
45743
9908
19499
43322
23970
88991
89817
46320
47733
94281
29073
3970
57179
43147
85451
96596
18564
40526
408
82774
45088
26091
62775
63087
28161
11841
40392
84101
27997
35345
27288
78508
91858
76537
55354
55881
83525
13676
17815
89121
61859
38507
39644
78339
92552
91234
45970
71118
89246
12993
99371
85344
80509
16149
7512
83869
55793
36867
69656
13784
97241
19264
58634
35521
70988
14096
61443
25067
60982
75321
56827
14968
67904
55779
85410
86948
76397
93262
90257
26027
79744
34000
99706
13816
44027
81130
21921
32811
20675
89029
48036
50725
55167
84366
98646
26259
90975
54028
17449
99829
69594
95898
53513
94570
98959
28805
2182
81562
85933
98467
15242
15487
21038
21678
35465
56081
66686
24380
14165
69645
25593
23804
71185
69089
914
42767
6686
23478
43985
42049
54129
58587
10068
70755
4357
45706
61654
71782
46413
96121
43340
51221
47490
15615
57228
87247
40954
83616
30601
47456
48954
38039
86841
85596
52674
25824
81527
19831
52486
64991
80100
28804
16926
7216
88201
69767
18739
1580
39223
37081
345
71188
61008
32184
21340
76829
76094
64008
64467
22969
61536
59242
96786
86366
22982
72216
33467
58261
57234
42874
14548
23489
30302
59752
81619
17673
70684
31708
42646
44932
64952
49394
31952
63616
76762
86304
20446
39375
29128
49868
54007
9871
32456
67439
34881
25141
68547
63140
60481
34069
42086
87628
98378
72080
44545
4225
82071
89338
19026
46485
21331
15142
11580
87142
533
36081
19024
34208
22634
78984
86638
32912
60619
14967
81509
76001
3245
30255
54486
16884
52791
74003
12727
44416
28973
58432
95571
81828
20811
85590
28942
79653
51534
17575
67431
24041
15213
1018
96534
17614
59109
15708
13140
79559
9937
19461
22746
34132
59576
64642
50018
64862
22465
12548
79946
91148
44897
90981
97815
77060
6197
7570
64213
19393
39947
4025
77565
36173
88155
62672
1647
13660
76979
40319
12415
3878
56751
62380
75052
38398
7560
98562
54891
92595
46563
94876
44706
36962
15658
29971
61233
71414
92536
59522
63307
65758
87726
71762
38945
16393
93507
93415
70912
14080
34360
98214
76497
54207
29800
21409
61790
88274
11841
213
50121
30242
13583
45892
38104
13516
61631
23748
10861
95833
69561
89523
91438
46650
84613
93337
74350
53769
26418
75564
7884
96919
43715
86095
75273
37569
14392
16085
11172
95809
62036
17924
98803
35489
47152
98196
49856
23050
91643
69558
92701
28858
52972
88497
44806
97556
78054
8808
58322
95410
33542
36600
47125
32405
70124
33181
7733
15261
1700
40468
88071
77236
71024
69787
70982
17316
7380
68885
5423
5161
70813
9706
18619
44545
94446
54635
8122
6080
55529
8018
95369
70272
84983
53415
12399
26742
6388
95008
12282
36544
60218
84736
70641
21082
55496
77728
33333
62063
35694
59180
43449
51661
60152
15812
52635
98705
74741
21250
32606
64194
32290
34171
73413
26106
43192
6078
65198
79870
93295
28410
98473
79054
5357
98301
78836
62872
30608
44502
97652
29383
43027
13820
78834
72281
73440
97832
28911
90255
83570
96124
75846
25405
72358
32935
21532
8289
75038
71169
14470
39504
40753
84720
94456
5612
21171
750
39045
14866
22940
30433
47928
30927
98583
96874
42318
77939
62985
69561
78925
84286
75036
66045
52549
78582
73000
86490
64866
32699
79997
45843
88267
80050
13647
94023
86842
17437
3901
92311
39192
9867
36480
33061
2261
65548
78509
12089
26880
43581
99208
58173
10377
79938
11173
83240
2097
77073
58683
81784
65162
35051
16456
67224
66769
72262
67963
17185
19716
53893
29986
31581
71553
51113
880
8391
40125
52832
47114
11501
37502
49052
24239
66903
3574
46655
80738
4450
36732
79410
20661
29029
17704
58677
660
90965
40523
47120
31851
23844
80137
17064
37492
22340
27124
93710
50721
27753
11654
43281
14338
26572
80443
70612
1236
32715
96040
19706
4231
59054
73852
6941
37098
48997
13745
87966
32692
99726
28175
64918
18705
14258
59134
40971
32008
33039
12293
15807
88934
8976
83332
75875
93065
54872
57770
46696
37706
55357
48116
96790
34279
6321
30691
98581
18700
45149
79449
83752
11454
99750
3055
82331
1539
21841
66486
1969
24210
58082
31528
74144
83123
1408
12874
79576
32690
73077
15873
28926
4549
33969
15021
46743
56727
19822
72294
82495
304
24431
14930
33562
45859
69377
79265
37282
55861
57667
86405
75679
22693
97314
76017
45556
74972
10653
27820
71286
99697
34440
99218
7352
94521
95211
32616
33793
87082
28266
69049
10303
63627
6688
38738
69205
87738
59172
72023
35568
60057
19310
87008
82263
93078
57171
45619
38400
9973
93515
33311
14080
72860
61748
76338
71899
11002
12592
76920
21209
51317
99849
25744
42809
16656
46260
36205
15583
91765
11283
4934
2440
17124
92597
23514
49311
39672
39224
95012
38985
45650
43599
56278
90138
48965
41118
3765
62506
63485
13538
53681
90498
29324
83022
87487
49200
57043
11375
11349
41435
33577
30417
69506
37840
15659
81211
42408
8346
18816
50390
9366
78864
96456
98059
88006
83017
12224
93033
29487
90059
7829
81446
10760
23648
82723
58077
82554
4938
92136
24790
9953
55757
87626
41347
51711
1994
12193
67590
79325
43533
25730
49584
40702
37148
38921
14884
59330
7312
50691
13402
97876
31552
11477
78176
49744
66328
59789
45147
58453
70409
92067
93035
46178
9945
10379
14380
76209
88315
38329
30585
41549
45082
29393
83339
90129
10832
89963
75103
99742
82259
16224
73621
97912
41326
47091
59636
91198
72365
53919
4780
73156
88401
1368
18931
16718
25476
54336
75473
68556
28551
74506
79959
53421
40007
13635
23274
81569
25807
94497
2686
31023
69078
2539
23357
45583
89369
9251
62759
22789
61891
22860
29523
44954
74920
47164
66227
85785
27313
85503
88085
67779
63218
54213
96710
33520
35128
49897
78066
85155
26590
67967
13158
90056
1310
61146
37879
74988
50276
28759
36507
19289
77118
92297
46324
57485
47056
58722
71021
39382
39333
62490
99549
38700
51839
98367
24809
16522
943
45402
89030
11979
75904
31833
74236
39005
29838
90079
82566
45381
66452
8132
60629
10863
70019
3850
22516
25263
60559
48989
78279
63257
32642
39206
44717
22041
26452
12845
66884
28848
98578
968
16555
44045
85819
5860
82594
55619
60906
25934
89262
95276
80206
5631
57498
90522
67509
34850
70039
45205
19046
23843
55939
20951
35918
94582
79528
13216
17619
50753
82267
5206
20548
82599
44741
84636
53073
26066
87262
59950
25175
23165
68053
92375
23732
73179
91692
51631
21368
7814
51360
8660
7388
38856
97639
39171
84173
53183
71858
48083
45728
88817
7218
42575
68938
84493
9590
27534
29735
33945
90770
19313
88824
73149
45340
28664
76106
75532
80912
50113
2961
55338
49044
68606
82260
79998
74101
44209
94945
98261
24176
50087
30081
50256
57389
11439
49286
52972
29061
13942
65345
76876
708
7904
64881
24997
4649
98756
80054
16166
92747
13060
64451
78465
57142
32776
35921
95642
38547
5686
81040
92044
84293
84368
30552
7186
88944
22699
52830
23865
89364
6375
64259
96159
75383
13839
81062
15303
71968
72463
9370
42525
71007
86509
26578
24000
99755
60998
47992
99665
11588
64038
43517
8599
87926
73250
59883
67884
74623
19126
36214
49735
82183
68502
16
93542
85294
62483
15132
95864
83685
16013
26939
5157
80626
98799
36706
87995
89654
4812
67053
44086
91211
98035
1228
35562
9479
18705
73819
37904
36574
51428
7792
75147
69220
45592
95854
16182
68719
90976
86774
55884
86490
5618
46237
85523
63878
44863
67896
91013
95836
4141
56340
30109
38478
77939
15074
75867
73563
69841
2959
51604
12369
17226
76818
36377
75628
49023
27647
38337
55933
20809
84280
93078
17990
78994
81539
39321
35297
4336
4599
44979
87616
24351
89392
68570
22896
7738
99746
32796
11223
46422
11498
28458
77788
15451
9215
58212
29029
43296
25704
63389
32827
65250
13159
11979
33739
89920
68915
61325
35078
78710
36675
73561
51175
15764
44390
17153
61748
85723
97488
62337
25950
74708
44847
16136
70083
63660
64476
73313
80243
20751
15340
69757
76943
2112
63206
69246
86061
37234
43215
98434
88472
29606
90977
76970
49941
15458
28314
46887
82624
86858
39345
43456
2517
30270
24291
40129
66122
81712
37259
26084
33113
58656
76433
28085
81948
63126
99385
80772
80113
29562
67612
31404
7325
21619
85716
81115
92013
87867
52624
50814
32727
99964
50183
79179
45727
42186
28618
25674
11957
71067
47410
46272
56060
51431
21625
95033
52646
6904
34692
61329
30778
57198
21021
94112
13944
95218
7936
14816
90483
74965
53227
3964
93149
1156
10392
84790
92801
18666
73735
73397
90921
60450
1972
72490
55551
74295
60809
12925
92209
8507
79660
22233
98702
50656
87128
39472
92652
64342
11881
91500
98092
99714
82097
78068
7222
47511
59464
74135
6622
88787
44672
27384
59496
63481
21974
181
94823
69222
51556
20598
56161
30706
39252
87087
43502
28133
83055
77490
25311
27700
58708
64244
16540
13687
55748
40282
13830
92520
39897
63840
91675
12825
43799
11429
72663
88210
39323
24791
25463
66087
84880
99030
16825
97394
68160
14600
21536
17074
93415
29145
9236
51935
77092
19884
49318
81608
93609
8546
94801
38123
82993
26597
76379
57744
56849
74066
91482
71203
45895
11266
33428
40589
9775
13715
45471
81390
77269
25015
70024
40729
7524
32281
24495
19435
12349
82951
60014
28297
15139
25536
76314
8533
18611
47900
48931
59532
2450
3666
49334
83648
92606
9706
43201
74669
72966
11936
70326
92506
78390
80785
99241
19087
29290
65222
65364
845
51171
87610
59674
35117
74008
36425
11687
75097
61412
11703
94134
17985
99453
83129
14861
11068
7973
95460
56515
53692
81081
78417
1346
139
98407
3562
89320
49255
41212
73332
6695
88440
47451
44952
14091
84362
85610
85232
20060
55788
84583
91434
83737
27395
17783
34780
64517
37771
84895
6308
32862
82476
30860
96826
67335
54229
82636
83798
46056
31031
39167
9527
99852
72448
25608
29239
82056
38675
75294
35112
53627
82081
71936
2634
16816
88742
79781
17421
53696
55842
34096
87742
68085
5394
8962
89776
34281
38858
80170
55592
59438
59346
8727
48804
36263
45530
85007
41256
38930
64635
52632
3463
20777
54924
8435
95531
31902
8733
28712
50082
93700
27924
9564
35333
51244
78018
78048
93605
34157
28000
91396
96852
39421
58123
82952
14830
58780
31962
30930
23330
82128
76920
90043
22849
74250
53634
98148
25601
1863
63998
66023
69678
29171
25494
13224
43310
1320
26480
48810
64495
96949
55659
91838
98480
87130
66552
12790
29609
7951
30514
73943
69687
5571
75676
94765
16744
35074
17526
86040
11231
33232
3067
2916
66309
23251
35386
75383
86700
82189
7439
20036
52065
38438
51678
3708
89678
25064
17707
51652
93449
45028
29208
90401
39420
86866
88124
83280
82865
83413
60349
9074
5850
48285
9738
15269
1531
90374
29239
28878
24149
32030
24949
57457
86063
34852
32205
29315
32290
66508
409
1655
20706
48255
86592
98517
44677
12639
21612
41
93201
1543
61226
32919
57158
38865
42589
31116
71556
20434
64703
8047
1594
36416
29685
38743
99725
40691
99213
44758
5858
7465
13431
74035
38536
51300
66653
97461
26981
32942
17120
24187
85275
16445
4753
19849
29878
86609
32105
35933
86133
68825
82278
77888
76626
48534
22242
53624
31632
38712
80209
57369
76160
74148
55767
27580
92368
85783
89315
89320
43376
70180
85292
67724
33635
29113
61127
82254
13727
54912
21250
61438
10592
54209
70400
18852
9103
71333
60818
88409
64234
51317
62542
74385
74609
29473
7374
74069
14380
18780
54695
94895
71516
6148
39140
10750
16349
57952
35551
96266
15028
94467
65532
41233
5339
69325
56962
92768
92582
21392
3767
81981
57233
85999
98711
68065
8296
98627
78672
7011
15058
59831
95516
88847
75515
74547
78460
82870
59837
72663
39438
6655
49898
58909
58283
51867
77561
37888
36384
13462
64586
32700
71014
80650
84920
89355
6272
33805
80890
55534
17809
1162
54101
46573
88823
75853
58050
98901
3624
10584
60471
20192
63591
57267
33653
62963
82723
69792
50510
80768
6764
51340
26864
15116
95059
50018
1075
37035
6046
30234
62426
10151
4932
51694
67113
99872
79499
4332
38628
1357
46491
45448
39232
79552
58718
8937
75561
52584
3703
95492
75822
77296
58941
71590
28140
32613
36114
69354
58774
81332
89508
61354
19006
58546
35039
47667
91779
73941
95788
4849
69046
40544
99883
25513
2058
6812
32392
70374
20761
68545
57309
46346
12461
41524
42916
75526
36722
1610
90615
15686
90453
34699
38950
24323
91384
82866
38772
88924
11445
92304
42031
47839
93260
87601
44042
17536
16907
7062
53337
49228
10105
85537
43656
98424
85184
20656
18903
28402
30325
98400
27382
44857
59236
78194
11417
48329
68060
79499
42745
2702
18325
80630
68935
27898
6074
47620
75437
25169
16630
340
8643
30593
7295
15789
50251
29712
56794
61256
67498
66445
55625
11818
2691
82440
5112
56815
75409
50046
38080
39011
65920
85421
43157
50825
21065
98214
45555
84670
14313
77920
31136
27096
80892
28520
9341
17129
80443
46870
30862
81279
39184
46972
39620
10669
86641
60664
76836
79620
60417
96552
23862
54267
75646
62429
88139
96463
74440
51687
96843
45059
61744
53392
14555
35048
96440
95782
38792
51095
96076
13424
53778
26235
24605
92193
72600
40045
15606
46954
76924
75927
10173
52106
42802
29402
57736
40225
26314
59594
24312
15714
80632
47702
73815
45703
1692
18150
95498
8542
92243
63742
63347
26880
8890
63871
98757
25154
4569
94029
8804
53093
43316
58187
32377
65097
65257
66017
33616
74750
67751
41600
75630
11898
73164
58268
16114
52711
57592
24376
69606
41972
14003
80000
63810
31883
81048
79343
89725
50307
51645
55665
43665
1388
9536
53507
1194
20615
3183
35767
75179
50392
48788
50835
83677
62132
3355
63129
17108
7541
7330
62785
41025
86188
60636
4386
59533
14997
45953
94447
32025
75270
46710
27774
9775
75234
15988
60101
56228
53322
25976
46525
30221
24115
49702
94313
15642
26899
21691
76143
38323
12564
93518
61156
91278
5963
78081
55399
70570
70114
28010
34499
15564
46417
83705
65624
9043
55628
87173
6964
54266
24054
25207
76698
31113
63955
68146
57124
78712
73594
95294
63493
57858
84970
30384
63175
15265
87924
16823
18835
93996
25366
17574
4816
17322
72807
91705
63970
97969
25710
9093
71187
86688
89421
55617
70416
97717
19931
92075
74954
18156
7888
3704
17693
72596
86553
98140
68621
40879
33419
23154
20331
98791
28084
89417
63896
95944
31245
47915
33377
92477
65035
19754
12968
11275
18805
25001
35459
37988
20144
91973
96222
65577
6166
48255
47771
77279
68870
41479
15002
39596
36980
74149
16819
62286
40321
98823
38912
85401
77925
24226
29016
34987
91753
36327
22966
4398
71633
13189
32888
28361
54006
94324
19075
75395
89010
45797
20516
15093
64244
68099
40561
57291
95988
86853
21678
51639
55937
27956
72492
35217
39317
89044
34156
36623
78154
93520
48993
25725
40294
36134
5875
59130
93233
96396
32479
42318
34119
64958
36124
72427
28617
71494
48472
30368
54990
1990
36225
77684
15671
7972
44512
98821
60576
75379
48960
67197
83315
85914
20589
68717
14966
55459
65655
4873
32676
74850
21461
8928
93786
85120
16550
41366
13895
37411
37938
7647
30278
94715
27471
95706
41897
76940
25185
53992
65899
69619
81145
36680
38983
56087
54813
76465
19751
87822
80200
49195
23637
17417
54440
3306
2765
79676
99334
62824
55667
70798
23907
43101
71009
8953
14109
76702
87705
15391
70449
2255
11001
84810
94778
75398
54444
84829
39799
74142
34236
88668
25675
81684
74182
5012
2014
66786
90694
36489
93185
37430
12433
95739
18031
23278
15042
18772
98767
9202
40268
12016
30421
51309
80238
56489
57160
36521
25572
27135
50462
85031
86362
54048
53188
98232
72764
60313
41594
62683
68552
4505
71739
15156
63589
21150
67418
36644
15917
13343
92135
24427
69350
78069
18385
43703
41262
50087
31270
99175
44628
68529
11158
12224
48964
13167
69270
8171
66266
65003
22432
40554
36024
44865
29079
87285
80946
30412
5576
41142
82791
92591
48780
64572
33866
59202
9194
84896
46206
47478
64409
61138
79648
25287
21315
87550
89374
6301
66246
12065
10406
47263
85684
99682
28313
57237
89786
73487
89822
87704
91965
75541
38674
19128
62112
43611
48061
92233
30914
33916
55809
26859
87813
62975
91052
17813
60713
69813
24588
69790
64439
51726
56322
66855
61210
22552
53039
43336
48039
78517
38251
19221
32925
50775
24340
97229
5639
51227
71139
61247
36831
91520
10075
18010
65293
70946
17851
18735
10572
93911
60307
88165
22510
98181
27763
5049
33878
42143
15646
47567
12195
93082
21181
7321
89324
36016
58897
77283
31494
63728
58400
505
85155
23903
7408
54646
32725
73103
46354
72266
85105
16442
70134
73478
25038
95516
32572
35783
23084
13803
16651
49309
60177
80692
45498
46967
174
75666
74955
83502
98881
1869
3128
43850
86516
92717
77445
85812
90338
68762
3189
44889
64410
66898
9593
58935
38236
89829
1251
52615
31776
51761
39289
99624
16694
94197
70148
13220
92967
99220
59528
36289
43451
24584
38094
20934
55380
8063
62365
82471
312
36567
47176
41647
17708
26162
3009
3370
79387
3382
6986
42316
21270
72100
41708
78785
59509
92786
34272
7378
8092
45671
7883
48817
94840
6099
27816
87361
96553
38729
44733
52196
37178
79577
99982
70115
31691
25070
46960
93684
16048
4545
80054
63307
42994
49432
72264
94463
96595
55967
9490
32407
62799
15393
79353
63537
49598
32611
56903
95983
81141
76221
14631
85535
76237
16246
75629
91974
78267
74043
72140
60008
64510
75771
87339
7222
12376
63682
91250
18964
23283
98000
93022
94182
43717
52918
66100
52214
92270
94924
54450
38597
55710
74290
34273
8588
3956
32065
17959
16621
18241
45484
70841
52347
54506
93720
73517
12482
35884
60566
30189
34421
48410
95673
90376
35795
6210
6233
14786
52116
39182
22658
67340
28789
57255
23993
74606
99966
15443
58861
18721
35213
13567
50774
31897
97249
20216
23756
34655
77348
2226
18534
8509
33397
67756
34766
20627
44850
20523
638
12134
33023
15906
45241
36888
71541
28659
73448
339
99498
46480
31119
59966
96728
26490
41100
77746
3373
63179
93899
82407
45103
57519
80361
36839
27433
59308
51619
65988
61111
20994
21817
21509
67690
37293
8933
89819
90328
58216
97586
59666
63075
83820
57371
20708
22596
23479
82754
88807
39540
72327
32201
95335
3191
75429
56592
65102
76421
5694
9740
87359
73494
73132
66304
34338
33130
37556
57114
81625
40978
99497
79884
38769
58302
69806
30246
91541
16164
86168
7213
29981
69226
81329
67226
93539
85296
15065
77297
76982
44157
71143
6108
55239
2948
90926
48324
39841
31698
57627
1196
72502
83031
19066
78697
39252
8175
70775
20770
86230
25196
92514
21216
84599
2818
86829
75602
65825
74798
73839
1216
51203
7428
93035
45225
30274
89139
55658
41339
56774
92055
11492
78
39317
54204
55358
85438
2109
42857
8974
11332
95851
82864
3066
71503
4953
8209
83870
27268
85571
60230
7948
18479
85530
25870
75149
26501
22674
28441
86854
92312
38198
8173
77110
99414
18267
4243
38107
54782
20050
95713
54485
45599
5303
69061
23106
55087
52039
71850
45865
90374
99278
73866
658
98165
67454
28881
62802
32101
21404
86793
94596
21616
1780
9160
51827
97654
69100
62706
55412
75773
67414
62155
15248
17097
68736
17501
29664
16884
37413
50851
74577
88586
50982
84208
81862
29411
27731
83423
1437
95422
33059
60088
55050
62966
31236
79707
46847
19075
51788
716
95821
78480
31022
66267
88996
9333
32872
41262
94518
92881
21560
12014
41818
48869
62991
51467
26253
87247
55070
77005
29939
53666
74157
25784
96282
19806
92619
15130
46207
99122
41119
10293
5354
85323
9564
22948
60437
72694
82772
55051
39370
73370
45188
90847
68458
18027
56268
58959
71945
95757
79202
97902
22807
95526
91356
96766
76474
47261
48779
92443
73975
74837
39272
43073
1295
63360
15814
46202
78598
69250
71975
66856
19711
80899
18923
39403
95138
55248
19587
71024
15840
79472
45923
99735
32462
29438
84149
44415
39724
32295
25163
92368
5834
89505
24428
1188
2816
3013
10896
96339
63067
41739
5895
64441
22616
48161
94995
12326
24905
91528
42230
48611
47668
64940
46053
43164
16891
12349
4540
91214
78710
1326
92012
39278
41724
490
13711
20243
69313
50574
61500
77089
39449
28454
44182
73107
11483
28840
64607
7140
90241
30503
42633
11514
93483
35925
1773
7472
12707
80825
77429
78239
76827
58761
94131
21000
88274
19523
64053
4448
19094
48910
92688
55288
87364
6088
7289
90056
35627
42987
37299
89912
6478
3585
58690
89099
63239
71488
23230
95624
80969
28197
47043
78278
55295
67433
31653
81267
400
72546
52801
4801
57667
97369
81871
12238
66719
60227
49172
40974
33995
69822
78707
31767
86101
13674
88707
19561
44302
37697
89820
9208
14770
404
44075
20311
34341
29156
90246
57443
38361
73754
12601
31177
86380
40003
82974
17621
9359
49228
36074
96856
21985
9654
97604
90517
37529
33173
72018
3080
78915
47755
36332
82259
17697
68700
97105
43271
1235
39885
87736
89003
11026
88382
46015
74764
37014
69218
71647
36993
36151
66807
58753
11162
74256
93222
56745
74213
59391
6936
56721
36220
22185
90226
45521
86862
93115
8463
44601
28456
21324
79577
68289
5888
3774
75108
79960
48062
37667
59623
73496
9000
90396
92343
83483
53704
3228
9218
18535
15228
68331
95045
41668
85753
18630
74731
43663
13981
91748
18402
11335
59344
41460
72891
84068
54902
94498
82590
47047
2516
51768
68264
13356
25340
96673
27330
85565
44726
86409
30175
47201
24365
5952
85938
50865
25492
8285
33161
73610
7827
895
64106
34430
43698
5615
88360
86085
38688
34113
94818
74034
78176
35801
79512
45696
45873
3307
35883
37963
87609
23994
7472
60250
42925
12002
63825
53178
45247
434
50944
68935
26405
57360
27385
51939
97666
75456
73811
6313
92755
51648
12354
99067
184
50027
18220
24311
124
32029
83973
35272
36355
23285
11882
71033
71024
27638
33879
79876
24688
27848
88421
3689
90182
54845
30916
44826
57588
97709
12016
47091
58723
71010
66035
43207
39983
38864
22007
2197
7569
29500
88390
38233
41578
2685
61472
33407
79401
15872
16184
36531
28378
35941
66860
45140
55052
73159
52318
70407
22972
78361
16372
29095
10083
70572
66569
79929
70521
17101
50989
21662
66084
26027
11584
33442
449
86038
29638
73746
62894
24675
62856
80043
82065
34188
93639
98476
57065
69204
78941
18381
21519
85416
43026
97545
28904
5377
51992
24311
57258
87399
72995
18263
28360
94255
82600
2919
52444
83844
38609
25045
28336
5636
96763
90031
53801
84353
1132
89078
99697
38824
70324
25617
78272
56606
61279
50494
31269
70278
58451
85603
57622
96
17037
78499
60946
588
47539
86860
9871
48459
67669
52140
22246
89734
71524
56292
16311
32744
59343
51221
27353
42310
75831
95287
21282
90367
56782
45481
92720
92991
34128
59618
88978
60669
20509
31462
93142
21988
46099
43668
52431
97935
61316
91612
13058
16782
53113
75086
46893
79269
18595
3406
59637
49843
29145
42051
89515
5296
43955
10030
77147
783
43778
98968
39632
14083
62890
28836
62983
55518
3197
50340
72910
83028
72276
33736
43961
25759
24621
79729
94113
57820
9628
68483
28217
83282
79695
57945
79150
48275
60259
14162
61914
53562
71132
21225
81062
73012
74917
85890
38618
95132
59236
51072
54210
71903
2553
39252
56638
45982
76147
63664
29190
71697
73743
92986
56216
10600
68238
55260
41184
56621
2385
30392
82786
12229
38964
98712
6823
92150
99684
32835
18530
64739
990
48108
13854
8818
26502
76165
20198
110
87041
86897
15120
3880
32111
60310
93031
40440
72072
60945
53907
87138
62546
37508
27911
77204
63484
35274
21735
4620
98394
10828
90804
36758
49374
35148
77942
28882
19503
27838
96421
7988
25961
91254
46035
33285
3377
74172
24377
14599
45362
59068
73725
95414
90329
30074
49725
94922
28297
55491
59643
67993
57084
74559
73124
41529
78647
47843
59070
59363
93801
72067
46670
18675
43296
84548
33220
11404
44072
48494
33987
86169
94496
81025
82865
16621
18170
71711
25911
16268
54319
15463
16853
23363
19773
8674
24390
60338
76159
83894
78155
93418
27367
44024
20406
77904
97754
64382
65141
92097
2728
2163
95257
13841
15846
43811
99075
82092
97930
37750
89226
24861
60323
62522
46859
98604
91762
67128
91789
92930
17160
91177
41167
5097
67230
24898
5489
21839
24363
43562
63196
40009
15046
62092
47247
38099
86808
39815
76551
33621
86620
65187
88137
15394
1206
45439
21679
57402
2062
42726
42062
75951
65704
45599
27072
14757
72993
94275
41842
57203
73127
69866
27820
8486
43573
1982
80504
42756
82762
36305
90865
77325
72165
46731
67273
78302
45951
24507
5431
74224
34085
26894
81052
59517
70481
9566
61488
97634
54948
93762
64206
35008
68962
76355
29369
28829
60329
40334
43721
49320
16495
30213
15125
66041
1144
95665
64222
63414
18833
52242
41686
40594
17356
97750
41100
83759
54040
98408
19797
12005
99548
87040
42841
25115
60528
42393
40311
87282
92183
6847
43861
11170
68957
94375
92712
55867
95626
22105
71420
2765
11136
48296
22240
97315
71126
18530
18354
78922
721
78370
85155
66736
89468
61987
65894
4520
73988
88975
46778
11466
38099
2678
30641
40566
9767
95418
54076
89369
71981
31015
50870
46984
8959
99712
20618
12457
7128
44180
85473
20146
48656
21616
64876
92073
80217
51246
74442
60938
88372
48299
99542
11847
85616
12726
78257
37353
9056
72291
81063
73045
99736
46080
81249
89770
22340
20799
1318
68935
18821
89266
64942
67434
67913
25493
29029
4530
53093
23781
70009
8230
15858
34927
60704
50894
50146
75299
98632
32255
71773
15366
62460
44981
44156
59111
21360
60664
46817
52809
34058
52577
13425
73215
14253
27606
10000
7063
78467
2065
90103
11245
25702
71839
20020
93088
91691
14436
9726
91233
70155
82811
79666
75367
66255
4059
67119
50592
93400
69430
46444
59714
30921
9531
79505
72160
53457
56155
39736
10936
47641
73480
94401
92745
67942
98649
40876
41793
36971
79883
31767
37556
63342
32962
24916
25706
84885
31245
93477
55887
95149
36967
16407
78254
86615
40633
64632
86487
88239
91772
7671
74141
53211
54461
81751
77949
14636
89690
72367
32568
28948
52073
97153
87905
228
59863
82261
65330
64480
35949
53937
2585
84802
10543
50743
82320
10824
1599
72251
27562
93595
67262
88511
75369
62973
14194
31981
48589
65710
88067
30289
55943
75994
45024
94321
55723
43394
15167
89129
29700
23462
30945
26151
7969
60140
14611
73312
34317
12720
83569
83085
89341
56553
69477
92806
37474
26931
88621
98873
32894
99133
40699
39942
22195
20721
67798
65402
75031
16828
40957
82502
56740
6074
63180
17724
31276
61279
38775
90214
65321
12164
54195
15874
55506
83276
24692
10046
63402
94097
44273
43564
87475
55792
84452
97890
78272
95854
87085
38705
22216
76549
27318
11071
60917
90672
42321
32963
55260
16815
8510
72765
96936
82934
30025
94415
22319
28728
51248
77852
63750
91436
5089
77340
79440
9721
67714
53433
33553
35876
26603
74889
91746
27538
42669
18600
47837
32956
56022
30609
53367
46255
11276
29208
88173
93724
87415
1096
28055
41667
86684
46100
79386
41366
9827
11580
92314
61773
67450
62302
50732
86278
61458
7030
63849
74071
27751
18932
84126
65842
50206
98009
4448
42323
70791
5101
7678
11977
59457
9695
45327
99487
31196
52666
48522
21285
34330
66145
99476
2304
7087
29255
31059
50346
264
72365
89633
65415
58600
96921
58781
65094
81612
32623
91196
38481
94928
72431
83805
5489
20491
31722
61753
42048
182
10466
1561
77996
24266
54110
75874
15525
68006
88294
15659
836
76688
88865
71951
44119
73171
11689
67102
57133
15238
9160
64366
76443
53550
83889
25326
74152
54745
78493
94587
28059
60395
87872
98508
22527
29207
37511
13736
49105
3747
88145
13912
98374
61453
41735
96406
71419
85196
95001
53380
39770
63215
35799
58010
40677
80898
12104
58359
95811
81744
87691
73560
72196
24258
36904
81575
41491
28932
79569
41963
94615
98761
66298
13309
3685
71205
96498
54331
4294
10744
86557
6997
48897
84939
10512
1316
60197
58867
72265
97434
53204
80306
78248
8629
73967
25884
43725
15630
5178
77431
49679
31278
49580
11644
77366
31
14774
61339
56599
3328
35181
82011
13450
86451
36214
26750
86600
83345
77325
55650
31590
16445
73137
54852
8073
44181
92719
59040
30693
14916
81514
90067
92182
37653
57668
11969
11898
30178
34412
13811
13001
70731
97796
90168
88305
27619
56429
75692
3731
98019
14577
96214
63828
4674
48621
98411
90913
10716
81689
78576
97058
37486
22838
99388
47897
33380
79539
52540
49368
42538
42459
30928
5596
72607
37502
68275
53481
83720
5754
50937
11843
23777
30534
73681
96263
71757
22300
81577
14180
17710
35489
61904
58394
496
29618
17622
4845
56288
39948
20784
70821
22011
98487
53048
76613
95809
13200
64882
43941
13032
47858
25641
75023
18060
2752
56055
32563
6916
85554
72771
19687
42064
92858
70437
26559
14158
52402
36997
36324
81196
43875
56386
23924
55512
180
67790
19479
97460
31053
61462
28889
63717
7463
72000
88360
62826
66963
35757
98956
65097
57123
98910
99805
55845
91225
34578
22982
18316
87050
4045
35477
45997
65134
64405
43899
22183
90279
92214
52390
12764
42443
29605
88440
95716
22479
34850
72900
57598
17906
74486
55557
13057
10116
41148
56539
86097
7345
75164
14243
55917
26446
27954
86257
27013
2111
45582
10509
41481
82818
79220
54631
67677
8348
64739
18104
26793
43645
61171
48983
14476
31858
21719
58068
33168
94888
16323
10612
12056
98808
46567
46378
47223
52659
1272
96303
7354
62603
73072
31997
71941
23451
82444
76653
81660
93364
28788
23019
17527
60005
60023
91443
49753
19975
83252
72043
52570
26658
78997
22525
78079
17151
48950
37967
2795
54764
50884
68096
27248
77413
68128
94017
87934
1765
59842
80205
73404
75208
63706
50695
596
4604
18386
92143
79367
83204
75952
37536
66530
85352
78392
96329
27625
54557
47725
86406
35344
36172
68632
15674
41833
24802
5857
37387
19671
14036
54010
3162
11361
71276
86908
99038
76034
38836
29192
24476
41789
32606
99856
31589
1613
16653
97550
62668
69307
94852
60274
16610
79529
31273
25049
50448
62827
56662
54520
98960
5813
28924
92952
85225
45231
42324
88380
83013
89158
64195
58910
96976
75676
45832
82007
37711
73055
25158
83869
46427
47639
63497
806
10201
25081
60631
40715
32695
23993
80820
75720
34149
60252
69009
2176
87501
18731
33331
75102
87280
7171
78076
78262
57951
92266
38072
68457
9427
98300
85093
12807
9865
62211
2015
8847
26173
74245
30088
13682
55682
95895
77777
94614
51612
84208
78920
20887
89306
97912
56894
51751
30291
9247
29938
32501
74748
2538
69151
6252
40803
8520
95968
73778
33195
75202
55868
68561
36644
65361
84785
49811
30054
9994
77345
78182
76778
76148
60243
43967
76965
75098
46504
15994
16258
93532
13980
7520
96763
88160
97812
73569
14708
26982
4842
21921
70644
83673
35825
13583
3136
35233
72487
16464
19094
46485
51479
85403
65891
52429
93032
37245
28065
95926
70598
88188
80337
97631
65931
921
58481
94513
6729
81615
92633
65531
87990
6776
58424
96554
45621
4462
51590
13048
96413
19246
54118
49724
14184
41849
45115
34943
54906
11253
36771
23631
81900
8497
52499
54252
98260
76357
49905
51135
91059
75607
47656
89803
52026
12122
76
11003
30266
40657
36970
73211
95623
47378
69931
7395
41384
16997
51109
45710
30525
50027
20126
8201
62125
48284
34750
72903
84780
809
96207
79664
66789
42112
38964
80538
10762
74605
52771
58864
74293
14333
8480
1486
27481
78590
36760
71727
30570
47971
13015
72254
98534
32996
96230
16680
32798
58113
13380
76883
52837
85255
17344
47432
42612
80876
64113
34699
12344
62580
92882
3435
91737
15061
13436
1813
63207
34424
63202
13635
78531
27638
70499
88978
61703
62850
10704
79025
46963
46374
82683
49973
26805
42885
49719
73961
48084
32063
83666
95395
44026
68339
80620
88114
25787
39838
18098
51028
87398
80578
59164
18915
33447
73731
16863
80143
36310
19210
18671
44167
81600
43564
38293
18289
75375
45029
64169
34073
86937
18942
60044
36070
89090
95150
18405
20872
60303
57788
99862
96142
41448
73890
4410
15476
81417
31501
74429
22617
33766
49089
15032
40942
90808
64505
14695
78315
28391
34893
95049
13884
99510
31500
99572
91736
73990
52009
64914
8722
61128
94642
41948
46696
87299
58138
64529
26265
25598
69977
66066
66452
54314
3273
71198
10859
77935
21617
94245
92806
83026
84287
236
77876
35872
21742
59676
11773
2233
83463
37190
78962
5371
22852
13911
9670
618
20944
39540
38774
63289
15530
84403
95363
54744
74920
18229
80321
12123
23543
40227
30984
75714
24513
63044
76295
16042
74504
77529
8824
82255
3374
84790
85006
11548
38775
21949
55948
49713
50438
80056
14703
41168
60805
87986
66795
9924
416
20082
71988
14734
19184
54261
47667
79917
58613
12488
43480
37385
91837
92767
12910
87325
63745
41301
44266
8638
9007
97856
58269
69292
85730
19728
83497
43061
92717
49860
13648
84832
62455
78792
55592
37372
63551
41391
17387
65862
76705
65321
36523
87345
81
30018
70691
60373
29380
91287
33576
53174
91215
1173
48158
89136
50791
89712
59687
1148
32295
78365
45718
14882
22671
76940
54242
95323
29033
95749
94870
8129
85384
70078
35941
83221
23337
89974
84539
36397
34780
145
12910
36184
38587
65649
9747
90319
65784
18605
76813
61722
24406
59536
59969
13084
56494
2993
39237
59869
5778
15915
14134
67794
76685
9368
13705
2826
10441
98383
13113
40599
83339
28566
6623
72759
95129
9830
88800
30815
58171
12506
45152
37891
90271
71731
85108
5636
15670
99468
98613
53206
11005
69780
77489
22413
27478
82157
83419
58532
79284
34656
28098
22345
26902
89787
31232
46888
92810
51721
27945
51475
83955
20556
44259
67787
13509
70905
404
72333
62189
6543
10551
38716
23918
23702
19625
90694
50982
49968
68800
43958
81935
14623
83386
32150
20321
9683
46131
71615
4980
44173
15217
33151
99652
49782
4730
43365
38029
50005
41637
86475
29878
64977
6862
44641
62250
73987
76066
17586
84385
26582
68762
93237
3453
69246
54885
98003
9200
96947
34494
22703
17979
63400
71389
1495
95346
96236
6537
59174
68635
81597
28459
41363
4565
47171
23102
66777
49812
4304
77666
55940
75755
46130
59055
78325
14211
15859
94663
97554
39815
63277
74404
20333
60898
47149
72625
48303
91040
90851
35765
19137
45106
5667
78890
41687
50157
29307
58891
41050
43922
81905
33099
43184
54215
82233
21315
51593
55908
19696
23011
62345
69515
41080
89226
67949
51662
24368
93681
69724
99764
99950
57921
43179
57366
49724
30757
34349
22468
28109
55674
91318
51941
30714
21058
89034
23323
87038
45144
77414
15685
66186
32958
77898
66590
65637
6451
88194
1251
8996
84544
35472
50193
34818
15057
99160
99532
24892
32033
18632
41533
91244
84686
14369
9587
23103
68555
74566
13802
68725
6676
9024
66633
76373
32700
83147
77925
36555
42947
48705
36131
1599
18564
58561
92379
19698
4874
69244
28568
56183
5410
12156
53564
88844
70603
9328
48352
52308
6218
66104
63256
23507
52858
87082
45461
45669
86017
45599
51525
63803
574
56062
60597
73363
59551
46978
15830
85203
87407
41578
189
90657
30827
49021
85989
25954
39861
40471
6447
3405
95234
18453
38889
2315
27631
67161
80205
78574
88721
6906
75872
72907
73737
17580
37307
72405
14837
4935
32454
83671
20868
99926
5600
68686
53186
97247
88347
1377
73841
13642
45221
57758
96697
31311
34369
19410
73014
52577
73332
79428
43087
20529
43355
82158
45287
38560
7737
97977
56364
50660
37263
66421
57773
26038
69124
9586
24361
92054
88292
25821
52130
87964
45573
45082
43409
91260
78884
75547
88435
72501
83950
37242
86560
72374
30523
51545
65436
25741
49076
78739
29606
47278
3125
50238
90351
65372
66798
60352
54053
24919
78723
84555
98765
11842
40660
59799
6926
68815
69398
8602
46730
98122
79872
3046
65608
97311
65922
71007
17132
4200
52784
35287
14185
72247
444
92937
36109
70973
34785
56878
27642
28341
70972
8415
22324
32623
28597
47015
18006
1052
82396
7812
2975
38675
76206
59419
83979
95007
33014
7829
31740
58693
5008
99577
88663
28821
71017
74503
74571
77996
33346
33806
16523
67331
82899
74859
57117
30553
5101
98080
94859
78360
41528
88172
25399
75526
58267
82540
10572
56106
13497
71342
25775
55736
76088
33069
43252
28763
24926
25678
89581
56382
2516
10390
39101
44856
87372
48198
96331
6257
43423
17652
95890
84053
81103
81287
70069
74228
5483
63726
61712
5972
78289
73246
33226
6484
57197
16231
36966
71805
6080
56465
30072
28775
38748
79704
46965
77509
50379
51745
13699
10766
26928
344
78351
54473
32773
66248
12254
36532
5283
88886
26683
77009
53505
54298
48239
26702
93491
7834
64303
43535
17267
1253
78287
48346
79613
70089
61716
88927
25749
60914
57000
65538
63555
27936
28646
93831
8062
84259
3316
46712
78663
46646
69553
94773
19628
22965
26916
88473
78861
91964
66388
91781
48443
63869
65398
58220
58524
93597
55233
36955
92332
97421
64670
86658
83741
10752
87866
22114
4095
46125
82397
23253
99514
41571
70485
61845
98264
78691
32172
18058
61664
5503
55417
56020
42525
62894
98354
79985
3997
84904
95039
76779
80501
75236
37897
68225
38466
49612
61553
14225
5162
37945
33757
17695
58337
21585
12525
6436
75847
61593
6892
34549
68655
44537
12482
44463
51835
58667
17766
63676
39747
76286
401
41477
6516
31309
68525
4500
64405
7352
8333
39461
89252
17788
98902
15049
50527
92244
26107
41334
80351
21355
20966
71150
83295
63804
51538
11337
50298
64200
28662
36034
62034
14003
81788
72988
14445
9916
73391
67471
49210
84567
12787
23059
50546
97993
97902
83271
96473
28863
73380
25951
76707
79852
81216
84424
78739
36829
73102
98200
96031
41562
35239
10231
87023
25211
21859
74276
40421
62596
66226
61542
80246
90463
39078
75376
6742
32917
23720
93487
17042
93736
30507
85875
17111
27440
98846
46168
37904
31120
49498
60976
73580
92852
79291
24686
40798
28170
58060
24497
88222
3609
37883
95276
24269
46850
50572
28654
40598
41362
80329
67251
57231
49314
55062
68230
93695
98507
68834
92433
44569
22025
99834
75491
17383
89483
29816
63484
68450
92979
41337
17240
7069
80976
72237
83094
79874
74678
10215
88611
93588
3639
10195
98344
16147
25536
18695
89133
11486
97042
74162
69640
96147
7196
98418
63334
96626
97938
47362
69397
4064
45612
9040
80011
48039
1148
21356
14967
71578
13709
30556
44546
42837
24117
29068
85249
25155
70552
77731
35194
29146
83225
18321
70545
69250
27004
89253
79854
15923
7357
48603
91340
92475
20583
21362
31264
40926
36562
83644
35940
85848
86364
86286
45215
95582
53955
53911
1683
99651
86396
88910
36995
7414
11923
49956
3775
57865
50975
13848
38830
77388
39137
9193
6198
4632
58809
10086
84074
64199
39653
24897
46481
83360
84023
14787
82287
36082
77426
38137
14290
86166
11585
64939
82139
37910
81268
81197
391
97036
88408
32527
81050
76771
72817
19663
40487
55674
21398
90863
42077
4583
86922
98560
12657
376
11954
22589
6852
6420
9368
28917
20146
86880
61627
7904
32982
32478
98545
49074
54013
42800
79482
59054
81446
24506
39522
81490
51922
83910
95794
6032
54637
91488
94867
79964
11609
28225
22113
83617
51636
37866
7176
21103
31430
77574
96318
82479
83945
7346
59933
37911
83508
21273
45146
17688
67430
51767
31687
83252
78124
12383
21633
61806
31567
86488
2455
32474
88733
49218
55512
26995
22738
34358
57431
78507
98146
68396
43070
34301
41734
62422
43788
42910
94657
84938
68429
68274
22958
10621
43860
89915
8744
26058
21527
30573
68021
67761
25447
2077
50160
81469
56107
14743
78834
21022
64504
37326
41532
27253
1743
97198
25027
39054
85075
29325
97080
50663
32645
68224
22035
6351
49918
43019
26619
62410
4392
31216
12597
33105
73497
78473
65063
14742
45197
92688
94376
83173
44608
76923
29286
95078
69029
63813
39891
54686
99813
83751
20140
83285
25623
2534
49831
58483
44056
39398
23289
83044
57352
41853
61954
32507
42881
17314
72438
24402
30868
16803
97672
81039
54530
21814
25012
12770
93395
92263
7370
85162
35959
91825
18706
75384
49879
19880
16768
43020
67255
57298
81654
62491
73706
21398
13104
70226
4690
65420
14064
70708
98066
50868
91078
58751
62290
61955
97724
7309
86063
12664
17756
71095
27132
9933
61534
38035
17049
98377
27505
47038
30222
89938
83941
86964
56900
16384
78707
67260
83136
25132
35466
49185
48189
70375
60535
94459
48709
36935
89200
24141
27947
51452
49597
90119
40072
63329
73027
56939
30033
37550
12078
6380
90993
48491
70459
90419
56776
91070
9087
78844
82144
25413
16824
38909
86599
94368
21934
61062
52782
22117
6820
33187
98045
88279
21057
53215
23056
20016
77750
57635
98450
14555
42764
86524
76181
68735
5419
65979
1964
61046
9961
88693
16517
15740
53645
1867
10597
34210
36703
46308
49857
95041
25198
15734
48727
65292
53181
34211
64392
92927
14667
54336
96530
97428
45789
13841
58765
36180
79082
31024
44418
82826
66884
40045
25987
62963
67390
16719
43435
6770
13278
30681
2547
87424
29632
24936
86126
28992
79972
70520
88354
34225
50357
22309
32292
22588
35255
975
79534
20525
49676
16695
85631
30591
81763
96263
93839
42032
98558
27150
87021
95348
48863
28425
64568
33765
68366
10845
81078
57175
8745
17184
24724
23306
83977
72119
61051
13017
56365
88026
39531
88335
52453
47540
16887
94329
17980
69063
64764
27798
15267
42860
20671
60556
69654
98936
90019
56500
63022
33530
99619
67509
56226
37568
66706
79630
47418
98362
61164
46221
16274
12438
56281
12477
52296
60042
926
16060
90274
76305
99999
46090
2399
36908
33013
33533
13240
8714
77352
96818
62418
60834
521
64030
55043
61821
2447
40322
31806
77425
54092
93693
28029
43751
21834
10715
12522
76702
26152
49355
26762
36585
15339
60463
15302
48531
52771
4396
42167
43555
4315
14721
69038
68698
50492
79733
32190
85753
18591
91529
60135
8928
84813
59212
56575
47057
57301
26349
87102
55475
63880
53163
95846
73267
7381
3753
99597
96772
45404
13149
66985
5895
79345
69351
78071
42470
55472
6143
27080
19258
44727
31847
17065
22540
13860
92416
92333
45912
72971
92728
153
25582
98132
94464
56204
42738
78992
90588
59176
32292
90390
19476
449
96986
34878
35848
3553
15369
46072
88160
16150
40546
67978
40448
43097
59288
6181
82971
97916
12064
70211
86975
81551
16914
11295
52526
84238
1036
53008
11181
21131
85526
58947
73109
68371
98688
18869
49638
2624
7943
75338
73179
73275
99926
23084
28217
87787
38377
9604
93538
13215
5581
52718
36774
69683
57572
22204
62809
93794
31173
32330
89727
67113
85727
5113
81315
57300
92925
97418
40103
1351
70085
58072
70774
22283
16827
52626
42645
90867
63907
1204
93464
49993
92740
10370
63538
74106
66887
32929
98948
635
74239
2961
54902
45271
41762
42794
58723
47766
93333
21009
8014
35019
24039
35064
54067
43514
4340
42736
86553
22404
98857
37739
82211
46736
12423
47026
45925
70744
98336
44320
59796
77293
4863
97913
95094
30376
77444
32395
92505
17071
34701
99967
23168
77408
13744
48060
71671
35996
5252
45305
94343
87347
13568
73980
60677
76520
71227
48211
72581
22400
77939
43790
41709
87277
94089
53111
38308
66417
46857
38960
22601
98706
7303
80008
18623
80761
98565
55993
32134
966
59377
92033
22085
36275
87019
70650
24963
35267
38020
23576
78742
999
61730
49279
70610
9645
31073
75103
20579
73734
69620
83533
19062
23890
81736
76063
37841
21099
8073
11011
68131
50186
76701
45916
58646
7833
95183
66491
95457
15734
48967
42070
72058
33249
68596
90855
1065
92003
86923
68068
60823
4027
46153
49686
61861
88934
94996
87960
76537
7049
24864
77646
71284
66430
11022
77279
1599
11961
86767
27345
48227
25398
12006
23648
11479
48033
83115
79322
54996
44802
98987
21690
89605
76259
76525
14079
30394
19167
27056
76264
97564
41192
59248
58958
57659
39701
41287
77246
23362
59271
82512
90193
32684
42902
56390
90986
6160
14524
19307
83532
65784
47710
50118
74677
53520
80563
92003
50427
46393
93298
56926
1730
4029
30460
19258
51351
3901
88323
588
63051
16582
33110
7157
49615
58850
53002
65324
43145
18378
49318
68857
7281
60121
95403
50142
57386
20668
8318
8433
10336
44774
98932
41924
43162
85440
98105
56197
22716
81341
6716
96512
2557
13388
24122
65091
26623
52647
16294
84474
91120
4712
79698
93881
76796
27002
6365
81496
91853
81869
54009
39480
71872
46948
28375
23588
95237
42217
61074
40083
35603
58849
30740
64681
16133
249
72905
30429
10741
66335
86622
99126
15348
24750
8629
87822
62403
26369
40297
77880
38225
83784
8664
51838
34193
78424
60337
27875
10134
46749
76251
8744
93710
54603
46080
44458
95865
57650
9749
64424
17157
55088
63271
36258
64968
89952
23299
80893
25240
66640
42049
83427
65898
74128
23182
45703
83685
21574
27189
6470
53730
66463
17514
81417
66115
7552
32435
55143
20365
11706
18835
63655
51715
43292
5299
86212
33760
80035
16079
97289
30865
74732
43227
81371
69164
13385
48784
24374
497
14578
53655
37775
3708
7091
90833
27737
18468
14148
65217
63524
52307
92374
99510
70143
23682
22408
68088
81982
92305
99513
69166
6007
24384
14840
94090
50406
25804
65912
65586
60208
71177
1887
82956
5508
33305
36190
94661
86781
58406
66522
71294
97189
96994
91017
52019
77652
50008
73144
98249
47158
11278
18121
37172
74378
5178
52538
34882
57830
34782
55648
871
29560
61825
61683
3302
51432
98604
41314
18361
23257
31325
90536
42238
85678
98347
86198
60318
48969
90999
35536
18042
3374
46636
84084
4084
31559
8435
14804
62871
31329
93109
68517
70084
80563
93581
37680
81979
38398
29705
68454
4162
