71542
70772
76373
10332
20859
44008
5977
52789
61912
7385
61123
29894
9055
34283
55123
34468
92876
56176
2420
12221
27822
4007
78578
53226
50959
83198
53817
40993
80866
42936
52331
199
10120
17065
53598
89219
54591
70974
2416
47085
25064
76441
75591
62277
5331
37178
32074
85056
26761
58138
87989
7676
17302
87345
42173
89685
12017
73847
10625
65457
47561
88296
55560
33653
71630
62080
59965
69659
9976
98597
55684
12539
69304
17956
21720
45990
42650
53684
69570
29393
99347
97943
96632
54094
56845
43551
51248
23063
73164
8365
62175
7972
94044
58740
19410
86844
37817
68060
25544
38535
90491
43171
34122
66594
2492
59422
51144
2892
82471
11101
50994
48925
52542
57740
70223
17015
35944
22357
74429
7828
60885
26659
57254
92063
79311
92034
22876
85247
11872
6562
94033
35629
19066
52539
32949
83622
89415
9066
11820
74716
74509
69625
81611
85896
30205
78428
65231
92474
66457
36664
26395
77041
94848
3326
69068
89637
30807
20373
15930
45473
62229
1686
80045
57839
40683
817
33753
2636
89614
53292
94776
96154
52706
31212
84931
91732
34341
83852
27597
59708
89078
94250
74651
63857
32096
65
28100
27580
23783
24849
37345
53289
13709
34203
73456
12178
6209
59848
84907
30743
97797
99530
99552
21354
57018
7802
51981
55687
57386
33023
1947
55425
46418
79024
56403
55096
82858
69009
64705
53254
88210
73018
68932
41848
51067
46518
76046
63130
95664
40166
32159
98635
12319
91845
43800
62000
51783
98279
97918
84484
19839
80570
56590
76877
64545
39983
80023
98570
25329
46898
81240
46024
68718
50580
71799
77396
49748
61354
14139
96075
86252
63406
21095
22509
89905
2787
60756
93263
4511
92087
16841
13168
55065
52641
91898
75684
21271
93225
38490
42476
92075
49223
32030
4038
63022
25219
55247
28832
75660
48444
18123
5896
12649
49508
78713
89087
59246
65288
89928
54989
79476
46990
96771
50606
81196
94551
88370
27625
88296
51811
7440
95841
73642
89812
3941
11620
80679
90091
96863
93792
39191
88591
28914
87190
88411
2668
70633
12487
6379
99031
70119
38988
71612
31856
16479
39842
34667
82944
46892
93185
78345
1378
35054
22925
10146
67678
33730
81925
14923
88528
27964
8601
36488
20327
38596
33305
34103
83146
72010
63241
51644
58645
96743
36976
89802
3329
67889
2160
10987
11585
88795
41488
47916
85352
53031
89492
32776
77417
60585
45614
14704
32854
51993
82030
48755
65706
72468
67797
3024
39458
8432
5639
29237
60005
44986
7327
33298
18597
94926
79644
99839
90718
82706
26617
37735
54171
95760
92091
9616
5112
68270
98435
22632
24545
30155
12931
90446
75162
39864
37550
77177
10072
32528
68871
80361
79308
39029
71643
81064
98400
39689
63339
7293
5594
94727
61922
37997
56797
89628
42981
75982
80495
25988
96712
45833
82966
83653
48029
50059
80443
42722
36423
13673
56560
85021
97549
28845
95661
92781
77321
23297
56950
5079
32480
92471
52089
67276
83181
5778
96244
17823
85238
18133
47315
51553
58912
74470
26391
28571
39935
32671
84850
20231
57861
94065
95182
91500
85083
84820
22797
9236
40877
60592
85867
61227
83104
42273
98784
37622
5983
25483
27395
22574
81747
41498
40904
26104
33361
53299
45257
9122
12621
42237
81666
83931
28972
4006
27222
78224
33623
36531
37136
33119
59147
23272
1252
31898
16781
5840
95315
36025
90204
19562
86125
46396
65183
10512
34897
63836
55677
97125
91216
18253
59819
218
87888
88883
4383
21501
4236
70813
67908
15486
74841
49570
81127
78495
30307
73750
84141
38136
38005
21673
15047
20517
26136
81853
31070
36492
42323
47747
88713
61166
80432
12848
52766
2090
26272
62593
94404
80744
37332
15752
71910
84329
92524
17873
16868
90216
44749
22998
55812
35981
65419
49178
95782
9518
54375
74790
59124
22658
4081
22271
33976
38980
8910
16288
93448
79360
55380
51769
18365
64701
12435
64644
81282
34535
17070
67583
23367
32344
15527
31147
99092
63074
11192
40160
41851
16315
8765
1483
73894
91782
50032
51941
11088
80698
49356
84785
64624
15825
46067
12369
8623
4079
96747
34118
33179
1165
88035
62402
43860
89345
65267
53675
98403
5836
55969
50799
58571
34815
98048
52095
21111
34507
61939
53289
76019
73412
60080
24598
41687
16497
26079
50172
88798
88690
67553
10241
84469
7566
40110
42797
5870
26392
58390
44138
79572
14462
32841
95419
41145
18190
4051
2518
30508
74885
41727
92767
52646
74582
26364
25859
13891
1843
50973
19118
6445
70746
35993
93993
91092
78079
14643
7443
9147
46962
39893
99323
79788
25741
66485
15095
41195
38717
62426
27108
45287
74826
67127
6971
41453
23940
30229
79980
73079
34572
12336
39354
19842
27708
5752
11379
21213
27860
56503
458
21405
85378
42610
95378
72333
5677
51337
87833
98563
76190
83800
48862
56302
70220
87232
23473
41547
59363
18080
44486
40695
88079
54076
56694
71903
18955
94016
62706
29523
38944
27422
73924
60185
39644
30579
91332
84157
22929
10632
30931
39974
23911
11891
46840
33700
96928
32478
87605
11462
76645
14975
60613
96904
34866
76967
85300
5641
67418
56535
18267
81690
80728
53739
41750
55474
53684
23450
39940
53759
58415
61782
63162
46744
70411
49070
53861
81518
15737
21139
38906
14336
27840
85848
69275
49869
72839
83954
62857
12035
53279
5759
38721
23607
14800
19555
3156
76430
23519
58893
31334
47320
45720
13560
8195
87452
638
37133
58617
87854
25292
62022
9878
1886
96199
94286
10623
5258
55234
81028
17897
6867
47085
67677
25528
781
62427
34537
12210
58991
85551
86990
45887
82443
98627
2321
59712
52376
70996
91060
96168
50826
75885
33529
74395
97219
26030
6372
38306
75907
27608
35198
18792
87131
40472
64438
26901
73472
72750
10658
66052
79354
97978
66147
23522
61084
34850
94630
85894
23950
54785
16903
99464
49157
54863
79057
87615
83733
12809
77632
37466
24413
48317
53447
85850
67360
65365
68364
59339
45492
19037
28049
88222
93747
18770
45711
38468
57263
88778
76091
79241
41443
47034
21034
33578
3012
52775
29713
39060
27446
82796
34084
37307
15067
68901
71616
32243
11878
43478
34597
68335
92526
64828
62619
47028
78782
76781
79029
45176
50441
67598
24819
80349
58266
52305
83393
41924
15946
23145
55933
64495
38123
47372
3702
29272
80481
79715
78736
2631
81553
75249
68644
35476
36817
88958
70083
87257
65150
6719
57819
78739
28141
49251
56659
10549
42553
17436
5744
9769
37915
68264
99258
72868
45592
30524
5497
28869
30260
50060
18585
7914
9188
59065
56204
26606
33953
15063
62574
62339
75672
77242
95204
55400
36127
72829
67614
67815
15650
81838
25820
23374
43995
69561
49356
62855
84032
56591
11025
26742
25303
48019
75743
8623
36580
15330
13443
37330
11683
67260
58016
47140
23984
50227
62772
67819
95939
34319
857
91269
88602
87195
88231
11846
85103
15056
33910
72716
56873
25627
76097
50688
26862
74926
8071
90668
85877
42720
32236
59443
35289
44769
9500
83922
32042
98559
58063
7473
20926
15054
76359
9093
20197
37431
97622
965
52538
47488
88349
3399
26005
16308
79503
82327
62173
75758
10837
42547
37883
44679
9386
48486
39465
24602
87302
92575
8266
55089
9720
1933
99635
26190
79693
89625
52871
38199
30477
672
98176
15198
36548
56716
48905
60108
31934
35662
81193
66058
45516
59514
62905
88108
58243
61278
72279
83194
8195
15904
97331
3772
49557
30228
94054
85890
95214
6679
53827
33805
94576
55466
52134
41790
2320
97710
56425
92088
91922
23001
11669
53012
240
29075
25845
99586
2394
90800
56581
11510
66455
58121
54122
71158
18505
49305
56156
1855
65711
75345
56030
90959
28868
26584
30671
80307
99172
15747
62136
74829
19279
1005
74501
52929
80326
28979
25585
77436
35411
44015
77977
67330
97701
62158
56627
88979
6776
35056
41048
46297
31027
52956
80508
63600
54763
20733
6975
6322
83557
42493
45051
97086
953
18557
62845
88420
99634
6542
94161
72144
95377
29615
41175
86417
28082
29251
28530
58981
64390
48910
56670
89091
73023
59596
29601
53604
64074
68846
4890
42702
2743
19570
14838
45599
14388
44765
97858
14674
98231
19512
28347
2737
72762
88709
52897
79928
68865
10044
80618
7106
7543
88166
24563
57970
61526
63765
61520
5407
27558
98558
22821
90589
6172
53908
99469
20804
65188
2562
48183
76383
64666
9221
81009
23284
34961
20964
56829
94475
83798
72557
82016
38012
66415
43661
80953
22297
51901
89483
48431
9077
72801
9537
47875
92048
69691
42904
82660
38273
11341
60415
77025
42815
82654
33385
3129
7115
62170
84512
11470
5597
18231
88841
97400
62601
26930
57526
85142
69294
67256
68417
72448
39195
48129
42540
184
830
97718
69042
96446
45131
92563
82473
85666
89893
98728
34967
78293
68588
38297
76846
69080
88355
80869
85926
55926
25884
46660
55573
19150
89379
70634
15341
66792
71364
41384
31186
32872
48313
89233
13366
14496
85716
66330
38707
68224
60421
81595
99621
73257
47849
85906
71233
83072
26992
74727
62614
2494
26089
15625
12479
80195
53964
97943
50497
11210
79811
99196
67591
13144
19446
16305
73016
33262
65874
49030
2418
11903
73205
37052
2021
15579
69624
87017
85070
30953
97945
95166
54222
11539
81284
42181
93479
27963
65886
2884
8819
59980
65454
19359
32480
59019
56585
46298
46668
53868
35672
94619
76921
59425
75719
61774
57133
3661
30412
17122
20104
16663
40978
60785
30467
5178
21826
81917
26978
93881
6061
44373
63349
38640
32344
76407
57393
89893
24261
64047
25925
35486
83322
62046
60540
16972
76496
54550
9423
43876
59705
79521
67300
23055
74735
13282
57639
44567
32214
24339
86371
43298
50893
84077
4700
4123
9046
20294
16780
83691
34559
35829
1785
31207
2252
73009
55248
73347
75779
33687
94304
54692
11508
54762
1813
23635
62051
28149
61231
13038
49587
9996
55614
17912
69553
97521
47293
61041
69338
91922
99368
80544
98826
22351
46235
99180
98306
38361
64552
17482
23061
59030
35636
77745
26095
83105
40719
31881
56163
1903
34607
5154
78927
17964
51176
29217
59310
73284
11754
6773
48794
44478
33302
93064
9179
68130
74334
25169
55633
27674
2328
61510
72890
80279
21119
76046
42208
45739
9095
40629
96674
60819
33659
54712
81245
18360
78676
85024
75191
29547
50456
14477
93384
65261
17612
30439
60806
23537
65079
89561
60939
89209
23605
67834
18501
4381
6197
88192
44890
44426
34256
99033
33589
64454
99270
88788
96722
62514
47799
97818
17825
51433
12730
79483
2074
70629
58398
10882
89598
92289
11802
13098
15366
29400
82643
30826
89131
23820
34218
18763
80113
63555
15647
14203
4880
50796
98470
37082
73536
3583
1764
42546
79136
43811
73350
70916
88867
34121
64158
57084
30457
27957
49596
26918
92149
10045
12965
75098
94336
94793
17810
68371
88697
67098
41127
23102
40230
52296
46222
81774
13404
40356
74255
12
48104
57724
49743
61163
35064
87709
43971
27194
94696
41458
79567
92402
63660
39594
85631
63119
28215
96408
16384
18140
39718
72308
7836
21831
67373
44735
9425
95379
90107
55011
93613
27692
7084
63097
47880
13398
44619
21636
30206
30686
33538
21083
49992
25202
74240
29316
5813
17516
40773
21532
47818
35593
52397
13043
27827
83416
79190
28596
9796
24782
37552
77858
63538
70871
20897
80605
98791
79655
77138
61156
89637
47054
18809
49045
36186
38249
98755
12752
87612
1781
50942
81369
23298
67679
13696
45244
1791
14743
38008
77867
76252
57603
7055
58595
76592
32016
18362
90637
72798
69539
29247
38080
42732
92909
95266
14211
13755
3421
14251
95440
97992
1199
59445
92629
36478
89794
69941
56500
61205
85640
36869
88650
26987
2038
94156
17388
2333
29531
97420
52365
98851
18798
77256
90172
18501
95680
50128
52170
24894
83120
73674
35242
33676
60285
72511
60177
92144
41942
14143
21533
15048
31693
69073
44242
37542
1867
40316
69759
40941
18525
8235
3680
50888
42987
88320
22652
35783
46537
52344
17966
74550
82407
9046
85633
97980
87747
37999
95124
21901
71838
47346
8957
42924
76396
34578
65577
20321
63045
45649
92930
37011
80824
25290
14634
82690
21824
74651
48484
38307
59918
10958
49682
37881
83621
54946
85944
41420
85253
63451
10143
72073
61376
35682
17590
45590
81736
89242
23411
6448
15465
62209
57176
75203
11603
81118
41872
49893
5103
63405
21592
54319
81458
3205
1178
42841
38032
99555
83765
7921
25480
77364
31993
96856
47454
88612
14990
43769
79750
16478
25172
71783
19003
32894
25668
34162
75247
5371
87510
64133
65661
29739
16156
9983
49690
36178
80139
35147
23626
72363
33210
73727
39503
5105
60451
56398
75228
22186
56487
65194
50760
87025
8846
34458
57566
54302
70284
73235
23250
60116
8063
48822
4717
45544
86260
34630
73449
80105
55273
83780
90744
12271
80077
91913
18878
40868
77156
85535
76544
37834
69959
63580
86356
44904
80712
61980
57304
90869
92371
28410
17822
62239
60527
12587
89797
5815
64068
52504
81283
69789
38007
66966
41150
19524
70033
33379
41530
81442
82622
36638
33612
88055
39344
74884
9742
30551
9156
31619
94699
29301
23004
90108
48346
69357
14860
22458
46919
70702
94960
17290
84684
57539
45914
67894
47776
55325
76394
46017
34342
74271
35989
91233
67878
94117
39432
58324
33656
79185
78694
2241
45180
47827
62797
90189
69895
52853
54551
80246
96056
38016
58364
49487
31561
52495
60757
16312
38721
59886
20123
95897
88486
60014
53774
45723
12239
94056
32914
40099
61208
58251
1971
23084
21615
27620
84841
38111
69195
18057
94550
13138
46524
80482
41901
16571
87997
64276
973
7151
3686
83563
58474
75676
95102
29412
27693
49535
59406
64692
86001
39970
53201
94552
39119
84790
36967
29979
26260
99017
1705
11549
69037
18435
1047
93318
70405
14115
79436
11015
3237
97745
52083
3720
47610
78688
86547
25588
21621
35618
26310
57598
48203
69735
23911
75054
76989
60212
38602
64747
59250
20956
58021
41031
69247
57086
83276
26690
17193
77114
25563
19131
71298
31121
57100
3738
43055
91192
28808
26067
34794
66872
47482
38008
97827
79974
72543
4671
32097
36538
52282
38954
19911
4046
32228
84185
36689
81237
28704
95784
41277
88501
34605
69254
99303
58018
2388
72340
72237
48409
35841
86581
60497
11414
97071
39576
4477
62322
4764
84895
80736
2588
46876
67756
47383
53363
21449
75527
71815
98013
95255
90222
37638
68807
7686
17530
27801
13914
240
97769
77560
59670
36963
50125
45582
31886
41705
9489
71741
31
91810
20483
10910
45678
25107
12771
48069
71869
9112
82246
63491
65418
71861
61095
64390
81253
53546
63083
94363
98539
90373
49583
18996
31939
82513
15921
61828
19957
40235
80119
31462
74050
56150
10495
52382
20004
67717
99077
86519
37090
97653
25322
37708
55280
8605
92871
33954
83393
96958
23566
29458
41226
81268
53401
92485
9621
84335
73618
61784
63102
70555
65630
1854
17390
58234
32807
63141
40945
72852
61476
68688
86998
90341
73287
39652
4931
24725
99
10047
94194
61029
26039
16130
36044
39428
55164
9743
81920
29121
32007
62797
89279
74363
39835
77064
41368
58868
51342
59382
99947
63333
67542
53749
87756
57131
63024
69615
28374
23711
10861
41631
89418
81571
67578
78574
97347
33751
45642
77526
22838
26572
45666
64584
60235
8880
33344
69896
93778
84552
62057
18262
25445
38204
88174
3560
59736
31403
11450
5106
54559
53568
91387
82568
99869
7932
13226
81690
15940
64307
54329
38302
13197
46771
34232
96876
26357
51102
81155
82210
39891
19384
12588
7816
42354
79580
10336
80814
87279
25322
86937
71121
6897
37691
24704
29980
68767
19541
78140
14251
39426
78937
91003
43083
15417
8730
87036
49662
62867
43592
5879
26586
22541
49002
80778
24241
48679
11
64608
17547
35781
92427
37024
69583
58943
71030
77616
52097
93733
49041
28835
93733
98451
74256
54790
2017
26541
25445
72931
15265
83895
72692
67760
14036
48820
61890
21208
21748
7033
77835
62211
32323
36172
25202
63300
18577
510
35923
9151
32921
97091
1012
21461
93131
77258
49883
56301
36325
87805
121
88321
49498
74391
75684
1282
56500
86684
55554
58025
64246
82202
71425
28603
68730
93082
83523
30552
36282
27107
64983
30849
39082
80779
44579
40931
38498
46490
65309
92804
36921
3262
11609
59433
26412
96133
62141
67618
68095
69914
67376
62130
58906
50239
66704
30206
95125
94979
58083
92274
52942
74400
58246
75818
3511
24051
68897
93444
41037
54777
33659
36480
11810
31299
18313
64560
61180
46166
11394
28258
66679
85954
8431
5479
56837
31580
54494
66879
31350
78809
81045
3267
80114
43306
31011
72463
51427
34959
96178
67146
56528
2681
32537
22867
72868
87105
84014
63370
10222
72990
6201
30712
6881
48198
89283
19867
1051
64869
43021
70098
32930
31219
88029
59298
11722
2805
32307
37667
21140
42738
6651
48074
24593
88016
37307
21587
40324
34378
89451
44298
75941
45169
38756
4695
95201
71293
30513
80004
47199
4813
63778
87019
53182
13442
96512
94913
29561
99733
26747
47610
96333
94928
71998
82231
51633
70000
53220
9139
10532
20693
65828
46309
33989
94051
85608
82962
54811
81816
36284
91059
76885
58858
32673
51999
64684
51708
64481
41013
60740
13597
30652
91560
2353
79038
33441
65894
77399
72078
55513
51015
35785
16564
63134
15087
67027
59847
42345
81696
23380
30093
14280
87935
18338
17071
69934
44000
3953
69557
85636
6001
3087
83779
95229
3297
59270
14351
86408
78283
83333
81566
8222
75203
52952
69243
42267
17243
22899
26291
90698
60242
13166
37391
27865
49690
26954
35311
6124
47812
13842
22144
81197
16682
18844
50938
62241
59161
51759
86520
99157
75162
99007
44564
11095
36763
56851
41982
81857
88958
10120
27833
58129
69341
26158
11539
29204
29465
22256
48095
50688
52094
23601
1393
42721
84628
16466
34325
12011
4677
88464
66764
65038
95878
19530
37572
23336
88259
89760
98834
47252
75340
85079
94479
28064
96950
27705
32525
37180
66863
35673
63668
77422
69474
26676
77725
57059
97699
64211
92489
71360
45911
29133
93983
39638
92963
4681
34370
48148
10448
59297
27755
3126
55160
11139
34567
60860
86192
26129
20975
83701
79345
98376
74304
41658
4164
12509
14519
82327
2442
10083
19883
32100
87653
50282
54054
82642
28007
70785
16897
97888
97877
86908
58300
6509
56311
7568
57079
77992
67263
29083
43919
2916
70675
54402
18008
94247
98233
47026
33619
87777
64478
82631
6733
89210
3618
60395
58516
29860
22788
31606
81399
47056
72038
4851
1273
61660
38396
21316
80945
93450
77815
53052
3425
56108
3912
48426
68016
12795
7155
56181
4518
44678
50578
49027
5892
46183
642
6484
69502
88210
93038
15627
23158
22504
63895
96364
32022
648
84285
55904
51178
24708
80940
44182
64407
48561
22277
8005
57340
13336
50248
92780
68228
50281
56027
19418
93764
38160
442
62889
38519
11808
37467
48708
12724
43115
44092
39050
30280
82387
58796
4939
23766
81723
22578
37807
12488
82103
34558
29398
18544
61026
94154
55418
17535
84559
88269
92208
5505
20343
31708
9550
97140
33712
27645
29478
38147
65886
53353
20368
63651
29955
9053
44615
42921
6579
990
92809
69253
52451
50278
59746
71136
30463
27567
56098
44653
14490
28539
98442
82543
59744
90718
45351
37639
93256
67625
53749
36824
32421
80563
25540
74810
51772
48325
12600
52502
20079
26595
48330
2980
27512
77522
52012
58783
61233
1706
60106
14434
51248
15194
32396
23298
24913
75795
5400
67559
6443
54418
66260
9703
50756
75629
30249
50721
21184
99768
13219
48851
4533
63060
40853
82297
74266
54166
77913
17795
15934
27440
54421
68497
3988
72318
50457
49997
95340
43118
62437
19621
97341
10093
8616
76036
15967
93674
82115
8141
88981
54474
41707
20627
28071
54983
41741
90711
82958
60005
33740
44478
17064
89107
90279
56814
2891
78266
74454
13286
1558
20038
70546
50039
1475
31085
80084
61443
47865
88480
37909
61137
68766
91310
36661
77225
1386
36816
6104
65842
36086
11348
38762
46597
68147
67817
21571
16558
568
44899
59494
41855
86803
86892
87331
61361
86816
74536
10941
55448
98295
55491
22245
92321
40800
45657
33317
15147
12482
83105
91161
3295
13080
83671
71799
55341
53733
75780
13615
78404
11903
2157
51790
48110
64774
69173
40285
30054
10296
10896
65030
7991
44701
91365
7414
67730
79645
52510
94078
23883
26546
52559
53235
14161
70584
6049
87798
76104
74560
71194
18830
36453
97668
62507
45585
31685
66261
96310
57154
74986
40976
33689
71220
58931
87887
17563
83884
75543
80155
74962
25412
11518
63839
55183
30604
99996
58424
45287
70699
65195
61609
16862
39140
12900
70220
5202
44532
86169
12674
89025
20375
28754
86027
33657
84074
22882
48624
73306
84651
90213
92797
23401
21052
39032
75405
18900
23207
32373
78494
96413
17244
76170
74372
50181
565
35381
10265
42294
54874
52734
65874
46028
38336
70033
85261
11809
58957
8918
88582
36085
96471
93135
40968
60087
7914
19597
78560
75474
89032
62479
61070
97462
57066
52217
28949
16993
20197
9069
20178
53514
70504
97096
3017
41034
6114
5947
57530
26056
85280
93733
11859
64384
48852
55209
63999
92559
85617
64945
28572
78621
4659
22719
69578
16039
18203
69932
26719
63975
32536
3327
6616
84675
35105
64203
82154
88304
64799
17349
95543
9440
88904
15201
25435
33359
16966
88520
74854
21605
17782
45784
79044
76009
60716
40120
22808
62051
65363
78198
61896
80428
8210
63936
17937
18709
98058
56251
87578
83920
54077
35875
34567
3710
88905
66559
94692
41782
53265
29088
43521
43471
16924
28214
45789
48042
37846
39855
60027
17503
16309
57645
15186
13059
66647
25411
74432
41043
82023
73964
43902
15583
26910
18503
84014
33686
9030
96531
59728
64777
87737
72387
46037
55679
17608
97151
93995
49589
64759
15287
90839
65423
45478
6019
40801
83008
95595
30652
55241
75730
42395
61073
48247
31794
41127
70247
81968
44123
27171
59121
14053
90397
67554
38055
88261
4522
88477
84678
61586
65661
60562
49764
89841
32071
16649
95086
57819
72087
84722
83392
94449
86981
56682
64896
51052
95900
49597
46103
96242
81154
93989
3949
91237
5765
67248
71008
95285
63203
50784
3649
22230
41110
73643
74123
74124
60986
72035
20736
32994
31388
94992
44450
66555
33218
87513
32811
22271
15889
12578
21258
99319
65150
91440
79771
99476
32469
91111
73633
77482
22719
88628
53506
35482
73332
4839
94175
60172
20445
13943
40974
37115
24516
96842
7959
99371
33690
91916
57543
51734
77285
94204
36788
89827
93700
9511
49614
64120
76929
76940
90750
9350
80690
78270
78526
85635
75211
12680
31893
69014
38979
93802
88877
74570
42241
40354
37746
90757
40452
8006
41993
31123
49900
15726
50090
69659
5192
46510
66268
67155
80957
73761
72812
52303
71855
61985
20297
24053
72143
66451
42239
94412
59842
28352
26255
68211
20969
45181
3815
54670
73842
16876
45571
22938
48635
74651
24319
36802
66846
62155
41143
94666
21885
73739
10110
26729
83947
73698
16952
2100
85653
83212
25460
86612
56235
86716
37705
55801
94255
91647
91563
20105
26841
32833
35626
78385
84484
71593
75400
64636
94425
1375
11861
15841
10998
69006
14409
73270
15226
39973
14877
89315
47311
61687
62182
15474
85
8418
12526
3394
55687
93229
12977
43002
34828
54378
83890
22106
69597
1115
90744
64238
45454
40112
83080
35356
57882
24303
2400
16220
29967
3853
47308
31239
86675
2008
31401
83752
22386
24983
56340
97584
98213
43177
41518
87398
65153
57994
37199
55034
63481
35828
36355
67738
93168
34530
31461
93662
36863
29264
24695
83422
75743
54878
70683
45316
47636
36787
98449
99644
61687
41407
84910
58472
66718
4152
63445
3183
35625
54566
98645
42325
71372
23546
6718
78342
24916
23033
20352
9836
30040
82870
84067
8161
65950
14653
4349
54558
11494
98989
69491
68657
71447
94173
495
60429
39876
71999
38362
73115
22011
35777
99351
97391
69290
77680
59292
4918
70350
53719
44013
52202
43481
70118
48279
74984
54943
63182
93446
91993
84926
33832
34243
95692
31879
81717
34061
26405
54189
88192
90674
72782
45385
85024
66219
73035
95719
47994
26386
65132
72305
77219
81568
37052
67319
41922
15687
29271
96663
53460
40553
28408
23598
65737
91572
4559
87963
38732
84474
28146
77420
69825
12145
50763
44712
12902
27459
30447
55512
82716
78931
25998
1938
81311
96845
71494
54276
19952
28264
61554
61274
1428
47932
36288
6220
58357
61434
35008
71814
84806
92748
78201
71381
73796
95369
19861
65771
4376
32341
13405
72176
72889
83987
23647
34789
76463
80648
57099
80470
35506
55630
43006
69883
45937
90161
58805
13418
95054
79689
73539
22301
64070
11381
76893
40604
15023
58224
86771
2599
76058
8723
69529
17795
39031
46855
9828
5694
72216
8101
55920
4511
95214
88140
1085
38223
431
33853
67835
35038
54362
33974
61722
54420
12017
92394
34724
68469
64132
88538
9158
560
94223
83858
58505
29700
63545
97858
6559
53552
88125
69239
80825
43477
80774
21110
60822
34633
43828
87764
27029
2395
71291
9493
40203
24031
44138
55999
17040
4629
50121
25018
58484
50298
68347
93926
40047
82762
16387
45497
22102
99663
55555
14676
84682
16363
91872
82688
11786
67135
17569
98090
72840
83542
79159
79641
33721
11537
22678
74184
44006
25423
46272
9348
75648
92376
25507
24131
52624
50310
79321
76159
11565
63089
35790
10990
6566
98741
23135
16383
73407
84803
94589
25107
6264
32417
33488
71958
22761
15390
30744
4121
85802
12886
91855
92781
97774
43614
7467
84701
84496
71629
94239
36552
60454
27816
14529
40122
98578
32328
614
58183
85976
88105
7274
66883
66057
21138
36556
78913
76349
66428
37109
3781
42048
70272
93305
28360
99843
36002
64982
53928
19155
6196
8185
28105
65703
63304
78113
61324
44274
13046
35963
35627
18233
91910
29100
27854
79967
58875
9421
13197
82171
17437
70256
60898
65515
8992
34145
86825
50850
60950
60328
89816
42269
47310
80811
84085
5043
44007
17073
17113
25002
64821
91073
61471
96871
42734
97032
85416
97437
10226
79065
34894
92551
53557
35950
91555
6544
21131
29805
5317
55887
91534
32455
55936
21137
69647
84762
11521
40334
44279
44117
99891
75966
75512
74876
65656
89092
41493
40417
70564
33032
32874
51378
47065
451
79802
22035
64699
18099
37843
52800
12592
78159
61024
54004
70614
47540
87147
84840
12064
21821
12140
37555
48110
24785
36819
85199
5513
56150
4142
48764
91832
9572
82039
79134
26721
60277
60221
83234
65471
45048
11694
24830
85149
12324
19390
22
66540
49322
61174
81178
69543
93635
83836
21164
17568
19784
79034
1024
63334
43585
7694
96957
95286
44693
36110
97568
71387
62592
17845
47775
19044
26915
64750
62891
79872
90612
62460
92174
57368
1846
20900
58228
67401
20356
81017
80199
35068
24423
91521
83314
56772
26088
45192
25703
96756
35230
34337
58716
70362
47976
4500
83887
82204
52151
26025
19339
64877
87427
4464
23843
51212
75486
32074
19770
36346
94693
63191
66661
74390
99570
90877
11785
85654
3535
13233
44830
68356
54213
72198
98773
20499
76690
98703
73654
82876
40345
3858
83521
77817
58611
59692
56950
51005
30148
94363
76913
70255
17161
11851
75309
49217
21100
89280
79305
75281
4474
43037
79239
82779
96620
61648
85969
66680
21121
2362
63095
9144
75949
98590
73587
80504
10026
98372
1550
52703
47725
5323
22107
15675
73236
39049
37857
28371
83451
61472
22230
39784
89837
29472
48390
57165
64792
76082
3347
23296
46745
36616
70550
78916
55479
30047
55268
40988
88203
28014
83501
48582
76989
34702
58045
35250
746
93061
93573
35294
56737
60976
93908
58319
45869
21869
92222
9454
61100
13027
77471
67580
66815
36494
34809
93684
84346
23562
70968
81148
31131
1788
29495
75558
85591
99960
94332
77449
20144
2962
41598
51607
11587
85892
86695
54971
79165
61849
81556
77842
98254
78004
60281
48547
50965
73632
74369
89275
87163
12692
26643
49833
39229
81314
70993
54131
55328
19421
99034
14547
4073
58661
35055
72210
64836
12177
82675
24192
84578
50231
5739
54605
16864
31418
38629
33190
58498
32529
37397
3407
69566
47632
7225
43289
93877
32149
83742
39649
17212
30162
85309
78117
28057
26066
26077
49987
27530
54473
54780
92656
64286
59068
61128
48434
40775
74858
29671
53819
74631
29334
59030
40226
91623
71282
47951
71264
10599
51657
64451
27715
17231
52713
20199
75346
60484
46764
68972
4638
53655
51042
27430
63137
34199
58300
36942
93847
84935
34999
40419
90773
6025
18754
94923
69898
92762
19246
36119
68496
5207
47826
71972
24751
50845
71448
15678
17327
50063
27560
72415
6647
29552
88814
36629
41959
52592
54826
98178
60174
6691
85044
76669
56265
44685
25258
96725
23289
95578
34648
17814
84608
14730
37891
9412
5399
79113
41650
45636
1135
34333
76153
95322
76322
76632
52547
18765
30229
17838
26075
33191
51021
3968
82007
50681
15498
93015
11458
78267
5348
95756
8773
84112
4897
94819
74001
3464
16849
33689
99691
92287
14566
98482
12212
8099
90675
94773
66932
82514
20671
35540
86115
69410
7078
9698
25172
89179
56077
88073
92798
23679
54528
61684
20167
82377
80361
6535
78000
90067
6479
48719
79767
20401
63849
69683
10125
95675
70781
73737
26325
56617
87162
58534
77077
13462
1294
67725
77565
87271
14821
37929
32817
22693
53599
3830
81332
35973
23212
63257
17715
15529
76294
34447
68331
62720
91307
12675
46072
76872
76982
72313
35675
22644
14457
10760
95014
63208
15385
1189
26855
15521
49094
75450
72144
25874
70166
6645
34815
41897
27965
32380
74127
9392
78922
43135
83321
16847
14113
44518
78664
51086
53744
18313
22712
23640
36977
85887
57418
29724
63419
17101
29383
72941
34725
22304
87118
49033
64920
28342
24188
9527
76272
99031
86519
38153
58639
43969
38263
71553
89470
16001
52146
92112
80481
80061
94050
6810
68725
60621
19636
9173
45800
15979
20656
73007
8437
37696
80256
44751
78651
44957
79839
75412
81785
66315
2976
52763
97481
57594
49400
59036
62518
79510
98569
85651
21083
83896
60652
43964
58617
17369
36729
68407
46548
21313
96406
30316
2283
26365
87770
23080
72530
13230
63293
64837
18766
84894
10750
60359
91916
97742
94992
5763
79038
74507
11586
32186
64947
92480
29226
16835
2354
16164
5037
13159
33939
68819
76461
60134
22586
16859
98799
22999
79856
30605
93640
54572
92608
35443
51845
42612
50955
74369
66707
5498
95337
15812
53809
26250
99421
96407
73680
65684
97939
6772
14595
69961
66072
9863
20937
13186
22774
15422
75349
84001
9195
61213
65206
88079
92229
56783
38600
34788
90236
69302
22230
11044
34700
46659
84841
35655
39149
11905
8978
17233
41392
42892
52336
48768
34393
92895
47487
90629
35188
42731
34877
1129
9909
8035
14618
42832
86256
79732
3547
94811
49425
24339
15499
48167
12090
81998
24767
20627
54135
11972
96004
45088
29630
83696
28712
21201
97672
28256
66273
8721
31367
84613
35486
29203
58276
87523
28168
60789
50134
51912
65620
38718
71008
67258
9928
28102
34343
49256
36423
54805
5646
12642
94107
7587
74609
64773
6046
81375
17467
10862
17893
80171
41316
7376
1738
21444
85866
64865
65876
85696
18794
53806
46981
96912
2395
35823
3840
2373
3208
15574
59476
55311
13544
43648
1258
85440
88156
60174
68551
83983
53220
46381
59838
43288
15710
3473
75094
84576
95804
91713
25842
14487
88480
74955
55267
53174
26711
70520
53351
48904
44816
32634
32475
76325
47800
72322
19877
47737
29011
40911
43127
68740
6008
47872
6848
73210
1801
83531
3093
17386
23182
55494
25303
51740
46029
61282
87521
6356
552
56215
42065
49491
9300
18906
62928
48220
67793
62828
63104
64916
87850
95628
43585
94787
42059
88749
70751
10135
7546
51554
67612
31175
16052
98485
5622
61877
27173
89847
10228
80237
2178
67153
84690
63978
94951
55706
40071
31128
87688
6881
68495
70228
99926
80426
18490
94159
30321
44438
5136
53265
64964
91898
39295
73787
75042
79282
3042
95493
85946
31086
64816
21477
70329
42634
20863
66865
58877
73500
40947
93948
20402
53319
19462
82620
13931
28972
87829
2509
23326
52000
78437
51630
81724
55768
34577
66344
15435
73216
59729
42351
64194
25900
16552
14913
89953
98726
81258
9548
70443
84742
15656
9676
98593
94688
8730
12722
35644
44598
81415
74304
6822
78574
55636
62512
57365
43135
17127
76277
6117
13285
53398
9465
99217
60916
90545
86949
30190
39848
60265
95935
18500
72347
98620
61710
43434
52688
40350
28345
82525
67149
86244
9869
90812
91430
75664
75933
73283
16883
83637
72228
27203
88259
30758
76774
35290
27786
75039
38868
33044
55446
24463
71118
10461
77535
80769
95395
4737
86045
59269
72276
58371
54516
10048
17847
18422
69546
49997
86616
78171
97913
63214
13369
73720
81311
26835
77913
56977
49842
22501
6611
52422
30994
80496
48573
55977
90487
76939
17041
54522
64521
84869
37705
40801
42703
21102
53027
67111
31263
28031
15652
49105
88691
31943
20601
61625
96637
6355
40344
24427
5361
3544
48581
62106
13281
78752
41617
62588
24006
85007
54524
33705
83609
88402
79579
7051
450
36931
75125
84066
90888
30810
48839
48087
16135
42931
49448
77979
95776
40056
68806
97755
20074
76876
41679
95842
90022
58196
64204
32331
59184
42113
12519
48449
92529
59934
1838
36118
11442
40210
50224
97596
27595
2483
20932
52355
13625
69640
79433
68048
5582
68472
6375
98006
56289
59252
58196
56371
5511
94302
99507
3018
88538
88981
27703
25304
30197
33662
11398
51093
56738
59921
54936
13641
1514
64700
71295
98377
93420
99288
35968
66573
17641
86182
65887
88015
5851
29701
30809
58465
74246
39092
92554
72235
96551
96734
98448
30465
27337
2727
66247
72445
51830
45105
6866
35454
51306
68619
7099
32316
41859
74135
28722
98662
75701
78935
79218
91738
59579
82803
85857
55361
32488
62377
74166
612
57819
20049
79892
11343
96432
94284
6645
7713
69459
40361
48738
70285
82319
53619
25342
92432
17541
79067
42627
43087
56440
97597
82340
51724
49733
85425
62833
84740
34960
86993
43545
16041
21658
78210
57290
56983
38767
81249
47732
72277
18939
33803
40587
61131
60125
1736
40523
12410
59699
31765
25238
79675
70933
3213
47161
3032
70846
62388
65677
28929
58660
74304
65816
95277
94185
13444
99188
62542
41194
41722
37000
62894
93012
74060
40210
50763
74519
82463
36550
56621
30387
80828
77680
15456
73935
47004
52917
7315
51560
87472
89592
61931
870
20042
9976
46500
10635
60812
72534
94374
88100
84011
7765
9472
87554
63519
75322
41891
57954
9610
11731
61853
1448
44834
58292
82321
30347
72413
71644
1456
75913
3352
92246
47158
82395
18660
20027
36547
88804
9837
37621
44724
44867
4872
97503
48797
54215
14937
53032
87718
76322
88543
25974
43679
58934
55580
42695
93313
5837
68452
56722
22723
88325
95937
40492
67286
65127
52480
42887
68157
3544
46877
54005
17836
27593
80646
62186
60155
97001
53486
93727
44039
6875
93712
95795
23751
34082
60510
58188
86790
61816
63333
98331
97537
78846
99519
21598
57630
56590
16660
5822
71079
75084
54637
2745
42146
75131
6072
37242
71950
97996
18641
36868
55516
55792
67379
5998
72679
86319
96603
61992
96498
76466
16564
14683
92285
4954
54437
42575
38947
26931
54483
99718
90356
49475
59732
32197
44713
89149
35186
12755
95625
19730
38551
22138
99703
28295
66875
34571
26678
61889
70632
59230
11418
37405
69574
40982
27756
93596
95560
44963
82682
49371
42929
81057
72120
40033
86436
72958
2679
29330
35304
6233
48832
40481
42612
89670
48910
5698
16700
14382
66949
90045
98296
46515
26930
27710
13037
90641
35489
43305
27867
60543
15893
2154
53987
77845
15752
91723
93074
41768
7903
58367
92142
64081
7784
97020
11931
57515
93587
7718
90923
4315
38250
85669
96896
99050
83854
96152
8959
97870
81520
43043
49203
46023
69321
92068
2715
63301
19767
61252
12721
14566
55796
9385
29912
11581
94132
76647
82465
34542
96123
30902
18650
982
17624
89471
87828
63208
51650
91857
98639
12402
81102
7472
60132
42302
67018
57709
3759
69972
81497
85520
45719
74045
16524
86801
15259
47938
43865
16679
22522
94227
89818
3128
85215
56099
85828
32847
1672
92625
13954
81291
32689
44770
95278
59764
19074
98249
11948
12552
45425
86088
54019
96596
21909
55280
46745
55038
74281
24421
45322
38751
28345
83869
44740
95982
91021
87271
16225
7607
76751
75304
51106
29675
68697
63712
89509
67313
37376
33515
23843
31290
41399
41380
56873
75986
80098
69636
51024
77010
80824
65672
73691
39635
59475
76464
25933
75229
22456
59844
33668
74845
13117
20593
4886
82965
41884
44145
3078
74061
52371
33161
95043
43271
32724
27980
64158
75568
35472
75804
30949
60595
3131
25072
94625
64039
94076
92593
2152
70793
94932
94879
7200
11364
48936
18929
42129
77772
85164
65370
15142
171
71182
64966
14944
5683
16477
92547
58998
90386
47892
45469
34860
51107
25542
1506
15279
86752
73095
83204
97899
54005
79061
68316
12745
15377
94178
12396
67849
70102
24095
61725
7095
91151
28998
61255
74061
29121
26596
45231
99973
49050
27201
25162
66361
66342
26669
53696
88121
44065
31689
13228
45032
18023
27888
46944
13268
47878
21312
19813
35344
61205
37576
90784
85104
50686
34447
41647
42368
86678
39518
43635
90400
90606
23052
94632
20480
61282
81669
26896
11220
39950
52182
22446
79573
78081
56439
70285
7028
49641
11413
43713
75003
5774
26139
84805
51778
4667
60252
14787
41707
91766
82912
40787
53915
40753
809
54107
98741
68057
92065
46324
64948
50572
86049
56365
1604
98824
38688
36585
46142
59294
40918
93475
99967
66309
78700
88914
52483
32586
39235
39239
25187
88389
52861
40819
33033
9128
3851
73478
68235
176
66708
86482
28812
87198
35807
7054
65899
68511
22238
79990
23237
27143
25687
43184
66958
20893
48783
97001
54439
64720
56533
45118
17948
15815
48617
38775
44958
18645
51015
72269
97720
81067
1364
76396
83760
93928
16612
22100
2940
2188
13253
88313
57341
11850
36523
87403
46685
29723
61913
92592
18689
63023
96233
67724
32203
83807
86872
31651
58478
6846
69489
59637
8782
69582
42132
44264
45556
46
48835
90820
17836
26321
24393
30231
86235
3658
72007
49913
80224
89635
79645
71081
86629
49582
561
72726
9058
20370
62526
13563
60814
90119
32028
23394
98371
77116
96552
34505
50925
23541
77521
51425
56111
41459
47710
35634
39795
34252
90207
90365
48747
32921
16782
65050
10344
71598
83490
9696
1910
48292
39920
78627
63794
36402
58557
62711
12873
99931
95845
29618
56527
83968
73761
88016
29145
82710
72313
21904
85207
94930
92038
27420
10993
43073
27810
69190
62909
26517
24207
26381
37562
68793
27040
4191
83629
98885
44104
17016
11797
6605
86589
93513
90701
28115
48489
83124
55549
74590
92397
55092
20477
90466
32689
98169
52200
18590
62860
84656
43449
78405
65933
25794
33380
37492
92772
10963
41779
74531
65584
7754
62875
26231
26374
88817
68987
50547
26170
63858
47729
36526
10990
7969
58041
3168
86580
62969
69954
86422
31265
44798
64047
14341
90832
34978
94055
33019
69007
68899
39417
92784
11146
94577
94063
91740
90643
62829
97006
26947
54827
30637
63432
28011
66768
52989
71134
74382
71202
15743
87861
10635
10739
31379
93043
42998
71339
16593
97110
52528
79445
79987
22162
8977
28618
6032
29797
49377
16216
25699
84281
58695
52046
16010
84245
48185
93063
1163
81216
63506
24496
72400
71539
38145
2520
66515
51258
35134
95699
92181
58023
28791
85963
41383
49234
64393
41795
4812
47665
41547
39657
29942
29072
46595
42040
95245
95566
56828
61575
75854
24500
8079
42994
97424
72433
54142
32130
47938
97303
18848
35324
22703
67724
45270
78019
34500
52878
98204
85834
78440
53927
37564
90554
76778
34280
10428
45052
55929
40677
17079
27461
67084
61421
77737
4315
59522
10436
56324
75975
61859
47582
36864
22841
39142
58778
70863
30578
27148
4089
60655
30611
44393
46746
5080
28704
21923
39636
3061
70384
70290
10895
43215
61011
37096
61439
29253
3264
74506
13246
93560
53690
51740
19972
58595
68191
75644
11238
25352
21421
68932
99432
30949
52113
33490
63680
13061
67021
42789
5097
35794
34725
63006
93472
17321
27879
39142
50911
20838
86741
28174
12788
84990
44432
50192
93949
52332
5538
87317
38114
66403
33319
34288
90638
30722
95577
38664
33227
59077
25783
88788
59578
69336
45746
45246
71916
49382
72244
36585
1696
96720
69549
86415
250
89082
19867
85027
79931
28575
9045
39766
24995
89028
64660
73237
98816
62346
1119
52687
63473
93565
21649
91156
99003
12234
96521
44216
49479
51565
1358
20759
48247
63688
65373
83443
52643
71375
66512
44665
37781
79968
57709
44898
51165
79313
77768
28021
56977
93762
21110
27882
81956
2993
67887
74121
69825
17644
41567
17168
43301
41440
54793
12787
65559
36016
536
33726
52581
2050
26660
54166
69916
39540
34461
23198
48515
84364
70136
6518
86229
15309
18291
90205
28985
39044
80453
76535
65376
7682
49127
60905
69018
26693
56826
9441
37237
6959
57396
85555
77683
88663
10410
59678
14534
35550
8923
61326
72779
81818
16054
37882
49345
12271
37385
55181
55012
6716
9736
89314
93226
94225
4246
54824
43194
49598
57299
2277
6436
4966
33218
67511
36032
36818
9942
88917
97095
33826
3481
26997
14440
159
33048
37799
23528
23884
41101
67389
2265
83963
78154
3342
20789
59996
53504
81200
96344
49455
906
71619
29496
78362
32473
25613
85730
46007
19484
38304
63665
40229
10315
81079
89261
42367
67761
52191
83262
52649
86931
76403
92332
12838
78017
42367
75573
19751
82296
33734
83658
66558
39666
35583
97990
95568
19883
51482
84139
67977
71984
3425
58075
59786
91750
14265
50256
5661
41236
28776
16824
43753
68335
16144
12465
42305
6048
4473
40029
59990
2963
32269
42786
45869
20991
59485
96161
90124
77965
88609
6768
32973
32423
34269
80918
97717
29662
30015
62915
88222
44472
34372
5706
14800
13076
57178
58780
75247
61947
4896
35649
56878
24517
93066
63797
67777
35301
3937
8541
41392
72498
58567
24773
5799
9715
66488
88600
17130
78343
84780
69179
95782
60654
32761
86758
53763
44055
95125
12768
48918
47142
94713
83414
56338
65921
25377
40791
13150
57464
13199
17679
79938
87888
36400
55870
56923
72426
81206
28949
24142
97236
25445
81964
66009
90507
75593
26307
69125
68363
59172
91059
37816
27574
48166
20783
66950
50973
28852
68381
84392
64141
13291
79083
79525
92472
74879
41167
83532
34015
20732
47680
22244
70778
34989
15594
41819
18788
68314
95218
91898
8709
60492
75655
39066
65853
74924
62337
80431
81322
2794
36185
97282
61303
15770
57347
24733
51713
63480
57036
29280
9190
83756
31437
48816
59052
6184
66921
13423
81996
52911
54057
44295
12121
26160
53905
31167
31921
68271
98719
4912
74751
90821
2783
79761
69417
27486
55854
81551
73213
21760
91273
48313
56147
92811
39921
28055
68255
41756
14109
43898
81015
61899
57436
96750
55739
89333
38950
64301
34021
27284
92061
93101
61454
2793
33093
5017
6233
88028
71165
8990
34209
21787
36058
75547
73563
10398
72703
55100
33735
33515
96922
12544
93081
7380
68445
55125
58814
30334
63416
91302
60877
98589
22288
83243
49355
86619
66142
49758
7099
94904
61126
40974
55360
34284
61554
37452
81584
56295
43371
49411
26616
31481
71284
56229
61382
43213
24995
70848
93687
59536
24668
13839
78781
77648
66379
67660
29195
64735
95326
21380
8289
3575
86717
11139
91599
55
71719
83534
94056
93676
70122
21104
87461
95755
88734
66892
2226
25786
48927
15825
84729
83854
15878
67372
37993
25839
12163
41398
48642
2232
62712
41134
22592
84411
16660
78722
69282
92417
26283
13063
89206
65455
57327
6536
97987
36484
52046
48666
55250
98847
41639
45710
26393
47741
61481
23200
84997
48960
1291
94797
93476
70475
33122
98081
59661
56393
73090
81006
7692
74094
28595
86009
71566
48501
46383
67790
67237
18345
64918
16691
18488
11520
38831
76986
85451
25088
87515
96592
2310
26117
45111
2515
37796
13435
14958
8097
83899
39366
56312
72395
34018
57697
26804
96520
16004
59971
70109
59526
70272
40541
72299
6491
42842
9440
84457
87002
73282
51036
61743
2817
34015
65444
16892
23790
32119
56685
44465
78258
73726
19508
45228
69918
19160
62559
50080
32506
21228
79612
11022
77972
84968
93893
27490
55862
95051
91781
14764
46064
38835
90229
37848
37492
91684
91967
15053
50081
96977
84516
383
90743
65546
67961
74962
54538
23362
27979
56300
77617
43515
75139
48692
93629
81328
44389
33517
50151
96415
59634
10569
85058
9618
43086
51180
88496
29673
47836
41119
76529
88997
30789
12844
26709
29907
36183
57437
46195
77139
810
300
33938
23556
76286
41798
66116
41613
64896
64129
38163
13675
12043
43286
98900
57138
23115
34909
37592
80674
8349
44901
10112
83176
17779
90092
95217
21677
90004
64705
98173
6623
66879
46291
90849
9882
70159
82901
10030
67571
2138
89874
27806
25633
67988
40135
67272
43080
54002
38689
11855
80771
92104
17107
63252
65997
76051
21203
47404
40397
53106
67794
85325
96092
54863
15319
57986
42707
59740
22520
73757
2134
81145
65556
86956
7351
68721
24847
43908
22632
72324
426
6586
87457
54240
3902
53297
61098
12328
11093
32205
31941
38263
7494
58790
74780
51293
11467
99096
19874
45576
98624
22135
69033
77662
91962
75008
42911
22407
61218
65035
95845
68295
87853
8957
1615
90153
63225
87449
80241
25687
26118
37302
87787
22597
71598
45516
75475
88014
19586
29992
17564
86967
68131
64767
12416
24271
73562
26816
19279
96408
41332
40833
81556
93759
42270
93147
86240
89606
46841
68050
41430
39044
24793
4332
47218
10594
18560
83460
70231
73478
43410
13622
31475
33516
94772
37242
70737
6480
79398
67310
50618
68233
5563
651
73929
46575
26673
16218
69002
34013
89553
54367
45038
42481
62628
45683
17262
41137
91247
30512
39482
82024
51661
39366
21821
7245
20712
11659
16046
37796
71028
33230
53
24126
60072
72172
72503
87676
25114
67228
25185
95057
73205
71781
2605
39301
82073
19183
93684
96757
62640
94646
89360
32280
29960
99451
25964
36829
47378
60054
64043
61264
64470
70822
48242
67259
77041
28808
91091
32617
79148
69926
80951
92838
67034
34086
70823
34722
43886
4388
83350
60692
2454
23322
49582
12859
24376
47707
29590
56864
14503
49023
62110
95383
8258
40632
59399
88037
55913
54692
11249
94043
28349
20443
44161
69824
89971
58472
38191
27309
94549
20405
78602
90609
92053
75743
54120
26101
41711
39080
34446
44794
4730
50763
82681
55550
33866
18410
94118
45886
36549
98019
45412
14997
16831
11265
55508
60803
51189
28207
53338
77641
91459
10727
98403
54608
64066
25448
37042
30057
23202
69735
86505
73807
48319
52604
63792
5416
32931
33917
54245
13163
38808
3625
44609
20444
74920
41146
1795
62291
12595
17181
53179
28762
62284
22430
83381
89557
2865
11164
56415
67707
25893
63323
697
83267
67883
35801
36728
49178
25089
38552
38071
12305
72279
35802
1371
59635
97642
44011
82242
75924
27682
91096
16391
87525
91268
99549
88468
66979
4340
32444
89988
90641
42827
57834
97011
34298
8753
99971
31653
70136
23672
96414
98640
16978
35956
33179
77096
30207
31066
5688
53285
75210
20564
90627
18610
57710
5119
19882
64020
83168
47489
64654
20565
88204
51050
22262
14924
1144
42086
7744
90475
61125
19068
36882
41317
11891
75494
33711
26490
64196
75597
30437
44640
91545
75968
22050
92815
1336
34897
67975
18185
22255
57996
64021
27749
96658
60053
73860
71895
92961
84413
91411
6749
50277
63712
12409
60936
249
10270
48090
48357
61189
26037
78965
17383
23589
32919
66330
95219
82568
97613
29529
67752
94452
83624
61205
22217
42727
75455
57912
53032
15161
93706
12480
72816
51357
23802
1463
67279
69862
19923
39744
13342
81510
48743
41773
29775
53330
7632
93774
90802
76289
15465
56580
19300
32787
94313
63187
97044
87279
28542
97269
8339
93892
80002
19724
35736
96849
48988
20464
31885
41504
17046
35014
52601
88428
77302
14801
28747
79844
71036
27970
44351
75624
9495
39627
57073
42992
61380
39890
27227
87052
35492
16993
17612
5478
76184
72698
78696
73604
43388
26151
59670
39433
28413
54383
41674
15803
94360
61349
10767
47167
88209
53659
33040
44000
78061
81364
75619
82959
96012
21014
18962
52741
77190
24286
10088
52643
56033
98350
29461
59482
52684
43297
12702
96999
31547
77663
8804
2998
52096
61836
97679
6215
10562
21051
28022
4526
82429
79233
37390
44404
14038
61252
36045
61596
70360
65425
2681
14880
96080
65932
55922
99032
19841
88514
42425
84412
28741
95643
25884
20642
7778
11468
80031
17985
66404
77736
66760
2838
22844
40406
26054
13155
61877
99358
96159
82741
79406
50558
27573
41823
52025
23929
78005
76386
58800
48334
24988
69710
31150
26502
36421
30946
50801
9511
38899
59983
86026
46086
27064
25499
28638
58425
88288
15297
36061
51018
95229
24309
52284
75624
76495
39013
62609
8120
62895
78139
43947
18792
88665
36480
43851
71524
51668
20635
28450
63778
6272
57590
23273
46487
75514
28353
48247
87661
40462
9232
62051
62860
83418
56799
60598
10260
52603
98550
66155
11661
36631
55336
84871
19414
75206
67477
62863
35578
51069
4912
93962
33888
52984
16762
82708
33377
99364
47469
98555
12149
14758
30901
33914
16614
50955
43800
53040
50118
37165
18359
95516
57117
15487
6252
53367
34106
62454
19603
5838
35946
65332
51206
55195
40679
95089
48960
6783
40615
98344
74755
63198
46838
66395
64788
80599
45374
85732
50820
74686
18818
33018
35530
71223
66986
15356
41932
57361
59161
4541
13821
85533
8634
49356
24896
12906
99929
15198
99306
1311
92494
58074
83462
21268
82260
89473
55506
44013
49047
87897
74054
50579
99724
88244
66517
1969
68890
2945
25355
54504
63702
96879
49143
55311
86670
35897
54819
30443
69403
51315
14142
90119
40441
34320
12698
86608
28914
61229
26929
79920
5558
7165
67394
37061
86535
27441
23034
19772
62769
21187
73230
59855
18871
78848
31557
44601
77768
46385
4402
62226
36561
66052
79102
40716
14412
69788
91140
64936
54133
76657
58262
25365
13949
88068
71134
19142
76280
17924
5886
89775
77458
42006
49657
78780
45118
59397
47146
64494
79406
51654
46226
62707
56062
83334
98480
49953
49035
52594
68808
85070
53250
13443
67654
68783
51474
3332
20667
42923
35843
8929
90854
50939
1856
91406
22415
99329
26352
47633
11788
56130
7715
51469
73030
3170
77000
40075
26870
37178
60923
41863
33321
84472
62298
67125
1795
37587
95289
78831
27967
10408
58060
18332
72372
69751
9250
85566
92884
77140
56657
39031
66926
60170
83916
24089
83219
87250
99793
56297
93046
97388
98846
4175
39884
48760
88676
53053
4146
73972
72596
6682
39278
42066
24054
79785
19406
53748
36089
26683
76013
12519
23045
41229
21108
57977
16331
12863
48093
23353
26590
16435
90578
90794
43195
62430
7508
91075
17923
11278
99832
73478
95529
856
49227
3675
91623
4669
72759
12648
4875
18616
82845
36399
53487
20839
17474
21316
23590
28147
73703
79433
57682
21917
62576
81705
82067
24743
92486
52717
1978
94589
11991
33790
38939
55390
9403
15384
2433
683
34450
15782
54331
82538
71337
57664
84628
22551
97948
66462
2465
88136
93493
94680
95891
38587
71410
93692
34764
27647
82821
74442
92750
43132
13045
62511
70223
14304
9697
26940
19049
9030
421
58755
58957
90501
99733
15566
76536
29394
27974
13052
55134
11507
88268
73560
33443
13506
75134
14071
17321
71898
49782
58222
73507
40288
38228
78830
89351
42225
86818
24189
78882
45412
70835
95602
76006
46172
99172
46349
49023
91501
67012
20304
10147
28840
69648
85822
92103
88484
41719
49263
91918
92715
55004
14125
51932
24318
34042
77934
86345
57670
38274
67150
10674
10552
99935
14760
98185
3620
97915
36720
14060
46971
48634
73265
35507
78554
92740
34398
35107
48407
37281
62167
21856
86151
49308
99546
1951
48553
70858
16355
8953
17971
81764
95842
53435
6423
76335
78648
15546
65969
97501
9773
29764
62192
59212
30064
30994
74462
48653
11020
44922
33582
15647
76772
94049
6369
74234
92619
30734
26293
23143
49378
66009
46731
52748
31215
68738
1875
40966
90710
32158
3862
18767
63159
17771
64256
89727
88387
8837
90536
67982
68796
21874
68637
51095
32073
34519
51758
40825
8915
30958
28022
95607
69246
73711
16707
96479
96647
73707
73154
2760
58775
81271
72040
97908
88769
51237
9183
37109
62014
91983
31755
55084
51682
54253
91928
88780
3226
69382
69122
92893
83141
25538
30625
51549
11788
35678
24271
32800
65375
83705
77462
59288
71406
55019
11131
5233
81152
73526
24001
80595
23732
96948
7708
84266
55378
36336
15955
5634
21068
80721
83185
33067
63318
61136
98792
38076
34911
2410
33762
82708
44843
75729
48581
15132
35983
34494
14850
93833
58249
87521
70171
38429
29401
34265
24975
8525
79711
10718
53699
52477
60754
60796
44174
66023
37242
28730
71265
62586
76204
95352
49905
98495
74400
12440
27426
3319
44239
87186
84306
89185
70862
91979
13568
50520
39202
62689
98615
13848
12447
42205
63386
59425
92289
55467
96942
68020
67654
67557
93726
47866
51590
61291
58223
90244
39792
66767
32898
40973
54242
11981
92991
94204
59044
72152
15811
8742
20034
59120
681
20656
37284
99663
71758
24402
3948
27970
6532
10102
79820
28821
9365
40352
2273
42311
93522
74152
50063
94589
98487
35202
96059
53394
93596
47807
46271
37452
32155
45900
45101
9578
56760
12568
38692
249
17650
75636
18408
26374
19749
25842
74177
4526
77849
31600
29906
6897
27307
15310
435
40676
32822
90490
77518
26886
49982
813
31475
46091
45177
72335
76536
81300
36154
46901
18353
63487
90426
4683
98119
4090
46693
94380
73144
85267
17375
12782
45452
49419
15985
8667
81231
72586
96916
51865
15535
66252
10969
30891
16980
44056
59762
20241
59671
68721
68064
41547
88320
45957
23322
58971
63520
11363
18551
39079
76647
64905
26073
44285
77347
48892
17046
72690
87255
51601
38052
13091
16595
16680
60224
54717
70773
58360
13755
88471
348
453
53313
76285
41189
98414
96103
15560
62116
23459
59696
39592
86401
39604
28381
76579
22284
63397
86159
13912
40510
80670
91322
11580
99150
95166
89736
95526
4556
2735
66246
25862
39421
56628
85711
39663
35348
90943
8979
1846
54186
39840
3332
75890
87961
8472
66173
66051
57179
67436
87536
4176
80665
22100
86858
73864
81523
84018
18564
86250
37068
23136
3433
64096
73806
45347
18015
72070
37121
24060
53268
81129
14755
85437
57927
36650
1541
62905
45679
27649
79298
41299
21676
94175
19805
24952
57416
45900
95382
40777
98698
89678
76968
86513
54807
43819
78498
38549
23077
87078
43392
9737
65885
97701
84901
19391
97068
43251
90583
14010
81990
49793
69207
52417
99096
25224
95740
24079
86249
88394
82955
39334
84427
5142
1685
78564
43268
51914
55021
70766
95796
88978
81252
22026
80578
92462
92163
91177
69287
36242
6405
92384
33943
60552
69294
90615
64135
26384
7851
97914
55327
44391
34279
63950
90718
94117
92296
93822
61924
86624
48132
77171
70401
86830
86243
48418
66775
57928
14610
7967
29422
95659
90593
33135
49172
90680
50522
28059
15694
75226
18782
63328
17504
71879
75486
14340
78613
57760
15315
51075
3052
53971
41786
94503
76639
88352
57615
47286
61393
12824
19685
65733
40883
58401
27936
4330
36018
22518
78415
47568
43457
13131
69481
98404
16191
26639
80771
67436
96933
17002
91339
33814
60910
2693
86884
86830
62243
2889
75838
36874
22850
19840
79409
22400
66762
14744
93590
49623
94662
99270
49026
83034
62932
55047
80224
393
65456
32129
2698
13738
52897
26344
96132
6973
23200
96156
75573
50541
54305
62608
29826
92257
61696
51909
38345
20275
62665
91221
32535
92536
24163
5676
26022
75390
13146
55665
12151
22548
44935
15970
40648
33986
20799
75741
97618
44218
1781
2651
98273
74982
52332
99926
91952
39265
9790
21772
98177
66882
45794
57916
49623
7762
41565
27308
15056
6079
89639
2765
49377
11529
16793
29687
96784
86905
95952
93486
7080
25874
50145
6310
79965
51519
94809
26818
82653
72716
49743
60055
83982
81425
78345
58608
82857
83049
56776
10187
51827
17153
21873
32384
41620
58283
30456
38818
2870
82546
21291
17054
86396
18472
40280
89248
66492
38236
90140
88597
68347
57159
31978
69228
61699
50597
12692
63445
87267
99040
61400
51851
65795
72392
18634
73038
99
448
45626
43464
16367
54130
42882
66834
67585
8578
40751
46895
71891
36575
39337
50390
99902
66390
53920
29837
71893
29889
34517
60816
16471
19837
6050
60049
55701
70457
57863
11770
53953
34442
75762
89326
5614
13595
85258
73357
93802
81762
54168
76438
28565
11054
86611
92679
31580
89116
57638
33567
10935
25321
65856
40933
84027
30434
9848
24642
4252
70135
80955
71017
61827
17454
37268
89046
20648
54707
8502
3636
7244
92333
39529
16697
27414
37260
30894
57772
15112
7999
58801
48455
17789
37026
67978
16727
40705
21364
5584
24416
10285
63846
27707
90942
14781
24400
64436
52294
36752
92701
17851
75595
9436
92679
44885
42876
99179
54558
32560
85226
43446
26593
92180
94568
18908
44879
69575
85515
25887
1975
2589
63473
56315
14187
26683
57181
61667
63955
66566
93440
49051
47710
4109
73493
84780
53363
41232
94499
49255
52742
60939
34661
31257
53319
88483
55621
15207
61652
78443
29860
55015
26318
52563
9815
93562
89673
93518
83116
44074
35100
32607
46090
74427
52153
71168
16854
27313
12023
97550
43762
17375
96106
89876
79296
32551
18868
36914
64580
27155
42677
20361
42855
17646
18750
45702
12568
15199
96228
84649
4844
68195
86127
96209
6151
20839
18
10695
44851
99903
27477
77187
64365
58054
43086
1374
70527
11378
14158
42581
90599
47347
63031
74038
56119
54952
73771
48139
55990
59645
24224
26272
63396
37221
87120
95474
83642
96657
50925
29334
7024
47594
11698
57156
38872
45904
76276
68094
40519
13167
96311
87872
87380
69435
83933
37030
79641
18889
8409
500
73879
38569
23970
29542
32342
55235
86659
29589
46569
21997
47151
90371
20400
39622
87122
68771
66551
69010
75202
94888
6652
9299
98836
88680
6382
55360
37611
53132
42448
43524
56140
57783
19005
94934
49581
33840
83590
73393
12811
75566
91767
45487
67195
93440
29175
85703
52632
44854
95278
10687
64859
6479
52353
73104
9833
3647
6040
82709
68678
52509
43233
96143
93223
90343
25646
32921
62117
85330
33177
56674
11181
50930
75111
13964
6773
99521
49034
79104
56649
88272
17441
74028
76195
61480
20475
32891
38041
23803
58552
10255
92081
57068
5584
11581
10351
26200
92556
30724
17455
25343
39698
13036
76301
38387
15871
13015
49185
59388
50509
64935
905
12453
59092
7404
47775
43367
86829
18024
45034
78735
36305
7265
58512
11150
6688
33377
31176
39998
95517
41582
64365
99596
33686
55713
85487
87271
15138
62341
95812
74755
4963
86158
45660
88777
65803
76532
39378
63327
97211
67562
34430
41391
12231
37471
20039
95703
28885
25585
27094
95853
32900
75784
61926
60877
65033
80758
46167
29792
60980
63721
35041
61002
22449
34699
65734
98641
30827
66423
19488
72773
62571
84791
21722
18608
58046
37630
54139
2363
68340
42335
62556
56986
4581
56456
5243
72437
66894
61375
41896
72180
98617
20152
87677
73415
54074
49456
6090
39567
21846
82729
50254
4076
74271
32290
63010
1892
54522
32497
51471
56429
81025
47936
51104
47351
21987
70786
54162
8633
37641
4656
42791
51574
89205
44069
59962
38764
82467
37650
39181
90713
80849
1214
77151
88266
39131
60318
80697
73121
48703
80877
47591
99746
5951
47560
94756
31002
33252
96905
53933
21677
19167
59709
16536
506
80812
82020
20254
48525
94992
90245
7379
63234
73537
61900
18007
33649
87396
8449
78916
39674
10576
25381
36648
38829
21938
99275
15885
59798
66923
93521
58867
54692
64308
73722
1919
42549
69890
48554
17900
92032
28707
69757
26912
8158
64680
47812
54842
48693
16829
71325
43335
86115
32915
18542
8884
20195
18111
73149
56094
71551
70652
28719
31589
4531
64139
30235
50239
66617
25883
41962
60361
82071
49027
30510
68087
96545
71947
26652
10605
91243
56907
23207
26918
42736
81515
89114
4721
5528
46986
22514
83933
42057
37627
73398
61641
32781
15337
18996
78301
77724
2555
52889
45111
22310
30930
56556
11486
71615
47567
89639
10483
63879
56561
92179
72901
52405
55901
70272
10883
53919
54806
18654
4204
137
7852
52123
92386
41000
32945
55320
9405
77329
48934
38442
71804
85410
8468
99339
58423
54925
89398
4218
44464
33725
57428
20181
72775
36038
84075
29618
22156
7726
67432
34133
57872
34929
26355
5776
1844
10485
48488
80093
20259
23916
6976
21873
89084
78239
28718
53150
24935
60989
28902
2312
83656
288
88760
94721
92305
27448
76794
64868
10610
32662
31459
20362
7212
46071
61780
78924
40900
59115
24561
62101
46963
50209
57901
39523
54361
56145
53892
8315
53553
47717
64865
58534
77728
36805
47840
82763
21863
84798
48590
66762
60441
12462
96428
82867
46150
18830
92595
55457
25429
9884
52881
93590
96912
82628
71601
68051
99321
38795
69785
13236
39419
42584
74029
56775
91643
77727
73137
32519
54541
58859
16555
80345
46755
66952
68615
36322
10304
13194
75700
13283
53099
94749
34219
90034
32351
31850
21072
11510
86367
89538
42385
30526
28903
86378
2060
50527
7165
99844
48238
81193
59655
19638
49525
51716
61750
19032
54966
24588
81407
39551
97115
98374
57739
35586
12868
1374
98212
85605
69102
1407
23632
51050
48114
98222
28794
87280
96836
71331
45419
31301
16763
12388
84024
21552
42192
54912
97397
7092
31456
49445
73191
84802
70476
1503
86487
78686
70976
41934
85123
39883
18096
27682
21870
24374
50333
37910
73528
92508
73015
20262
21512
70617
44413
70414
44869
30766
43393
38848
64836
60782
81447
37282
44348
90469
88683
83266
32757
71781
62945
31798
20351
46831
30264
62548
89791
55195
440
86187
68388
21252
17035
54717
87512
49938
42936
22361
72498
5541
56490
36153
52040
38586
44015
76117
45793
64894
1340
72865
75625
10957
95246
91466
63102
55781
14731
47944
58695
79852
19815
3841
58052
45978
92579
23643
72896
75589
24879
95323
73539
53191
93936
61246
98052
79694
14045
41522
58524
14720
30883
80595
40437
99272
58857
31614
40322
32609
50414
79635
9064
29534
4461
73772
38394
2324
35523
85492
98882
31109
135
45030
29499
94794
7704
17475
76572
34012
37813
62063
65775
8575
67333
98537
16799
22443
10902
10597
23343
41400
90275
34792
44712
10565
10511
80415
8107
67493
63822
87197
21060
53799
74339
14095
32223
19073
932
28093
10580
71896
42106
88095
86846
78287
63364
86041
30474
36233
56091
72597
77739
71740
54191
12572
34282
8277
47953
43312
49114
79809
64298
78697
13194
26591
21768
25450
20083
13216
21113
10879
96305
57560
40592
16438
74159
86884
44485
88695
39963
7383
95577
35264
68472
75491
35895
56546
85842
1569
69685
79346
63149
10429
8826
86604
13910
27073
89018
77963
36603
99227
48956
91070
25526
34894
61148
36647
37380
97650
52237
94901
36052
29769
8342
92604
25692
2016
12989
33518
70597
84701
19746
55608
18886
61739
61890
74363
30926
89952
27900
95494
55227
94375
66895
92525
33575
91438
32194
98568
87394
77262
86142
76906
635
61394
99990
67355
96632
91943
7527
30677
45094
