38377
76027
8749
14026
91120
59868
72252
81994
38851
97289
62463
89823
62503
38851
80619
87070
35171
77607
60141
72134
40239
91736
72104
15967
79019
80965
73914
99148
31628
88502
38588
33836
46289
16473
42697
95698
91892
29283
95606
42175
60156
22213
59999
41401
67055
53933
89187
11882
28868
21237
18181
58744
89142
6221
20948
7452
56821
44416
32068
14049
70903
1349
7227
74203
54924
8037
48648
81026
36175
11523
91405
57609
29944
48173
33885
79743
52238
95390
98752
60226
68634
75885
59732
38650
91862
79189
97966
74681
27749
78242
51358
26157
42204
93749
31248
99680
50878
91476
26095
1613
70021
68817
19844
95230
57372
85973
15612
75878
77450
31881
52583
64664
99464
5665
95741
67427
34772
4038
11739
25386
64126
4222
37131
28644
90175
69145
63266
1229
32042
28603
96834
19623
66043
68385
28448
44881
2379
25170
99104
87905
2726
11619
66172
35169
45587
33127
5700
67396
94642
49234
19391
22980
42245
92712
3983
63129
39589
22886
41651
61655
61173
18732
39430
60901
29427
67430
7236
13109
34091
37878
30637
5157
69510
94304
85058
4273
17151
370
13740
70867
57430
61549
90429
43737
71614
27124
32270
78944
90257
848
31047
40210
10211
63517
38621
60058
70611
73525
94805
41152
80830
13911
81863
32549
48942
31956
74302
26524
25744
18646
46811
91523
92868
26284
21337
49213
33901
1462
11340
16078
17671
83530
18275
76754
98808
62241
91500
55578
31711
2082
6070
5284
44393
81640
33298
82102
61123
78834
88979
50166
66922
31911
58900
6057
21022
50211
64761
75462
42581
39907
80493
39158
84715
11657
38154
10123
21719
4556
48760
13242
26777
9216
63756
90422
5936
89117
8210
8427
31080
15663
43621
73939
9680
1561
71931
29368
12650
85158
13214
51943
61339
36878
58549
93229
22626
69953
42145
17937
90534
40851
59875
50509
23239
19812
2491
64330
61527
74698
33323
33144
50306
99166
44442
49063
24008
7008
78932
14469
50699
23368
77262
88180
77763
82666
87496
30694
10447
48901
60428
70616
60487
39368
35122
21928
18925
80033
7462
88597
83905
46980
15329
45970
38515
29684
55091
93382
80787
83793
18595
675
43845
19038
85517
73760
19441
25901
62858
25461
21846
26314
25038
55891
73503
49889
17194
5502
9325
59757
94865
99401
95667
86941
64344
12972
96513
44101
57911
70819
35064
75647
91980
66374
64701
61500
80990
13376
7113
41707
47327
5423
84892
81603
21035
50232
53617
70513
31277
1028
17741
42969
57729
74106
54193
26699
29396
8666
24687
24964
50599
66644
21914
42334
52499
81027
9238
62005
53734
6025
84814
98326
36523
77799
96612
95270
45896
62649
67683
41132
95681
60205
82960
82556
22714
2238
13407
15873
15449
93649
34498
2214
50954
91563
82844
65090
36156
10797
29940
88382
53481
79373
3429
51459
40723
99858
14034
28261
31529
41772
54807
3526
96457
65197
9818
97768
86751
40392
46336
33747
97996
26756
74653
87455
40802
69053
84675
22303
66955
41656
22875
82474
73161
15457
81234
33287
4249
97219
85546
6676
41809
2467
72018
55443
37032
20729
75408
50546
99253
87883
13690
87157
99055
26536
48388
35426
50707
31390
25555
66569
53508
90713
72144
74510
45133
31545
17849
52853
20706
92942
56849
2696
49093
70451
25016
89544
2788
27332
83701
78989
7807
1053
40399
54172
62631
34544
30971
21668
98338
803
78736
68213
22443
12996
82838
96606
24631
88809
50589
76673
56946
47720
68170
35317
35304
42672
64204
91735
82399
2723
8525
80751
47553
4400
23716
46202
40632
7825
94663
10905
36786
79326
23485
94773
81381
51179
87729
27789
85931
19685
33411
2463
52750
51109
93369
1903
73887
16622
51347
89782
24255
33385
84956
84393
14177
78746
14684
68741
47431
98750
84843
10804
21960
89187
66591
42495
35060
64421
38694
19921
5742
1281
74607
96739
12888
16311
68419
96841
67149
53665
71377
65080
96807
76170
38119
52434
93152
78925
14813
98640
88406
31339
67115
67402
89928
72840
49114
6
61853
63651
28472
73371
26596
45584
9669
23649
60437
29780
80011
93720
33655
91165
34954
59985
83995
69979
27697
76124
90853
77566
97065
41775
57130
63053
43819
93071
4277
10816
94674
16830
59780
60571
42443
40770
40176
21256
54921
25102
45994
6256
10837
47311
49120
10645
42530
68437
51902
33935
64446
16380
23794
38401
7461
43734
10312
44951
94352
38038
29780
97343
41099
2204
56686
41345
40740
51576
34294
75867
94430
6589
21913
92958
59461
60963
88301
49087
19036
38488
17782
41051
40531
69157
75147
81066
23701
11705
7602
30
64765
10804
74184
19320
64552
97906
37085
1159
23205
44594
59804
85951
78505
5121
19624
68530
84160
4616
87681
86381
30206
5295
41254
62034
66451
11564
7509
62861
12636
91276
63758
47093
97526
25757
90901
74817
72558
28566
33174
56324
22804
55907
93859
45862
59246
17584
8313
71009
6889
113
39969
41333
18570
39789
63154
17288
87202
88773
44819
31870
79360
19844
82014
48464
12448
97796
69953
43980
3969
93274
83454
82633
81877
63808
74065
80677
3089
74718
25874
20542
55684
89844
45872
27465
21093
42277
21278
99058
72324
16259
61482
80688
27715
18580
50760
99460
62366
33342
16845
70542
95941
87508
20919
45740
73194
23741
45322
16144
71221
42813
5685
40317
99894
89026
28499
35614
55538
51725
13774
3651
3422
35419
71454
38809
81610
61008
86830
74404
52564
68351
39839
57371
28925
78935
30759
63457
89401
43885
26609
56315
48064
54690
10248
52115
25729
39570
74222
21608
23062
67257
19302
80976
50035
39233
10066
65611
19640
80140
60342
32645
87782
98938
27035
74503
36782
50008
53968
54395
57125
81573
76011
83642
68436
35682
77005
6547
88299
27446
66980
10043
30486
52635
50378
63340
59335
16712
97578
82012
48499
35868
15203
15706
50265
30084
77125
99462
9372
41609
7640
53134
39602
16825
6491
17697
7254
7952
52778
18738
51128
89058
32697
99371
25012
67432
30782
26027
87007
30917
13707
53662
79005
20916
1976
51607
85264
82352
89151
49932
96747
65375
71297
31854
78437
44828
67206
96356
57225
55232
93218
7875
22282
95596
62675
50380
1460
34005
55206
45378
72766
3180
84697
43622
20795
43401
12091
1265
88655
65748
24176
19789
87583
2607
71665
1072
23873
94595
44752
31959
63411
69670
16280
73019
57863
10022
45203
59634
56540
29269
38374
72292
57064
96304
34199
34824
12337
80653
20623
30299
49179
60641
7706
71005
56507
66188
33482
67784
38794
70338
93468
89933
64022
71670
53426
23725
98578
54757
59807
16304
95502
77692
99234
50406
60673
53030
46698
72952
73378
76950
63127
4682
92791
2318
18497
61615
2020
69226
46994
41897
23941
98892
52974
26044
40919
81029
87539
32461
39088
19292
79707
45852
55023
40158
49086
86171
5454
33474
40021
77226
54356
63447
39289
28145
83527
21645
89194
98745
2366
42237
97708
63591
84149
16214
62059
11510
88922
61061
41407
87120
95844
96736
53258
82376
11171
83919
82078
63607
96114
42423
39709
89842
62953
38372
50616
38020
73647
69235
73208
44045
31181
18682
83899
29911
79326
96404
10742
85936
47650
61196
67386
20041
9586
40165
95505
47946
36301
81123
20583
25423
26801
88314
44229
42372
51142
242
15896
59192
46772
34099
74384
9601
21909
38227
27205
9580
38468
34265
70452
96222
66644
3629
3976
67949
95390
84382
89523
95188
8339
41263
61051
31511
17872
32063
71922
44467
30319
94163
573
14592
8409
92963
44790
88007
59289
87550
87309
73402
21932
37690
95081
95988
2197
15612
51820
41103
45613
52896
97877
53083
68983
53958
92991
22177
24657
83929
2567
87637
14215
94813
60363
64881
69474
35828
41517
94932
37854
53197
55255
47478
93913
38987
52984
16518
29222
54861
98380
92547
92962
79359
87642
21555
50654
14716
83832
20387
94650
22941
17033
93340
38963
49667
31494
66302
28148
27869
22682
74780
45608
66710
16262
94580
83439
34271
60678
79976
33902
33428
31211
29278
64833
16110
10823
20208
36012
13861
55144
22385
29391
33535
95067
70493
45527
77145
84242
26908
59185
58256
82304
84243
47418
94508
56576
89414
17203
25451
14774
51438
90544
83750
96141
87027
77646
22594
16576
49382
86212
71957
73812
14750
27475
62866
65890
68237
53751
43251
41331
15550
5344
78146
8036
60973
30074
99908
7112
22050
57255
72034
92909
65900
975
21270
80534
67094
40686
40878
4360
9129
34443
40288
67265
92414
17801
28043
45858
25534
663
23941
57741
65464
90722
58310
46953
33662
12458
37328
83970
24156
97969
45530
69262
10453
18160
34775
23210
4092
99940
85640
23363
26733
99142
80539
71889
37702
72056
62269
65406
61317
54042
64227
16324
34399
67037
3217
92307
15353
29967
84038
29266
43527
96789
79204
31774
34271
15991
56959
33102
24665
73204
86658
45558
78629
62486
93176
70922
329
72833
92669
48474
79702
88357
21122
35772
41094
3827
68407
94696
74644
40653
69496
81532
25079
49781
34903
97600
93628
43303
77154
36452
8192
78019
78480
3269
53575
83042
8685
81870
89372
48426
58911
79323
50341
86908
56149
92505
74657
91467
14187
77834
90113
85479
44124
82916
89185
84631
16165
81209
92034
40422
1586
45329
52933
47092
11783
33075
73733
77452
25613
51651
31602
26774
96215
76549
69254
40931
9808
5855
80293
53510
84642
80637
46166
35714
60133
97710
65528
63838
31107
77068
57283
23574
90404
91161
11453
56683
75419
18820
62677
99802
47948
1259
25439
56073
40920
83419
11148
89374
74663
88114
68869
10218
53776
16486
32229
30915
93672
49438
75249
39951
85252
93086
62676
99132
42221
95936
15131
75180
76640
88126
49289
57326
49182
58028
44920
30088
35031
50945
96813
90224
54158
39639
35542
13050
27784
97160
48771
18507
95383
54808
19551
2765
75070
49586
50569
11131
20832
41130
49715
71804
46473
60834
71414
76620
55832
75784
88336
76342
4263
19037
50107
32510
16281
92464
34923
99514
1887
86536
98436
51265
14983
27169
31062
13148
93218
16461
51030
18617
45809
41596
21850
65630
19627
16374
31760
67834
21164
6117
62427
20087
84125
92272
6508
12556
253
82626
50841
84399
55049
37194
53180
86376
21549
5755
843
12480
36391
75603
37423
24504
27156
31640
76643
67446
76025
94814
18955
59482
36624
90246
42062
9263
33965
30113
7474
85502
69004
21938
2515
5948
81017
24081
22879
42403
79580
41867
98961
84126
72031
74343
42504
99677
29245
92547
4323
9097
85800
38845
17339
47601
84407
5775
67357
96995
53771
29841
99202
62839
49276
96578
65453
75717
44676
42849
30753
25143
57256
43541
88956
57816
9535
91597
76852
74956
95168
24994
65229
85785
36044
61912
27188
66467
58549
79331
98043
86966
52458
42183
66256
68860
64672
83383
59580
95950
69054
58079
8502
76775
70341
91613
86817
66069
64922
22058
26057
79240
18610
26423
73077
51277
10073
62930
10153
35284
96350
57864
21628
69036
51615
12356
67696
61361
90924
74710
86675
69948
18714
61455
51089
77561
27463
83464
93716
59862
28101
25922
84825
45527
90598
33448
60080
42406
46562
99856
79728
83047
60071
43937
38932
68682
9917
22991
46454
9370
71412
6529
2343
74290
46509
67252
69224
72719
92803
97208
77032
10945
72660
80312
84314
79451
95663
36503
67633
72842
71324
6070
78555
29250
45314
6034
34232
52083
30169
91402
51894
69722
87597
9566
51755
95125
34827
34130
21613
48079
17451
48978
23249
38809
53786
12593
56382
77465
15587
72106
37101
90748
56122
20327
90080
91815
25221
71103
53596
61387
7143
70617
55748
18775
22409
14607
41811
40775
34791
22351
28566
51034
39125
23483
4548
6050
81420
2672
25658
27669
98902
40195
24279
71104
1073
23047
33265
71002
35811
57516
22547
40214
72506
57601
64884
52147
80446
31802
9780
174
83606
60940
12533
92983
65012
77525
88340
76769
65182
65305
71234
23794
37978
15432
48548
22874
11381
4411
8003
24065
48080
57564
37329
40281
95015
66853
9209
55955
31935
65889
28353
83277
68908
68528
89183
62473
41212
36934
5781
21336
16292
85042
99818
96437
11876
50875
98407
47183
95769
71494
60074
66814
97600
76725
91722
14487
32514
82282
59113
93242
82688
38122
74479
67049
38556
49532
1768
19827
88961
80912
30524
86094
72209
83996
4870
92034
71369
8322
55348
75746
12082
70862
43963
49590
17223
38810
15827
27604
4606
37972
87222
98382
49589
31544
17
10852
92027
60375
87780
53434
60152
36153
54812
78596
29209
56734
53546
32605
71484
44544
41408
96792
49044
99252
39815
43789
29178
98832
99456
37077
13360
95462
8757
68433
11123
4590
82523
61060
13468
85634
41735
84802
41395
43907
51914
46720
63090
36090
10570
92426
46225
64440
99518
73811
22482
64318
965
51847
71083
54457
40068
22237
55756
869
47962
13416
67212
46290
14338
72237
39189
580
73765
84334
30216
67636
39673
93445
92398
97172
38970
71820
65404
8080
99426
71929
91362
17104
55592
46024
48656
81530
46387
52816
14981
69332
1370
68951
86678
70855
18969
19425
68696
9055
15281
17636
92490
42798
32285
16311
76961
72177
5037
4233
82705
37355
27361
58861
86389
65389
57188
10515
56924
68183
99266
53042
45360
248
59847
2402
49540
62672
22133
77958
55449
35031
5985
4422
90125
14391
22123
51738
62721
21620
43801
9475
65861
11244
81135
13492
29506
44314
87276
50733
28131
58548
49988
25160
52481
70772
62069
97740
42346
15411
51977
92479
93997
91409
75112
9849
8229
2162
86262
25779
76320
65442
26832
98494
85354
24217
69118
76336
27579
35162
23286
18490
62617
58581
92173
82997
46827
11052
88538
15674
99292
39763
75721
46192
54120
82353
5913
61024
52518
69923
4819
26085
66002
54175
8807
57024
34294
49589
63717
38440
9812
23186
27860
55293
37331
35134
7602
44957
14627
86662
3369
68976
47310
12468
67370
23102
74878
3002
25193
97825
95269
87949
38581
47605
43212
1870
10994
97099
41404
96964
5877
61469
90307
52645
50491
4380
82851
97268
49158
20709
25725
17475
22166
20242
11413
92090
26304
99404
60386
87184
96205
16190
9748
85014
51153
94085
3202
38963
97957
71108
64240
74634
86116
63284
35961
90072
36127
35193
36159
99737
14046
91887
7724
1866
58484
13091
24003
98089
26941
97054
64424
1560
18359
94780
67657
57025
72154
475
79048
28787
7540
70063
8230
98763
72805
85650
16141
33806
11509
25913
60026
97906
92493
84610
77285
42749
65561
74856
47278
36517
23063
33785
95014
75190
95708
65055
61527
34482
92356
96667
76561
87666
75955
68048
44178
9419
98733
82139
53905
64460
94831
21952
41928
8484
99176
52351
52155
15424
54743
85414
14057
21714
12130
15168
9710
71757
46832
46475
19058
57485
28804
8487
40722
52307
65206
1834
67945
64206
591
17105
75354
8949
1377
17905
41341
3441
85794
70764
36708
33496
41891
53982
98056
13812
54257
43255
43445
64514
83494
59715
29838
54837
40109
81797
70303
16187
52913
11138
7646
38744
29312
1210
78780
94510
54241
86545
65613
26110
69071
71787
4562
60360
39665
76535
86239
17647
89560
99970
81806
72120
98004
88652
96704
36368
80915
63960
98603
78637
6231
32284
23972
8525
62387
90841
1930
1819
9250
60196
61517
26000
36132
26179
23897
82293
26837
99283
66147
13831
4492
12486
79438
62612
17453
53066
28410
69217
35467
53700
85899
33998
52766
1564
7089
50193
90812
56786
90841
22559
15800
93742
19023
15785
20020
47093
61614
45347
45251
31960
78822
288
98432
76998
93065
34617
52196
95521
97202
67340
59528
95758
81778
53345
2872
13894
83000
24200
55184
80330
34077
48798
28374
65555
25353
59599
99763
25735
11941
37493
92047
1767
37662
86078
84808
99078
43282
68588
58383
64501
50267
83221
52351
42041
97301
22635
34363
5629
52974
80662
7362
56963
425
70589
84786
58166
11118
38212
5174
71708
73074
99984
39533
36999
47454
59205
72345
90538
3551
86096
14848
11721
18793
80096
515
73929
45160
58959
77657
76326
22309
93759
4935
40100
72818
68896
86046
58621
48626
94574
44305
85432
97320
67607
83025
76859
54746
74009
17319
68407
7265
30090
12173
49218
31856
18961
4649
25666
60735
15922
83463
3845
29459
68392
13010
10638
36651
65802
93903
7754
11466
52464
88470
18912
5628
56398
99982
27302
32998
63487
19460
24880
94607
71453
21512
8036
29797
64461
61668
85257
71021
65240
54425
10974
82731
44563
24344
70183
47977
57472
28121
3745
98824
4813
28988
83031
42913
62010
86170
24845
29879
85657
74406
17626
95707
18286
95718
87506
64186
69078
26120
94561
79047
20291
42947
78228
11809
55781
35851
25522
72448
16965
16016
99880
22978
4075
71348
96033
46828
70943
88647
99220
18527
98636
86145
47415
19001
67841
46459
89778
62693
92561
47178
79726
28864
50362
98521
91821
45097
87074
8866
49587
53188
65342
74440
9409
94218
5901
74068
94882
57329
69856
13898
93055
10964
16925
36008
86925
59551
44825
55515
63174
15129
54370
68381
97173
69677
4127
79343
35915
69175
83247
54958
62606
85896
63566
78613
73809
87190
34998
70256
2271
76163
63970
83736
78513
6281
61806
44367
2527
65375
16954
80314
10675
75338
30157
15606
22489
2434
25718
29784
20050
12191
44174
52677
93512
35457
17978
77867
32476
70073
65932
68442
91099
45144
60840
48099
81903
19217
47684
21579
88882
52685
78633
57163
78301
49676
21527
20744
44190
54483
92612
5802
36392
9366
52101
26331
59652
61666
79525
67422
43238
80583
13522
52489
90138
94465
48759
14816
39837
96355
91460
48111
31112
48319
79178
66020
55783
84979
33346
44295
80265
56819
49869
35383
68495
45262
33142
86499
61351
88352
69140
21537
20658
84949
87244
78990
99745
44405
54995
34371
47007
7024
8784
72848
63432
48358
2816
45784
89847
59475
91635
2856
15932
83990
31604
55861
58829
90749
7399
65297
60179
77839
96874
938
90565
79925
69693
55519
66995
5990
15006
1632
99033
58317
2542
28001
6291
34777
58639
51002
62607
73185
52655
13758
82429
41874
11518
90038
84420
20502
16666
68090
72078
34339
60012
87019
62372
30621
28235
16368
7348
4233
90687
98122
96110
19407
18080
9366
49038
10154
24221
77343
47988
75856
99736
91774
22416
70937
7950
97295
3832
6958
44533
30641
62428
96335
49406
24921
1264
49472
99769
13715
31016
18577
14040
47479
25379
84425
59852
24132
76510
6766
48235
95772
15017
43444
36979
97563
65591
99264
17993
63508
44975
58327
12186
12842
54079
41543
51139
42441
69136
78322
92331
20767
50452
11315
30829
98874
18556
44655
89268
54974
77606
13753
39456
4547
60084
73889
66917
21833
87160
39994
38834
16889
84363
40614
33903
97882
55581
44385
40063
77805
81734
13543
76165
86789
12667
36739
35075
3494
8413
1173
36798
38873
61323
78654
14749
71689
4311
67915
30448
37597
43798
58652
36398
48050
98033
19792
50134
26100
51417
98863
54199
1530
16311
30483
24331
51291
90657
76628
89054
4528
22153
84911
93389
33288
73008
59730
35337
99042
68951
43590
16282
20842
30838
50298
99328
90579
71205
40808
67445
52525
28791
12198
91823
94308
2791
3787
61025
61045
87083
3643
15905
36557
12005
17169
81540
9631
18073
3593
83813
58562
97656
86855
50885
24837
43994
86567
7565
22192
45003
77698
76047
22744
33724
25497
89418
71806
18266
59745
24843
13542
46108
54700
10449
20207
20821
46736
42185
35987
85930
39030
45784
13724
75006
35809
37815
35425
64200
72536
20856
42748
91110
18642
59719
37866
30987
25309
73260
96318
93939
73579
90701
19650
8312
66842
91793
35403
83005
23678
99327
54423
46791
98030
99556
582
75564
48135
44851
34674
99811
57121
96326
5549
88891
73068
99683
54166
42408
84102
42811
4503
10936
84284
88460
41758
93891
70266
72261
4341
96929
69873
7785
78368
34229
2052
61389
77587
74599
91599
9692
25389
64496
69653
60571
60085
46798
80997
85318
57360
21719
2311
42200
87388
75851
17928
14794
85709
10690
47616
819
87649
63492
84316
44109
53761
98711
73613
20568
47638
91219
46605
7928
98566
65330
42697
78106
80778
42595
9839
4372
2381
26013
84981
14473
931
1521
32291
92716
931
41464
13951
41052
55683
81707
45171
15182
40270
46898
49597
95433
34437
5748
13587
23210
12655
8333
30224
7047
90814
75165
53440
5425
29664
40093
50788
94866
34494
65645
98882
55158
50709
3145
81228
56359
25838
57594
62955
77296
70748
88392
36232
1251
83890
82477
21782
30645
97534
65157
59200
32903
71974
2434
53163
90784
63294
62844
41063
52246
20578
9221
26423
78092
92534
21818
59803
80629
54872
6581
99638
87383
98047
62591
78369
682
97810
11940
37163
96863
2983
73567
76523
42430
51318
23572
53924
30695
83770
13788
99571
69594
22596
82011
5368
3123
75771
96045
60799
26957
48180
18271
53354
82951
56553
95003
76093
98787
29145
91259
40933
62475
8349
99070
65861
73711
43042
63672
98623
91625
51816
36259
12028
39938
12950
40404
6456
78797
343
6729
86445
67376
25973
61886
23482
94180
23664
64478
11855
26290
44091
95094
58136
41213
74836
13990
56068
89950
99902
68113
41168
4106
88573
18868
54741
52273
78221
26899
87723
87615
61919
68143
19384
34277
71824
90548
30650
84722
30568
32622
59532
29018
41964
31835
3992
97689
73441
35804
85017
96785
50622
3173
30604
75470
41420
31828
84755
23755
67485
3870
20965
60942
70693
58213
85494
74606
19866
37189
46046
90069
7556
20590
87656
45600
78432
23084
98585
63843
42935
3042
38683
99657
66998
97142
64774
58489
38890
46981
22762
56469
63961
99767
59354
46908
9504
88077
48376
42095
60837
89175
75642
2865
27704
9698
42678
62407
11915
19343
17520
97535
54314
24926
43740
53772
33337
69449
15089
52335
62026
56333
10221
75058
52631
27843
91807
46095
98241
69134
75477
27821
1254
89132
71970
72138
34137
11439
13835
85684
53345
89926
58095
12529
39887
50324
86353
72350
90877
4066
69891
55668
94144
25232
8305
87047
60234
966
38503
87625
13951
37609
5055
45132
74129
16394
17163
47588
34842
57528
56027
41866
55445
30837
92396
68861
59642
97862
35438
76514
73844
74436
16207
19341
81377
25808
91177
74968
58533
17060
82213
38448
33579
72836
17483
65487
39290
58163
82600
41571
11887
77601
81722
80622
7261
14178
70490
85543
19677
19834
57510
19837
85908
14581
56458
18524
89856
6963
44618
11176
70782
91584
42671
16550
99707
42242
40108
65274
98772
65067
45356
16011
81837
64239
92635
85955
82667
6447
92301
44467
91439
58067
36014
72755
80847
90775
14502
91750
26514
59068
93576
37180
77927
11583
68505
92081
76226
40039
5496
85170
3701
9016
12078
37952
23400
56452
64082
10158
10484
59201
64185
293
83009
21014
16825
63398
54682
35759
42041
81135
34506
33456
84119
82007
60725
69477
88565
90515
41461
68984
28768
51419
58000
94620
99647
10983
68850
63335
34517
30290
51404
37788
5938
1665
80393
36454
7292
78301
23785
69056
65302
23163
41564
40273
61610
97917
56060
34774
82712
30898
40423
48536
21979
95192
80888
40220
8820
8002
15521
4281
566
27508
27336
38788
28045
63691
4379
70695
50507
86810
65392
43344
97489
26191
28253
82885
37878
82323
69296
38230
44695
71793
88973
82443
23803
48334
51747
43292
71010
79862
82825
23967
15369
23512
75802
76348
39229
37287
73865
92573
55002
76321
91267
27873
42462
94733
67392
5232
1774
82461
80709
12168
28005
21235
89946
21909
37333
4480
77283
33696
18843
98055
23933
40254
6884
72545
3926
28297
78965
97081
15593
73133
99676
25687
20246
87128
82417
27898
85274
41140
55208
40990
26191
8657
5845
5342
97410
68059
79420
89267
57421
11307
15413
91514
32049
48602
88793
10515
38546
80079
76523
42534
63983
60921
57669
24032
284
43705
36670
44475
73918
45783
23381
36923
90274
24789
93949
51861
62074
22816
58245
97802
77269
38786
40003
82865
35930
12245
34780
25075
39425
14002
85906
99376
25614
58376
66539
27743
43851
71016
89978
49458
61600
92604
57804
69368
36946
56760
71153
97787
43061
44488
60548
22986
28623
82249
32505
67858
88107
39701
131
2949
24951
63606
65567
52508
82874
59355
31840
97464
63765
84680
59255
63716
81589
3335
31743
18359
38322
22685
81059
64758
78824
84472
83437
67446
39311
78148
45259
14367
9657
15325
4800
10796
97415
11454
13892
46510
94952
87768
75129
53137
24272
67518
9707
74966
68337
63613
42915
17695
57464
87177
27689
20137
62790
30547
43155
80915
35849
29815
51694
798
13207
2737
12871
71565
76999
70287
20535
64779
5291
46402
86441
94571
90670
58638
47721
35530
51878
82369
59563
86610
78102
69120
25173
93304
27203
29405
28426
13925
61105
93733
80628
75953
95065
64822
59021
43563
20873
89357
4331
12757
13688
83197
1061
58316
10532
72348
10342
16006
8618
7895
24716
87924
55809
82022
52125
61287
95220
15770
81704
13295
76218
82899
21843
9246
42068
7535
4070
7594
51010
96956
32467
28850
3906
2318
97121
3576
11718
3179
62324
89357
66929
2148
69242
50698
67022
94047
29236
2170
28620
40879
55807
68533
17530
8965
12030
74951
58491
23936
35654
75056
99814
80703
79078
30244
68638
58071
72208
36306
30088
42497
95432
52674
81710
73611
48489
13688
93967
53326
52494
72565
92832
1887
67652
30844
54115
23231
69993
65170
69315
47565
99872
5982
64457
40508
46837
73841
91870
28223
67847
29663
72254
28384
82487
13963
96469
1104
75148
37089
76633
82008
80448
32732
13795
58062
25482
3176
51275
81956
81416
18593
81919
18619
12649
78875
79039
30229
95285
82907
44953
86503
76762
62498
75324
43597
97172
81994
94491
46967
71927
82249
15104
19233
29916
30355
90506
64257
38726
82748
36
57689
16528
25146
38595
10413
30997
70473
62748
82702
64859
72488
70880
36277
30716
57984
65206
79499
94259
88485
17395
64965
87744
77909
6232
141
72920
17502
97511
5627
15820
27452
68963
95042
13683
66560
11140
72423
91415
40140
67604
14669
40345
91482
18761
45292
87490
40285
97439
80768
70056
82527
41969
12029
86553
56297
99860
65567
11238
55169
92145
2464
28303
56493
74812
59651
77607
14583
37205
46190
57252
87721
38683
76692
30181
77943
31912
57936
65728
87579
82125
72430
30439
35324
6154
5667
44982
53736
34666
76957
66652
69248
62649
79796
48420
23955
22659
98880
29087
16066
13195
65092
98607
83299
53796
66633
63154
67522
18832
73989
77033
39617
69362
85914
93828
88255
93298
50619
26381
70423
46381
27369
17997
81503
13749
27228
83807
30385
64876
97596
69327
1095
79865
77936
15789
55967
26597
73645
72020
62302
61461
6768
58770
1617
38916
81896
81620
60302
155
13066
63664
23641
73872
23111
68366
2659
27705
70715
36627
36236
15115
9212
26571
61641
50003
23699
44370
68961
7376
83847
76288
54673
40908
40468
2223
51759
68629
74043
78154
13260
63164
29491
47507
62035
17480
45117
75473
69678
28216
85525
25205
66151
95604
85572
86567
20556
59630
79155
71090
86508
12699
18394
33672
60638
49512
14070
97811
94080
68698
33208
78138
80093
15622
44858
29004
75208
13450
17421
48652
47045
70758
55727
66584
96871
74042
27384
87064
38388
93982
6707
82304
12580
52728
29449
61794
91816
53085
10104
26611
84136
33063
56035
3608
98245
23279
56516
9421
42365
27912
86205
56177
68460
33880
89323
19698
19631
82867
20923
81680
24997
6197
93335
54097
88654
20092
50585
6529
36885
23136
98912
3523
98186
3824
34144
59288
22440
99883
67284
73354
30997
99671
36751
99222
95368
6113
30864
87573
39012
46353
27987
14981
39939
59849
38819
60472
25006
61979
50350
33433
63464
19268
4114
30262
58795
52777
53139
37358
44330
82892
44270
14649
34613
35243
59335
47086
32251
73845
47935
32981
40618
71850
9282
85162
50482
96878
86012
4970
96679
11881
25803
414
517
94398
10992
18241
87598
28806
24895
64399
42575
91048
5110
71116
40384
87288
83851
73645
24170
1033
62302
85831
49924
48848
21197
17939
89078
62071
33093
72251
71102
20922
50166
16996
70128
44481
92320
6807
30840
84027
618
97741
68699
91155
91697
99191
21371
1650
96061
18600
78362
13649
56815
96703
76310
14072
93175
77108
90483
22136
87875
35806
98486
83426
7601
86719
16141
68482
11685
96654
30316
20507
33526
60222
83506
63072
56866
10223
9610
62252
40834
19121
84429
75967
76025
98481
9893
55222
98598
88194
77389
72134
36792
49161
19412
13012
34945
52484
53248
40148
76963
66007
63310
81148
38663
60821
29272
92163
36685
12104
91888
8380
5118
99006
44137
18761
37149
32368
78389
98974
2492
96879
5576
54740
74186
98861
67899
25510
81386
75974
43757
2603
89535
105
31716
59248
2339
71942
17905
41713
35703
63478
70033
15220
57077
60930
79664
12163
67457
80113
169
70340
37342
24177
12296
99574
11676
53537
58960
43466
60623
34488
9272
62172
43644
54390
69200
70476
55980
86918
38529
36446
48739
15052
78482
77610
63082
19857
86056
55840
50120
95207
82885
87228
8559
58267
4049
24417
31475
58391
69750
72886
86390
86449
90181
19482
1374
63699
62966
27173
66920
21575
81036
9660
28341
49023
15415
75280
77218
6847
31315
62900
32950
7592
85582
75417
6037
39297
65831
25673
3442
94947
23442
16028
18689
72546
38168
50745
70601
66931
11803
24109
40760
14271
13655
94177
72433
20067
31171
94139
43233
97664
29623
13940
11024
7205
91784
67793
32786
84631
93423
61536
95133
49755
33991
76561
89621
98144
58421
42670
27746
48780
29538
93881
26211
82561
7300
29729
41276
45387
79291
41632
19947
75304
65975
1043
88537
55765
47958
27767
39659
88818
28907
59004
31128
33873
84442
47945
43701
22400
32032
26605
21484
9519
88560
73757
98796
96576
32184
8494
10969
30924
61314
69073
98980
88396
92054
29350
12661
24554
60125
51294
91620
64004
53824
29937
8872
76729
35311
12408
8711
43092
22685
68201
6796
19155
90505
7565
28790
76339
35799
59103
54380
10137
30429
89955
31471
7039
89882
88448
41352
76793
75968
31451
91041
87779
85554
10962
82032
21705
31913
88562
8077
71826
16369
5366
78212
1514
56880
44572
28038
22123
40326
66885
62394
39079
74415
70633
49009
60053
24934
32277
30327
61557
37668
99715
81605
9697
47686
79731
85908
45139
9068
91499
60396
37645
88766
58088
15162
84457
52521
55168
82880
52413
39655
14358
7046
2154
41085
66041
73422
51426
16093
81690
68453
34035
7660
95208
13014
14292
9022
25833
42936
11659
27453
41527
2248
64665
29577
19252
10161
47331
92505
59884
80423
40318
83135
78086
94036
90517
6538
78726
88074
39930
27781
13506
3382
36391
79581
12543
31574
8176
33056
36423
44833
18343
40032
47017
10724
80010
90742
53806
58158
34541
98244
44403
20929
92160
73395
92936
26312
9406
91579
97507
99912
19953
97153
94242
79119
90500
94842
10332
33481
67399
43246
81794
51314
75193
75672
43447
71270
59285
57002
7849
97907
64475
38925
84139
60016
8185
71013
21776
71495
56214
31635
73926
95725
94428
32533
96557
33011
84000
29928
81938
78581
70542
33358
32013
61679
76341
18250
35475
77936
38829
27783
11609
61670
24672
3896
40326
49561
99900
9499
47283
24020
29396
47671
12897
70909
65325
95973
27671
68198
49964
87435
85015
64924
63130
59010
11868
70269
38385
35641
44275
73287
29029
17650
61522
95179
11410
60395
67577
10304
91421
2647
98116
89363
73514
5195
17514
37980
18138
42581
44277
71020
9087
8773
86110
31107
54942
76176
66756
96671
96734
4201
12617
93678
12659
53616
57833
2276
51746
93159
38232
37736
12049
78559
64503
62985
55117
5074
80755
5710
58518
42089
6458
71178
87243
56029
29466
19406
66894
9946
81336
81561
54643
85024
93194
54187
62506
40067
6834
76183
92007
80339
81943
54166
69066
6038
84673
27576
9360
80688
65937
54358
6421
91781
40123
94019
44612
35605
37249
17633
27166
35654
31149
73647
4706
10144
47530
98656
74846
36913
47808
57319
48595
47504
74762
45006
64606
47647
65974
65158
48264
92298
34072
52601
9708
60717
69259
8411
65728
85361
83013
43551
15010
61334
83222
84134
68448
71469
28125
47890
22212
90876
24487
90329
92538
94437
41573
6644
25440
3264
80616
22071
76201
62340
58076
97595
781
25317
38462
48503
77425
41911
65788
75310
73934
98640
45991
63105
28513
70604
20247
25541
7534
59882
81212
27791
49202
83668
93564
98668
60484
84060
77869
68685
81478
7937
2129
84160
38094
38129
10953
82010
91243
20456
6456
91728
54327
24407
71989
12612
27992
69504
68844
12956
2994
76125
7378
431
9709
99905
28098
54841
47582
75094
3577
46606
86100
96101
55178
13451
72450
67829
51199
17800
63044
54666
10158
91305
39919
30671
6067
3444
9530
85678
28623
54685
55651
85883
35517
30236
44959
22161
63629
47488
62466
26452
5311
10590
87975
14390
44061
94273
16413
25237
17621
78245
71406
52865
34642
70143
56524
59675
53686
61300
90746
90105
50198
87274
97909
60711
73202
79259
96766
83111
4303
63461
91716
2169
75667
76191
10354
96949
86301
89543
40403
60565
74494
92630
64189
30608
42872
15060
64609
83937
96625
9480
97678
15110
60468
22504
70044
50788
72228
75919
6172
24808
37726
15276
51417
74057
30250
92951
45610
66025
87933
66078
17176
61145
48527
73566
11303
41340
77940
84557
15906
83876
10520
44500
79815
46713
22460
17435
67692
11544
13384
40508
82413
25272
47948
31129
22516
22375
94871
25193
22595
47091
81011
9677
80416
5925
859
12577
54558
83432
85753
41454
61156
72392
46176
2813
86940
96117
42243
68070
1402
88774
63089
22790
45542
70490
61614
78191
93769
65049
58255
40121
33744
79322
57073
27158
97120
85854
61974
44228
98326
39897
31101
7963
54585
33361
30941
44102
27551
88382
8126
89838
79257
26098
45619
24338
42395
13650
40152
84915
37740
93730
97477
70828
18470
1567
38412
44511
3147
97382
2165
94825
64580
27186
43250
83128
62359
37891
82913
60275
19909
62937
87615
34263
36156
81855
87203
96483
34336
99909
90654
43785
43441
40294
74573
39429
26425
19209
65432
77545
3508
71042
91947
65079
88732
43960
85742
55656
80337
12866
94274
29961
26561
23978
45979
32709
67929
50099
90165
6653
43880
40023
90100
13077
49324
46409
36700
65800
572
59098
1673
64059
19473
36663
52748
17455
28914
27055
59491
9936
74043
99825
12980
53418
97832
71892
18790
54300
48579
60209
99067
33157
38504
51403
75438
35546
65618
49071
85573
91161
91076
25494
54931
35800
49462
58247
79309
10071
34297
9305
11846
43796
80777
33431
75338
98365
31502
15388
6067
74559
66831
13309
62316
8221
7924
35462
32543
85053
82549
36508
3293
36317
5349
58562
52522
19235
44053
56439
36001
22705
57670
84573
11660
46743
62863
28501
53304
57027
59687
48293
24184
78355
94863
44475
51161
42315
43967
31179
51037
82946
31435
69108
80151
23799
39858
93857
30753
57889
78435
98764
24861
25572
45293
40029
46663
55359
24929
35696
70899
50594
66374
8948
24648
53436
94585
7279
57816
11187
46622
45215
10683
91437
82599
38011
96935
52907
80800
93560
11246
14422
53429
79336
25652
9393
56545
46589
56044
21998
16916
5772
17102
10300
50399
35084
72534
36510
7039
69661
36508
7831
34564
21765
49996
94978
32637
70485
29346
2174
19234
25867
24164
26982
97726
15409
95067
7294
73431
32962
67086
24169
99227
4237
62461
73208
19080
70482
93688
49917
93815
95657
54458
77309
65510
21666
15493
89444
22850
7559
54075
21203
36974
83421
38422
96244
29522
66089
17829
94350
74466
66896
65123
72756
60905
38359
37589
69079
76339
30633
45088
72604
45236
20215
69445
43528
91864
45017
31515
42968
85384
79379
58759
878
54102
84499
69625
77669
52069
18838
582
64485
311
72874
4030
59026
16308
98094
33610
91135
41493
7606
72228
21824
42442
15531
86482
73597
93486
57391
10432
1058
51365
83646
77497
10931
78
62288
44034
669
10507
81787
3219
30312
65546
71477
31794
69672
89392
93014
46254
25203
80769
13788
73302
65357
17070
95753
53652
34143
14939
63335
3561
59590
3084
14604
71749
70599
11883
69624
58499
29472
15321
92891
27455
55034
29487
53300
56629
4155
92847
72340
9208
91671
51244
64832
66763
79047
17650
31445
40831
32370
94324
1702
10698
83975
24656
42274
40576
86637
21153
57361
63729
34545
43425
2204
42847
23647
11257
96556
46393
45612
58374
53546
38393
16912
57514
5254
14743
20401
37132
69715
4744
83674
45644
33552
61175
28906
74728
27778
61789
87945
21188
31708
8928
36534
38585
20033
55590
75131
16733
13568
81140
52322
170
86909
30919
50209
22670
53105
782
43728
49007
11272
38786
49532
52888
53768
2595
87924
63301
5265
91377
96736
37415
21696
9764
13585
7700
56461
29224
28659
91502
12021
60984
13407
93070
95922
25909
73678
19181
36357
98020
84168
39151
31510
9186
81818
30220
31730
64868
94502
46844
98036
46671
45365
45023
40062
94064
44711
16422
92166
82714
52554
85697
15918
30618
65353
67558
17163
36344
28764
48667
19431
4268
48669
58848
3810
6747
55643
46716
4627
62733
83783
27522
54093
96843
29708
73695
70621
89082
53019
11459
24239
38543
25380
79434
34000
24558
68994
54022
36174
77379
82893
50763
17659
89564
26803
93654
52401
5057
92256
859
18063
38993
7705
41769
46721
88090
42793
24924
52831
86485
66739
11392
43308
84667
43558
50940
75294
67400
96366
74690
20893
61899
96359
6162
69188
6823
90285
37094
7429
99689
54127
23101
86601
965
94433
63687
80021
74256
59441
61962
38120
96084
96465
73231
36609
948
51923
90828
90109
5500
32755
21295
157
79971
13006
54275
64007
82272
30576
11010
87715
84678
79147
64664
17958
8318
93891
66959
57579
84031
35751
94108
45309
95533
81146
94790
53169
64843
69871
75406
45584
30142
66579
94879
8947
61887
67492
57908
26631
3580
1536
25344
73136
13773
85112
96158
24425
74254
32995
70773
39753
42653
94191
49992
38721
21586
32050
41848
31426
25366
93278
2486
57500
50369
47315
33224
44098
4980
69199
44183
8745
69520
49217
68211
66318
48017
19003
43396
12407
19978
58885
24142
82321
30174
87053
47071
54457
53560
65597
94777
70711
70760
90117
67991
91237
69883
63959
47581
19469
36853
97042
45312
49968
22862
14006
51759
80451
18918
21814
98429
77427
36838
91852
74220
96457
28821
47398
64600
49353
54707
95806
70909
46932
13494
88199
41541
18990
82782
75171
65266
82522
9687
58354
15620
17761
8331
3556
37384
83697
30785
87248
2366
28194
72822
64381
58565
53588
54102
3901
96453
14452
93207
70330
64472
75901
3571
25800
31894
46139
91616
27258
99803
30347
45421
76913
64759
48159
66619
38063
69555
49598
11349
74314
36123
97895
94030
71772
48684
17237
11478
44823
60250
45758
33656
13269
96862
84374
26451
41581
98524
42929
22259
38306
41389
52518
95659
55733
16237
12815
2514
15387
68866
51500
34263
77322
66599
51847
15778
25228
79157
48690
34888
66006
15277
28556
77354
95219
2724
12387
43755
94681
22251
12596
83116
21085
25850
75278
5286
91010
377
56052
70851
66764
19243
59201
6234
64243
33495
15077
79749
30995
33716
90574
1792
2592
40464
60770
71201
44695
38941
92488
55054
75056
72953
48455
53855
41296
22040
97958
19729
75290
21648
60115
73060
63173
47073
48799
76978
94473
91551
63558
66189
43027
47709
26156
95475
39096
19288
77315
83632
68550
65917
23786
49617
43990
1720
11087
14688
78110
85146
14388
48769
35459
44069
93007
69640
32427
59896
82060
97460
17552
11666
19022
1196
54289
228
63730
78453
43459
50136
93364
65517
50244
68120
57483
46535
30256
95516
76239
41667
69100
24660
42875
8585
78176
46
35469
84994
23138
97156
78859
50004
2221
2853
7424
33656
12529
40862
49539
80441
8388
51013
99544
43498
51445
95970
28176
43044
7393
39931
53772
58876
46783
89210
92127
81982
99062
35516
94321
64680
83182
20377
11967
75748
97379
42124
35456
39971
43862
71518
69315
44595
83967
53235
43348
16541
62557
65232
94749
32989
26637
31846
95561
56639
35641
67936
1156
46162
86759
78534
72926
74060
99506
66348
45870
43162
56087
43450
67187
98434
13414
64760
14838
41143
52152
38517
76939
17624
40223
73972
12566
17126
47321
78196
70667
15679
44542
88603
66062
31260
41689
7678
80856
14787
66900
23375
43195
46602
7819
51012
35101
7753
97539
17088
20864
21050
74291
50592
78594
94992
91872
15396
29728
32625
73863
62871
33237
80946
37876
36029
40801
13709
84015
98617
35268
82689
74710
88792
37194
93095
26469
87869
63841
26156
91218
58858
99781
4368
33365
52104
4060
9497
79940
6355
32861
78196
88350
1604
23084
41386
63709
14428
6592
76859
65614
1322
14054
12666
98621
29402
2654
39301
15785
12571
66723
87359
8790
80906
97577
59563
94530
50368
27902
16903
24079
75253
98738
20035
89695
14063
73459
77629
99038
97355
68145
68058
34777
77190
39073
95810
14156
25065
41917
16697
88665
80239
36712
53462
7285
1461
98480
48354
31452
55837
33004
17230
24933
36702
31908
62577
15824
98379
38927
13725
48283
39806
16631
59453
21268
19649
40090
83533
17129
761
54858
35862
63899
13488
75572
79300
17553
49757
65374
79750
52713
9426
57353
89058
84009
90978
88021
18322
17715
43021
10308
53151
62647
76041
35830
72568
10595
83727
50676
33103
92854
3423
89385
1008
5810
92272
17482
79135
12463
22648
63479
47853
26700
40661
36153
88983
26880
8342
99531
55035
34703
55560
67957
37111
8952
30497
91379
37408
51211
50051
70356
3708
97976
38317
26846
85372
17826
88164
76367
70202
86675
25209
36159
91435
22921
29272
3105
39808
91662
7340
9096
29439
21637
12434
5766
19801
10272
47128
66960
84520
20111
94033
36701
12167
72819
31961
62413
96718
77072
1216
36742
56968
71584
67988
14938
41042
4645
13967
72549
31059
4470
99738
32402
45459
28251
92893
75260
65977
7124
31844
45234
18756
37715
44207
18388
22822
66346
3638
38618
58424
20991
6647
15444
2942
78204
64606
30700
36953
1474
55599
91464
40930
1918
45779
97867
17193
95796
50301
2299
14539
82904
98904
21245
78825
24795
43855
99964
80715
89762
32632
75753
29744
11475
38718
21597
96016
93449
2345
24505
16401
16903
78316
77998
39747
5992
45259
66713
72792
5876
67623
21990
33602
80943
26632
62453
43947
90444
16262
20282
26123
84607
30291
51646
5162
32784
84424
50979
35955
69772
45803
79717
73552
35925
67002
11612
96616
33401
2454
62622
28466
32096
99311
88098
5108
4063
86280
62878
59004
62089
87975
88177
5210
5029
78876
63837
22105
1563
96138
45933
78937
904
99063
49973
21450
61970
93644
56918
51238
4469
12393
98112
56235
89179
82921
66066
86451
1962
63852
16829
41395
66679
11911
80742
96621
41592
55109
57483
66001
41463
65016
89661
57079
41891
49984
61291
92114
24961
98103
61151
72561
51903
70038
59554
85335
6921
35240
84186
83413
93941
69545
32020
39073
1080
32122
57213
79478
99515
87812
35658
12615
71753
64294
17015
85824
66175
36541
42732
7804
67750
81454
96028
47997
189
66227
23495
31947
16078
85440
68384
85644
42979
25682
80520
86652
35410
50291
2617
53801
47380
53068
19039
71502
95123
2407
76032
99146
99681
927
94717
72188
20037
53734
11600
61374
90129
26643
98933
80827
73551
58151
35141
95213
68922
24026
56382
63639
74760
32007
3390
85980
20261
16048
53390
83099
28411
62351
53116
54376
6413
78299
75200
98088
99715
96147
81664
50504
43200
52010
17231
42425
19631
30031
18992
66764
11132
79831
52856
16135
72095
298
5585
23010
80754
28615
1019
13153
38180
18164
3694
30253
3879
56934
85146
58897
85347
41193
77519
86190
38349
99436
95161
63804
39954
34381
88962
9917
79310
4317
48187
31615
28474
99759
1270
13551
96065
42754
12747
22804
48147
53992
60986
80143
79090
25842
90096
56461
85258
52795
4354
81798
43070
68750
49366
64085
24925
37364
1474
17748
55668
22942
9100
77172
13629
31595
50352
32342
93108
8726
18432
99529
86058
27584
81061
11168
50739
73685
91972
28975
57626
7998
74780
40610
91509
95394
65708
58298
19379
31449
44082
75749
67025
13999
88397
23545
24812
95730
28708
95085
44144
74584
28831
80083
20655
18127
20723
67574
82894
77026
2396
62764
61785
42181
52546
1048
16855
95486
20030
38463
84184
464
77302
94980
77450
58405
54724
67202
80459
32759
13621
42086
81369
6875
25197
52551
1606
20394
98855
58243
26631
88941
17178
23959
62411
99621
80568
17786
47112
55797
37456
57527
49968
67276
38355
62181
12452
93459
83731
1732
3071
9455
28232
81558
60275
21523
9260
66744
44241
72293
6950
37500
80481
2507
6788
43108
44786
63922
42657
26269
22443
21179
68518
41622
15488
31330
8397
93947
60320
28748
83296
25650
4203
85869
37760
81553
31841
27092
6370
40058
11606
28723
21331
79125
80706
10862
46364
90760
68500
90015
82529
75829
92262
79748
89348
68688
87179
3270
56135
42460
50309
64135
76366
28449
7732
93287
8514
39787
83625
58098
14545
69794
61432
52489
13619
21890
62284
88744
18551
15860
36161
85437
60662
99291
45508
462
8122
14293
13067
99653
7162
7958
37173
88928
47652
75229
77422
98545
3992
53197
2465
23039
28355
25020
16923
46537
91959
88611
26296
80811
58563
44150
30220
49785
6836
12559
53200
33256
63272
48867
19014
6252
77866
7382
41803
8188
89647
71498
1529
96626
33676
96018
57398
40334
79378
79972
94748
67962
78567
36461
40326
39208
8322
99903
52275
8792
87971
78182
52474
87798
73069
33976
19147
46976
69345
64234
89054
98693
85047
79391
14746
43816
97947
60251
90084
46372
74850
58614
73121
55722
2920
48749
14570
85733
19336
69714
2476
38367
62359
70019
30648
63868
65565
82232
63533
21860
5585
27510
73600
88670
91471
22080
82246
48632
80153
61294
63294
85027
25992
48373
5854
46171
93197
26214
2936
74789
56808
11315
65096
33265
75235
60011
18429
37758
56141
86343
72769
21629
40815
42845
2471
10541
67340
20146
11441
55877
2233
67021
84058
78929
87831
46086
91814
13524
50889
36861
64900
96876
30198
2951
96190
53106
80605
19202
22333
32320
28432
83434
71803
63886
17615
51141
58534
949
56609
21528
58222
9076
23185
82749
80748
6545
33891
86028
72270
12823
5009
63413
42499
26973
60359
56656
87328
85736
44567
87500
92908
34663
29114
16836
44430
76444
10852
56784
77073
16602
95459
97111
45618
13737
57235
28673
70534
95942
77280
38219
7242
93800
43162
80596
81064
28830
35758
49844
36578
64084
2791
94253
1407
21557
94464
22713
6895
11754
23172
31203
59037
62464
62628
63889
27888
79751
64245
671
89853
17302
32836
583
36205
78380
81430
2172
26727
71442
68800
55383
81114
381
48543
80264
1320
50735
56181
28622
67570
4701
4674
87905
79132
33867
37243
86348
3517
30034
61705
7225
47942
24804
74720
39365
83212
56231
41946
19442
56980
54269
28656
88091
84218
24805
42164
50498
32957
76249
64526
91365
20202
59608
51185
5424
14244
5566
31097
74604
69869
22896
27204
7956
94324
97268
53322
43528
80955
29500
52922
29626
16931
91811
5010
17030
2166
23248
83802
31999
31121
78776
5182
15973
43372
37216
97799
76466
33992
18367
12084
77107
95923
89698
474
8148
56539
28170
56661
45652
22893
26544
74602
4760
90504
39624
64667
12443
89155
30467
42181
9667
72056
54574
51674
48559
15276
97912
72758
19436
26075
61745
22208
66343
69381
86254
14271
40413
44655
30762
96502
2094
99735
12006
96734
66831
10040
16176
73662
22015
31157
38689
10153
71025
59974
52096
27861
97481
83773
95877
62963
81570
87540
70392
30128
10283
94548
10456
57543
53298
58724
76215
40864
8824
98572
51426
29257
19781
837
47903
95888
67316
50528
45263
71002
25071
18255
67251
89635
12021
19060
16907
59954
57272
14340
35000
67608
29283
15543
15395
30950
50552
12078
95927
54888
62072
70018
70314
95329
5980
15045
8217
22628
87808
25079
15761
87756
81055
69288
2665
31161
23962
23492
63372
9959
12529
40480
92374
49549
7924
55680
90612
20207
24755
24866
69677
35265
83570
5162
36927
88632
68632
65899
32546
78606
33959
26959
2474
70546
3238
55460
52904
63146
46681
87555
15567
68326
24530
77341
62484
6850
77825
67716
36942
80024
21479
84371
57821
89503
59784
33371
37640
29252
87711
2251
60030
60835
93451
74108
60126
3458
72743
61366
20978
64714
69848
4866
27606
23427
80191
686
50391
8523
2574
14742
44086
50323
65111
90037
21227
57815
80352
13543
59655
2071
23699
48858
16657
33846
86642
54353
55346
60110
94568
97300
58925
23662
11642
33336
28646
21170
2460
72454
76867
60157
68224
45579
29071
64822
33449
83516
17947
10652
3069
93379
49952
77382
98393
72490
92352
61500
54847
94787
67690
51692
93451
82065
90619
50314
82915
64407
78786
95463
21068
75643
57532
91628
41305
35415
40958
79315
10303
30716
54929
43586
89156
14947
81592
44838
21877
60977
10445
93288
72599
50949
86313
59950
38549
87074
25954
28816
59832
40340
77454
31989
5653
34913
59750
6698
85248
53645
30215
6783
52286
19689
81874
11358
46840
70010
79890
67977
69131
80897
72861
19918
87324
45069
34676
18985
24266
47065
89957
94871
84796
26754
77424
5234
6841
50282
77222
85390
7830
29666
66092
72206
66313
63352
9312
91972
8733
85308
70419
30084
86463
62672
32276
68931
60980
89516
34286
85777
96237
99404
59623
49008
24915
67799
71433
30576
28893
203
13150
33769
1632
29514
67732
23252
21414
99803
99648
91846
23191
57599
90655
69802
16756
31601
39991
16762
42883
75673
4027
88442
82532
55405
66638
61713
60641
82116
44191
24229
59364
88537
15699
70161
50115
81400
85153
13509
34775
30184
31478
13723
42987
85941
70617
42673
50767
84537
35240
42728
11787
29766
76513
48760
88241
32946
40509
15981
46411
4960
51702
94595
30324
97383
3786
56889
57507
93857
24791
88757
75745
6962
58886
16564
9724
86451
28101
19596
84660
76026
13996
66752
79986
86952
17314
49727
60697
73934
66647
25369
36052
22045
84209
57823
52943
51113
48933
68438
78914
57369
28699
96728
62312
55981
54709
69031
55694
53356
16552
29454
18054
53866
2728
59831
1243
48722
81346
8194
85375
70230
70402
71240
31136
496
18101
84781
1882
64243
76393
57979
92486
38611
10865
18145
40943
50830
34309
96840
83237
71701
18342
87725
7371
33051
46238
23775
24395
22073
68358
29015
68777
76316
65089
50095
24916
93292
36966
39521
20217
6169
24219
9373
86258
7236
49084
1126
42556
6503
65211
90985
26950
58114
29058
54779
28869
90211
16820
76399
83492
96721
66513
62384
86585
12181
91384
38209
71091
26342
10791
32815
10639
64208
56189
111
3402
87968
35841
87929
21841
21614
71708
24321
62580
34983
16128
29230
95097
78197
21132
55032
49964
49358
13320
8099
33268
36598
71659
70131
64513
89874
75132
65290
28962
39850
96213
20805
53107
65370
80963
57648
56371
23541
58026
98177
80531
52823
35750
50840
81034
41029
28396
11024
55910
55139
10062
43138
36958
12498
22974
30711
79426
30691
33834
52936
12948
26973
20357
72916
65392
10151
7879
95837
61765
82258
12010
28159
6056
44166
76981
9550
54590
21960
12662
69739
12119
95397
51688
10626
79546
40861
52309
77348
70587
32398
96308
78684
48042
23260
1171
35599
91429
9082
54480
49269
66637
90616
60065
27279
406
91050
44020
31364
51383
84464
83696
18012
46274
15975
81274
48471
45582
70347
90324
65067
31919
94599
42143
87993
52071
74523
9634
30923
15094
85641
47459
71148
21837
64252
68017
48388
94209
9557
228
81038
66458
59059
97341
36983
70475
20158
74407
30325
90844
8144
60191
43330
16162
69249
63663
30644
64145
83054
3989
56315
44616
53190
32195
18742
298
7952
11488
69234
32621
64315
84940
98240
43115
6820
38144
47921
36246
63166
62611
62576
45385
8449
52250
28637
30297
43153
23239
95586
81450
69002
57970
49971
48158
62661
43413
59719
82120
1642
6640
36813
52703
49106
73774
81325
80558
54007
67007
54365
66024
42874
55876
93660
32472
60273
15497
46959
93847
14091
4908
57397
73207
75649
28732
72552
87740
48187
80444
45363
15787
69180
30567
60010
9050
97420
95374
84459
294
14464
71901
60784
24964
79527
55163
63053
54703
87475
87600
66444
34592
43906
95201
52290
71452
64201
11350
5485
26023
16284
76093
10733
28150
1372
16520
55869
44226
26429
75313
2605
18776
81235
83613
7676
67342
40729
43902
27991
99792
48125
43635
21960
1880
5227
62058
12893
89916
66933
82086
49207
2498
67580
48092
9003
28782
76253
53238
44153
92987
10907
52762
15142
44200
53124
96453
63064
8810
53539
73233
15405
42464
44194
16054
56953
66404
41626
26477
32570
5277
62553
66575
70713
15249
94798
31579
36256
12151
35475
64791
17554
14954
74200
42574
50059
95898
19784
68440
83254
38653
49274
40695
49701
69795
83415
82429
60912
1095
17634
15883
90413
62721
13705
42069
85640
70232
64231
45121
43295
5109
41619
23438
5469
10130
23624
33649
59601
64242
27026
11994
95402
21418
7986
28085
89393
49821
65934
75373
7811
68613
440
44843
87529
80365
90201
99196
36822
19772
55226
66672
88861
46795
71471
75710
78829
79224
23041
67302
16490
78675
18902
29519
33000
95157
53886
3822
57830
90897
39485
60232
4613
22659
47792
77486
62244
92453
19806
21415
62106
70464
83164
46861
8783
10078
44957
72589
54166
85054
24308
72049
36075
96130
60008
72187
76805
87971
17747
46119
79000
13508
66774
67667
40747
15875
45821
31739
31057
76940
95818
42236
20261
45704
16929
97627
46663
24595
53552
92766
18605
40522
68632
40023
68104
66755
50908
61857
46805
63863
15653
34435
29436
9050
39375
61298
67784
68748
83892
69044
43107
54567
75731
83646
91693
83032
8797
16286
67802
59563
26235
37301
35846
48608
48671
10748
52789
87322
91078
50663
36106
56085
12967
43495
75076
45655
89371
43882
10896
32511
97609
38461
94991
35834
69388
6897
22790
89877
55299
39675
49116
88077
9397
33718
25907
34338
73246
323
10022
60874
84027
31152
26683
78849
2766
70999
73284
97470
65742
13021
74040
78466
32495
75451
22602
77833
71049
30041
57635
12098
19559
29942
35936
45755
18863
29733
74922
81622
92809
34193
40046
33368
24525
45728
47033
10176
71374
37078
29010
98965
22973
42833
33524
95767
23003
5969
6150
85208
62718
54042
15256
48356
99071
55826
91164
5467
40478
61830
85983
58271
9267
8969
95651
16424
60722
99484
64538
34869
60122
50152
48801
41690
60424
21526
68453
46912
50532
84920
90154
61376
41176
88826
28221
93309
60308
47779
79119
17271
46172
25445
31425
32113
43376
31223
36126
20125
39622
66898
93221
30567
9938
16261
37406
45179
1159
79765
9997
58579
6552
34260
41956
19233
36600
72156
46803
29366
3615
49928
17275
68813
13549
75696
22113
18902
56361
86848
4414
46946
69091
10963
57138
13352
60504
45233
34968
31571
26035
57826
9813
79336
59568
85006
90026
71671
5724
8147
68777
87421
59896
31969
5029
50003
62877
72693
13730
76504
67033
36688
47339
50486
28695
64436
28354
87571
15069
41850
10514
83670
32303
10579
37280
21459
72752
25273
98496
52661
49353
80881
5284
53415
7490
53376
53807
87327
46158
42407
3432
32232
74595
19580
74154
50411
29766
27526
45816
14841
96261
26069
7630
96344
60798
58491
8658
103
9086
8203
83242
88687
52867
31565
56455
53320
69090
20667
89438
74661
86469
25819
70967
63869
58220
1208
68671
14839
22612
319
49752
36593
48117
78420
49553
97901
29222
14319
11536
9625
11675
9367
31403
82169
78574
67160
28694
80019
220
99780
5334
46551
41862
72004
74068
85097
89623
54969
21454
95308
29990
79155
89511
40525
49073
64492
88159
70793
96713
89058
41213
91644
397
22832
45224
4199
73871
74633
54069
89213
58419
80880
91803
25514
24309
63158
81410
6177
49225
85104
53466
56448
1886
13173
67944
94050
92924
97201
49051
17249
68845
31561
10973
67493
93976
92428
64613
40302
75400
46129
29737
49562
18859
17267
16016
81395
44438
29734
28358
13560
40550
72308
76776
49702
33441
11897
49695
92195
39963
82455
98218
58824
70389
27287
43476
76872
66623
30717
1445
225
61726
93414
77717
14685
76329
84001
43514
48389
44013
62919
26626
10275
22673
96184
32252
50931
57012
90964
38737
27206
3377
31538
88433
46290
22020
85440
15911
13593
9991
54936
17998
97107
16470
73243
42941
67643
37041
59694
28605
88724
56095
33581
51452
11734
89966
27344
31610
23833
95481
54425
83329
19772
69347
26070
59921
19795
35744
67001
71801
20363
49811
77937
64290
35962
41842
16453
9765
48904
51526
11661
79005
75636
85646
24909
77015
47589
90018
80015
7270
81838
87829
82492
4947
88316
56180
31447
55377
95711
16140
15605
86574
64306
82312
68924
79686
93545
33591
53527
91346
11511
86412
22484
20190
12313
50527
87867
74904
35363
36017
68875
52099
90276
79725
37618
1803
65432
5257
62856
38292
72938
78444
31209
16139
33156
65321
81773
53406
54709
53514
43878
19239
25149
33512
16150
5059
84600
77526
44938
80961
82148
73662
93686
50614
3505
35427
94254
9038
17797
9126
19903
58333
29417
5156
81192
80979
17843
98331
55032
80109
91088
32557
50661
7752
5518
30750
80326
37777
80483
75128
65742
68568
52414
79022
91685
79939
56776
94589
36005
35391
62294
42478
33550
5585
7278
54071
68710
2442
13876
86178
30449
41689
96272
4198
86600
83930
61789
83921
51737
24684
30768
59431
41884
45025
355
58084
70605
40590
9405
21437
76458
40194
20192
93797
21930
26292
2671
55787
54840
90900
56282
30049
24939
4260
96008
66519
54404
59584
51135
80166
30372
75864
63698
58697
99079
87070
84712
60901
25792
36891
28229
47913
47409
17660
34839
99888
21992
11113
78815
60739
23505
65974
79002
98332
21084
19347
14891
94694
9132
1662
18631
42528
60569
64600
15357
21984
8515
13973
13536
64724
36083
70861
36818
40003
61711
23375
25519
66610
30010
12182
18322
59363
16550
50643
85832
59384
29303
93097
1743
78390
98805
28312
27883
88804
69869
55729
37669
53586
21029
3529
55072
39030
63898
69385
88634
27217
25272
24449
23067
5072
34293
83613
94973
51791
42410
93647
64055
61433
50319
61580
97000
13354
8722
37875
42429
13237
94868
57288
76639
20737
47680
58207
29532
44942
30313
43091
7824
87958
25566
8214
7055
43342
24045
99875
72178
76203
73169
33071
46108
56162
9305
46686
4072
65096
69559
94386
32465
43576
30242
8350
1021
85235
97737
16089
50631
16545
28947
76622
19368
47093
83768
32816
92033
31599
75957
12075
86311
17531
752
39158
10155
71319
75849
20004
39205
54035
67289
29657
65052
68144
95594
92058
99349
59274
63059
46557
62486
62130
49422
66976
61334
31316
34327
48949
33571
57400
78595
34939
20239
56580
61371
98312
45047
43358
19123
65538
85297
80046
33228
89293
86930
38274
47490
97406
61978
19788
10834
5230
95453
59910
23276
62411
57550
18454
21009
85481
30537
58156
5578
38997
93
5160
2756
58089
90677
29912
67115
64859
40578
84831
5090
73265
39879
58994
21885
24463
13248
94171
4475
8241
64495
61089
59331
80244
35908
44575
47417
69742
47177
54416
41021
71582
13064
26924
56129
47966
8121
18795
52005
81109
3947
20969
33585
89609
3278
36835
5390
25777
30555
55453
49217
98473
6625
85509
21637
25215
23437
55986
49636
9834
18837
84135
88370
32090
13825
60564
98118
62986
6934
49531
25013
67314
71520
40560
58125
86329
83676
32249
71531
1896
78943
41685
84121
14778
75335
41017
45928
88623
90780
51733
88773
17248
6433
74102
80539
61580
88477
83428
1062
1169
36833
62219
22799
88023
71734
25144
97257
45478
740
5625
45830
34968
81665
64647
82422
20456
74100
86335
47710
48042
2373
21931
12785
87732
69155
61408
73453
53946
3345
55489
24213
18520
38414
46368
23462
67144
9759
67908
73625
22739
52923
96839
52244
29284
10035
42774
12749
32824
46877
83068
87100
11314
66972
74712
58331
36939
4141
3018
91837
44934
15055
56557
42376
37793
3536
13278
33968
81800
34129
31770
88241
14596
93973
34886
37481
69777
54539
59880
26929
81229
25909
76755
56118
97612
14005
42656
87319
99976
18867
17143
40157
40981
47245
20205
82738
71091
14876
37575
3647
80508
14558
41501
78343
7486
76582
13754
11257
38403
35356
27968
41366
80619
34642
65160
93792
79131
31908
97959
96186
65615
5099
81900
35010
44139
43006
77285
31847
83631
80677
87714
16297
83848
72796
35377
55372
99811
3105
96488
46200
66717
8602
28674
95953
35447
98886
11968
1709
57957
52414
59665
59863
23460
78247
80236
66176
98571
87735
79802
19964
18523
8417
76561
75648
42160
41023
18170
99510
93370
10715
89268
13818
28101
79290
89618
39253
73587
29445
98655
91155
5452
96821
9634
50371
65900
36539
34844
64650
82203
5834
50734
20837
30009
79330
99064
54969
71960
77049
90012
45016
90340
16455
23553
76339
31581
62830
73972
72982
12485
12996
40008
79749
2229
15391
4350
4561
82890
32764
76768
15702
38173
60524
63271
81684
14192
61852
8252
87208
4099
86943
43899
74951
39559
76602
24596
14615
91786
31244
55884
26537
38961
41719
34048
85078
58884
6959
8041
17429
62466
18654
16571
27959
35093
45746
31527
54143
58913
54852
63841
53857
94294
88102
20828
55766
59430
91464
59088
82969
49552
44390
7230
3393
17465
16594
28426
37020
35420
857
41767
932
20569
16309
49201
65760
81577
62927
96084
84346
29490
40846
62570
81656
5141
48928
84513
32218
8229
73540
65402
45391
99474
67794
21166
77683
68611
24040
4875
50569
76035
15282
33692
68369
49170
96852
48839
35655
22396
8087
37360
5848
88070
50766
65051
70721
92644
30595
53743
94853
80104
77475
12021
73259
4598
20771
47008
9810
35890
18926
27302
53842
91643
61612
3565
86161
26417
53424
10017
87102
54321
25566
51105
9933
99777
4119
84217
44976
42215
45666
72554
56878
17652
44313
42342
9954
99806
14925
45560
46835
10091
64567
60768
23755
76009
12605
33916
47415
50746
79517
62370
1914
38061
6680
777
49582
21544
97182
68392
72376
76481
29490
17910
72775
30060
7545
13073
76872
49646
4709
4826
25545
25553
44504
19517
46056
51376
78167
38990
82071
98642
76238
68143
61423
33651
38650
17582
88110
10430
46454
67979
36367
81751
97637
47096
13476
31604
78872
82521
15506
27564
28349
59818
43944
93992
453
2240
48445
47702
63248
87687
72486
6364
30328
56843
22513
13705
45622
40915
83362
85703
14740
58407
11719
18861
50704
84498
52473
177
95754
96258
3634
33211
11787
7340
837
97588
56498
74637
39806
96925
86139
24236
38295
62748
73934
26299
69492
32817
16450
75643
31037
2855
27084
64927
93493
7399
10440
77033
55643
21574
52450
71729
23932
47518
79330
22980
20179
99514
53106
20969
9951
57066
91469
44767
59423
38551
45957
50050
91180
58480
40913
22508
43571
5283
2033
29208
59310
23240
59840
43682
18494
57591
54485
96586
90342
44090
41782
24023
12711
66557
69274
75608
48052
71489
9144
20677
1073
61456
67857
14661
68429
74506
30807
74409
73689
84126
38169
41301
6756
22293
43500
89887
5236
96105
7543
75024
75907
36467
27771
1863
85876
7297
34365
76413
23472
90693
7986
25059
64290
78571
90214
81607
35915
47843
84072
20406
4322
48476
99605
80699
36684
77554
88288
85253
67987
77790
66267
38791
263
47116
76197
65753
11150
6026
64560
79868
52585
43740
44365
42395
49188
62700
86455
62733
38009
66014
17432
64662
17795
91170
75004
75597
80826
5891
37104
55161
53327
37532
31958
8084
84005
1610
33513
72402
35882
23165
21703
96154
9745
90440
56479
99571
98478
26232
15448
85690
58925
54305
91132
36751
98671
26579
51904
67472
73410
95564
33777
17437
54395
2343
10172
62395
28115
53330
1433
52436
5371
56829
94869
38811
24253
74126
86331
41773
19057
91378
98559
74835
97881
14510
18535
51492
30330
60467
62678
44808
1687
72528
22933
4023
99403
58689
98976
65023
80387
39013
20299
