94494
49289
19535
15342
67578
45161
85947
94002
8184
8617
65986
28091
25770
95442
30126
87865
15007
49990
37264
23832
56737
39549
9656
7735
40063
30041
64000
79623
76646
96808
23650
77563
73480
95927
70538
51698
53150
29678
62599
53439
5257
37643
38138
86705
43860
66654
87025
34596
48342
4350
8014
55523
50132
42215
82687
44247
54979
50865
3251
51505
68651
22062
21378
6096
97511
75135
63083
22736
22280
20211
74683
25967
7737
33214
71049
95549
5278
55186
35423
95295
94614
48700
86322
92224
10751
92413
50098
90645
44440
98915
42973
69547
61666
80132
72527
45360
7391
77271
41876
4314
8093
9167
6365
73048
99916
70772
27505
13651
60714
39295
70331
99040
64609
44594
72385
20325
55430
32179
13396
88133
14402
24867
28163
91274
39725
17342
96747
78286
70230
25009
99562
86310
55839
79699
13873
8940
55557
81506
2358
77319
65598
41691
63881
51737
78171
11638
63327
84645
47853
54331
98154
13723
78020
94725
24426
90913
17522
73969
54588
6879
1165
48322
84656
91783
31924
98741
18329
81952
93001
83068
45790
50030
95004
64058
41517
2015
21449
9210
98767
96852
66424
13708
11415
87818
71234
15932
29299
78052
75603
78448
89637
91255
20523
99295
18316
35569
38910
9257
34267
103
97371
58230
59787
50650
18250
99983
45676
92325
23055
5043
49655
72454
16331
28663
25823
44294
53537
93022
11365
83783
55094
36176
49195
26569
39153
39162
43520
45880
74563
79906
24698
41142
24672
17636
35458
43969
65547
25966
61481
10048
16752
59893
65145
30639
3722
86994
42982
57733
65317
74749
42851
10878
21053
3780
17744
56266
77318
59528
35921
25329
93093
66516
8218
23329
58523
90362
98151
9557
37986
5420
78984
38276
53872
80820
46394
10116
37721
23889
77872
69625
70385
67246
45552
53341
83470
63648
59770
77933
62700
97821
45219
9550
12330
80019
92672
46107
46897
53292
89630
5644
95125
39932
68366
24836
53204
41508
78397
96855
94556
93607
42626
37142
55081
20421
10129
94457
54188
96505
95501
79816
45607
3276
81849
63365
74036
55509
58959
42489
58790
51822
10890
78618
63879
11507
91678
67349
69792
52953
70504
542
91287
23880
69599
78994
63506
45783
16138
74213
12411
54243
84107
55468
93308
60683
36089
9129
31913
54795
24235
13903
71836
75731
2032
65649
97980
10436
9308
81931
62839
68486
89565
10220
9070
49576
30028
98559
20144
25750
88958
2516
22494
1872
23482
83664
66958
31949
38693
8974
92747
55627
53369
78640
63514
11921
48180
63078
87671
1315
41229
89817
88190
41057
20001
31349
20357
63677
10219
65745
41446
54390
90163
43676
42075
21366
73821
35494
95906
59205
41378
28296
87136
27240
84380
39249
62210
66778
73402
67790
87262
9285
6611
2100
53432
78364
45432
3949
85760
45624
50626
61662
65625
2349
83147
42897
84373
35561
65080
95779
50940
32904
69652
56907
24171
70551
51192
92454
58488
67299
26086
53531
62100
60765
83636
26160
95690
3085
28294
32969
89444
25231
58805
247
58828
80494
93835
76869
38128
30428
62832
78970
45727
35915
95486
38476
10288
15755
36721
92610
21505
48192
70555
1987
84221
26175
47668
48192
76759
25414
76430
83387
91347
38421
1606
92595
66564
76813
30294
95437
21584
44579
63272
77601
42863
89088
84229
95998
19378
99032
41516
24986
26561
48549
86494
52441
98365
88224
31509
24857
31748
55292
38485
73081
17938
55007
3963
8356
63524
92029
17554
3710
14233
89842
68644
52393
15153
23772
8525
14612
92471
96659
80844
83521
40635
14630
56371
57138
2072
39220
11197
51023
468
26947
57343
12182
88038
78176
96087
43359
30417
1300
5793
69835
4367
75551
57225
24105
47977
86611
72954
34916
55970
7408
99221
89229
97044
93975
29853
20640
48978
25965
99407
16501
81516
95823
48592
72902
28113
1549
47134
86200
78255
76260
91848
71336
48981
94715
29946
21491
31482
87641
87440
23745
53111
72225
78795
82255
82799
51980
74338
28537
97007
89090
80752
75360
83567
15124
55275
40445
2520
88888
32821
25634
66945
20578
17867
18057
80306
13916
73595
49244
57385
15266
49490
68032
59386
60444
97875
69054
13200
47097
86116
43791
63411
46180
52803
4228
52194
33798
11318
27087
2400
7608
89503
85874
4043
65858
48686
31906
26567
59669
64176
79351
7481
12770
95334
49907
45775
76917
17904
94156
86429
44849
4008
27032
42946
58665
29132
87636
90121
8728
46643
50993
16811
72350
83968
24699
41586
9976
22580
50375
13977
8507
86846
76889
63119
68876
8941
26640
76890
52031
38823
52590
23479
74122
36466
71655
31008
55077
27951
10597
89479
71072
70150
10902
26047
89537
6173
55699
29177
54136
4642
37805
79180
55297
81544
16534
90030
69846
14414
73577
53151
36302
95450
88536
24581
87670
20069
97456
26257
72650
8304
29163
90208
39505
90613
43793
97310
30226
90264
33324
70822
80470
7868
22311
66692
36220
85074
35393
9531
18450
11788
19348
75298
43255
40495
89341
25416
17739
77031
10023
41977
71663
73620
44441
97625
38558
35555
9240
17038
87591
60439
16794
5306
12006
518
71273
51269
80926
51712
74671
30617
79894
79850
5700
51047
15117
88713
80242
18887
83067
5978
35009
93148
51749
41054
9316
64502
14812
38867
58622
92881
42579
6974
72914
51963
27644
34019
27079
12563
84766
70263
90356
82893
74484
53197
76077
73138
69509
76621
81738
96804
7355
33379
67216
57662
24610
78195
36735
44890
38048
11946
14680
26925
3499
17903
63400
16461
12331
89849
14133
18354
10190
74106
89219
61338
2913
68185
7076
59655
1650
83358
84026
87939
76543
71206
10922
2564
54106
52726
71519
30698
53084
48971
17688
22084
31778
57232
85584
80211
78601
94122
73415
92775
75522
33230
13713
55557
49105
17714
46619
61962
2152
38176
84086
32361
87419
80518
71490
46064
70976
53227
67512
60009
34821
64764
65620
63516
59885
67972
13981
13330
21416
3995
68306
9460
72910
21013
70418
39922
46488
38427
66088
85855
79388
18007
39826
86713
33155
41288
83500
84583
4008
21046
93662
40860
39247
19615
22814
64024
48255
87120
29827
22157
46269
61775
1608
38878
22695
97589
74681
66436
60202
92281
68222
98570
81089
66248
86881
49432
2187
82864
43004
75694
85831
53307
27204
30406
43182
23865
86156
84476
12364
16279
67832
22217
46941
68012
1951
16810
24257
33361
36923
255
94363
13232
25329
14416
4172
52565
39767
15018
44838
98658
61831
49607
58800
33343
61311
80492
49173
80398
72593
52811
94473
58941
32654
9257
21914
9716
72330
36186
45166
46
50668
90632
2687
80996
73269
49907
69200
2981
4746
50130
84106
90658
69407
78455
55511
66853
16194
87665
9946
41474
80514
41707
34441
27878
50842
73970
24105
87436
44509
43732
19396
52814
87647
4643
89577
78169
1150
57528
1313
89209
27980
96853
65257
14515
76890
88579
95761
94546
95490
42298
16112
17944
19633
26591
36161
17302
92495
327
2078
66648
73549
23482
53015
27127
43689
27155
94447
23474
65985
61700
8500
855
88114
34262
45817
70810
68683
99789
41777
94152
49875
16746
90858
37398
67572
2315
69540
63378
28386
69229
19853
91515
7372
72529
57178
12205
28158
38045
39459
37428
35760
57017
66332
98882
5903
30681
93548
15131
21670
23995
53548
42573
16777
18022
46014
5630
94941
98419
31622
55037
22215
487
55625
26747
82000
45406
1185
71890
16753
77668
89435
2371
88289
10588
16398
99102
2040
37892
92119
77850
22911
54319
67829
98213
67319
81394
10494
15157
15234
2107
75964
80316
92913
98234
77192
27226
4395
21508
29313
25804
695
18508
7881
54915
7655
90162
54845
35056
53793
77912
46
88250
94922
68303
95489
14514
63953
77553
56607
40702
88758
96167
70329
88402
12085
74
61693
99261
97459
44934
81357
26942
66564
59675
79906
70871
20086
14589
34621
89274
79709
37148
39333
42945
68476
17822
40642
71802
41677
58823
78613
32670
49485
71898
4402
41923
36903
49786
12187
60679
30747
36426
40474
85101
85099
80402
92890
68132
9186
13731
57827
49219
45153
20401
35504
74865
66760
51327
90959
87488
16285
71769
54676
97594
69595
40634
60410
48467
96378
51758
65719
57950
96983
92178
53915
50268
69025
43448
53221
34734
54240
10694
65410
68076
43073
77662
1795
70319
18817
90104
27865
64712
48918
57899
93776
9267
65173
2027
99173
64102
29443
21932
49158
47556
8892
23940
81060
60079
87001
63151
44439
89337
15170
62572
49679
64699
11952
25348
13106
33790
98813
18603
55095
2999
88587
69824
98717
23216
5006
29167
58120
63553
25462
33045
42874
67102
90876
451
47050
16426
79305
72443
35908
54313
73278
39863
64157
95699
63587
89386
18448
19044
63759
96094
38330
10864
70993
26460
99631
5492
9593
43179
52151
13191
16550
72751
59496
90800
7373
33938
72769
20465
47875
1697
2080
8417
85927
877
39904
1272
80750
77330
12339
91619
33420
33332
4696
65975
11676
34629
83449
99394
55148
20995
48100
27037
90568
48862
30500
72797
53346
29591
12315
75145
99035
25700
57694
68422
13361
33745
82829
4942
91972
37728
81165
39392
1382
6897
91716
77264
20863
13212
97649
4639
84154
10843
78533
27461
21328
21925
5986
38411
97807
83861
83182
93301
7750
22473
19924
19516
43120
29894
10167
5274
65274
83129
51892
65471
71955
2073
21523
27296
79
3848
62537
29039
86328
11735
45486
87013
70417
19529
15126
85212
22184
94800
34734
42458
69144
98324
37396
21831
68344
6898
86195
85023
11716
82081
54106
96451
28229
99055
57240
67530
22080
65930
45239
18037
37080
62555
96242
25889
37056
43341
5203
13781
29953
52044
29518
9658
89797
26632
78867
67626
49214
13720
93332
66978
77077
14779
33460
22065
7730
281
19208
8307
10789
7209
56685
7703
39088
78796
54469
23227
48753
25174
90383
64538
67471
60845
44642
52059
13472
69225
72422
47307
44628
85340
6255
83461
8770
1483
76566
99246
96653
84730
97846
47261
41043
67878
43008
57463
6898
78764
76220
2297
50935
43079
80957
22606
97828
7382
18686
71329
55805
60540
37023
98796
57840
45185
1399
76174
92639
21622
23764
7707
60619
72534
62838
25166
67262
38376
1828
67930
83572
63104
10346
27614
84551
35525
53136
59574
2262
76365
69624
88270
71538
25317
15539
67634
88805
7885
49344
29824
66879
27680
56866
98879
12254
45489
99773
3849
8409
79729
58349
65892
38729
29069
30947
59598
46293
91955
35805
43286
89304
95445
58273
39368
48945
91783
83766
48544
16839
80771
79071
14080
89495
64236
42068
32829
84475
67183
61342
36947
76345
46789
49999
58040
45797
56341
45308
39406
38676
94262
84985
19122
9470
60850
39119
77330
34927
54727
24444
86780
69866
96519
74151
14033
97338
47199
17022
41240
34935
53364
76814
97326
11409
81321
3582
99035
38781
78557
4681
13057
35449
79922
60790
6478
61341
77256
73013
91664
72831
19592
48344
15656
95043
13725
24460
83447
87870
51964
31187
11093
45477
11108
96192
13696
12343
69600
90158
79250
53891
40842
90556
2091
85911
76170
90217
5101
25191
27932
10888
15015
19990
43631
78464
82793
14084
81321
75235
35574
90612
74344
28457
59800
32633
46467
90760
12941
55197
57295
85010
12382
79629
46814
54731
15409
1860
72194
67014
78260
47762
89936
23003
86010
27048
76319
79399
45251
61731
1743
82591
25939
12275
85958
70482
51172
20423
37141
21019
24471
73879
79802
92768
89926
91726
69599
266
89397
99793
11423
37377
96711
76592
32425
99203
63277
31592
13181
86304
40793
61747
96307
68277
38097
55213
78747
82148
958
75139
10111
46540
19236
29690
80676
73834
86444
47482
39727
34476
69245
76693
89125
37197
46922
41719
76363
94706
77733
78987
97932
77152
58864
51464
14617
93464
94068
7671
71242
23281
21323
16898
82403
83088
14519
93434
10930
72454
66294
17797
29748
28229
69485
6466
51863
86208
78081
72474
19098
28671
37924
43045
90865
79164
71341
27510
64421
33661
67744
27493
51128
15214
75021
46006
92358
5434
62453
30987
71143
95142
88326
72931
64785
14570
59367
53613
71450
97197
49839
96237
71290
46524
90000
88362
98127
32998
95697
38193
36443
58199
59450
26538
66984
40751
82984
11509
41196
62846
18784
19680
30663
88863
15808
77032
80745
9998
74641
9449
53457
40231
601
66629
9648
53309
47085
83437
54667
9363
1603
82606
66015
25306
67813
35994
54431
39240
41602
10898
43321
38385
82782
35438
56920
73349
4202
85449
39298
91430
90638
25419
18337
60324
51139
81204
40126
39734
89629
39106
31593
85271
19109
23680
38741
63515
77509
86859
25921
67501
78941
97409
5170
39110
13619
68840
89115
69388
96038
97977
77919
97701
5411
38151
84397
80918
28752
22928
95177
66652
18822
95871
48140
68934
35549
6074
32962
88781
9727
20367
98705
75986
67838
38614
58073
97394
85185
62883
5687
99496
10009
53260
47523
33919
96755
40657
59866
91634
8518
93036
39574
91299
15563
73014
26296
51604
14157
37074
8136
89701
53910
50075
915
69034
61577
97062
74387
19496
53870
46963
68845
68205
53511
58998
34228
34953
9410
96220
65739
60204
76967
85916
63111
82781
99665
97435
64498
95477
85049
8796
93548
13846
96814
68354
66764
27531
55617
27619
53989
59709
28285
92556
11940
14734
29396
96011
88821
82710
67092
63837
36901
24888
78264
2548
80001
32161
63803
77924
72222
26524
5095
65162
26706
75028
32844
20889
42560
99303
86380
66051
6609
29187
51954
12289
40381
12577
33475
78239
52938
98907
94573
33639
70379
29322
82813
56904
15145
51776
40397
44674
54463
16223
24729
10193
39231
8852
88050
60180
14546
2868
90668
34297
24669
59281
38898
84487
4319
37688
78938
50119
45782
89739
15538
41167
17282
3254
89305
39148
13441
50928
25003
14124
44538
86448
25556
26470
8789
51081
7174
50694
49447
33508
32966
505
51947
52376
89472
53809
21356
21961
27867
23541
63903
84282
96966
89737
7405
71248
49202
20853
86927
33508
18170
4564
1234
13956
63004
36796
62298
13352
58124
197
22242
29868
13502
92247
75457
70895
75456
20884
21960
73414
84266
5023
72328
8445
49166
69896
31985
5387
22762
15126
19541
75761
74748
44367
17804
81936
28821
26983
6800
14404
46662
79202
89352
77472
74999
97191
94913
60967
36215
11812
90200
96132
75949
58680
63477
52647
72333
70625
77362
55005
10342
47939
73241
38570
66008
78161
19211
43718
87811
24411
31740
28785
81242
82964
50940
40052
8438
66014
17297
67094
98824
18420
65536
97047
99814
44948
20010
24109
27943
3976
49491
75128
46057
17072
35390
61764
38511
34797
14612
49915
16169
41484
87971
52708
17227
12397
24035
60508
6559
70063
79956
14191
5495
67449
3459
90579
54106
11464
61803
9218
87488
52272
65720
26290
34009
45905
22215
92946
34855
60568
39978
56899
81356
23918
38151
23856
49373
50369
37472
89676
32726
93965
45965
78727
81320
78727
15429
90124
1357
59686
67932
55098
91580
16174
4710
58589
32408
55642
34234
47401
91043
94086
76082
13170
5328
96630
16590
41994
18293
22342
23192
84728
39423
68526
62626
12785
13088
68626
84011
97398
85603
12740
62657
77610
35456
99766
39969
52654
76491
68864
69626
20763
48551
91946
34607
45308
5784
63511
11419
57989
63286
1422
9230
35379
65629
34789
59510
24514
15586
91565
22713
64165
96640
60885
25470
88549
95663
29211
31532
8377
69462
31510
60650
81823
26680
97945
5158
36276
84298
41284
72561
49174
58340
50605
63783
10675
3958
84871
93292
91373
8978
61388
63858
80748
4903
6316
85272
81984
70574
10322
84908
57842
93981
29711
25872
50790
58648
75654
55930
88848
27048
61715
74742
93935
59908
5657
86247
48042
77483
17606
46602
15302
83668
43493
71035
89761
92445
69248
85777
90734
78431
1455
49924
44269
89795
10593
87567
8646
86094
37382
9744
65026
3383
89656
40877
69127
35961
98948
2160
64814
20931
16248
75539
28930
94477
43178
81463
79447
58310
11554
36942
67396
81800
59909
23321
6910
6637
48864
66571
8307
72027
52845
55500
57760
58746
80517
85913
28463
77895
38402
5129
28369
87905
97583
94859
90868
91360
64751
7531
61985
97989
3463
3027
86452
22381
18121
89358
66553
19487
15486
42312
16864
84773
35983
55121
7836
56375
66159
39296
52797
22642
92809
82516
32392
27880
95681
93590
66640
61201
1450
31770
86132
61056
58756
93028
38229
51408
86191
78632
82385
35453
75792
61354
94241
84015
97023
387
2123
95120
98443
51397
65029
94111
19658
12022
29863
9373
98817
71960
98699
26277
77869
30185
85764
15577
94763
5990
25688
64759
33258
52330
25820
15850
40619
70868
66443
47005
38098
16199
641
28874
39436
65996
69722
85649
11932
99890
57698
25444
77636
26997
94777
959
6860
5371
58981
56117
11826
44091
36724
37413
76975
19161
94860
22603
63234
40876
88049
11347
46811
30081
12275
11177
38214
74840
86288
63724
23889
95660
67181
30913
9884
8497
90861
37795
68124
95157
68651
36760
83084
15208
53882
13566
37362
28664
43543
43364
71049
73045
48359
76182
51599
53524
46482
88593
76333
69071
43356
96276
95678
99497
62396
45559
47326
38128
45083
19253
62897
13051
73514
62181
59950
17714
23232
25031
29574
11660
84623
44729
95956
147
34082
34409
7746
49701
33781
55749
30709
78388
83057
82158
77079
56749
62691
87147
33951
2678
26359
84122
26815
76783
97078
7521
89802
32987
89593
52707
41184
49913
90985
18638
53911
73962
1077
81553
61543
41943
54927
42794
68690
68715
73668
76317
82767
83451
53013
39617
78930
26791
17590
19701
71705
85016
27075
25232
65717
67465
96570
65398
62835
25634
39481
91462
90438
40063
18997
6608
61459
61423
69684
60740
84441
62200
3239
65126
42939
79064
13000
65565
46283
97831
93484
86762
12596
34968
20004
49910
39364
51454
34710
16165
17876
31019
659
93574
26326
86580
45109
6700
31098
2896
23479
17591
27261
68543
12401
33675
91118
17319
97454
88483
86718
43194
49420
93950
43780
86324
67055
73751
98634
36544
50690
19794
67383
94105
38219
20530
16410
96206
67242
36552
74704
66815
86350
55879
58642
16644
57204
70642
43550
42541
11932
68342
16991
92452
70346
88596
34684
33359
1590
85398
6555
84369
42993
387
77680
13712
70709
60398
28678
23121
59559
79881
57032
44095
86123
93687
83020
19595
62084
65118
83068
27725
25255
48827
76035
53577
34362
13328
5617
56045
68015
79417
25067
4919
84023
40188
45010
43411
77541
10814
69166
87617
9344
22898
34006
21845
41187
39916
7263
38104
72053
88180
36447
70796
91585
61430
26716
77773
72689
97334
74262
30323
12076
63745
47246
17012
24937
63935
2834
84582
18190
92997
74342
64834
40266
51623
94224
48100
85611
76554
24799
40783
58524
84663
19737
52622
94975
54027
1664
23925
64323
60587
82049
50053
52674
54133
99929
43854
48922
55282
33443
12143
73702
8328
34818
22009
86520
29292
63816
48337
30325
68020
10241
1236
73421
33323
62623
16854
68885
59965
98498
89635
38019
3666
58563
57190
89573
13720
36542
28872
21663
30744
47738
76655
57983
75531
21143
68072
50878
70534
38514
37472
80182
37520
7831
22828
27994
17204
772
11528
36279
20562
95222
45660
41669
79727
14899
3771
78153
34317
65747
72165
21067
58294
18379
39117
63982
73938
20791
2708
77137
59160
33796
98100
23554
99392
42967
16601
16154
46039
63549
52489
63064
70124
4336
85989
766
15591
91395
83751
38178
60953
57707
36299
18898
49839
30154
29290
81544
3840
64664
73986
24709
79078
74800
56113
41324
29545
49556
57824
29790
52374
95134
32221
10094
88847
96165
79424
46145
65917
68904
84079
13252
21632
84282
3517
21545
18471
1962
24141
82847
34682
44653
57460
75852
23412
87978
87964
72074
75535
82082
77445
4156
94456
38299
81319
84044
83649
57127
58834
32706
51093
34453
71030
15234
55078
33076
89726
13635
73122
75071
31575
77640
37636
4362
89135
23037
31207
50760
74361
35023
68245
79990
68653
53351
63646
88071
62795
56037
38756
39244
20704
89046
59027
92192
77537
52050
74510
44717
58964
28084
45284
56639
41455
39831
73314
57379
5432
78249
89762
59292
5739
17966
58753
33122
59162
33972
31310
2390
782
40783
59646
57159
18956
27248
16188
63322
94963
5862
13053
87514
41794
68049
71378
13148
54871
18335
11032
25869
4305
60550
11721
35962
63095
44989
5845
46652
80369
86295
85771
86430
72884
47228
72272
94636
34492
52773
38899
47674
14929
31124
56119
71694
56076
73550
72591
68171
7731
19286
39689
90363
60544
20040
75905
73239
54368
25518
5078
78134
40599
52674
55897
1201
57056
55137
95521
25871
67922
81672
86588
57906
8287
50158
53536
2908
84502
3518
39424
33695
58152
88847
42906
59872
33287
7361
46669
935
40651
46678
54023
4870
40494
37003
93949
25700
40247
95890
3540
28036
97332
39662
27996
31703
86848
68617
53244
6138
48836
31701
15592
64013
20986
34685
31183
4146
89356
50696
57009
87902
67003
67114
40814
12447
45340
94214
77753
96170
99804
44739
48716
94176
39108
88650
78517
65660
22392
92249
65678
8988
61050
43528
86635
90345
27788
82646
5612
22596
89874
56270
82769
52687
70517
52220
83341
99126
81283
77189
4852
98904
61108
64456
34286
854
41096
18768
14029
96342
10060
90579
31483
40660
22108
73866
31405
14502
37698
19244
62260
75370
39868
16361
33426
23087
40156
29089
95529
66813
88489
13727
38671
87330
11618
78677
51358
45337
95171
29493
6792
33849
60096
51208
85319
77751
44814
463
49330
63161
22817
87605
44460
32857
52112
30125
52215
22898
68309
62732
20614
95178
67376
6309
48560
89115
94923
47582
160
4831
376
81932
74312
60792
32087
77263
77718
89370
75252
45580
48671
37654
86253
87459
19416
72867
24881
75308
63652
7563
25187
39443
87720
35055
27070
96525
67258
21208
88242
53142
22871
61467
94541
87369
95571
81896
46614
77339
21963
90704
40178
62228
41367
6128
23849
8459
2716
28958
97474
94685
63102
59727
73995
20489
39218
84994
98005
68651
76817
40173
65596
74131
38920
20418
50917
34273
58444
8189
8576
14944
66316
66989
7468
32380
53599
91228
51290
53089
39868
51837
58025
53489
6568
33681
5168
82818
14089
5334
95803
85170
75481
89773
91597
19751
8215
73638
30724
84263
10968
24522
87801
81265
93147
73221
88870
49783
6457
83790
38403
92889
35739
7444
41641
5918
56998
76070
49751
84817
177
78943
80115
43222
60439
63725
66312
32904
13192
93213
31533
6544
21786
38852
98759
16740
41533
492
92293
61913
95979
68409
63560
30631
8318
53527
13542
20056
30812
97378
8068
843
95278
45970
17568
97580
5998
82049
39121
72200
85150
17497
40614
1423
31862
18623
84715
15691
9589
70902
12619
82071
77881
93266
6095
95806
24969
18298
48196
79154
53775
83193
77658
95269
33347
34305
72392
53607
90339
51772
67981
47260
51295
34160
71538
89337
80784
57966
17356
67195
25545
48152
6653
60613
66117
98989
42458
78772
42880
26770
36838
35680
13314
9086
76381
67185
39670
78530
15598
44987
35928
72051
49568
30872
91469
41557
67381
92737
57037
30118
53675
95368
18683
76709
75775
75381
72629
93661
29453
81851
84838
94577
11122
98327
71129
95270
99378
20164
18441
5639
49270
30493
31219
25529
47661
75376
46413
54173
7315
18075
90160
5243
55503
33991
26320
87601
28950
97629
75372
70519
76749
27337
68257
18541
11499
68010
41433
77444
89437
64306
47296
5478
29284
40928
33304
79524
72281
38616
57730
4634
28848
12412
66877
20768
17242
20682
31467
47248
55332
13617
92942
53550
71869
13264
85875
87545
4437
25069
60292
39437
55681
79823
26273
659
54075
14297
99017
89798
24359
30468
55602
38849
67920
50935
89112
49834
90832
54341
20178
25750
9934
83332
91264
20376
76226
44325
41600
70025
62612
14517
36961
60149
7555
80207
31822
90496
86433
79259
51724
83347
42107
38119
94559
42311
20311
86529
55974
89549
82454
57678
38759
39031
43481
58666
11333
53030
61055
10557
17902
23666
6508
98837
98193
69455
84294
2342
25261
86882
88505
10459
56420
23648
45627
35447
6190
92223
31593
12013
36682
78172
66576
21240
85135
95976
61671
71416
94433
15087
26969
6570
2111
48998
98305
94370
81850
73137
36175
45255
82624
95246
77255
83084
63221
40449
34152
89383
81667
89853
26634
33487
53000
35884
4449
17943
49134
50235
43102
78849
13945
91269
81652
16801
24153
63322
42456
6063
85118
82988
33953
37704
78955
54742
73007
32002
30244
42026
63305
84970
71201
69653
36830
58236
67077
65296
27117
78974
74344
42566
72128
15578
20975
51517
84819
6709
22366
20419
5843
13105
51332
17847
44545
38043
95892
52464
68437
59186
76500
57390
42271
76341
80622
39547
48649
75495
78788
42846
92057
96803
63232
47836
63091
82869
61993
30379
18619
98236
20754
15988
64759
3867
93165
93444
20434
91862
63549
35247
94429
47599
67017
95554
29233
94749
33932
79748
15312
51781
48617
86279
71625
51192
42203
59729
17721
97097
61227
94370
72463
32969
97851
55233
392
78081
99711
13991
71673
62155
11243
59016
18955
5134
11623
83801
77537
96980
16640
89090
57077
86377
8024
80322
29600
96914
68029
67545
53784
41032
91415
10199
57075
52272
5371
91710
39370
31032
71133
72726
666
62543
70754
53965
26467
82305
75827
57608
47411
19887
70605
8139
26557
32327
99126
29377
47779
76357
92330
66921
52435
23334
60275
84605
47436
17956
23767
75488
28354
72275
31531
1347
70487
12086
68294
25395
50442
3647
43728
60387
86668
60834
82233
73458
44396
75700
50918
48281
89717
90053
87558
66419
11405
10071
67074
68585
20350
48026
20403
7161
17202
8134
3982
97602
68695
15156
52666
55919
33602
89210
40194
31358
42351
95073
7718
79467
49031
31300
68460
16574
98170
79526
61844
24269
64076
46192
42217
69711
41036
9319
77331
3071
27135
95206
14729
65289
88316
57245
66851
59668
74000
89766
3182
52300
8673
55519
9881
22410
86000
13001
7661
70819
64280
15228
2649
31914
55315
30789
40587
96130
42459
92509
19802
62597
78414
88455
24960
1578
71626
62309
82821
68694
664
61175
86391
13250
4006
12978
62870
4740
74860
4185
79371
74909
61264
15035
43865
15134
68741
2440
85196
21240
35438
27665
1805
32191
35713
27611
77271
80409
52870
82400
16260
75145
35103
54338
42881
73555
53345
69709
52097
34187
52128
70088
91917
30303
51753
33239
92536
25373
90632
92816
46352
16514
47978
14871
88560
38785
29373
67225
65939
63084
31060
46945
90052
69153
13191
26075
55377
7284
32535
71683
92989
85141
40878
84713
2804
64254
59621
31043
80921
19708
94431
57646
87483
5015
93491
95395
30631
85343
77991
14194
92951
59637
27255
64446
4712
34387
80341
16533
31177
27641
48779
83241
28623
89301
59900
36144
43462
88782
97224
66613
45473
14669
10958
41368
50258
48457
939
5225
2294
15789
70529
90716
95016
80936
68148
63689
97845
4721
59630
14820
94703
95733
4929
45844
27931
52159
81516
9938
71398
57762
59031
68511
45620
41286
985
21026
35288
56845
10361
69149
80576
76672
49777
70123
89032
57915
88718
54680
55823
13169
62388
38332
44647
57405
10751
99222
13733
35239
76132
69154
26200
11119
19701
94102
44054
61402
68228
83839
5778
44246
75583
42610
39498
46315
20729
23665
25021
87999
81322
49213
65434
34630
4460
85842
55923
31717
30790
57700
25936
78625
3558
98004
14848
62409
65863
85807
59531
85213
52691
82147
74179
12793
19745
77758
66744
95298
27615
89253
71978
12203
58187
46445
5177
69956
97627
71578
33657
94784
32061
75954
10786
40194
11192
52829
66275
79172
63153
67036
83062
95363
17258
22018
58959
11754
79780
90099
81070
98073
41382
51128
27540
3057
47766
63644
85330
93023
48579
98471
10076
15267
44421
90068
99997
93373
95324
33296
98884
55731
60726
15858
97436
61568
14637
82065
38842
59420
52748
45575
37551
41316
62993
57856
44221
36038
86254
15582
84263
2636
96586
12397
26144
50626
44677
82622
95814
70533
65528
6210
24615
74986
80090
45637
62017
25321
29312
82276
13640
58308
316
99180
98976
1655
37190
85841
81355
51710
26616
55463
98940
6621
95186
79233
72458
78672
49598
68356
80544
68688
26895
18726
33265
99135
21283
97992
98985
24176
1735
93742
97150
71286
85913
72247
47909
18247
16648
55613
88066
35948
42775
97195
71543
8872
79745
59254
413
24482
83607
74937
66609
68113
96165
64177
44165
16676
24434
57201
46743
55307
9286
89603
12863
7365
53670
46684
79362
52967
87546
79195
28292
9125
368
82846
68634
30464
66458
71648
25341
71660
71730
44307
34587
9501
68413
68118
21767
16461
63149
78803
14769
11341
64065
408
89040
70310
41927
65167
52379
94506
43650
92924
89687
80540
42790
33331
32683
50073
98848
40020
47087
1665
39923
58052
80963
20518
21405
47113
29660
1680
44216
72353
69145
4522
67452
25152
9427
49613
3938
30052
3987
84678
5443
54070
14430
13703
38142
73216
20715
25639
62201
9765
49974
3030
60799
21730
2925
82658
48488
34911
77414
98175
4534
49329
41555
95862
79611
50511
12398
88749
79480
26479
38415
70383
4129
55613
83101
40503
79836
26167
98977
55454
45480
46440
83734
72159
17402
4031
11100
47491
98338
83243
87628
35407
65324
39637
30597
81798
80354
72922
41957
83227
6384
78788
31507
77783
12576
73988
69529
68003
11619
877
57424
69555
85648
26128
93011
85903
18055
83952
10165
29695
96079
95425
12399
72691
67197
40578
95729
83948
30486
79796
85530
52138
52139
94646
92163
97683
22883
49471
65045
1405
91799
27511
14811
93240
63255
19378
58642
51259
76426
72937
58332
43817
178
85526
47988
47136
60622
19949
59901
63678
53433
51826
45395
8688
67184
26139
53442
91224
87248
83171
24661
94234
14590
4743
74439
24547
9344
34432
22102
37527
75368
41246
78357
88886
75313
19390
98912
34153
13730
648
21163
5167
53840
38887
11347
18687
40033
22341
40822
55833
7338
68547
64414
45517
36057
97330
90616
16551
49167
6865
39971
91254
48805
88483
82020
25816
51951
32172
60342
62372
89982
62952
91199
59763
89152
6088
52542
43563
26914
78730
84577
80682
66837
35763
82515
9707
24494
42380
32945
91864
59112
95670
17790
99053
94564
67404
44236
772
69200
27732
80763
57475
92230
48417
39071
55070
27211
24488
10585
36745
99608
10780
27560
78751
83573
50696
64376
37256
15393
55209
77688
60074
73007
76710
61353
62127
90794
68236
56051
48751
35192
19946
59282
42330
45821
16038
81997
67204
58743
11835
62727
24557
14950
44528
42510
71916
51982
75829
93201
7800
27317
31324
33423
85618
21767
75314
87274
26226
74138
23577
14683
53804
21675
39523
92383
15102
80807
94381
97710
8730
43014
83382
64300
91435
88081
62138
61113
56421
5156
85807
97283
81422
9423
62459
42843
25890
20534
98128
3813
17640
39737
73798
23272
95151
28974
68275
18854
81763
51305
75273
98310
10578
12157
7436
1517
15062
21949
80782
14475
86783
18172
42985
33681
24286
37298
79545
47776
81424
89151
18579
65436
69221
88522
85734
76736
48044
14083
69709
65100
35773
23143
66989
94873
72482
53953
83569
70668
73123
71373
4768
83465
38189
31000
96824
75903
1406
42339
97161
19649
40207
38374
28880
64949
3390
57970
99182
59205
17687
74671
14373
25107
41215
96772
21711
56266
70909
7988
43802
65807
32677
47013
43684
95062
7459
12701
26927
7153
27424
133
50336
67652
13939
54831
47546
84883
37863
20276
43027
60284
98981
30806
68815
2434
79454
33060
58945
89534
71991
54748
60091
62010
13042
55786
71085
93976
23317
43311
73442
62860
70073
7101
14579
26795
48304
68063
89670
82683
32020
63989
79175
2889
51080
26108
61057
39674
17486
30700
94040
18265
83717
32540
89254
39823
29403
95648
63665
27569
95223
6194
63942
82547
58812
99791
1908
43803
49083
67256
80135
20688
88696
92120
67071
22608
44950
95814
46156
77249
3330
4608
46312
80639
29465
85719
11634
5300
77239
88714
15554
24294
40701
65387
60366
76395
64382
58653
60248
41015
43910
83711
9457
13558
47560
36418
86831
76885
64098
70614
60870
14138
19599
3363
52261
58164
60809
69683
87056
32972
30168
34157
85942
16251
80156
65980
51502
84790
32595
40014
94099
94469
59879
53816
1753
85905
82967
55415
35786
87483
90880
29169
98530
83465
45864
7514
9347
25979
26247
56339
88182
8188
29555
32140
83455
38900
81254
72330
16475
1626
5390
27108
74105
8231
89617
583
74386
31014
77050
85114
16358
45479
80580
88283
5717
28146
30146
34216
57558
15609
79209
29050
53047
37671
3899
96716
36690
76788
19857
31193
33769
41530
83556
58371
35198
68322
87672
12048
75153
98007
80933
49551
44502
36957
22947
74457
95378
75034
34609
6386
58834
15634
5506
8878
29448
79569
79973
70576
52451
51841
3088
1614
44906
38139
36457
5617
29046
92890
6320
3640
47625
78219
2123
64251
71502
25568
38671
82157
71053
78308
6729
79131
45099
86698
77479
25010
7708
74430
58341
30653
23655
74012
81911
78923
94485
767
91792
65935
48724
45618
27085
93761
53902
52707
43553
46722
4321
75926
46974
48061
47419
24885
61149
47048
16980
79844
25706
47306
59752
77426
25903
93686
61423
18156
71130
52790
61339
20364
21422
87139
74990
12688
17220
65232
94709
75461
70683
52551
8484
84801
53667
28363
47343
9071
50530
23261
94787
52837
37408
12090
99263
26098
89430
79936
58610
63252
28078
41137
82418
17510
56278
70449
27478
75670
80007
5354
1361
81268
99437
20431
44108
49382
43026
41117
15390
89368
14379
1212
34634
55217
88766
44645
35573
76641
75054
62399
93859
8791
20485
41762
31310
56047
31934
59548
70209
29737
46380
99121
94263
31156
92074
89949
47979
79816
70015
80821
56891
10740
525
90092
29534
96876
54871
40369
77567
57476
16045
21334
1686
18938
20341
94411
44193
13229
10424
55945
91204
85228
29542
82827
95034
31562
22950
32086
1622
14221
11038
77913
73339
76325
48220
45583
63060
18074
86303
30049
82257
58654
75717
33353
81214
60193
88817
58674
13026
86563
87448
53403
83569
10757
2665
69050
37870
7416
23287
83293
43521
28919
80452
65099
78065
88401
60235
76137
11486
57438
63338
30841
73501
56787
3915
71485
23761
52368
65165
53273
28034
4342
88403
49623
84349
43318
5001
82980
87368
34501
42991
24983
34624
65611
52772
57777
6353
33115
3887
79167
31217
57885
84076
36093
83385
72039
34290
83190
77185
92938
86941
29414
71095
70985
733
76992
380
25476
5658
939
859
72882
24194
84839
35303
90253
54417
55758
38544
21895
82812
18165
80225
68635
95610
56273
83865
31710
76783
66775
43555
82133
43126
1756
40181
70784
97002
92347
57314
25907
46737
67541
51932
10565
61030
34482
68297
83329
24673
73541
33921
7450
88613
46094
57474
19740
77350
80505
41071
13053
36438
7524
2892
33971
91274
49918
10222
19039
8749
38635
17411
50534
93185
16932
31166
42817
34637
39771
9468
78186
82663
95676
79480
25623
90559
2415
9063
23523
16454
25689
58002
92679
96602
12227
48206
91816
11343
10322
39513
8074
25659
80053
6034
89859
78366
70782
69685
27114
3595
91111
99123
99949
94360
44310
82186
9954
21502
76507
52358
85013
68109
2454
25395
60737
6448
21653
81214
60698
54360
71259
30759
98758
10919
41789
55973
24172
89052
73061
96534
73764
53238
39225
11969
16014
45606
17111
74219
32095
67253
24599
17778
55639
42511
39762
24520
56141
2059
1312
37584
60491
93177
9245
3086
88662
92839
76069
95054
79430
31663
21695
66037
63092
31200
7158
67771
72657
35303
8450
98189
49523
70425
2150
90334
24842
44000
4338
9221
50225
68321
32168
21911
32352
71846
26716
20578
80447
90892
47284
82403
59253
19691
33231
33444
12765
25501
93282
47798
59578
85293
33661
17926
44513
54078
55405
70719
60629
405
17114
36093
86033
79652
73968
4937
94941
4243
49243
46230
55811
30605
77996
38934
42044
42373
6265
71641
91812
48995
1472
86564
9612
92430
75
14890
72302
57943
55439
1546
2490
97376
95310
24868
15087
48840
65021
97785
8614
87669
91392
36094
35208
12988
44850
79324
23424
38191
50592
99656
99243
46211
42165
36666
26380
62749
19504
20844
29436
98233
11505
96785
19614
53879
24243
36111
89809
74851
78226
72090
34687
83934
47502
11663
8530
72814
71849
50793
42021
575
15114
35876
54776
90228
97060
56076
48990
18639
63728
56288
20625
70840
92278
36361
86885
80653
91243
75345
69754
13190
11668
22562
39147
82724
67465
85020
69795
87670
6229
7954
26671
19240
32410
32257
23343
71112
87409
5006
10086
90006
45071
88795
25648
76231
60995
63942
95347
3734
10939
49086
18094
76072
70055
44611
58735
63258
41077
98713
71873
14217
6171
96360
18178
71966
11124
45812
68050
86964
87713
65236
45415
80327
41873
11568
97470
42459
67547
66236
96812
65286
34664
49195
93682
58907
80718
50642
7695
72820
69270
16507
50607
89691
63935
37538
43297
4853
12316
60272
2343
13964
44888
32529
67814
29271
47162
60148
45949
66088
19875
73727
81043
91378
31092
19948
67945
80244
33165
5187
67022
38182
74736
12501
89105
75072
55300
20819
92209
6402
4438
63273
54257
9827
91897
699
39879
3033
80462
14746
34515
36769
48799
22786
5325
38956
1957
55315
37367
44263
36841
64106
63442
57413
66727
62076
47660
67275
59023
49487
39414
75735
24294
69940
80820
30862
34153
86052
43758
64897
71857
26262
29732
61499
99314
26651
38366
5994
52637
28023
58913
85895
53382
12507
12637
95651
28895
31203
52067
67472
18947
42793
13396
50058
78256
36581
76309
47840
79435
7010
86111
37027
41895
93341
63826
56170
49920
89532
76714
57310
81474
14217
50217
89449
94247
46986
88692
6550
44957
16639
98522
85733
92485
24983
40527
73422
16760
57262
32535
10063
56932
24231
47357
46259
4692
77570
50115
71393
25710
93115
20788
78974
5718
37343
10837
53376
80272
50923
88603
45105
81987
66243
49622
18140
92696
88427
10698
95799
20130
79430
74750
40940
48983
17672
82445
59238
34172
73498
44090
67381
53952
82794
43553
15678
73503
1964
10153
97729
30118
65042
22997
69672
73174
88547
28697
76586
98497
74586
80714
60633
52018
4286
84174
98126
93705
73210
2387
34254
69860
65848
75644
74041
15321
69694
2453
34800
81631
34213
27143
1408
94285
3858
87463
69967
31162
87732
7145
76578
93060
80025
97523
71752
42412
73516
77900
99751
14782
75375
70835
80673
32974
21424
8715
49186
21278
19852
5620
42633
75612
63133
26005
63857
36264
30913
7253
86139
73427
38793
73738
41241
53988
16730
95689
36185
9332
6179
77307
13324
58617
73180
83312
84114
36799
90231
37485
91140
1554
24582
61601
9054
57401
70281
32694
29255
91964
30833
97187
33694
96486
40950
27742
30627
53445
42770
12815
98911
37134
56536
31967
79920
75006
88532
26895
73813
87228
21153
32006
45683
70618
7073
12290
95298
8089
16700
78127
4343
41676
74776
29525
37742
62133
40176
6859
40051
61004
49141
64746
88109
62686
87454
66653
48200
86930
12205
6196
19262
44871
70496
14712
85634
67769
62992
83961
90184
52898
40042
80675
87796
78557
80808
82446
56734
81573
82795
88021
38206
40093
51542
18590
70585
87337
99338
83832
61960
22105
26042
68035
21858
62885
76042
37321
53958
29044
66249
70571
96615
73815
92584
42486
7699
22354
85910
29204
66466
62523
72793
4766
56056
47163
20107
11055
48502
74737
72751
5620
41156
31766
30958
39584
37715
49883
56659
8732
43026
81806
47135
37051
81232
29948
49385
83212
74344
78704
94678
58825
97102
54201
89137
55724
68340
73514
97703
99201
2777
47419
52097
87574
49167
5805
48351
34382
55239
10443
44718
86837
70107
87500
64549
20271
21528
92820
77474
7690
71942
63802
74236
2897
50582
88005
43268
47906
74919
89839
56189
20023
23060
30860
42997
88288
53534
9731
14719
37234
44113
92475
93135
55929
92789
56145
87089
99049
32468
58565
20454
76434
98370
19925
76796
97682
85518
48769
31208
27332
91076
2606
59491
84342
55453
47238
30590
12728
5636
48796
11332
56976
57157
48653
49803
98827
51444
10882
66325
98318
25142
3986
13321
75499
80304
81861
21001
97582
49771
78195
38417
62711
72257
9386
44491
63170
53159
93166
15313
25826
99382
88539
7232
41772
99831
84583
4757
25679
683
56962
18951
74914
77652
39647
98240
91030
83556
68780
55641
58538
47808
37789
59377
69278
27632
67912
77930
6495
24742
63337
69601
74400
63304
86149
4584
62282
25563
39275
90273
95594
53390
49846
53945
57640
5313
39536
15806
83193
98801
92433
80255
41962
88449
24101
35359
30973
88229
65963
49365
74672
54510
60025
75586
95704
31661
43645
60880
57357
44006
35999
19108
42111
30099
53282
37536
83430
24849
98569
99160
11959
24395
56182
80814
19410
16450
92525
55948
31960
31190
17560
85406
31162
4147
97572
1961
50637
50842
90120
31724
14906
22411
14501
8369
11634
19052
76361
88720
38718
70745
70446
80065
31444
40936
55904
5947
32389
42711
47867
64302
21076
54804
96466
87450
68001
70121
27308
63722
94531
30179
18505
57776
46101
36413
68195
27069
89351
76206
20688
98109
47861
85451
80515
26765
21652
97370
88082
25531
83721
25620
47250
7929
49140
11574
61406
56092
74377
53157
73815
86487
38015
77115
33157
72271
31233
59218
9884
92827
1635
37804
71930
73563
13935
47293
4524
77457
48508
90741
74224
62528
38752
81838
597
9536
24732
77582
85887
37146
54294
18073
89735
17222
45444
95031
72095
69055
91620
20317
13523
12384
58761
52763
48651
92798
75759
72225
53197
9313
1551
92079
28959
58143
3406
99159
67114
85303
59185
59761
96090
92711
40171
67579
74754
94251
76246
32715
54524
38355
47616
86259
31694
36671
72221
62223
52136
70201
33658
85997
40938
50287
90738
94842
58915
8332
64921
97061
276
81330
79093
90419
78771
37239
49869
69950
11243
96377
9114
27306
33824
17790
20922
90822
38160
23212
63299
795
84181
59554
56852
70164
11303
42833
19015
47882
5279
35515
42115
87435
37879
57510
13583
45191
33709
69725
96256
37142
47717
47524
29235
33481
65134
43829
24886
56428
98973
84156
48128
92148
49525
72843
45121
78507
93769
34043
50484
41781
86328
15296
80114
17597
24247
91463
28960
28130
59692
70894
69128
71256
33558
36961
82021
80700
7338
47405
28023
48599
83129
41634
59287
84526
80973
394
51973
27300
70098
3232
1501
77805
63505
1902
58375
78896
42903
11656
90958
33047
35989
94623
4264
10486
48705
78691
2452
31158
6937
2808
58371
54365
3655
30387
96716
64252
61728
16273
98563
6933
70119
95828
31140
44966
42063
61467
4809
64886
68829
50589
23420
37403
88300
8002
41190
47206
4746
894
32933
84044
67263
57227
50236
26417
45421
46082
68004
90931
86771
99477
49120
32784
28044
96588
16239
10517
97141
54970
10619
96997
76460
10811
78222
56098
50196
9292
2660
92699
6388
27367
80283
13201
64991
75194
7879
51207
59854
73603
52322
12519
57930
73098
73344
33803
35494
11003
29569
49358
32520
25246
49344
61392
1864
34645
1640
44159
39857
12753
11911
97673
31493
52529
77594
67451
4830
30969
19143
68340
44494
8203
90218
83851
48807
30340
75975
49529
85879
31317
2590
74309
64812
86492
63933
18987
62549
70399
93711
92040
68776
25829
46098
52132
42560
43025
19815
38908
1375
86908
82242
77418
89457
42157
48000
15988
38001
89207
58617
77390
84676
63567
87563
54349
73027
85129
41654
57482
96855
7694
518
71694
47517
76860
33163
77504
31241
85722
87844
43016
50086
81398
80602
14431
10619
27933
4201
29013
93930
19575
66969
83167
51058
24764
26251
15483
59124
59383
87854
81953
60978
9269
79346
24328
90739
69738
62868
10705
27012
72993
62711
31988
43673
21021
60180
33830
45936
55920
65352
84708
46198
70007
88556
8894
48931
13681
30562
29571
22977
74011
91339
32996
43690
13801
14997
31624
84687
38146
75858
65996
24405
23705
26372
72788
59353
84163
16468
89075
76852
74074
18305
57267
92218
26701
99382
25697
64061
35425
4373
71320
81038
86441
53999
92488
93411
16957
10869
95939
88532
75802
68777
39716
72512
88662
54477
7580
42477
26974
51261
57242
41772
42254
59033
65654
21178
75948
97562
87835
74114
54337
11878
95951
99424
53461
26527
33248
91906
7110
62005
53036
32775
2756
59164
23629
32105
89869
63064
25887
10070
768
8309
9263
92858
59296
79987
29538
77049
98727
67646
13440
46552
11364
34299
32187
19739
34738
26623
90911
58569
79287
68314
79320
29483
3926
17360
12091
15156
66257
63560
22994
68987
4478
42238
56935
30435
41125
97459
52267
35163
34227
64612
82820
18753
6238
9592
32401
54050
91606
81522
61468
68637
36484
33543
13371
70789
72866
89001
52418
90085
47574
35234
19112
33854
68684
51901
14740
25995
89840
86557
92837
87014
77381
79505
96155
83971
11428
9567
38085
83290
78900
67486
37352
98
54754
37120
70088
66265
60477
88299
54486
51168
54865
93385
30198
97987
54559
30645
87500
26582
95605
27254
66787
36731
57903
75689
16057
43169
81705
79894
16939
77638
64767
8197
72984
31004
66468
20681
74804
3146
61659
96378
43532
55561
29110
56737
66832
335
17096
44524
20002
64137
98697
68737
3386
58624
9958
4847
87763
15518
64674
90464
49878
3979
96365
51883
83201
45360
74654
85831
33395
49212
90544
79449
6774
75428
66327
26926
68394
12677
87038
47556
27178
11622
31519
75906
78909
13561
66718
77257
42300
63840
5026
61218
73307
37100
75280
74646
25845
74944
20101
55645
26136
56500
44624
64878
14058
81206
35563
50837
14359
24746
31540
57634
17080
60466
20780
59582
40802
10057
49323
46393
26344
60458
17053
63743
87661
94446
29789
15337
31722
66065
28589
94575
21208
44150
22863
2491
85147
92801
83203
11384
23724
13122
15294
83946
59809
79378
73411
5208
60762
93397
80736
96868
84235
67999
18184
85755
21217
19892
11304
65575
51411
47656
76297
44929
42759
82085
1
14596
29149
94634
22069
19390
44124
95472
93231
16928
69367
78120
67928
52564
40348
42976
73875
30349
83033
80741
63478
2170
92875
11203
40485
60501
2276
42535
71821
38104
95096
35589
71193
51375
81541
33077
23189
13768
30972
46553
3677
69735
11344
50778
98720
55734
81978
99567
82999
71162
87846
93471
41148
92705
64798
80158
8360
73719
28561
12724
19885
87799
54016
45307
69197
18622
29669
81511
74101
66588
1824
5216
22010
98596
58111
42218
76718
46915
63401
17158
76543
2573
47495
16433
19981
49714
59439
36234
12645
63920
65455
47921
19902
25282
1683
84491
53775
39798
52211
18594
41740
61853
26043
6697
87739
41979
55384
43102
62871
76702
73788
77416
38625
75595
48687
50495
4957
81620
1010
90378
81776
25701
79760
88036
13524
32990
10404
35320
20821
28795
30753
74156
34539
77263
60770
71322
4661
85808
32527
9976
78126
29291
73416
45081
28463
77400
78641
24749
32193
41160
3098
80451
81309
22875
49130
5231
14209
22062
19016
91527
69233
93233
75333
71943
69128
92535
36649
22260
98074
67622
42456
77438
27976
94031
64033
22462
99294
43319
58115
61631
19244
180
98973
14873
13695
29747
36144
87320
56860
55382
92754
47387
20216
1307
5746
25528
19895
98807
73507
74173
63327
39491
98120
80914
3512
11884
64570
57435
9794
8334
97337
4473
38387
94523
34380
25359
45708
3956
48118
13377
74742
32794
92088
96665
59742
11871
14109
76356
38539
85558
62149
16313
36824
51625
65617
38810
29746
65672
66728
34195
62287
4031
89637
56223
63497
88417
1150
1385
45590
79841
10000
98000
16613
5471
90444
50628
35319
64287
95768
56013
91096
94005
10691
35692
9305
45692
43209
59736
43275
55911
61311
88586
64281
78703
29884
95061
3426
88842
53413
84684
37170
15389
39347
27784
56541
66920
70082
33313
59575
88128
50776
56057
48594
33562
38768
67416
26997
1538
11427
76402
80726
75147
93491
51461
2324
77377
52371
37663
96403
93851
28149
12764
72500
8781
18033
48204
27569
93273
48623
61267
64370
17925
33586
3819
93295
13832
3585
34148
69634
79133
18131
22827
96551
66010
23415
34856
71892
97819
58909
10177
5391
63831
32004
36924
92528
48373
82400
79202
46197
41975
16423
86079
83740
11411
56953
80358
15040
70467
59370
29074
65394
44755
1966
70919
95379
61400
99391
80790
86892
53631
51918
85087
72587
4707
52548
60369
91834
85112
10131
77389
97181
30565
22846
35849
99944
9295
27713
28048
35771
10351
26654
89894
50011
25094
68998
41193
55342
57447
52769
32756
94258
82514
41370
25789
78650
25025
48393
12446
31142
5692
76510
79793
41854
77639
38791
86740
36588
43803
69470
67596
60627
16049
49682
65381
95503
16666
38577
76631
86090
70509
70799
8197
84504
94328
87541
78815
26481
74167
47400
44872
59560
42595
87285
10578
99340
89313
2711
19012
14842
76187
62692
68221
89917
67692
96346
22003
34020
84789
76961
21492
10494
8685
74845
89902
74676
46069
84915
24714
76898
17961
11157
16914
17300
52178
86572
32819
40602
73272
73697
48414
56743
15701
18888
31049
6732
60613
28009
61363
34956
70681
67468
97860
62779
27371
29409
34738
38200
40300
2025
27520
79940
13657
85540
31489
62590
15180
70296
36218
18908
83855
71834
29478
51592
80107
74077
23763
76372
54878
79156
59465
57052
4491
66501
19851
79543
52172
36365
5078
72537
70626
7722
8294
88872
73261
70376
78456
30009
68791
58315
96906
45831
92842
7382
34175
18479
43330
14454
10239
21418
4221
23279
35034
8488
91855
65280
21901
70725
96531
27317
13789
97387
35899
55273
896
69829
73384
93430
30716
47610
12085
24923
75079
38254
91278
9801
82349
66513
22750
74185
86160
90370
16870
66829
88714
96420
24617
35570
59310
19930
3332
43055
26508
39746
70651
54780
99123
61452
89934
16066
61968
18166
77611
18843
53909
10917
18877
85862
83990
67522
803
63497
38540
87470
14011
27523
71324
49923
30492
13805
20978
97417
61091
60172
44774
35058
60613
83287
84193
79219
61092
28767
33625
22719
92701
8895
14392
39969
6238
24769
65979
93750
6356
17963
94870
45156
18274
8004
6645
85211
32430
5703
67229
82311
93173
86563
95504
80623
58111
52396
29136
22605
56877
96578
56219
93930
21391
923
49588
88405
60978
12240
76098
15200
44854
47265
83602
74040
72542
53862
26904
75071
92193
60083
59699
35847
41725
55014
68622
70509
31595
95344
83522
39503
64429
41566
83481
75243
48900
18756
51277
35222
52223
97253
73391
98454
24717
54209
94948
22813
92563
57947
44554
29762
69305
28581
1848
98301
4511
71210
28323
84607
64110
80760
65917
46316
59753
26153
15511
64310
95777
34412
85063
33751
18887
80341
10245
65131
45085
51325
91376
97447
11526
98103
38638
94714
95036
82001
38832
51422
68352
7011
86963
10139
40619
58455
22211
38009
78819
75348
69210
64255
7306
96937
86950
8301
12785
56435
53673
98994
30761
16907
32890
26795
62202
86607
77449
30745
59852
59723
98815
8317
79107
31780
87171
13523
78600
19329
58970
35593
77025
96086
4966
64474
88931
12366
99311
94443
81886
79252
29119
81888
83223
97694
1062
83708
49171
5847
86590
60148
68750
8456
28233
17903
90028
74530
48471
30237
33031
69066
73476
43696
53415
71937
6142
65755
51535
20431
77380
52197
51924
12940
36169
11018
54921
50987
7032
72687
60501
70179
73458
42463
42758
39578
70387
76679
13951
87632
69298
90571
62893
14054
26087
76387
63255
54922
82119
65749
53684
7936
37034
55568
68278
37966
25166
77762
43428
33412
96372
87511
83973
8614
27944
52590
37368
8535
85151
9786
72097
10532
93529
43250
86526
13930
62117
74837
28087
63524
87652
56062
33588
31446
52965
5919
68904
95215
72752
78781
94411
94526
88862
51752
95462
39093
63205
19413
58087
94578
95666
8442
10229
431
52527
31302
49437
95400
23204
97018
36010
79685
34969
99816
39924
31363
20154
54406
99311
86211
71155
37711
2436
4494
96891
31159
6589
14531
50893
86888
25625
37151
45328
65598
64255
13928
16985
53211
80976
65398
40903
48295
21205
68350
89484
31528
86967
86141
60075
80954
93166
40477
1948
93740
75313
64583
64301
94327
46156
95045
61859
99163
54544
7218
61630
73623
25892
21025
77114
39845
12505
20103
5297
63920
987
46950
5406
24883
41283
6934
59389
67823
78601
8210
52463
82536
27095
20925
32921
79837
35449
71823
1323
8162
50737
66048
66782
18331
72230
86447
50871
49368
2685
51407
99496
54440
24800
75535
14166
82811
63546
8868
22549
42296
15557
54678
69519
34999
50970
79332
13187
58844
66503
2708
98570
58032
51295
93531
93302
16798
50092
70757
65811
47111
24255
194
39951
99235
64392
13198
85430
9941
2049
2619
34869
85033
26116
45340
88512
68364
57277
37840
13264
56968
54107
83081
43940
22875
86976
3961
79080
2451
18615
9465
89107
85192
72389
8949
66314
35669
50520
15286
55394
58293
39452
82733
59651
56598
74124
47161
16167
95133
87654
20310
76034
87990
92663
79394
45756
54037
52470
31341
3897
4910
99469
64764
47546
34381
52785
17402
40893
67443
81650
60412
98751
89935
91214
99791
96705
69524
66721
24417
39592
7996
45239
95048
90942
44953
54081
26931
81719
819
15622
53099
85294
9796
54481
40805
61101
97484
74984
61287
26572
64785
32029
85556
64144
61942
8221
63894
38453
33271
10821
81511
21702
13406
53845
45436
58985
4966
37693
44943
90360
87914
1747
79559
34121
62344
32519
35110
1072
27799
25422
77647
41626
18434
62554
50961
71546
93728
47435
31989
22017
40945
4094
2176
4710
12216
96707
7333
21861
56816
97677
65066
24260
66252
15011
3829
53104
52878
96627
2580
61798
27203
94758
15142
13133
34522
65615
80424
73121
74911
79453
44768
48075
65401
31823
17439
36459
76124
16903
25783
7800
11467
55223
89690
55902
22478
71384
80970
76838
44203
20410
26722
22355
98372
84950
34560
3496
34190
29087
82317
57768
90153
64086
78219
24629
11552
67453
35386
86586
36607
1123
78502
57892
80652
2654
3857
49067
8996
34071
280
74926
15443
81023
34277
21820
45806
21536
45137
2863
77745
17934
42227
88339
97104
97436
44746
30373
10780
89706
54403
99990
73429
4988
18663
54639
25766
61479
78755
80974
52769
42276
56053
74542
29560
21415
15185
42757
47349
62025
51214
80198
93559
93216
16463
15239
57802
8753
94481
35678
42625
78236
67150
78500
30098
14550
84460
61819
58510
14164
28742
46316
15515
26083
9556
17193
37456
7284
22425
75569
87085
9492
65513
31057
13269
43034
80821
37160
90473
63386
31573
94115
25602
18295
15312
96071
94314
12853
44331
68462
73463
57131
12780
15816
32645
67511
49481
34914
85615
8012
26258
3652
64394
54983
16408
34965
62654
74783
60088
7385
89250
31867
14312
6074
6387
55005
4253
74884
90896
49980
43543
25898
5365
45711
22121
3719
21842
29445
61865
56895
93032
1234
13744
56836
78847
92420
40046
11380
77063
15572
237
36287
64297
30487
35648
3846
85416
73012
31977
47807
56058
5584
84548
74453
98205
56549
75923
77228
19448
94257
80230
4707
86415
68683
44550
67378
22082
45968
64575
30547
52387
72059
84872
72093
19026
29908
73072
94347
18839
89247
63527
14459
73210
16533
59654
61330
15362
11152
39580
25820
53769
92319
45206
19858
49945
33914
1097
10612
229
51663
62879
77654
40710
4122
45308
47032
11249
660
66060
86828
78897
74850
68748
81756
24710
98927
84753
48132
12505
51476
85592
19675
60666
52787
29899
43471
18841
91299
76749
66382
75902
4325
99299
53633
46917
68629
16798
30675
36953
77628
66665
61871
90668
39266
72779
48999
68656
35233
50778
76881
86133
40181
71485
95276
88896
13456
54619
44640
71140
9610
62117
44996
8031
54965
75677
11033
19028
64462
68258
36083
98016
94127
97529
78199
37915
25250
51673
95680
53645
39440
10803
9308
82987
82104
33213
81075
13133
1947
69241
21032
10445
74035
16582
72344
98685
60900
22339
63008
23141
13067
47323
31259
7000
371
66706
35240
52851
49702
42634
11946
87505
70977
82994
8297
85102
68512
75500
50326
53110
57720
26809
11691
17960
75747
54276
52113
32076
66230
22984
23611
46702
38351
66206
54352
28727
88010
77319
55270
3943
8243
83026
15433
94929
41109
42026
7068
23026
77169
10367
46678
18671
78251
53712
67629
59018
17886
17170
54449
73376
36911
98976
57678
86371
18590
99103
83221
6095
97177
88364
92373
67627
38188
60228
78051
47326
4595
40815
6040
15628
78832
12714
53305
91755
71447
98512
81778
58886
87334
11685
67260
10669
93490
45791
43774
44087
3101
24177
90511
26453
95012
23189
89913
83604
30805
44981
71833
79695
58269
20725
6499
19823
97663
54913
85731
52544
48577
91823
45918
2257
93857
48753
55735
3879
27365
28857
97677
46110
17263
77097
42402
17502
38575
80054
84950
59446
52914
33688
75697
97943
92185
86673
39232
90543
14564
7511
60887
42529
39789
33888
34261
98238
40434
31049
17189
46018
5898
62371
74337
84717
14072
61722
75313
71164
92893
21187
24688
91491
99528
23266
15727
71338
64041
19765
13619
34273
53347
4481
57178
71745
84735
15223
10235
56449
79197
10978
60491
80465
37158
2223
81308
30039
34173
59769
3712
11460
15155
33105
48107
86001
37594
62247
19190
17307
77105
89431
8864
23769
64542
7282
99823
62934
11195
90120
96404
92143
45735
77583
51885
63274
25404
34483
54308
70224
61472
81274
7764
73994
44981
63539
16107
80244
19148
85370
34795
4064
97783
33898
5803
88105
88283
49824
4507
37970
90692
56167
34885
60667
15474
32454
96078
16095
39026
12578
58715
83373
67111
26609
62769
80385
26247
29628
15637
78303
47202
73488
13842
61931
58429
42050
93560
12967
83997
33180
13601
28650
45631
35689
74416
53658
3845
78200
69267
24134
42
40976
56967
6978
3734
25777
86810
6079
87821
39202
36235
90598
45633
29661
45037
61553
85352
38227
47595
3687
4585
97437
37862
42322
86256
43072
49818
40927
86625
43100
40255
71889
86057
89330
49066
6434
18927
89263
30195
61335
86666
44953
69618
67998
18284
98804
13731
53639
61116
15570
86376
22044
53762
16245
45422
70110
64539
8738
6343
59614
35148
71140
88790
94997
37427
20410
28042
4577
35320
1566
95682
14652
93507
80883
43310
74234
41000
87178
16694
6399
28381
72305
79316
51226
57068
97433
85180
51874
8835
85218
61692
45260
67913
80933
32126
33382
44171
83102
79594
30419
51732
60883
20616
13027
8156
51782
32036
36559
95703
88947
34026
55470
95342
358
67921
71030
77675
6332
26676
96338
73581
28116
2235
30268
33404
39091
48792
35096
54454
944
25613
94317
9096
43234
73515
77345
50104
97412
70454
18351
2815
98114
5668
84232
99060
40420
23748
28515
51524
97044
83419
78082
71645
26476
45833
33347
13097
4353
39531
61471
95513
58438
79193
64099
12023
63679
59727
45544
97021
15395
39881
35377
28419
29420
34216
256
86739
3807
15793
13238
81721
99122
69045
71462
54423
40735
6155
63508
19189
33348
91096
73775
50741
52083
30929
20455
96901
45629
43416
58221
96621
26102
74594
93991
9896
37189
55865
11340
22191
68331
67517
17250
15793
12205
55173
95985
74591
22783
9123
69763
28867
9935
58982
26843
47345
53643
57401
60464
8470
38193
78632
6468
10093
74225
76707
74885
52529
63264
55899
91999
42956
82460
21418
14139
4205
70519
60207
80377
29304
76322
76278
19845
49784
17943
16534
22201
18384
56387
15668
65903
70095
70542
24006
89441
79841
27080
99698
71487
60930
97362
86899
20620
9901
98214
60541
55542
21619
53701
58072
5392
36999
86747
42025
39086
85590
86544
59471
2747
42677
48013
7112
3354
29810
59977
80980
36056
28780
7696
40497
21066
28863
17455
13253
74377
74775
95998
39419
37638
20358
29130
48708
65323
94640
52958
39678
49392
67267
99149
93139
92471
22629
3039
94584
85317
1958
20534
50262
18173
82068
75579
32934
94266
94700
42570
7444
91016
3758
52631
2758
34176
46602
42459
52278
59199
17623
23295
5051
97313
84515
22115
7878
8543
43684
98092
58088
17826
48108
57992
79121
44259
38619
58623
17043
42754
69742
65624
7237
24894
22742
1317
13571
50423
72452
74252
79603
82430
43776
4466
14242
2325
99288
46022
53485
53032
86165
34088
32700
23560
6410
85556
26888
28192
66950
14447
60670
3414
19592
98669
26523
51648
84018
20348
87287
10943
23414
59280
75358
31805
70958
34348
38969
26911
10344
50538
52716
9702
2397
44839
5144
33192
92931
54862
52128
24070
79736
28415
22345
48074
16511
63580
90587
83456
52807
62800
51652
99117
54471
41116
39388
29168
75110
47903
70691
14035
98038
29026
95654
87725
29857
79837
90720
88728
49531
27785
5437
65099
34583
22851
99162
51411
77526
80698
41384
2131
51673
13077
45328
16020
41688
85604
86192
89258
76364
59809
11331
82886
5670
2146
25951
3185
35011
59007
3480
47788
98326
94394
91074
21313
66341
72112
17812
91813
8113
35610
21959
908
39244
37280
42269
7401
16751
699
33471
59073
56675
34533
14559
41067
99197
13216
55100
42086
13319
30559
6756
63383
28217
84533
99636
79613
58215
25080
76026
19475
97044
25649
25211
9473
65060
42180
47505
91775
39055
78710
28844
32200
87153
25951
32026
71414
49022
23246
84929
75616
99795
6483
71400
52077
67879
40013
47926
38867
46305
19057
94482
20977
67747
2771
41929
45925
22244
11668
71535
76747
41532
79497
71036
85618
27032
89956
88152
2556
53677
40577
12849
58803
52073
79118
83560
35747
74469
29495
51500
29207
46582
35662
84511
89459
48131
12500
54933
70220
96433
870
39642
21727
79450
3367
36531
42421
32349
95526
94460
3153
54767
84780
56017
81426
47822
35492
43817
20780
28917
60455
6300
80989
13420
28003
95461
54799
95031
61959
50722
11721
96175
76910
98072
92658
73070
84805
35284
38755
67076
27035
77996
43527
77446
65028
27428
33139
67238
1801
79373
52764
59517
15600
37543
81465
40677
42692
25031
3030
71716
2209
58996
14577
75810
15454
36876
79477
84091
65207
37315
337
25840
21493
98347
31925
92984
29213
16463
8264
75412
67410
441
57672
41281
86375
72180
33951
90566
29477
43851
23070
96364
70485
26032
44633
76302
92971
62457
18174
2310
15376
93765
41428
59111
9610
93213
67212
8745
58346
17589
88326
40734
59121
2385
42179
5347
12672
45892
37410
50611
94779
50324
75386
59957
15928
68762
94035
40310
53002
1253
32193
67953
2437
81662
38782
26315
91789
98118
82562
80251
68192
65403
64257
16678
74844
44762
13186
42409
88814
19198
50296
67439
75544
88774
55263
33379
50622
42581
96436
63455
70030
69459
56401
36930
44873
75857
93476
84129
89010
29258
89227
16084
86994
1476
5518
94225
85766
43414
91064
81590
92102
57028
27635
59615
26194
65157
78016
42040
84123
75398
27312
68877
81707
75783
98658
30813
75506
8194
69593
53644
90286
69421
96825
74039
89494
96597
67007
70499
97923
72170
40218
30638
43035
21178
5897
58247
56700
75125
58801
29722
83298
64464
43803
83395
40693
55653
85833
29732
8946
24919
71731
6354
27827
71763
46307
29993
27166
55762
42888
84255
98631
12187
60667
24278
88099
93541
62988
20971
1994
96954
96135
24524
99304
23095
29801
89799
67552
22097
10937
68253
84285
62129
62885
92533
48791
13824
21306
39916
12862
60317
74559
18539
13254
9003
33423
68465
65168
6536
42385
64911
91568
31416
51894
94034
87168
90177
29614
95195
35841
97134
66599
39563
79560
52183
39395
94106
78253
36696
74068
76486
83436
62045
40119
4777
61301
79135
4875
41859
58774
77288
36044
85590
17699
53683
2320
68017
74271
56847
34045
59140
45674
29026
79653
69938
17799
68266
80864
65189
84425
1727
60581
87771
36889
28852
97988
10397
75687
38844
61442
58609
52458
30761
31441
43877
20213
97711
49035
1260
37785
70440
9772
37830
45841
86256
15722
83287
10254
45201
38898
80761
96735
81433
41215
50637
78332
58758
77433
9645
35791
18916
10536
8477
38272
22862
48212
24416
86236
69008
53883
69351
18433
24781
28301
73604
75209
24796
15720
88797
76752
25837
17163
76796
77091
35242
39641
78946
73159
