82583
58971
65610
72794
15654
67158
88273
20791
59676
81462
23620
66210
86582
78220
43683
19688
6143
50114
94897
2890
1181
61342
40808
54899
64408
71204
67927
70920
55586
88631
51386
17181
12808
54784
87892
31652
30451
94215
12620
87968
2619
1694
17953
67160
30281
97054
79338
6919
48200
29256
2159
95984
14311
64973
83102
70670
20941
73354
87243
93225
17978
79627
69319
45702
53653
89873
41563
40694
52183
97390
86881
94542
86003
47916
93631
65558
25345
27917
23617
76827
27782
82862
60307
35231
78882
90341
1880
98736
85685
62921
72937
41142
82350
22256
68589
53670
65234
54291
35345
23508
36358
25806
16805
37445
65753
64196
54259
37922
69584
63968
42397
95784
92143
48438
9617
23133
39841
32871
50891
70973
5605
27619
51431
42994
5173
67753
33794
21218
4435
84714
5229
66946
19027
24972
17452
89193
89503
70218
72209
51391
43531
38009
31343
23156
33846
74469
18142
53805
29241
56409
27659
72184
88015
63742
17657
59873
61953
19355
75000
11006
44333
63963
46016
28869
58834
49644
93066
26045
80571
37859
93771
18609
98309
83196
18830
1953
36271
4767
61069
4051
16733
37823
25516
2119
41097
64413
23826
54152
75911
88073
71332
32477
6707
5512
97536
76928
29849
44817
81939
97702
94048
20913
41656
22877
67796
64622
60173
79316
84878
14953
25651
6259
3778
38076
86946
71948
71910
93539
38342
37545
94682
53784
80571
19429
12984
66710
43680
18455
39706
89503
48347
82248
35906
30745
5705
84326
36201
7251
36096
27569
86056
66789
79747
54386
77596
1333
87489
18540
87514
96726
98442
43690
73231
58987
85519
13656
30034
57674
64213
65166
63945
6747
21238
80743
54229
14143
49204
61776
64539
76494
79002
60507
19023
47353
18769
28243
3167
45934
44860
67658
20889
83417
29201
92847
21146
31783
10165
283
72756
31718
34002
36138
40251
85481
78103
82599
78989
77096
3405
15743
19676
40675
52529
70392
11673
56871
25298
79803
13342
19881
34729
33196
76311
74928
58160
88666
8974
70447
56257
29042
14099
73360
7724
30190
62532
37804
44788
36011
48415
8886
12230
37944
98753
35191
24311
23690
98521
52468
58042
90636
49582
28077
86426
30740
66825
27487
30906
34129
69761
40872
24135
89120
17281
80426
17398
20190
312
809
71295
5528
34845
55886
28726
25598
21597
73966
93922
77526
88131
36805
18875
56780
53634
42300
34373
96359
36578
21161
4035
30487
25028
70198
39514
35371
81108
14810
8228
14879
17962
20995
76366
87506
42717
10133
98158
89525
32965
31787
95780
89472
27115
37212
65579
62975
9839
82938
12956
50537
93493
87316
39072
64561
9742
69660
46288
17141
36414
43554
52683
79092
86543
36062
17107
74333
370
63949
58276
72450
92909
21107
59122
15339
57253
64319
71838
49735
69193
16172
78196
16381
92216
38435
24708
28097
19825
2686
88924
78595
37365
66824
17342
1377
79131
73888
58211
47612
78704
63004
24332
86632
9672
76201
41056
82076
54726
42929
80103
2506
9571
73846
70977
54057
27391
85530
4
23597
91361
49505
60881
8824
60492
87150
28114
38250
75105
61450
86354
52820
70955
9060
78680
76171
91531
78962
49378
14071
25984
38741
52666
939
94066
37851
58007
13007
62748
72381
4019
4089
18708
67945
44516
47098
58328
47322
69978
40436
80630
36483
89588
99145
28247
46699
75967
84175
26698
75697
9548
72928
20329
59217
50188
75790
81834
81791
43274
82164
66756
52080
11942
32071
89820
32505
80522
37899
24555
60495
17802
4802
58093
3661
63677
62815
76393
43123
1938
91769
14872
55691
99409
12283
84660
32040
90192
5816
69759
58919
30190
45372
69612
25687
30351
56061
25901
36917
30741
26640
81051
41648
36279
6392
57276
75276
3553
62778
21172
43138
82439
63852
94154
82404
13607
47979
14805
57725
33018
73228
88516
30999
68695
49258
28679
92375
95333
24542
3677
91330
19578
68685
70778
31267
59988
58043
18997
89157
1587
72573
83916
46138
31570
50348
52308
22910
63040
10582
16320
58070
65983
77390
60269
78034
217
92675
27849
28978
46073
95502
34814
1220
70669
62694
82014
38603
9878
84686
15084
78363
32873
39149
60165
7329
95302
43262
17033
62688
54962
44062
14698
13206
29459
72482
29008
97981
40423
44939
54534
93613
52257
5394
91492
55390
20258
17406
19930
7980
55280
72405
79062
70963
80021
21518
74035
99322
87095
56516
28702
18636
20687
57895
5861
96385
59401
47053
19807
70971
59831
38470
94226
48012
66001
50029
91013
30293
91245
6266
78690
39273
32471
50420
20327
35921
61325
85412
90250
8648
69914
43365
95879
37446
11373
37911
5127
46426
39093
60242
85198
62577
2203
2808
801
32851
78524
4771
10195
36140
49601
20894
48331
66024
70397
15120
65523
13784
323
50482
19999
80081
28354
5762
64119
73971
6814
12432
72931
70599
98155
54486
49651
58882
31624
93156
35336
45447
34070
9497
91522
30280
13908
83470
81895
18540
9433
34188
79629
75244
96844
13630
37284
93976
87171
23073
16611
58711
90423
26231
53485
87051
55360
39355
55616
75187
53842
25711
15258
74218
81268
25554
28135
21420
1977
88781
19372
46521
94588
45612
67082
13554
4861
2858
3567
26017
70866
89093
40926
41525
8300
4368
41145
79434
10600
55655
74985
45575
31693
38333
64715
13505
50921
22898
91510
8413
48835
19648
53644
92083
8924
71381
19901
33998
31944
27387
86547
38096
93314
2994
25726
59058
5169
40191
41468
74728
11477
6877
91299
16931
23853
63666
22447
87984
83817
92061
21635
58943
5191
63083
18653
56894
34253
87689
25723
89795
94594
43828
54532
37128
86568
52236
7221
12977
33721
87687
61864
16905
52702
21858
76290
27594
70502
5586
71002
59324
88745
33464
43521
57365
96570
14290
54162
52414
33794
79023
26616
37078
42334
62011
30358
14063
45239
61976
61943
70038
37050
65421
96947
96497
17396
86680
6362
57761
98540
64576
90752
55015
15933
55206
11621
8803
11982
30457
92736
76951
45775
52520
1319
14282
90514
88882
73726
48936
75460
25753
67513
7559
4487
61045
25232
77892
2157
22245
40702
91564
59251
97249
64182
97687
93399
17387
96931
61454
440
74275
23321
77709
15337
30554
157
44388
54577
61118
86606
18135
43074
49843
7823
46117
69715
32931
51475
13350
98493
32973
88387
91150
36462
10329
8750
42126
62382
32075
87534
36090
66188
5366
42451
3172
4675
38183
70670
10631
43982
97570
98012
43808
10053
93355
62573
29559
47700
61435
9424
54747
92598
48338
2525
96907
17971
72427
76382
27250
8371
11691
62651
22826
88126
14259
34880
60608
25137
5302
34029
53176
37471
42308
6427
83847
68258
42116
77702
41279
28348
97280
63035
72168
5167
88378
16223
3208
22996
91101
95993
84837
27708
3854
16605
70626
87009
67809
21718
78374
45672
43528
68528
92090
38102
9254
16063
80368
81548
11010
67343
49569
45472
26871
15273
33743
49529
38376
20062
15017
91015
93233
68179
81453
18716
94776
36169
91239
84139
31747
72584
40632
59708
39683
80328
53042
93289
33773
16316
30527
72408
29162
45723
74786
69780
34724
31724
41397
95242
78337
14093
61777
93918
85164
35648
19020
42984
97230
11475
41405
24175
88316
54443
94171
8255
40362
44812
2947
58122
45981
55046
48536
51513
2622
61663
69221
55148
31883
8282
15262
33654
25415
72418
39333
78734
19922
54869
97512
31315
88819
87727
33959
7680
14705
57041
58451
96040
18497
69774
21042
25582
79930
34930
51904
57219
61796
91951
33263
14588
97807
49862
97519
34448
27360
9326
12904
46251
24070
94404
21828
88754
38603
63056
12746
2260
56550
7855
62469
83976
49261
12866
14499
83689
90055
74707
6169
23531
37312
39199
95204
63960
24726
78724
4906
34988
38096
29096
80799
45737
64366
69059
39971
62520
47547
94475
56425
12477
9407
96346
13779
50773
51601
2654
2169
72239
3498
24316
41032
23396
33204
21282
94631
79028
88034
72072
18900
20638
11609
60994
79053
21916
12396
96933
87051
59961
95557
49971
25961
50384
99071
69477
94338
71138
18993
83092
8280
33780
28741
44931
59569
71298
48678
67149
62172
85668
4695
74535
89970
23420
90561
90513
52471
61688
10661
96062
97055
27530
35055
5181
79373
59169
2571
73028
43223
59332
21489
92440
77093
29579
85660
95708
86136
90490
97177
18675
21064
98011
1339
60051
14086
26103
67915
28648
11872
93104
3932
36674
71395
81662
40189
47837
26394
72004
82471
11339
95092
63918
25910
67488
95620
84426
39061
30713
58306
33856
72146
71593
97647
57039
52112
35938
5077
35589
57755
95644
8685
49498
75831
96550
62394
17034
55409
79622
35923
60493
80087
52846
5535
27861
3683
14910
70008
12771
4562
71759
21009
54951
77396
42595
8404
66162
93532
10823
90180
45369
4534
57249
15873
20457
79608
59420
80842
97537
30513
27693
81501
49136
5663
74178
17690
97932
95197
40646
44582
39116
8920
27891
66602
50915
87811
55380
37691
76313
94625
21110
68725
83624
5279
89899
36897
51600
25092
98234
87670
95703
55040
64294
6875
50209
36514
62617
15755
86887
5190
62765
74545
36215
6347
50520
95378
35432
9251
22065
55530
18969
291
74147
8494
32165
33754
36781
10321
63908
12671
66867
40514
94721
64675
92645
98770
86675
79429
8073
17876
81179
76676
35175
74045
37401
12783
57234
85515
69099
83256
74350
48098
90564
64552
15330
23441
196
26636
7292
55028
3609
54252
27643
8050
38898
45116
20797
75974
49980
6444
89893
55931
36027
43066
34696
1552
17671
83591
40309
34427
54432
74599
91934
19114
48367
77138
75432
7332
52570
59064
98187
94734
15396
90321
5542
22858
66847
24305
34466
69274
76686
75003
82113
47522
48732
75181
9923
4235
50771
23673
25653
62372
68154
21875
64342
18371
92334
90662
47527
95914
89083
45730
29199
94180
26071
14096
76328
85710
22043
29414
10666
88786
80127
66773
71793
18383
4881
8351
46285
65077
65874
40999
51046
83692
60013
36353
48106
94004
42068
28552
40373
84998
98393
98638
12924
1658
2471
88014
14070
42978
31642
50429
93831
27412
99009
96383
97674
18885
910
64406
38170
27216
65784
32566
27517
7605
23470
63859
75597
55551
67063
60860
26789
13566
28394
61345
42949
39699
21703
36494
58114
77098
13617
50268
65581
35329
2921
91645
83678
40007
72264
35510
81021
37376
59192
81065
87308
43109
14672
45871
8276
58856
59210
89765
74155
98997
65794
81630
63423
36691
95533
31030
21218
94058
17556
95942
42386
34399
78315
21683
41795
7067
83442
28289
17675
31946
89064
83973
31337
46015
59655
25401
8883
69076
62368
41320
64251
22862
95668
27945
24158
21120
59916
15080
777
18278
75541
74623
81320
99826
56923
65733
20748
89252
54465
91837
41143
76721
26011
93359
79591
88326
9832
53971
74397
96454
58671
46761
80746
3439
41300
62534
35413
7675
51383
26953
82155
2755
6826
94284
52099
49021
59245
48086
74989
21510
34760
67629
49750
16602
4964
53513
71962
55296
87590
8803
22535
59267
95529
81004
69674
64059
80215
72794
71737
11403
64932
73181
43228
99427
47047
50992
46137
83269
60341
79115
12186
40356
46172
39669
40476
42473
46969
16599
53783
28336
61942
43788
2533
1295
2083
76244
16625
26550
58736
42952
62910
55601
47813
3656
20209
55499
31231
51855
19163
67405
72583
76904
42791
82980
6095
95866
91133
55457
55084
8959
30032
79257
81579
36210
12298
91181
97298
38023
31506
31332
50036
18580
13815
75060
93071
86317
38204
42943
35942
84494
23712
96890
1654
47793
9993
18505
19736
49375
29804
95526
79058
37059
4251
52257
52442
49018
23499
5249
5736
74759
66369
82601
41526
60483
46009
25621
1687
99953
4947
61123
6033
76752
73274
86543
84920
82121
21746
55127
52488
24008
58526
2077
5055
29640
49643
6283
76469
5191
43836
59504
77562
9625
71634
54761
4106
42360
51864
92859
28111
42904
54793
87068
27955
19289
43486
10193
35743
86870
95896
66834
73333
85146
47878
55210
14151
39634
70548
45147
32979
95901
38192
26974
69052
40480
56442
89352
1445
35959
86759
39784
10764
10822
1170
69932
83904
62061
94304
34947
72065
20922
72782
45054
9171
30936
55001
81680
98590
92965
57738
57077
2981
31585
88860
53294
10977
49442
67275
36874
50298
90948
41147
35424
84034
90334
24834
3929
3469
22737
90835
17066
16336
85465
93768
17055
4757
47238
57803
59796
95864
33604
19617
60252
5314
79638
12756
73989
35615
9569
5307
56403
6398
4164
32424
7976
97252
3526
88813
61797
30701
21832
30700
77994
96065
78649
12666
76697
42639
39208
83663
3449
49737
50100
90893
6838
8411
94080
34059
46342
93513
57538
96605
9159
64900
30746
27617
44227
9512
21152
3624
24981
21397
42358
20990
76582
66664
74556
3897
96400
3286
95811
19738
14276
3556
61881
47971
76646
86598
13603
64790
50262
77938
30729
46341
60810
70048
35594
36827
62614
42401
55601
37413
56110
88504
18079
7039
24994
34905
68328
90967
84168
17917
43546
64928
60120
71455
56215
56534
29296
84726
37124
91752
87384
4496
21241
69767
10432
59527
54009
35593
83493
79650
44604
23546
19122
94091
48168
41985
71875
37384
76415
20746
7365
28824
18641
85461
58106
25485
66705
71130
62360
12864
33125
18582
81873
34901
92440
1527
77261
96012
25354
43553
91283
53633
10919
538
41703
58625
87636
16952
90829
68649
35685
5221
92364
24156
95756
8364
98477
26049
37037
85187
28002
47447
59213
83348
46756
70390
47016
16330
34229
53540
54145
62836
42885
78768
80052
31193
58063
80334
15112
86745
90883
84464
45088
94588
60127
47485
65968
33017
89398
86512
42605
51269
90195
97072
17341
14902
1014
5639
22990
46194
11868
74722
56738
91001
47838
40964
59496
66668
77680
90119
60038
72504
12138
34608
498
1475
68483
51021
7744
88146
28056
46510
28214
82580
38541
89214
2907
77359
1258
19612
10413
74469
99943
13594
57458
60994
65826
99377
88583
13637
68973
83839
7220
72457
77989
70815
26848
56494
59516
52547
88961
50281
74488
79439
42027
61189
9973
90773
69386
91700
62533
94217
59531
26422
39576
2145
66548
70116
43223
60555
53620
26266
83401
88267
93493
22591
67129
20719
68846
47634
95407
72464
94613
58610
762
10535
65458
40074
1647
65898
5070
10904
37099
69890
11530
69305
74740
33290
91212
37906
28606
64902
6357
97501
10858
22654
99982
61646
72937
84117
42496
21793
97502
23626
52866
60483
28417
99946
4717
21081
89823
33040
29132
19376
86111
10747
55343
29122
30720
53066
97663
53026
31102
80118
94892
31780
46547
10316
67297
27788
84538
46182
67225
43121
46798
64932
70443
2350
8561
87340
65729
12229
90889
75644
77767
55088
92933
24904
68670
94854
51934
84
20720
30821
41336
72367
1694
64226
67144
2186
91860
30667
20655
12980
4094
7829
63748
56755
66357
33127
35503
36097
37874
71618
12018
37601
95203
56011
16514
27068
41659
43159
81203
90685
24419
94482
58739
773
24878
92075
87628
66731
10571
69632
87021
80308
78387
50401
53250
98378
31330
87588
74111
37149
44739
85413
76668
37747
98436
61975
22874
5357
13737
83243
260
65815
77468
99579
68881
73291
17538
7316
61989
59140
1192
58142
1047
92122
39100
42762
96269
49022
1913
33111
69764
46995
20058
99712
23372
67239
46831
57157
71120
50509
76749
87605
11699
49017
30656
16789
74326
11447
37628
37775
28118
24168
1905
16346
41938
81337
19165
30114
86506
98178
27579
59988
72035
83481
36185
31785
95719
60688
1799
35308
95817
34609
44075
28489
82182
37204
72626
90707
75527
7259
19425
7666
14819
43659
50345
82440
98881
51175
34457
45279
1115
3178
68877
89809
73663
8577
23173
55314
5615
11811
40400
56542
9288
72334
82279
63739
74239
98782
91382
71306
39815
3500
44853
57520
11248
83138
56277
75835
81161
22519
99893
28883
30950
92427
21268
39967
45021
68928
3905
83249
89642
15667
9967
6735
34866
29814
77924
64831
61348
39147
46865
74318
53147
73695
63419
98045
12929
54144
40919
31944
40814
19932
17013
73332
61198
3160
22835
22613
54944
85034
58195
2649
34906
88116
38535
84981
7242
66974
83272
8778
93239
89870
78181
14259
27239
34246
64857
7021
46554
55514
66517
84995
8147
58284
60413
58165
78838
82982
16623
5381
66925
20211
84701
61855
34468
28219
49820
44578
74837
78426
13493
14094
13662
65275
11224
15436
5806
92790
34961
96596
40543
28515
77843
58943
39804
68025
55792
11083
97796
11464
82379
33604
88967
65487
6276
26005
94029
76091
83058
74667
86
47709
4528
22401
95676
26343
48110
10061
7956
30563
94952
36199
5204
14831
50291
20881
61454
55673
38611
23880
59962
34578
92107
32550
82451
47666
75020
97456
2776
93577
73998
39171
76210
87517
58940
56790
92916
79301
22409
1772
56222
865
25921
80440
60541
37203
35451
60781
8557
1054
18826
28642
53918
86489
63955
91262
8308
93584
88056
59269
88200
60504
49555
70847
63916
7725
34175
45953
12172
14250
72687
65307
74448
47075
74914
38173
39070
19394
80558
82790
78108
4221
13657
28843
60467
71344
90855
20769
64911
48349
1134
30759
67779
42812
54693
22642
40809
69408
571
21302
32743
76585
96292
75118
86669
69471
31629
93705
52635
98001
25297
55569
27520
93034
33604
25305
81277
87148
3980
15906
63271
47884
87536
64362
84619
25322
92969
26994
87085
17612
78261
30794
98057
31286
21450
6619
2202
60647
52167
3760
68824
18867
25318
27010
33532
72857
1902
27871
61631
56800
9061
55030
61249
49235
11171
38210
25510
22
62817
92305
34875
49155
74641
78575
70422
60006
26919
99060
36314
42577
69748
79302
35033
12765
69459
61516
67445
40702
16540
47473
30879
82977
88343
54289
35073
27748
28619
69892
86455
69938
62228
58307
23063
42842
68018
42971
8977
81836
47230
91053
98866
52143
36120
77696
10243
35553
38139
8964
63086
8780
89106
55684
84160
81249
95524
76135
58922
52149
21707
29698
38850
41236
1731
6846
79270
8358
26429
7713
25248
8764
90899
66780
85829
13847
68182
12432
11736
73142
42883
30814
82860
21433
28084
91946
70
49623
49042
41451
72768
8248
8104
75058
61386
79952
87668
29652
5420
97561
70742
4213
31078
41163
11531
91187
73368
77339
72467
54956
87773
29165
19598
57901
92882
21719
35461
56537
17845
85492
101
16050
7336
84194
51622
64326
52469
75193
30122
18841
63436
83528
23873
65195
29575
14317
8233
76006
61966
56592
93075
39591
70614
55452
72160
70790
90917
54780
76715
47427
14001
4431
33631
64303
48262
69767
81353
11892
93894
66979
53833
65346
9802
20230
38882
7608
14791
52276
78929
30987
26892
39562
4762
11509
53608
3575
51517
11805
37736
40986
16936
70302
24030
39097
11302
77143
8317
19099
94165
71695
11393
95011
2965
61827
79307
19017
9404
92302
49002
89111
37575
45940
31286
91933
78539
39434
36053
84593
3338
86917
75872
2214
63041
6941
79904
92808
61917
50846
67762
27442
51565
60172
37386
81260
77779
80816
6963
54788
30037
65827
46836
62887
49680
94485
31119
69724
41484
26107
90243
47998
83882
50259
71921
90613
21177
22165
41691
87695
32104
93015
12072
34879
58039
60445
1413
49842
68934
57340
58853
90859
37167
58858
55241
62586
13487
50371
44667
25981
78239
67130
94388
70739
42529
27546
58814
37785
78454
216
28627
16579
2636
91928
17668
49752
99157
31352
24662
27882
23698
32316
37638
82577
97870
1335
7597
29508
46888
72658
26431
57139
8489
20157
73262
49091
92659
3888
19883
4583
81626
81340
46188
91319
10316
47666
51369
77008
97643
14063
42177
54728
22364
78404
98873
66924
83032
12478
88132
46199
99872
41846
7455
78065
55181
75286
4723
98723
63653
36038
7485
55090
23754
47923
43434
62176
22924
19452
52444
858
94623
43544
61866
35678
90343
41351
21859
28974
2991
54675
70482
45290
39994
28386
74686
36781
57905
19451
99369
75846
92186
12691
85176
11088
13353
92595
82705
97168
19729
80040
61088
57900
46931
41254
18485
71363
55063
63802
58599
56236
9177
47786
3036
5838
99866
12139
65792
92441
91479
67424
64306
39264
9111
20969
86207
98004
31389
19535
92422
85278
39517
6442
47738
97240
2444
47278
97126
66216
83825
37168
73770
20794
62039
63672
99236
71481
24708
68805
84778
80170
13348
70455
21812
49862
34814
93661
82999
22290
72648
78683
81291
83292
34199
10424
86925
61907
24174
64514
737
43427
35639
56094
59024
61900
63088
30192
91023
35967
87581
89059
67648
57396
18076
75189
63057
12875
88405
31842
3747
7581
9551
13036
66437
66366
59104
19780
97374
75505
72253
42295
39978
8167
12271
35576
5596
67446
51335
99078
5473
21555
70088
68442
38053
22572
35106
76559
89423
4771
32415
40942
60007
60394
20214
11796
32120
26008
66973
3171
97713
19334
40348
43138
65221
49993
70429
59601
4082
70348
51263
6926
2687
4681
57929
73341
58270
77027
923
4600
39825
93859
20641
5714
5065
94606
24481
3657
86025
86239
22291
76552
8297
60038
97136
94198
20886
9884
35043
10687
66039
43810
30493
51004
6059
1782
56645
67041
22990
46640
25420
5251
38330
14687
79613
17029
19626
21947
18803
41470
44250
34471
52006
85864
68650
20549
96669
5511
58274
68213
39111
51059
7343
62444
47333
72644
75562
4269
190
9978
48442
79334
79830
87783
27792
32394
42265
17433
79249
13862
17202
47175
64817
5154
34840
56854
53849
68855
97575
25769
70731
66535
31916
13668
2429
94973
20602
6395
87873
4482
50779
18172
69733
51449
17248
17141
23766
79096
17113
31235
49087
80323
40128
91512
9872
8966
59695
19272
19098
64527
210
46640
7446
17606
81111
46724
53125
46443
56642
54996
65170
5386
89661
32346
19060
99004
27277
5634
87152
98461
73151
790
42139
7430
94945
39653
91004
65703
4398
67376
63376
24963
7105
77329
20264
78151
59531
51720
8236
30120
2367
60931
56067
4888
31882
43336
8362
43365
39616
82243
86306
93134
64049
36231
21159
73603
4315
78787
6778
84600
69081
74690
3040
31141
3257
67678
92899
97277
23980
56739
48662
92681
33494
22044
16150
63905
68453
28188
47564
9094
30974
79498
57744
31295
49810
40586
51495
40910
40656
95268
16204
62829
95317
46964
31789
4043
77950
70701
70476
60349
80638
1482
8806
16258
37994
3731
7953
30808
26834
91592
79838
65141
13611
97997
41853
7011
23143
48338
77472
97946
10405
51966
53496
64123
58117
80312
55996
87879
11700
17169
2280
90266
44325
73937
27041
24712
52961
76956
67830
67858
64501
89089
37987
45636
43562
19295
33551
74190
594
70196
82390
21245
44350
62340
95105
2997
90861
72034
18288
69390
43102
13278
3065
27848
78726
26059
17994
64877
76573
38380
74027
84961
11635
33594
17855
43080
8608
65620
24297
70804
3929
4132
90316
6473
19519
68490
18986
70736
68625
22151
94606
87604
47969
19560
9349
22460
19780
88269
90246
79461
69955
89013
32595
4348
12303
85576
54615
81141
56050
24321
91759
31179
37088
36277
18790
21940
89035
28516
65209
68863
40790
18427
30457
96013
31073
1924
74382
30666
27204
32139
83960
34790
99543
76749
48145
38228
85838
12095
68911
25247
81986
17240
31781
53956
69737
71612
71433
26224
25288
9734
5136
20854
38399
32242
36182
749
17602
11108
54330
77956
84584
33784
55813
40195
67453
64711
77867
28192
97394
93010
28458
23738
58516
38607
56240
78261
85594
72749
83353
95538
89304
76741
46549
69322
47152
94175
15752
47400
35208
3454
84075
12160
80438
79785
34801
75088
86136
99959
4964
28401
52481
30646
83277
21401
58926
15832
45778
30001
2742
14043
55513
64270
62495
81556
96395
20623
22446
82327
25652
36657
15894
24677
46119
67090
3250
61234
72510
54848
39149
53297
28063
5245
51614
6623
98139
50738
18898
77193
53968
27309
56834
7323
90958
73368
70019
83207
77718
60471
70043
8589
85533
72254
53905
49421
27217
54349
17470
44902
49811
38985
672
61322
20994
44311
32462
93088
75000
64792
30309
40533
68238
37884
9120
93889
38235
84740
2982
3986
84089
13208
85150
46583
13288
52193
18045
170
19052
47141
2560
77818
76114
43517
12213
41460
39344
57460
23059
9230
90890
96766
52811
6961
69392
30066
50070
42720
85733
1606
79437
31497
91994
6662
73464
79558
15673
92272
18110
7472
88414
59535
42171
72738
81535
15761
48880
56421
17517
31815
68052
34077
5650
61209
41639
95695
98842
43108
9575
29421
65103
5810
55164
71840
8828
82548
46991
2545
54291
96669
93048
63988
60586
66782
88947
76081
97855
42265
57300
86224
43389
95205
13170
62688
39863
31038
95103
47429
8081
16581
80984
23260
69118
50139
91479
17771
11555
92342
54662
95402
63354
73405
22414
87144
3059
72038
17837
65820
50614
4682
56070
65993
23460
5281
80978
69580
69787
25311
49109
21669
32215
22634
35372
71296
29557
34903
52706
67999
57459
42464
83937
2950
30228
80517
4837
61154
7999
63196
34892
50071
76487
52438
67594
33220
62086
89679
21209
66485
6946
20017
93262
93413
62097
73734
80455
56014
78713
90456
46208
8623
14480
39400
31812
63992
91266
69927
96257
213
7729
34355
41876
93749
27895
88753
83524
53366
92838
60804
1419
65454
51345
71496
83054
11096
91460
51502
95277
68282
69037
58452
77622
65839
83774
33183
48692
2133
57738
60152
98821
27541
52493
79168
23658
31467
26793
75345
10647
91409
11370
79763
90474
89132
23659
95576
22680
23058
78994
92789
76835
2871
58166
46333
26632
86195
89025
13659
98836
30897
26224
6699
74967
75606
94199
16118
40465
73900
85569
64937
64840
12683
9462
62225
98716
31651
87413
92053
13137
45160
34496
29551
27884
36602
37623
33384
41721
18927
78109
35919
62857
2400
66263
83062
12153
82061
10419
69322
77517
49453
93477
70701
32891
76823
41388
68017
60004
37766
88499
10418
52702
64204
87251
38801
38444
10806
77845
46249
39119
47864
5974
33104
87605
72213
8836
46828
96432
77932
68965
30319
99522
73986
4758
12560
62260
61001
62545
63463
86790
32618
64552
89861
35392
84404
29421
26222
61319
49248
96756
36948
51532
87040
46224
42033
96350
5892
48570
63552
53024
20585
18257
9977
93365
6783
92315
423
53303
78165
96617
36648
36263
47715
2488
13473
3710
26003
7092
39994
81314
94828
46551
15901
66613
27773
83919
97959
64583
70883
93950
32104
13964
98807
81787
20445
52137
49047
19413
12519
95783
42799
93240
1767
80329
21444
6152
47417
81114
97757
2666
81802
58336
98094
42275
83672
13326
386
22615
60388
1397
51844
14899
18710
67225
2794
63911
79918
80066
30527
58699
76066
26089
93323
81506
36281
86675
24738
39164
14434
7834
7110
99509
82642
51622
10073
23067
5144
7226
36451
3437
24383
34859
16764
7550
59776
83852
98966
8793
16640
18660
20426
98431
8461
92257
31198
95723
12817
40134
77616
79767
68657
60192
44226
21591
61348
32310
57730
38851
80531
74462
62036
5683
95626
82829
42974
1667
55160
93862
53328
21621
10184
50356
26446
28725
29980
92531
18555
64312
9155
36776
27363
71006
51928
4080
36421
53494
9559
77142
76572
69696
73275
69279
7817
77710
50969
96959
8415
23620
81171
21934
74122
41087
99258
34069
70940
80434
35107
54434
57942
54603
82148
89372
48399
58996
22508
46416
60100
19061
14108
85097
5756
72502
22214
2942
3031
80162
13696
73894
42803
32840
94021
90087
72218
76027
92201
52843
51435
78617
53622
85491
77763
15369
68775
54630
52840
66781
63393
75458
88498
25943
87625
89620
9526
40232
57798
84418
15216
61364
63316
88709
78637
95569
69346
96500
73491
26030
96841
29883
47437
65007
19369
68235
70902
71479
34785
84394
93825
87103
10187
62635
82467
66914
85618
97561
28446
24955
53520
70573
10282
10470
27369
32032
60226
3171
66782
77690
30697
15258
34798
3848
93367
472
94191
39435
53507
20055
50469
38861
92111
8859
13309
36879
49771
70713
66345
68990
69543
89778
48696
44485
74712
28317
7761
219
54438
23971
10476
95869
56528
79428
40557
5238
99676
5655
68734
31866
26015
44174
95784
36338
88133
98968
50573
22354
61886
42368
35301
92903
31909
53522
71858
39756
39854
55902
54530
56507
19468
66933
82082
44256
54268
29520
30522
93929
70897
47025
83816
53114
39869
26177
80028
30430
6648
81432
39502
12215
75792
3995
19895
89334
83790
71839
35506
56454
86593
6091
92368
94275
89801
97116
95090
28520
36929
86883
71303
65094
73770
42857
12323
21264
15537
16882
87096
92947
39292
42879
87443
74948
27734
59661
90389
52657
75124
5404
66060
6713
52099
3914
94574
75063
88368
61085
63410
13338
43988
46015
54475
79792
85946
83811
94369
25056
49871
64167
67981
24247
94436
13298
70353
64027
82915
7900
63859
90459
54412
40909
5172
53831
15082
44541
75184
79388
53015
33275
69524
97911
30248
90505
1367
33131
25590
55205
49335
8206
21931
3106
29938
18350
97670
93364
18557
56384
40810
61931
5347
87257
70089
21143
77054
62805
68648
27146
12171
87029
57456
35835
25005
54726
68657
52998
39745
30748
81682
8464
43065
58078
42873
19945
52760
88186
41331
24266
47529
47033
45473
70366
57340
47437
39744
89501
79997
60711
37075
24691
23410
19174
48431
30368
34386
97258
90659
97496
30653
50022
56034
83339
80987
36755
2414
10334
18069
31169
35618
16696
44714
90728
18747
11033
6671
93853
23973
94532
60263
61345
47486
60414
39130
91795
40873
3279
82197
12806
9682
9221
83486
29741
6009
44695
38161
2002
90172
29639
18556
2054
59685
93409
68660
12370
47533
65152
41394
82125
19019
43504
75566
61350
29086
71182
27126
32769
63858
50059
37835
6047
82162
75983
33816
42613
33547
73851
33487
66847
1017
86567
43746
95309
63377
89065
55131
49979
46793
86647
45081
52351
99335
32356
6343
55324
49061
46726
81755
73747
31870
58841
87368
7705
13336
26172
96864
45283
58542
87064
75433
50941
11512
45217
98554
187
67065
79990
33651
17351
21893
98978
84855
78297
66349
57381
78631
71461
26984
68332
65691
11437
66848
40060
15871
61239
24471
56367
83721
64026
36628
61397
82739
56082
76845
21403
12825
98003
66834
38505
85616
64698
94100
19813
65792
41406
28912
70582
61760
89701
36828
57987
31821
21620
78253
22681
65766
23711
10146
86635
89447
56062
79569
69492
92992
27840
64268
20088
67314
84953
83056
17192
12837
8023
58122
82404
48233
98515
73605
411
97799
84194
52884
96175
97890
77163
10264
29235
43792
46547
56975
50742
64047
22900
85467
38073
17254
47020
88778
83452
96185
49713
32550
23127
80360
91075
17275
31972
49701
92634
17664
79706
89456
62718
83300
48243
66704
87958
46999
52015
91408
1304
39794
34162
22612
82943
6147
68201
76887
21690
5433
65610
85827
45760
80617
7577
69707
1570
1627
20679
4072
24729
82580
44660
83246
32319
82112
73877
2859
92025
70395
24433
18300
3569
40925
45125
18219
14371
75328
75464
22920
74445
143
30536
19363
69417
43693
94739
57348
14327
16606
77618
11015
15731
84918
69936
49495
76359
14300
16216
83942
19481
6939
7996
99302
49156
32453
754
55879
4452
19236
61113
4909
32139
73567
80409
1133
47089
77541
74984
52645
10696
87161
75497
8085
84269
33338
42095
51934
92378
48397
70304
77461
24025
27049
45524
67139
46547
32511
46237
52892
5607
17316
3136
20442
59894
37949
5281
6742
60922
79590
20797
61027
39351
99679
41521
96615
59914
22707
54712
17910
41374
38598
84017
92237
5533
18842
42559
19527
96227
57278
38153
7551
96015
41620
41794
14147
64883
41661
14116
84146
54730
95044
69109
8530
86089
10531
30380
44976
81326
36310
5325
98197
6933
16186
3727
37281
98282
61729
65950
56678
98968
61462
97308
12356
45088
13575
23459
8284
60741
39380
52550
11124
56324
53490
73493
87782
3234
95771
6847
58213
97213
28790
83250
58221
67684
1279
50558
73381
33922
43571
39831
80340
61942
27323
3705
75581
5502
24978
35142
1081
67154
89972
36619
87440
16589
40101
8289
18195
13445
5819
26959
26936
15708
15305
24652
28083
77711
11304
96098
21230
21036
10372
22286
8773
66496
93121
83044
56544
71726
88937
80976
41934
22908
1907
40503
67034
48615
86640
91644
78541
7735
59413
59614
26240
60334
59648
76702
65755
27577
87914
46687
80495
15785
6696
63046
67725
82811
91741
82529
7329
66995
75167
2212
12718
48584
18948
63758
41255
14392
40457
93194
904
99644
75262
6769
93871
5207
52242
25229
46361
80616
53335
47289
1661
7263
70642
78372
1119
48107
83457
70900
60915
47729
7945
51751
431
22714
89851
38100
13067
13444
6114
62544
37015
57272
44843
82285
23833
16827
52497
86173
64641
22526
19749
61236
7179
97712
48471
19531
53969
40788
47939
15201
11306
50861
13818
15964
24995
58517
61996
15565
53113
51725
66895
40498
57040
77007
41007
38420
39250
11583
88338
58641
63495
51648
9862
14836
96206
44611
31082
94944
42294
34490
1206
41516
3579
27786
31975
21864
76640
26815
24427
92445
17829
47065
26117
42035
31429
98628
51390
67340
33487
81478
87401
88941
59359
69970
99696
39869
13113
30329
95680
33094
64449
31712
91950
12697
19705
19340
27204
7918
73848
97754
7532
137
78339
80267
28312
38391
49003
63997
49516
33912
19460
22997
79849
34583
91773
76439
87030
79060
3360
46488
34701
68290
30279
77355
20927
37228
5113
33752
94437
83987
83712
75883
99428
48115
45992
31816
85756
94531
1751
764
21517
18107
34627
99598
18407
2768
73556
62901
65708
52955
82200
87651
55332
83544
15324
19135
39709
25897
7374
18448
53309
67482
8140
88629
20870
82880
61512
15186
33924
5723
2075
13189
48790
35867
52290
5463
4598
5214
61402
32462
92903
46391
39796
25118
890
90763
51092
13311
72509
50676
41164
14714
48769
75944
36240
70014
96742
84564
26070
64943
24997
38562
5132
36350
95321
71450
46677
33939
26539
56645
94369
31175
78585
34348
24584
42894
77379
4543
22147
60945
51953
33170
79816
91738
90756
14081
62560
61288
22552
59380
16102
34019
32050
22045
76190
60969
18252
6494
19055
25223
43194
4072
56575
5923
18904
60095
50473
51862
98130
49497
15613
40407
59695
17029
91381
79858
36411
872
67728
75992
25616
40802
72749
31312
46016
94031
64965
70699
50402
56778
73860
6165
92758
99756
69414
91976
66231
74738
11211
98842
88348
64956
79382
70422
80970
53586
50344
81320
42170
21953
19667
14642
37602
66467
40446
17532
79555
28573
8628
19208
20495
74882
72201
58371
12917
39540
42571
92152
28650
8938
71424
39391
71253
75918
47202
67474
65878
75229
10196
351
92980
40305
84383
7354
14595
63804
31085
59594
47343
20522
90849
1476
14535
93257
39153
92885
58184
44869
91042
87544
87877
20492
81183
3591
81424
24880
8949
19278
2728
59979
69901
81564
32223
66812
24614
79059
81094
31503
20975
8670
87863
83707
78559
15842
72991
485
28305
89645
5222
8290
58111
3372
64860
28794
14393
76536
59746
71816
76706
50736
65394
52990
33928
67682
7116
85349
91710
20642
58015
75010
73367
18557
10672
6388
34881
20264
63721
90649
40092
58001
8065
51824
37046
26519
69220
6938
52740
71798
91903
7866
16159
40538
56394
81147
29688
16533
76466
76113
54425
907
14626
57975
75546
58762
19757
71224
56957
61080
90715
94953
66566
80228
10510
30579
16986
27262
29071
56910
71443
35939
14010
17033
90142
64849
5731
37159
75154
37369
52131
38755
6476
70002
84355
24084
36075
47785
9539
30635
55333
14230
76680
71993
55364
57867
88288
98286
78497
63494
57523
31740
39739
11429
76264
33370
14676
71513
34640
25924
98217
19154
55667
50240
58187
48954
8310
32955
47551
97471
24390
64914
45678
48040
50628
78381
81865
24712
15692
21861
44126
9264
46723
4262
90479
83423
39132
68176
14581
66869
24168
15000
57169
94533
53976
71563
25130
81737
42672
50066
7624
63087
37961
28432
12876
83984
74723
32617
9738
64513
63878
86813
45924
14883
33171
31890
53508
34006
47692
79856
71445
33098
14044
59909
65759
81301
62948
38249
68157
71553
6371
87227
56477
53533
28737
78602
3795
75251
92473
24721
74138
26138
38081
53562
17160
5794
39639
37187
39917
27468
20265
28253
40360
41820
73697
20977
82886
6727
46476
17949
61240
30598
80069
26012
88912
96333
44578
43876
59735
36117
67130
70057
22478
61685
46514
22847
97215
14896
22947
47964
93855
6823
64266
8124
57122
47279
54508
53118
41467
60317
50755
49932
14479
12158
45417
60920
17493
80996
28896
88961
61196
72762
57787
43509
75960
78424
44653
99216
78907
88242
98348
24259
75084
54059
57281
67088
48791
24839
14191
19858
9233
47677
48414
55449
4790
90764
4547
60083
8416
73509
52174
20966
28678
28421
67439
70425
30447
62726
74725
81843
38193
71340
35173
41051
43691
74202
71715
84478
51067
25543
87840
65839
54108
3627
19825
24329
12704
75635
61863
90992
68422
7316
56064
76406
19448
33756
48874
1689
100
85124
13295
37065
86165
54369
96385
8808
26477
99738
15620
51018
27137
55860
63794
44379
8817
91945
76943
76224
85091
53944
67818
34837
73626
98261
940
47254
45752
2369
46048
94617
78349
11956
1471
12728
52475
47063
49398
717
67272
47758
66135
11287
31711
26322
59001
5401
91011
62493
75277
49024
18449
18302
21214
98565
96561
50477
11556
73385
90872
82489
93285
61629
27166
63548
44840
54372
96727
94256
71736
83152
9872
30170
35473
88777
3559
90757
80970
3820
37095
96842
82846
41808
37311
38539
71865
80964
93374
4479
42524
21236
44750
53799
21038
6506
16362
11679
83455
77680
12924
8529
26073
20116
13944
36771
13157
91973
90671
19824
21911
2906
58864
93044
6456
54130
40385
88769
47182
36470
89238
41615
40010
81690
6636
96785
11917
95714
93093
90882
13303
91841
61888
23389
32014
99165
89108
53132
75400
17487
36617
50681
90422
63494
50323
38912
73069
45259
9099
82277
93585
9342
5676
98018
41472
86880
38119
7225
87192
51914
32196
99976
92294
31995
84150
30842
21708
94831
58201
33113
85198
36106
64938
87298
24410
11828
46243
9969
35793
40702
20369
27099
27382
2050
55284
51259
55282
77033
83187
50500
23426
98887
34970
82837
3390
57056
53393
90442
61382
37166
93434
89839
77802
92250
26630
75023
92503
44200
65492
86731
53209
75023
17991
9543
65874
42949
41891
83806
11093
24602
24196
77397
64991
94043
74203
50349
29299
56631
28614
39090
22128
72510
94315
96017
36914
84452
25521
76742
44001
59269
58939
47603
89529
14659
88257
63820
35223
41003
48236
2831
6429
35478
86638
45138
70499
28715
22236
46997
20794
25186
14122
37718
16606
7363
73057
62467
72599
79372
12415
76106
78124
27185
87403
13804
75525
67966
14323
84080
9499
39800
10852
339
24030
29506
30757
52733
53218
85212
25265
93232
27527
10725
83663
20602
17700
11777
50927
13417
88048
70357
51459
27646
30988
70031
75256
71802
4752
91619
49264
59029
24593
22128
80574
8013
29067
96194
73725
45083
18929
59760
58796
5186
20590
12485
12394
97921
10391
25980
74666
40008
879
71428
8115
35847
14582
62723
24887
45889
90543
33303
33294
65311
90605
1272
23086
21313
71705
44185
33257
49648
87074
25869
65827
22863
10274
56902
7567
59056
27465
6392
29381
14083
4233
53916
92994
50280
87933
26993
39516
64614
41942
88989
47903
63348
62755
11922
5097
71124
51292
13355
50847
65504
56523
47221
23338
35804
24760
18827
30706
14667
14672
9465
55157
18558
76753
71362
9059
2279
51348
98653
10649
30188
51352
29210
65113
72054
78055
18627
84066
13705
67655
60541
21969
1326
50847
96398
75156
44268
33059
6552
49318
21270
65247
16803
25549
67005
21660
25177
21996
94150
69074
18763
42820
28919
50186
5329
48110
62378
32269
9391
36398
49956
37807
77075
20373
49407
32114
25018
62325
23556
43353
24786
31041
30132
18474
76090
48033
74405
1886
83974
1231
60746
98664
98079
93905
44619
8927
77639
14291
78772
57226
74106
23776
83113
65159
94416
78397
39415
74072
56063
17954
38310
16651
85085
36502
65835
7493
88963
91750
19001
87946
96493
51425
69111
1611
58237
89203
31277
56140
70624
18876
95832
54769
31656
59596
85629
21317
39833
65150
15610
67366
9375
74030
76312
17488
26940
1784
47389
23972
63744
53551
53438
69173
7249
78134
55889
7856
9738
49214
56000
74597
84639
13501
53817
63766
45630
967
6371
84154
96529
51532
40972
55215
83936
87438
83197
16410
86324
3261
39023
15676
60406
69584
72406
26739
14838
29474
86459
45193
73960
71047
48392
85533
34760
59978
29341
85645
19518
8100
70655
70237
62877
38523
59376
17478
89669
57813
98426
80446
9480
46615
59876
29823
73354
46942
82407
37335
65665
90201
2779
24460
60220
45537
54794
38954
62400
55511
66694
22858
31469
58200
35062
56224
34336
41503
17387
99649
86962
50135
28657
95247
95933
3643
74306
29603
2654
91789
28020
71350
94102
66255
56467
36780
52266
42465
84489
77597
8683
76599
13529
96001
99472
30518
4267
12856
17183
21484
93153
24819
90186
23625
51304
77090
21334
7837
71915
50811
30391
57551
162
90884
27000
87128
68967
43069
49814
64186
73353
59789
91404
50752
98937
6567
82313
80499
35362
42392
30333
52245
54102
83280
64467
65374
75619
67499
87640
79505
97380
66235
52762
5947
20980
3892
20171
18823
22237
57363
19525
18304
59598
50284
61991
97828
81292
9167
65694
95778
85951
30517
22623
38160
3501
39693
35504
50411
83012
83134
89606
95211
70001
59352
17289
71714
76142
40187
26516
76402
94743
20515
51961
24168
26013
73775
16993
33785
9556
98573
65873
79639
84327
1699
49256
82383
23115
66940
25349
86371
41265
48302
72133
17567
67509
52932
48490
71002
23764
30733
75991
28875
29882
71487
60695
91237
52409
36393
71326
9457
48694
89877
49288
16327
61661
38070
56157
73032
35540
30259
3126
35546
81613
99087
38521
20289
17846
81557
95007
19127
34378
74205
25591
89224
64170
88893
69156
60204
87398
75279
53345
60801
22325
44283
73477
60037
18853
18113
29154
87021
66412
83589
27111
88837
15133
88343
33221
91845
6134
51741
83438
53611
89301
28864
51993
29467
38795
66608
92450
54352
79433
76149
94383
79709
19479
73555
42094
44133
59172
37113
49177
42707
8055
63366
99868
31543
13891
11352
26445
81534
20442
13266
42681
33901
30168
67785
12320
48153
69056
57740
39639
22597
25285
2574
40107
94393
65758
39154
62981
59324
71900
45521
45001
8558
32056
96426
2168
81189
31397
81415
20438
76994
14629
18119
67686
15534
46744
81422
65809
10070
33647
18085
74501
78304
46974
44207
9178
86697
62383
30026
56816
21245
94355
70974
4820
22258
37876
5349
70785
49890
2279
44343
8548
89539
42685
90641
88312
82756
99544
92577
16431
74854
54522
38064
67826
13428
35192
9420
19007
22753
2222
20625
52466
57949
30573
74580
63359
33139
99439
9676
71419
24034
99499
91933
92442
52694
93796
83394
75698
4643
17212
65878
79935
14173
92837
21311
89952
90198
4824
51352
95295
65845
90175
1914
10894
66671
11884
87078
53485
75173
98701
93745
50088
41466
5399
97997
48348
46799
82559
48015
6586
16957
59528
33442
2660
99567
90198
2696
74709
77305
98721
58504
32317
20856
91493
81913
57802
77928
14166
19529
64162
94108
73553
1226
28717
65853
3790
86074
51439
5986
70738
55309
30547
47657
36928
45849
45027
78863
75023
96638
47508
59858
72759
95088
510
46464
62437
91938
93865
85115
67919
15505
28323
37868
85409
98154
30126
25856
87765
5241
53015
29219
47936
30319
91392
11512
83081
73903
11136
92435
26806
33909
928
13971
10911
2147
75878
78783
79939
56714
44526
50620
74073
94161
69908
86632
35711
93477
12623
86070
39502
68413
12055
93830
25583
40425
26343
52160
31142
52055
28574
8845
78444
30625
21887
87827
54300
3158
45624
4547
26787
74815
77440
63578
5886
62584
9702
16591
99183
35892
78996
23903
47804
46868
40415
55233
92751
11819
55157
43068
38022
7041
33043
72696
60182
66292
94531
45810
33917
72088
53782
22249
89283
88991
39066
62709
40460
62100
98520
63287
93213
83649
90797
88811
3944
42993
56450
27483
72021
72528
71978
77197
99599
14478
88663
22109
73737
81506
15226
19493
27851
49259
12757
70520
88125
64402
9470
67566
622
55979
42835
38809
23841
3131
71605
60823
69973
62963
85987
97088
87728
24602
65971
8895
50375
15657
16270
26846
27405
81967
63049
58362
43861
64757
5820
94197
60965
39356
33121
58890
11801
48482
13835
4027
69681
35940
97729
65926
14777
12317
85237
86806
74323
58125
18309
54870
43458
8149
84077
10464
21525
17886
4518
27796
45807
58169
10079
20164
98159
29537
64279
42412
44417
81149
92308
87295
51840
94657
96772
96668
68934
91124
53293
66495
6385
8429
41427
50548
68820
77366
96358
97223
12055
17235
12836
77335
28300
99324
9714
58089
36688
2213
95379
62232
43417
55902
3778
4905
5474
50935
88178
84029
9392
52700
28864
47424
63040
85022
85169
319
21232
59665
12462
23702
54150
17042
74840
19975
10497
46561
99817
72807
43418
78988
85513
57970
15670
42796
15017
66623
89035
53000
35744
85006
86828
45943
9312
66301
90995
83620
13940
27994
55466
26410
67288
91955
66935
4446
80821
96201
88769
59532
32504
15459
82371
61754
14477
9407
61068
73961
37533
95555
14543
34521
68385
74898
19278
99468
86658
33562
18719
59587
82223
16489
32216
10692
33178
91552
61276
47069
71760
64576
28450
22819
34546
9921
4030
70835
20564
43138
45134
73145
76082
69594
1091
23951
43690
88013
39146
5693
5882
40570
67350
35423
59095
67857
14796
20420
99623
12226
41579
96658
80124
42480
30805
75015
18221
14341
36895
89979
43794
26719
44273
36865
65915
24360
67610
76044
14318
14019
90131
14030
72892
47426
63694
476
87583
99701
56571
77709
12626
74461
86934
53121
97261
26238
69905
85119
63675
3379
33786
23542
5722
41179
89128
67493
7886
14193
96039
52918
88130
89881
48606
5796
86684
44150
66297
11998
9372
45593
73752
77348
30001
85268
71699
30766
3544
10445
55656
63308
59922
94734
36739
93224
94688
22777
74921
27144
6749
32760
86592
63759
5625
274
91134
96451
68334
59770
9965
72073
38817
59170
76216
38860
89142
62861
81781
72349
37680
19393
68623
53621
33700
94491
80302
14293
85752
35965
22725
56078
7326
89826
30584
33949
94759
40883
68200
68622
99718
97618
14301
5889
22434
71282
47215
95882
54263
50026
55888
77906
14313
54047
68185
46556
57094
54046
13424
78658
35255
64651
75027
15677
52099
18707
77252
34723
79553
4638
97040
67050
91767
65697
59741
83179
43924
20016
1232
26306
10694
32880
55193
85170
15384
2057
41660
37093
55596
62203
59740
15537
89937
32776
38437
28630
69377
52463
85430
44132
95002
96249
55018
22426
29751
65964
78562
73705
18442
62685
56144
52439
91480
13730
5122
30175
58705
63333
8521
37237
96810
16149
78214
9927
58105
12375
99056
23583
64652
50906
36
97478
74023
8039
75753
88099
78904
15159
46078
94976
79576
15422
32579
20301
61729
54726
85697
6622
78662
87703
98295
52207
63252
27601
82306
84201
26179
42716
97576
99004
60760
27159
80704
70924
60827
69357
33218
56616
36271
55365
68583
95893
6515
21912
53116
61513
55381
95742
26697
60147
31310
30017
36376
76568
3901
89587
41252
66425
69988
87868
78912
20432
8537
57739
75360
23769
7018
59181
92104
87246
93841
96124
75248
14378
94863
33359
64912
17967
6216
55631
33134
61218
44282
80873
50689
52116
89979
47583
87040
91004
31567
38042
52524
22496
44387
63258
58519
21075
46953
59597
78864
47928
60464
48158
37581
54596
14814
84901
49587
65442
58317
76893
99204
65776
11232
67602
4517
31238
29345
29401
23627
71575
35992
33018
74434
44304
52937
66984
98170
63997
8651
70577
4558
35499
82497
21360
25554
23688
84055
15968
89240
85542
23610
53707
54431
83423
10964
30881
64633
52979
85122
28484
25496
67852
10196
62048
41812
67714
60257
11448
56571
4251
32901
83867
57429
8458
37688
77910
25875
17016
24235
88963
32308
52928
71681
68799
47348
71732
38376
18777
83025
22686
91316
677
1978
28513
9110
4081
43863
41821
30270
18319
1392
97104
11562
50897
12699
81658
11433
88019
64228
83066
99472
31762
37563
34388
28312
13659
43125
1620
94707
25598
44736
53419
48745
92384
20104
60728
23667
26224
37854
8419
93619
88081
83467
20258
21486
60726
64913
86366
13575
4333
71418
87792
23962
47730
65120
39685
42769
19492
9688
16129
89574
48180
92827
63776
56342
84089
9555
57495
99902
55233
68862
97336
79733
79458
10434
2324
73862
42831
75630
21179
93928
22598
4424
36608
82427
33190
61944
49656
45569
36925
19664
94880
84087
36031
43350
70174
55471
83508
75216
53504
70732
11016
47371
88161
63096
59462
66856
48010
42821
83710
76356
88437
14686
11939
27714
68780
86986
76882
63543
63376
27837
75500
55281
26390
13050
26212
71781
66380
73128
48564
75475
71513
66128
58442
34105
96546
30961
16832
34001
87368
60416
64553
54119
86895
21567
47751
65820
5690
32376
36058
86384
6226
23703
10163
45455
4293
66465
86534
56763
83019
32885
94590
91761
62660
86910
39402
2843
53950
30674
64341
86929
9170
25450
98260
94189
6253
39133
79608
83466
4205
83835
59971
56632
87841
99844
96599
91359
47795
80963
30922
64492
50690
9994
80406
98429
22823
22347
59661
75877
48441
89392
2601
58525
16460
42199
71169
52584
28884
48494
20024
36960
18632
65223
4464
11362
73794
33592
4508
38643
29667
8753
57554
88526
77650
41659
29567
71051
51973
98666
84885
4749
77176
64350
7328
15432
98938
58524
65910
3980
31528
36356
35532
36787
45777
32622
83269
85155
7160
8870
25125
56385
93880
63809
6340
64819
94626
46875
30495
62351
71329
71375
26056
21733
23455
61746
94461
48101
45760
17516
88950
52111
79724
97524
38488
79574
47755
7943
37447
89295
74632
57316
63992
95388
66328
9095
28484
89359
32436
97664
88120
20317
69057
81199
19593
71201
30993
73599
6854
9226
56931
23004
32102
82851
38565
72274
68607
42204
74265
21891
43416
5274
24406
46149
42551
85912
35045
75734
87956
31160
52268
72828
36175
51946
3752
72062
44029
62679
17235
32280
49885
80746
62405
87775
18600
96156
74294
37170
6055
81787
13569
29528
10207
56439
12261
29468
64871
49353
10949
68514
75066
13248
21359
42981
21128
65640
18234
54446
98695
87417
36712
97491
12166
40186
90731
77417
50434
46096
41412
99944
8850
75751
73734
18842
7741
44891
48473
29951
80620
31107
5243
23456
37465
87131
77793
19853
93926
8301
94779
63509
71787
1947
14261
13730
49639
71916
27161
20527
9431
79857
75090
94983
30885
20626
45420
61084
22712
48281
89271
49376
27625
32923
21930
17123
86774
79038
89765
24297
73391
15660
22542
99047
99373
80819
30173
31034
76770
12342
4947
30885
74060
97427
3685
84773
64260
5553
60343
50354
78195
49158
96419
95092
3395
64547
16056
77055
93715
76797
69375
49389
37541
71769
86297
23735
15665
69011
24261
49040
68317
70826
4350
65181
89988
12139
50208
43700
13170
91641
13035
54129
97202
40566
92288
98831
1758
78513
17992
62185
87798
4844
50068
42221
80909
49032
54783
77817
79772
97871
68208
38774
84537
2782
99292
54349
89059
66477
52008
82410
92116
84285
82060
69388
11737
13245
32114
20645
92926
75160
56158
77077
31042
25406
360
97149
54506
10221
21188
52066
73586
8285
7779
20481
23325
25797
13618
8809
65805
63213
5888
21817
53774
27697
27102
89687
17677
39214
53503
61546
3271
56204
13086
72501
79900
76872
50270
53265
37186
3613
25004
93541
10741
49935
71425
55653
14028
86035
23109
11780
47655
19102
27661
22134
26724
59689
21989
10535
42449
478
45000
10322
22172
15841
96268
63487
19335
20094
55931
34141
55063
21995
64379
53271
51307
4153
52527
42261
38185
53213
1687
68274
91860
17557
89971
12502
82842
21369
28997
45711
38410
79520
26515
66353
73986
31340
24108
33703
21575
91059
76898
26388
66926
38443
18773
34027
92951
84752
19665
42439
90073
31253
47982
45928
25176
18470
58197
10219
61715
76149
90850
49188
76442
585
95972
45658
733
72927
46786
57312
40544
26908
6104
67788
30411
5968
29406
94485
33245
76904
38890
95118
98752
46577
68652
35033
12151
30532
855
5994
77556
85554
84128
15289
12423
76141
55102
48483
60849
62224
29394
74462
30967
98316
98048
21399
17809
15697
42843
22666
28578
6837
20254
12061
22626
37604
96791
18650
13334
9892
85502
55143
66785
43395
37539
98915
55796
91551
87014
24575
55010
21042
20928
98710
6927
31576
49631
30314
96294
4447
41294
98461
38664
31338
10930
77098
74690
70946
97905
43678
6680
88601
14542
85749
65278
66748
46191
48597
92774
27636
76416
50945
33427
64953
18256
30907
88620
20692
10040
70970
90476
2607
7132
72611
49430
23484
63530
59559
165
73279
60032
71193
84418
92920
28298
45482
11823
12593
83432
94211
95296
70496
67150
40030
64809
36281
1478
70434
86674
63764
96112
21689
9384
82358
53993
40431
17965
12767
49129
47273
84815
44623
7910
42208
74742
9653
17175
99961
32183
82070
92339
45634
19206
10166
78743
27626
21384
52935
76838
98302
80326
71147
69450
15324
6717
78887
26681
77269
28563
6982
14676
30244
86724
83526
48457
22694
93690
44228
50136
16949
78299
37823
42066
13349
20892
91947
9309
25817
54516
9237
78452
43139
29387
30606
84427
54295
70929
79254
20497
52362
17995
97446
48622
34700
44039
77305
7596
16863
3601
75864
10385
38579
2815
72481
45610
23648
28551
7507
64772
19199
41104
94489
42996
35398
45477
78832
32535
60670
48582
66007
80051
73602
82937
15154
27420
7829
24414
6075
32978
55936
34464
710
16552
88456
37799
92110
77024
37544
99210
89601
41745
11632
18689
47173
57674
75258
33529
31846
90321
4996
15777
30334
4932
76111
69217
21215
68353
38419
1355
26304
88065
73405
11849
26785
67422
64902
23254
48924
17334
84401
48617
44682
34824
65344
7691
92303
1275
41587
25258
67044
47325
55711
99206
39967
34857
58087
28744
46337
12290
8058
21331
20988
91964
90377
65970
73246
70298
54626
90769
56254
81681
46445
99592
72770
83084
76099
22354
81707
72969
98246
64668
67902
86656
36226
92440
74735
41668
25854
9201
48236
16546
31070
81433
9219
38055
69176
78143
84977
78430
48880
31548
54664
40566
90707
34060
43452
90049
71533
52474
17451
97849
37671
52819
53031
98398
57312
41981
2401
15291
73607
7649
34451
57542
41362
95907
24265
91077
77022
10258
20685
44782
96388
19579
91151
60679
37364
49080
24557
31916
10961
52070
61860
3855
92873
46516
98707
41882
87983
77591
36616
40176
84950
11610
72266
76273
82476
11603
1987
93820
85264
22609
5383
50287
7826
50001
67717
68778
75526
2096
16009
41137
79429
95067
79723
75440
50240
12482
84120
59033
50721
10507
20698
69480
52768
83938
94855
4648
97374
90286
35875
21455
62338
54591
7315
50308
98958
1796
68448
35137
62589
70873
21891
60019
64987
90749
68979
78622
16288
71937
24424
22110
24395
28765
75275
69608
41016
18813
10876
14511
54141
90808
93375
78178
67687
62945
77380
77362
16139
81078
74194
178
74795
75606
93104
20631
93736
816
87120
46431
50623
67958
46648
61454
4225
93104
55405
11539
61074
77997
28542
80233
34942
38261
31530
6905
74003
90169
98544
29341
36959
39660
86577
33247
88551
11947
75524
11072
33632
61495
18902
1141
1902
68516
53403
15052
67543
93513
6165
19948
75555
78104
83136
49530
15603
40168
24856
26808
90426
21293
97736
81288
67708
23274
43376
87406
47522
46204
10514
17107
25239
78327
7065
4198
13795
81615
43910
72573
82145
93773
9464
65337
82078
58113
77111
11495
22929
38710
92542
82019
12177
56353
63971
31735
66936
78707
90403
19073
93202
74286
91887
68403
44769
75060
69645
61172
62865
51387
8365
57572
69491
2045
62025
64892
24504
83436
9175
20020
48044
46467
19630
85470
56684
36631
32723
39887
63941
8844
77471
85438
32203
89988
95342
43781
10418
29682
35015
36165
84685
51821
28675
89702
59553
94880
30140
95547
53316
30238
15955
99972
72055
81715
79422
41197
75198
53909
94764
46420
56184
99193
63670
92264
99711
51618
89509
28236
39230
1045
79866
70299
99178
96040
36189
66854
36990
34552
2885
28345
42391
69818
66176
25115
49640
72777
31617
43540
1851
80766
49252
87017
67045
63390
44862
52163
25093
23373
10661
81805
47257
38848
81145
11548
26076
55792
41199
9065
7904
74411
67384
11482
58692
69732
87538
62431
68466
61930
23562
91287
92664
98359
66797
36691
47904
74655
90474
75026
97422
67880
49861
92908
32950
22584
42010
81355
93944
67562
4972
26130
45337
22971
53610
40065
37407
78625
11516
86289
50184
25530
65360
7642
3880
47138
33275
16021
77053
99871
53454
21755
62096
77015
18231
8940
87499
12769
62545
52587
10385
79705
65321
61446
18879
12364
50285
7252
40829
40371
67219
28216
12800
64765
75364
27970
60255
75045
99843
60884
99152
70563
38590
37313
86559
72126
93840
69585
21098
65727
84496
64290
44060
2561
55641
24969
4900
92836
55735
43990
93745
63008
78699
29205
40012
57911
66843
9713
28082
74051
64633
86803
14349
20015
27630
65320
22510
26178
95779
82784
99817
78901
15372
13171
78572
68774
91954
6174
64541
82533
69019
5547
33392
15084
89303
74799
79234
54283
54090
77388
96404
32417
60657
16791
22407
79303
30067
58324
39121
53414
90790
54365
49338
30537
26554
18369
32886
27405
40838
37770
16798
57812
12237
95703
50381
76793
95148
20135
10100
60510
1571
71511
44730
40706
9982
54755
85684
84750
72479
53257
18141
73774
92490
43979
18354
35421
96173
59186
86316
82841
84297
26832
81243
49781
45953
6910
98908
85837
87390
46820
96375
17556
5116
81655
69879
97162
49525
38748
12518
11594
15432
26219
1765
59295
93158
72814
25189
93110
75065
38921
35461
206
2001
53044
81256
50540
15787
28932
96050
87115
85376
56936
22815
90193
70856
21806
66624
50493
55818
54245
24883
71901
41633
75966
55229
38907
71756
92204
98663
5047
84914
54378
22995
55568
48559
97883
69721
54588
57536
91693
37506
44440
62247
68055
64480
10745
24316
16897
81928
58368
59632
98339
48333
20459
53406
8742
82170
36169
3697
5894
16652
80390
2988
22297
98410
87236
99130
61033
44161
95466
17107
60253
89856
23382
79655
12694
59245
53519
99018
19061
24867
34262
75932
83834
18921
6682
10612
64391
50927
98090
8488
82146
91719
28965
11771
33466
34270
73613
24644
89505
37174
1210
79927
94808
64673
17899
47635
53224
94524
28920
73479
51404
17446
8131
40033
77901
12411
85420
43285
11109
93745
73252
68294
72324
19854
95769
37076
90801
39812
63088
96994
10344
47243
12336
13282
15650
83609
48091
42656
35826
50016
26488
22312
77740
48260
26379
57205
15232
72215
26631
53783
34308
563
48314
88159
21199
90740
95174
34698
29826
81007
12239
47752
26977
41075
400
20008
65855
61819
21864
85410
59896
50892
93970
30176
56439
19889
83891
62249
62104
30705
96525
95532
72104
83818
33808
19590
96328
15852
70319
63665
4881
99860
28912
2121
68209
99
81789
72411
93395
31419
13016
91244
35549
62550
96140
36195
14579
13602
42526
74292
87641
58173
21218
90346
66933
70537
57386
31472
60083
63372
72345
8029
39490
20038
21718
66426
35451
3888
50332
2832
67458
14094
88750
467
42118
14032
64360
94053
57154
33323
83569
92360
53286
37870
76588
5988
45551
85572
40941
42449
13586
31046
79272
21730
29881
19034
3462
41774
35300
39500
23377
47388
63249
21159
71855
63050
89206
75599
22123
9722
33066
15966
62990
57242
58531
74362
38605
21358
95035
58352
17884
67932
97772
40335
49184
85524
90650
55843
21122
93146
92112
33292
70208
93522
79106
17242
48541
17670
95089
66855
34041
29463
66990
19154
33371
83069
39446
73235
10826
86525
5531
22656
50651
77638
99043
35803
84133
19688
41001
79637
85040
75474
98754
41348
2988
27910
7642
76828
96478
10683
36861
55501
69173
89102
13425
79064
3227
42599
72512
54127
65191
52131
39828
90856
22959
84099
30299
56734
91866
96208
65834
12197
44788
47850
29118
11432
72059
10188
53661
40896
27670
11325
83323
31922
65797
46293
96761
58246
44755
69385
14920
4288
58088
95542
36970
68349
30395
78182
14681
12108
9221
2978
48226
91206
31536
48501
88809
21803
36335
26904
77168
97243
29511
79423
97746
41709
28747
39455
4329
48
6277
13658
52047
96283
92432
83657
57154
95283
29411
40868
81153
64281
90632
7473
96883
25677
43338
19527
60295
73315
54412
71294
44789
11840
57175
63926
76195
14129
13740
49824
65476
89352
56759
18860
59388
31765
5956
77744
64446
42941
4780
38513
9974
61305
23719
59857
75810
75757
98789
96182
55419
9315
36312
39763
73586
16579
75113
23125
88437
62994
58731
21004
36464
50757
69613
78932
77328
65728
38216
46015
32548
72015
57080
94368
57308
49023
60936
40855
12595
26426
70086
96852
76841
21534
64981
99466
21641
33593
64354
73809
52522
65251
34958
81623
33008
38584
34793
54629
65778
87665
58400
52810
19190
96477
94189
92646
97017
29921
94637
67285
78091
58537
29744
71926
68598
85673
94793
25430
98079
52181
78916
43870
81126
81146
63255
58198
90664
47991
30321
52340
18820
68731
37264
66213
51002
56508
93743
24247
6990
34449
48219
60609
57292
22541
76711
91727
30310
62841
52502
27021
39993
78796
69909
55728
59694
1161
1003
43932
20028
83318
38440
45589
61098
33108
47163
13349
91474
15264
18656
34214
25505
8293
27030
87597
11739
64283
65455
9684
51324
67168
84384
56515
57849
39633
75096
31450
30917
34534
41518
39484
87888
96583
68371
57147
22473
93487
55270
72349
19396
33883
87270
10856
48342
24687
52642
82255
31229
88070
90540
44441
55677
81043
3949
76202
64165
68857
39666
41264
27376
57251
18659
47788
31560
70657
27476
36667
76164
28991
95829
89985
90386
97380
11012
40113
81456
16452
56899
21626
93396
49794
61603
75569
5356
3814
51231
23959
23488
38743
24486
10248
92275
3509
74832
60960
62696
1493
13489
31625
69632
8986
53836
56101
76194
59020
57759
5364
69012
98488
75676
1091
16390
58404
66519
87153
45198
31757
5499
4639
96333
71679
7192
68404
84817
31120
66903
97482
69684
92345
38798
17304
73665
77554
89390
38301
70742
15465
46233
16006
5893
26335
51474
47196
30101
56479
90381
8621
71494
18684
91301
12629
10098
94086
89004
22441
4494
81320
68221
86207
46000
34465
75789
7517
4074
16572
62784
86013
55700
31215
98808
67002
47592
77901
37609
77147
76967
58216
91847
41816
95065
57127
21569
94701
72978
74079
98151
42010
15
96177
8550
62260
15264
94112
1556
73420
45248
34861
12838
31290
67391
34065
61824
27206
84449
89494
43940
48658
510
84754
31531
12359
9802
16257
50418
15099
11088
82814
42412
98460
99032
30398
28341
46236
82248
6186
61766
41176
31846
88759
37860
75335
6875
86915
47827
73115
62322
47725
49609
21879
76032
87729
45181
9134
55678
22400
46653
8083
3314
23224
12991
99811
87916
69797
52687
2603
47884
57811
54024
48662
95872
75951
78910
37175
82187
32473
47223
53296
89634
84776
24602
78973
29040
6650
16063
68192
70873
61686
76966
49066
19227
66081
70212
82018
61392
11449
46904
10325
33872
74769
77564
99258
24724
62601
89335
39008
64821
99848
78191
14583
85171
31417
3868
39416
15953
61665
26743
41010
87422
56121
93489
15090
7567
20747
44064
78222
7751
1453
24500
51054
36696
3541
51496
72791
66371
49144
92148
70038
74588
80260
87776
93541
14153
4214
17426
31069
74313
31096
26408
56216
34225
65563
96449
78369
85905
78669
22230
9691
29334
65206
4071
91306
58537
57845
70447
49922
78228
20338
50713
3339
62372
17472
11372
65933
83305
3313
5730
91550
49723
17205
42999
20389
83575
93937
35772
41994
46279
91544
14602
38396
47648
15401
53172
80318
2181
13604
57686
79215
75976
33962
34826
25812
74097
48
63257
30629
71351
58879
78446
76337
77835
74700
47366
24910
3156
88655
55076
55873
