81977
90540
72507
80035
48797
82610
54509
76204
23579
26345
60203
68363
38939
1075
41095
21196
44101
87286
96739
38214
62922
55187
56776
84994
98149
57568
27440
96842
19446
36420
91869
45519
94798
23791
38733
19670
94026
41396
11813
23329
32790
2083
97834
30390
2002
28455
80078
21518
84114
601
25384
83292
94719
35551
83004
50615
90619
3301
31898
46790
81985
84406
87939
14824
48875
36631
4293
10077
97614
98880
29159
98420
54208
68088
77952
49841
63706
40780
41123
76698
63192
80779
43188
62559
49501
96321
45054
56196
78451
96910
56605
5741
40496
77059
13814
61189
23252
70456
65895
41514
23791
36588
71833
99928
18367
21306
36242
60624
75063
59413
46823
6309
27068
53728
91438
47268
67913
75565
76049
31037
9714
24431
52511
56562
63429
89501
85948
63515
68140
64582
25113
7507
22031
66188
9182
73890
67511
78751
57988
21672
14030
48375
57087
28739
23489
2284
8057
40861
42183
11445
34170
68118
80667
29148
9410
77129
83493
70619
41561
13661
47800
19125
83261
88906
26164
96403
46811
71686
53035
33817
34938
74764
80865
15173
87952
68647
14188
7459
60984
29568
25883
39216
71355
14402
78195
18569
87275
82566
14165
58830
9807
90688
87867
61081
30488
48293
77537
55605
69139
55832
76608
42141
73847
44687
56789
53395
86910
2310
29505
51225
46672
65184
20425
61967
63162
69398
36830
75625
19230
54942
14871
81612
46852
58360
23674
42854
74670
27479
44890
71655
59306
28331
49497
49888
41920
95879
11151
92790
43051
22932
74787
53474
33893
1745
32950
18728
7002
22469
33951
97682
55038
7907
61136
64233
87355
71769
51128
25744
15459
35221
21122
38236
9316
25299
73563
71700
98521
64104
817
25697
70077
13028
32278
15793
38074
97096
61892
9967
12352
29220
28507
37879
27185
42571
10565
85752
78104
78294
29530
81418
74490
56273
33119
74921
11302
15910
91402
21774
29190
62852
7392
88136
56823
67595
12896
84956
73652
53879
68408
18550
44878
30407
39797
41579
10297
34537
92024
78829
64544
89316
3299
27402
19801
16065
77524
55489
88082
4086
78280
16609
47690
11952
62881
53728
25245
42589
70786
76053
89784
88948
77367
71764
27946
57089
53425
17859
15739
28529
57967
27741
4726
66390
42936
27714
48290
17655
38757
62680
2959
79800
83100
94403
20491
10081
96822
98621
70388
70541
35074
9682
63943
44081
80547
666
65336
96551
67316
75283
81435
84311
41708
26555
5342
8993
70301
49543
27801
85257
61910
78499
10686
25951
43848
22471
57387
78538
57413
10066
93343
85136
18852
96197
64424
8772
18466
54974
70394
60813
30306
39888
64156
28303
79733
17275
36125
9561
54069
13998
79012
43562
62603
2837
87685
93088
39504
25088
6319
16223
33969
84243
81602
11034
98187
84963
19774
66080
64406
33524
54
64966
55390
72044
76099
38254
69773
90034
62550
24561
40452
72073
71653
74702
22536
3875
36135
42287
96313
60996
34458
23988
57149
69620
66049
99134
50140
71360
8076
19738
54372
19310
29871
75399
58253
30939
23925
35494
95799
12308
60685
29214
17615
40109
38530
90889
3761
49632
8
92351
63207
8741
95250
25725
64047
63082
92641
90609
77146
9040
2231
56900
37489
46467
66634
86084
54099
39827
43027
93901
72441
36531
50342
41076
68186
25870
56700
17392
87018
4001
89580
16933
29021
48856
45241
7886
24682
18889
36133
11910
92298
76167
35075
30516
52192
73700
105
11921
12466
82535
99684
89142
54421
22277
39302
90790
55464
68831
13754
62262
57719
36632
85176
96917
39679
39410
3476
39388
53489
95940
46737
14899
5456
46905
55091
89916
75700
36839
94226
28384
88593
64267
55722
30037
83665
49406
40560
63593
63134
65430
39359
43566
32348
31900
12911
6370
87987
53797
38663
75353
78442
48687
69642
46057
70254
86074
49133
32914
81043
77024
52040
11880
94514
40146
33771
15743
1424
16849
648
2449
68671
44998
21902
17838
3581
42526
36150
19169
74458
60966
49846
26779
62456
74591
33938
97311
1131
12573
26803
57065
83711
48002
99952
8155
79417
38866
46921
56806
63478
79538
78962
36657
70255
30658
59596
53449
54750
62420
84367
98246
6170
37065
76740
95797
671
54279
96176
65799
49353
36920
51722
77717
99646
11649
98541
70606
53515
90557
10728
89344
87655
21910
27475
66430
65620
99968
11133
70612
11267
25938
81376
92932
97463
68577
85334
9563
51778
48251
18725
99030
65420
36733
50805
36427
87187
85554
21763
73813
99148
80584
17742
36735
6310
2256
86862
42124
49807
46866
46212
57121
95985
73515
27309
98800
28788
68644
34096
72578
63463
37232
55607
45215
71417
86209
55962
19549
85890
75048
11766
49795
45535
91207
16381
97145
47353
68245
79239
68622
30279
94317
66695
54502
19626
65747
96312
41950
89174
35813
97206
64796
62705
19065
71241
74520
1492
90841
7451
34497
26734
55415
3979
46669
65352
36463
81274
78561
22115
59640
21091
15065
64701
42854
72904
1653
42451
11007
55303
78625
42241
44215
2987
9119
93028
63723
99359
89138
56064
96247
53181
50890
66237
60564
60517
60967
12940
84914
37001
76011
94600
96653
49157
22689
45016
82383
37036
47012
3697
55970
49373
50094
28663
57936
13012
17374
98372
94041
36733
69700
69442
63888
78852
61004
44786
69042
55624
45188
89999
8324
11662
65484
35564
42921
66513
30585
38778
43677
70775
21990
40486
28048
39070
87448
23007
9506
16406
91212
37557
40919
93416
10496
43997
73720
17684
7003
52529
43686
4025
34297
67380
69147
23724
52598
78099
99391
97835
17814
80551
45828
49068
62799
58167
86014
55279
20725
61595
53538
62930
83264
29019
6010
92259
41979
14101
77379
5456
94763
3134
6979
59546
83930
65184
99338
31400
7167
41697
60260
70520
63436
65860
97847
95408
60852
53641
42656
26099
56182
24751
51780
29519
62251
7898
758
61427
25736
25680
92772
49725
23536
64157
68158
87473
60250
78262
52581
838
3450
37690
81579
35803
21006
62485
49068
57863
98023
8350
77384
81070
56018
55488
66013
92879
5666
82582
7389
23354
51196
96463
69329
95295
69503
60690
67786
39874
41518
19771
31487
34954
77115
81538
10024
62905
98417
77149
59094
95669
57662
87100
35340
16709
4475
85394
31422
952
81946
69011
1797
29534
90347
24569
58173
20218
66923
39393
8667
59375
69417
48498
84429
39320
38838
48125
28112
62484
32073
86720
65608
54686
2220
19109
89408
4794
58150
9544
56062
17740
40070
73493
14722
6210
86888
45071
52955
75218
63303
34734
71526
63902
32224
79648
83012
48691
39199
21328
90390
12050
82761
43043
73624
89893
79461
86783
64823
9139
17287
39686
17136
16047
90553
55168
20231
94955
19752
312
55744
90122
17449
99389
66078
61746
63143
93864
16342
72352
4683
84701
25135
10678
78694
58634
91640
74864
29885
45772
97765
81588
15857
2673
97832
10887
28457
86041
95208
42524
1055
78326
42497
7367
58949
51314
66872
65840
50354
66191
15000
16451
26860
88201
47150
4868
62003
31416
38301
92865
51656
38290
89247
15551
77913
35405
24761
59030
11306
88770
93562
28985
15712
75693
6416
29677
23245
84977
2759
36475
35188
25976
59102
45280
39032
76152
83239
25473
64165
52210
14203
13052
3226
19475
42040
44186
14738
26909
93113
13697
80910
10400
36720
83494
28192
83234
898
47647
93431
50206
27359
57815
16354
232
50652
99418
44162
5710
59727
12112
5008
67611
60550
82887
28872
7829
92901
48936
35441
69510
27002
78092
72810
35479
4383
36456
63635
96120
91179
12323
8821
27901
97877
40968
62415
8067
2694
87415
50398
77520
51705
99605
35112
23735
32018
23876
56517
21659
11481
59886
49290
60907
60242
50555
38803
2412
57914
57442
41645
61300
25695
89563
58237
75250
49372
62739
95728
5868
25456
85273
54112
38624
96218
24597
67200
34540
74707
72472
34821
50281
80072
66479
46896
29809
68659
66673
2364
13921
31285
84216
82560
65690
30610
26700
72770
96738
8200
47290
33689
96135
29293
89348
83357
99459
99877
45139
38349
12763
32765
79015
89724
13122
85319
40175
24089
12475
41074
98419
47289
77788
71013
50094
82755
98157
73112
29914
7032
72079
22926
16196
54269
90841
59219
99070
70599
4862
41230
78579
90114
41803
61988
98997
74974
39116
78185
96402
19222
5646
83587
19429
6526
94527
41757
69705
64296
99442
84356
10504
85299
26302
46978
65042
82386
69254
11636
98345
20468
4691
38634
87001
81364
63038
39387
26021
5631
64810
76707
4925
7646
82957
46170
9067
13151
28175
50097
41324
75396
69516
32940
3516
99656
3924
6071
24778
35145
43121
15366
52331
55831
92936
92749
82858
4567
33016
92312
2621
69204
36416
6184
88562
9603
5981
811
6281
89905
67409
50326
40315
32523
32063
39778
6200
27753
38099
2913
49615
6169
96191
47707
70182
40644
62783
29129
43785
63711
16222
94605
52639
87055
63282
80268
68440
8121
84290
5482
85890
98982
59079
84768
78203
13296
85328
45403
74369
33388
89280
70196
75205
55956
275
29256
63038
3151
50302
31796
2330
24863
96755
49615
60655
20742
79076
52196
1360
43862
60959
88842
1019
28500
30199
4226
20143
40104
13859
2316
2107
84804
62496
62757
15953
59566
89298
86465
73657
95596
39367
60546
77570
28363
91004
67283
22035
26732
16025
92451
94528
87244
79800
20769
15256
8398
64100
24848
35323
16391
19323
68807
95849
77829
94133
81672
85430
60349
57055
43898
62905
76304
75328
10182
61507
40953
15709
17387
23661
74293
39703
18334
77803
89424
47218
85377
66365
28424
66929
99710
54819
19072
10333
9601
46288
22019
50053
70224
55928
13683
98495
69767
35203
59085
39916
84308
67491
51291
18649
93228
11650
28118
80513
17256
73429
8661
8497
74464
3373
87446
37380
41281
29676
59976
45932
69038
43700
66227
44146
39921
39227
5957
74709
80092
24603
85017
14766
29281
710
38118
3092
96746
89750
94113
23835
54645
88706
50128
33176
16144
89805
24717
94047
74957
29145
87058
72685
63650
62169
54471
68226
23104
59332
41542
88742
32621
99685
79783
9964
17312
35982
85581
96628
23385
39309
62636
64170
10170
36951
95573
84043
91206
96641
51647
6024
45365
90094
5588
46244
30929
67107
4885
75063
84528
77238
43371
81333
95726
29092
47851
46601
53254
56001
133
93626
80972
84394
47594
3472
80330
1527
48311
27919
33718
59533
65538
62882
86445
71984
71808
13812
84910
6133
17072
89111
59541
74965
19624
8551
5170
477
21402
53416
67013
94979
76482
31404
91993
62131
43119
93362
43962
26279
86315
95464
53940
27637
12873
721
93354
30306
55626
33921
5935
96212
88076
54021
89604
91621
44016
88415
32335
83732
76902
35695
27764
40854
83351
3534
50003
91018
23279
39764
43165
32681
59557
84665
94548
76700
85512
98424
25439
30184
26727
86032
22758
6724
89469
93380
11440
4267
69496
27522
20183
13037
41029
56353
43781
97632
45465
70371
21069
58932
57470
36954
27144
14339
82872
46055
41866
95527
97267
97277
78336
9254
26059
53924
47081
20553
51159
20826
30958
24330
53651
308
16223
64139
47881
58466
69612
612
63580
46992
86780
90868
23568
9320
80654
56313
3897
93365
55946
22234
48094
76323
3490
82593
78986
31618
82186
29478
59151
32554
32561
55175
86711
61144
89563
15860
52840
14454
11453
28230
47091
49976
46741
5552
83930
86307
44291
17325
17467
30504
53767
68345
81246
29070
78552
29628
8279
17550
49406
52865
92727
152
5934
36292
80310
72594
44959
8714
61237
84001
43629
1387
51987
72544
46282
51786
91854
50477
72220
325
22388
89507
94935
27271
11685
19842
43447
6747
37830
69643
25177
59836
39109
76647
61047
77575
24260
1096
53663
69522
50148
82279
55984
26550
13136
53131
49200
99079
97378
86059
49036
56996
90070
97387
87788
5226
16649
35811
89202
7299
50925
75678
26736
98396
2252
70173
56867
65748
38678
28795
64911
16783
37706
40556
10488
77291
16509
70430
80987
91658
96105
82370
42183
27790
26485
23140
47067
49092
79229
69621
90429
49174
51806
71978
8404
58852
3584
49085
38403
75341
77760
65521
34211
17575
43641
26164
96060
3246
49391
17405
88159
56761
46552
88660
80802
81320
27750
2705
6585
67802
26805
34172
96237
9787
14510
61043
59356
29722
58646
31051
50990
88312
28918
78798
99567
86844
84775
87555
78125
28452
39577
16235
784
43606
14177
42086
70128
93045
32797
44086
99800
48783
6149
4220
61014
52147
6064
24671
24539
87936
98496
34411
64789
67256
78027
20213
90854
92947
23367
46141
77217
24272
72561
81420
90977
16646
49337
94269
32326
35897
47662
63256
26221
84265
71618
42969
84586
18468
9529
37903
79909
63291
48788
99041
94766
33489
22868
8203
17950
54640
86893
7558
58668
24534
81353
87333
89320
93965
91925
45563
1111
81273
54284
27259
56780
59946
75422
18999
45087
14865
6941
78474
98125
55438
53604
20433
92524
71688
85381
87059
81321
26070
40685
72546
71456
31611
97941
36762
28055
43727
11816
28870
73624
24535
23628
84706
88553
35287
36399
28314
35529
59806
60207
86129
97481
57823
56966
67743
71972
19264
86577
7762
88413
24171
62811
85493
10740
62818
44682
15662
7620
89295
39526
33856
99740
71833
44129
83345
5752
57235
96392
88486
47803
94735
70149
68395
36011
50512
14637
15055
88617
13117
73101
7051
61676
93105
10188
46115
82361
38703
1788
16197
77377
39698
50915
11535
79575
22499
90945
75021
41004
59908
71485
19680
9449
40201
68080
23514
5192
67270
59821
58501
34448
26787
55500
86307
54283
47597
30322
44336
5509
62598
98399
95044
1315
81596
11283
57621
318
21559
43229
9594
24667
66892
56258
85194
49608
44975
30823
40642
81397
47877
33755
62949
4684
12151
30851
57854
37358
65891
51715
72769
19244
42060
83526
1871
25375
90929
2443
72472
61124
97147
89388
96123
19959
65040
39243
47817
35979
86341
66620
68168
64356
81041
6665
25363
96465
45980
17094
91071
47721
79830
21778
31576
27169
65092
33158
92137
11495
95381
94717
99803
86398
722
480
91381
58710
44404
75181
20289
22727
6768
22595
79407
22442
99853
92557
20563
30356
17527
39016
91338
21616
83755
50451
10938
93144
40274
37234
57239
38704
52747
69215
94817
67391
95713
7950
35499
19530
26012
46459
68055
38575
72819
44882
84412
39419
67839
56250
12714
18248
88266
76895
80676
23543
85798
90650
29420
46213
53307
91968
11932
7405
31064
50436
34640
17339
69099
13033
29410
17288
24971
17832
35053
16663
37746
29467
8339
20842
66601
48836
81914
88674
72539
13948
42033
28369
30827
55228
19120
32798
72994
88385
9789
74228
71936
5504
76395
9639
22228
36966
99677
18660
68710
47626
23689
31892
20658
7474
1463
85581
41359
98911
34760
25813
8589
15638
85396
13012
382
3467
50379
96340
75531
53388
85117
57368
88327
6567
57590
29558
53760
19225
32161
58290
28529
23028
32429
98265
29621
6701
77389
13207
15383
19647
60824
31317
19685
40479
57425
54226
31426
82333
68674
55165
63514
56211
6561
41676
96496
72397
27797
88861
52660
38326
78609
40774
11952
21051
78398
55482
64865
92861
53976
29339
62307
51513
25935
18071
94565
31756
23853
34081
63036
2661
38359
22252
74324
34699
73517
1414
13216
42343
4395
25039
66962
31600
50322
12436
66503
73457
95841
48236
80378
58169
4220
30511
10872
20831
9487
41230
94451
42640
80940
49651
69200
88343
98608
41462
32284
34151
56931
39096
7259
80424
94206
43328
19073
21179
13671
20816
9689
95724
19576
12995
45730
89619
58911
79685
62266
54119
62206
79439
28435
73024
86865
19709
35906
91271
24303
82030
70070
51516
82922
29432
63333
24356
55537
28869
42114
71661
45653
91118
72299
99839
44329
57490
49951
31776
53826
74002
54349
39076
75230
4269
4487
41648
56769
89971
40693
64809
70202
98568
32262
8510
62660
40984
34882
86735
93416
34353
82939
4920
69280
75905
49665
20189
50806
96749
69140
63860
28715
83179
71188
90410
2356
12412
34389
86291
45023
53577
94735
86674
83571
34873
62609
62784
44949
48461
27573
97373
95239
19577
58895
44720
67243
36223
17183
59773
76837
65480
43430
38626
87166
94722
83125
47853
93605
51761
79680
66558
89264
4723
83602
3860
30912
74997
4250
48023
35202
40971
16931
14146
30418
86608
95714
36715
10010
46906
21096
63952
69721
36056
54167
68255
8255
11564
99442
60770
16531
90111
33293
41893
76247
56581
90691
30757
66116
19886
89318
70327
2511
84422
35024
95122
26925
79434
71992
65531
27603
2503
15297
75
1877
65681
41261
39327
17200
25692
35215
72251
70628
43163
95038
88667
87705
8723
37573
51064
76226
82363
3127
64340
18527
49074
73056
20962
44540
32060
28438
45364
30391
76314
89742
60867
67711
96326
69804
74805
62520
56776
56178
24398
22171
65272
48185
25205
64249
29777
66750
3713
15808
36589
21395
7553
35383
56642
182
58469
39459
64729
45343
42252
4396
65576
14067
10154
7290
34795
6038
55926
48409
54211
72349
93902
1339
81258
46241
73991
18460
22290
14288
94612
22689
4122
44061
43410
46362
76204
36600
12783
29382
92118
41432
67957
41142
8003
5524
36022
554
1909
40721
62165
39031
78625
91446
83407
68842
13670
33531
84644
16966
84587
8512
55910
5961
96341
61882
29885
85613
39651
71784
2484
29834
32486
4451
92963
25656
64351
91988
93466
15378
63703
56416
83687
40055
63157
88350
43173
42922
69344
45162
8545
75226
93201
85618
45545
95227
89683
72461
80500
41427
22298
6187
5096
41905
28797
73958
94604
73495
41522
19416
23658
46296
78917
91240
4704
97372
39732
87196
99460
65057
52234
38898
50578
90492
9334
4297
98099
65885
44679
81882
77995
59505
77639
70788
76447
29472
68912
45157
22402
11446
98031
72612
11771
25311
12148
30187
92020
40363
59571
88435
94977
75090
21082
39127
25354
3825
9679
91754
99575
56466
88614
1061
86104
63562
2652
68217
91374
78651
52339
2914
36921
72666
39082
18428
37759
1355
67063
27503
68950
27880
29636
43110
52398
90465
40644
47326
72318
32989
57616
37786
93353
62014
23747
96883
77357
11203
73614
46444
23688
66855
23352
29667
12999
19142
44950
15107
65708
46560
46915
69207
47259
55126
92380
90362
35489
31378
73979
80970
6146
67107
80525
5786
77373
5061
53874
70758
13726
34431
12465
39330
98433
43014
48789
25259
65533
62239
21673
80543
11669
45634
55243
72328
77174
59482
90607
58483
15053
46248
23027
29887
13449
66791
40314
55345
52616
13451
67272
59269
92353
51907
60153
74334
48813
53885
13150
35262
41554
59624
68693
53714
46285
97589
21987
71461
88124
90999
39153
61909
99782
68649
73761
55522
66536
9679
38987
34594
60924
61300
1496
29521
91271
94770
93114
98022
96352
97873
60262
58529
18488
44870
68815
69761
28747
64093
69792
72850
96609
83730
67222
76227
37344
41848
56920
25877
65234
23196
55796
496
53999
47620
53879
60112
51303
42577
30376
36028
86670
6692
48481
43095
32228
66141
27819
60943
24576
81118
58550
1459
39384
67822
65650
63842
31312
72921
96972
9726
97660
80981
15656
90656
73748
90911
37400
85989
21459
1732
71222
68933
12012
72796
88932
81444
31530
24848
54621
51106
54753
70044
82711
93549
42966
55407
6712
73878
62920
5424
11250
90145
79994
17339
23741
6710
45567
59529
80367
63508
58752
28622
68762
42597
76812
4635
79042
77773
94909
54211
72857
14396
28675
91931
99673
18723
12783
83611
19806
61923
43134
70689
60830
70016
78720
9141
49573
34773
46500
67078
58897
79266
56930
29843
35943
12640
13540
93094
2768
27188
88338
1563
73011
91010
24792
52191
76336
31129
78775
60276
17654
47532
20485
10512
4418
13217
62817
73860
73526
24642
6455
23706
4017
15601
29612
23480
54768
56089
92519
5762
77057
37983
70972
65020
81503
50840
56982
15724
66735
46355
11585
70590
84054
28055
19217
41985
20341
79655
91250
65871
70242
73346
653
66890
41572
90696
75187
42881
34314
84469
49321
61554
63113
80306
58032
66601
33841
65089
68464
39751
26090
51254
9665
86430
77552
46566
16854
44664
78696
77751
28518
43608
68926
20278
7832
13528
57693
89928
8682
1489
53706
87576
22494
13049
25789
45199
64418
48903
15676
74850
64283
47922
70390
39461
91565
18359
11129
12350
52072
24473
52689
76180
59027
14851
66910
75621
41454
93417
97072
39127
44583
69357
23074
49766
74267
62013
39536
79100
21830
55385
77110
51295
54985
40370
6982
10661
6295
86702
33349
81154
86460
14408
43651
36834
67882
54773
38326
45874
15842
87681
84914
1784
62971
74232
94887
11395
90770
97088
60726
30588
11215
68804
45713
3772
51439
30571
27055
62840
21843
20807
83624
568
357
19274
96179
70565
85922
83857
45114
78208
18024
30341
85462
67215
75677
99863
91373
51826
79705
66568
79236
21652
1426
51499
29154
61277
76514
14370
85476
1124
26103
59140
85430
66114
7990
17345
10612
46850
64685
36828
59486
47220
28980
33079
13137
46336
93983
6989
37032
19480
14819
38744
50862
78375
35906
74643
190
69125
40469
65817
93465
52172
5941
59340
26211
60709
86565
84050
27387
97308
86688
24154
88725
29682
38011
71260
65782
78512
94454
20735
68875
99801
28772
97332
96423
59097
76532
82047
7735
59002
35100
52597
98627
15285
9761
31105
28067
2949
63014
58113
45211
2071
1870
99022
29685
90877
86383
11385
12410
89410
4565
55152
4588
79321
67280
26367
79811
69038
95484
81300
82882
52446
57003
76379
92277
82594
785
6088
88777
78757
45515
98899
90984
37303
52172
71612
23728
69627
71398
83440
15631
81947
35506
36869
23006
63995
28124
26399
67190
59819
89677
96501
70995
17589
84182
45325
89668
65143
12055
67108
9835
32811
29033
80554
25431
25697
71342
76010
8668
80558
81619
92807
45068
94589
69374
36961
96852
95524
41306
23927
68917
97202
45116
52103
78878
28517
98130
93553
72099
4408
43111
48953
475
10617
80213
33963
67771
9752
87335
66169
38443
29531
90634
78944
7202
88974
40720
96265
94404
54648
86912
93899
77076
79146
21917
18349
29782
28816
57361
32745
79910
71465
72854
94733
13999
25780
94402
54427
3273
48160
87372
50063
65202
77126
14687
95393
49863
57714
59898
62688
96928
76891
86817
91807
2086
58548
23844
18636
47953
93979
71145
28699
56674
53487
65016
71233
29273
43327
68516
40796
29972
34974
16401
3824
23717
4594
98022
87500
1391
79755
10641
87371
17757
91761
48561
33431
6815
63478
88516
34952
87490
1770
35373
15689
42378
42349
57121
19708
62638
8352
76847
18580
70032
89045
5514
38527
43608
22212
11156
58759
15245
92159
24040
32846
39023
72509
35908
14999
5171
7635
11185
38756
72508
66849
88753
82937
64979
79752
25700
34847
26882
56121
11767
94501
85682
86377
31882
14273
33087
14688
74971
16628
32949
27665
77684
7340
15434
76644
40622
50179
56312
45455
40129
40068
14324
81475
98441
82542
84720
86211
33110
60945
36969
63727
47504
60437
78030
9918
77829
90553
3086
65450
83281
41561
21660
70565
2025
25546
12066
29706
13636
31135
28991
53934
54662
58221
41823
24246
47754
27755
67637
81154
1547
83539
95543
72518
15983
10566
57750
44153
23313
72972
99385
48806
83913
51865
11829
90944
32026
99307
60139
34387
81080
53583
4926
57205
33012
47299
74255
38428
86022
43542
81015
66761
86902
72844
74240
15585
23974
97214
96768
87133
97280
65438
75123
99095
41911
89880
74901
51941
80508
18291
65049
22914
54304
503
88776
77831
68225
59593
74521
78329
66067
58418
65193
57628
77932
18878
9368
81446
47723
77887
2752
21774
84454
466
53074
51490
43023
7769
1103
26200
22179
62471
94015
47357
88271
42683
59026
32745
39327
76324
26641
45395
74628
66819
78272
23232
27968
73101
78930
2903
52529
33711
58249
41072
9241
22124
28296
25195
64838
56386
71991
99806
68546
51755
70707
86150
54073
26847
38063
68477
17954
32983
95595
21260
86893
14508
86351
37848
13831
61630
39300
61977
8045
33777
82639
79752
2090
85457
62443
43702
53614
37270
60130
7417
37166
14850
65831
3009
92530
98856
72339
46697
75520
73575
95003
76074
61154
70867
71946
99881
43637
23189
28768
56496
42993
50760
24135
34425
48656
23012
83853
48391
1469
45145
76355
83823
75291
9745
7281
34644
12719
16376
99027
97969
62315
34071
84340
24718
73911
91515
75366
5813
24510
2293
48987
13567
30194
73402
25540
24776
52221
25963
28355
65537
14790
89903
62414
97636
97980
28827
24611
52865
40770
78388
2626
25815
3511
89356
43180
72767
66177
35112
52374
9922
95541
97986
27754
32011
76421
70250
71002
41367
27974
12455
38689
52201
81117
56252
60120
70586
95078
57509
27538
20910
95361
93216
45493
66433
30617
78441
74966
28576
24562
86846
81167
54964
87951
87937
94271
6264
28093
99324
4638
67180
65279
8670
49915
40803
27254
12035
31541
75191
1709
1139
16882
87677
15359
14337
53727
94930
84549
25875
69573
54164
10048
34209
38468
88621
1439
73494
68463
28298
63566
70932
32035
71307
97883
66164
39109
66355
10438
54218
68279
19902
92356
30823
16951
47250
63216
49305
91445
3566
52271
25069
46350
65888
5182
69589
70218
22003
87610
98212
95470
20069
84908
21813
8094
43670
31439
26508
91859
59676
49791
83412
68149
30868
83744
30248
20245
50803
62280
50925
43242
63002
89514
87004
23238
41192
7072
25022
67859
99049
4308
89232
79728
94924
28971
42437
25986
30835
93423
7755
96569
35843
90839
5381
21056
33755
12245
14232
71840
32834
79035
16130
99506
37305
78955
96132
31775
24207
57050
19296
90166
48243
91488
23069
27752
51428
28895
82919
76100
261
73070
99828
10282
68748
93953
22721
76750
35961
5622
95451
82444
8036
4670
18042
19106
80079
60006
51784
58190
4731
48833
53567
54180
59702
81524
77776
94284
92369
94909
44799
55159
54704
85601
18220
68668
60891
39505
4461
70835
41586
92824
57494
64780
66141
30627
25627
93037
53537
39342
84076
99559
79694
73351
35679
40884
75381
20353
45996
84303
61719
94616
84145
28975
7769
24571
1206
96449
30100
22363
82315
67233
81256
9998
8781
31350
2801
59968
43943
1799
28689
93176
51541
58622
86125
42082
18404
51735
75732
86590
67094
91108
74074
54468
69697
27137
9603
22161
61591
49423
93370
64979
70144
93519
60257
62798
77411
31868
97507
8936
72804
24677
6597
50263
98791
22854
2140
63397
2866
47235
93944
86877
49
26752
60157
7893
66803
62400
17394
48535
85746
40568
67634
1582
81136
90798
3264
97481
52284
70323
14968
62575
69684
10043
22625
13824
81445
65845
84830
15652
3054
38251
75684
51090
53794
3000
39397
66495
9099
10944
50602
35489
34348
93969
352
48254
97119
5524
86570
64790
32446
61712
66100
89738
16573
79323
20807
49735
14611
49278
94424
87763
91866
4644
50076
87443
40076
88286
92214
5206
65165
68278
87216
71874
25000
2958
51624
93177
23026
32341
14081
8967
55402
31909
59771
73771
3650
26588
76637
64576
21335
12628
53455
166
95675
5025
66308
19186
63636
66151
73844
19567
91038
16950
99463
90607
203
65123
69645
41938
75243
80612
15403
96721
17318
42759
66993
39080
53382
33551
26438
80766
8370
30765
41252
29746
32053
77335
3105
32163
56926
487
64354
95068
44992
53555
94068
43803
93561
3300
37813
97469
20527
22805
4044
9704
23126
13130
55737
27955
94159
33034
59623
87094
89099
26555
94526
44074
65197
81497
45717
38556
64717
22386
41957
1459
55480
27553
42905
36795
14037
83556
31522
60462
34338
55869
24998
5855
77565
26818
89144
85858
41632
18657
84835
33499
17411
51379
23135
41505
71813
67483
37671
80399
26085
70972
41569
50055
65802
2900
85500
48387
95747
15385
10136
51834
40553
55151
62463
46155
38848
21955
12594
744
93116
68390
24382
5026
52385
20649
81005
67885
39170
32626
81784
38608
20747
57721
71258
88588
1114
2561
52736
46470
49448
67126
55133
2835
56134
43199
18682
6591
47842
67264
20522
99898
49833
20016
84444
54495
17574
31697
88714
71809
59145
73521
65006
78005
80067
17468
13940
44599
61229
57596
17130
53402
28616
81838
59763
34511
17183
54882
54812
22832
85288
54415
42918
15274
52202
87472
69922
79749
91097
73151
60282
87442
87132
76237
67116
63248
13360
64667
19666
73658
1157
69943
25948
8624
97222
71927
46656
2913
8054
93483
19271
85522
90070
8034
29800
59181
73795
32892
56818
96105
55740
65735
79747
70354
27777
33817
76886
85
47926
5512
17753
72491
73927
67209
46428
81055
13991
83395
4229
37437
6449
88783
19873
84632
19983
97359
24565
17528
62936
77640
11155
84191
49043
76317
83815
95511
56634
3977
41169
39962
18971
88024
33965
13276
24664
69251
12078
9529
83758
38855
69289
26679
98866
29761
85325
40919
89911
63656
64241
2462
42957
3622
30822
34874
36931
48916
43371
75572
50413
8562
21440
15601
69472
73408
78482
24611
46938
12187
44596
47730
72479
13687
75599
11875
42847
44566
86864
66307
72627
83874
70496
73523
94694
9965
17617
84047
40144
90722
69299
24988
16668
91431
17863
87118
72908
45362
91755
13779
77811
86085
46068
33408
11360
78375
50522
29750
3354
56992
14669
13264
38631
33713
53093
69131
12103
9006
23159
62738
65981
58713
15267
75237
52205
50813
98922
53702
43904
60803
22781
50145
33125
46420
48529
78421
95443
72107
28591
64834
66761
61302
65352
34865
46038
85033
16677
21050
91060
63199
90396
37079
41902
52239
4830
5027
84579
95495
33166
75821
22691
16519
69036
71615
34326
71932
1104
35910
53084
7959
43954
14717
27087
35177
51525
68442
34916
22814
32836
46485
58577
41204
85348
79953
74568
55254
73738
70696
5825
11961
61110
10167
67606
93714
30588
6947
26472
45297
98163
70054
11776
45823
7047
81114
55503
87376
87849
80865
4374
58084
15494
41390
67906
51360
9972
65204
57903
68163
36553
67946
9421
86184
81830
60791
83040
69432
58577
66399
34945
83977
61408
2954
83906
44086
11089
44941
54671
96348
99159
68216
94096
15119
92398
33179
50411
27063
36079
44470
55654
22026
15648
11995
50282
3655
67139
88258
59203
20332
54350
33769
98884
22805
79322
64102
34407
13650
24693
28842
45394
34499
23315
51700
32277
12722
65
1935
67920
71278
71322
62921
36754
16959
30994
12593
42587
4075
39504
85931
12739
93348
59192
43124
25076
65003
67846
66029
99154
99749
8631
29254
7292
12344
17889
95240
73546
52483
89283
77374
52661
71192
64471
73985
48694
24662
17732
3935
64294
46983
8369
97928
71877
54226
96595
40564
87767
86814
37479
2676
17960
68005
89787
54163
35440
93840
45222
68361
32210
68404
86776
4317
510
88361
89932
60275
94646
84323
88187
18489
30286
1231
73994
22442
13357
66476
37827
30686
79728
25027
16193
19214
22093
83684
93860
42983
32788
33502
12261
65355
91026
99867
52964
83902
68175
18998
6141
86195
32248
26170
54361
32084
92343
25272
4160
71208
92958
51972
38283
22532
9250
50829
27832
41073
32612
60599
96888
79541
67595
99159
54178
16897
90829
11498
28586
34262
70861
11506
95084
56757
41534
39342
94882
85602
73157
5877
27446
81620
13340
12783
44305
31324
50291
12080
26321
58063
15121
56050
39289
36241
86777
142
56418
78080
75560
48950
59183
8698
53050
23346
88287
42668
51020
20245
668
28889
8924
56859
52208
52291
65356
65473
39959
75896
3942
78273
3599
31228
94393
17161
40492
74863
74146
33815
20520
90651
52742
10771
93975
51549
10715
67849
61337
9741
61863
61441
79497
57611
11520
88797
83890
96680
92210
27823
96994
15566
80351
35668
16886
7629
76352
87728
77972
98660
82794
39431
70264
87080
25708
74421
93414
26035
50165
82124
45694
98220
66642
55624
24846
55982
37365
7952
33441
89336
94385
94122
46517
19186
73730
3355
26155
6902
80873
55771
48631
28386
46965
19377
65111
21657
10461
34608
96672
48976
16554
3149
59987
91964
98930
91068
90799
83381
94111
2534
93248
42791
22830
46537
6678
69846
26994
30316
49040
17643
94521
72286
59991
25855
47943
84106
37607
57890
20510
14008
81448
30185
44575
97667
58587
68370
26538
11218
67696
46709
21314
7222
69588
64489
45612
77055
79239
36367
71253
84475
76907
27199
37875
28940
56569
94254
28612
97157
92814
66585
87283
55489
47235
49552
40441
256
65082
72737
77439
33054
94676
85824
37858
89617
98943
93425
53776
58080
4045
98674
20334
18971
92000
99655
52796
43451
74177
91395
96624
45750
75088
31151
1343
99294
11029
77179
40762
5208
43157
55135
72885
94996
74848
62956
52675
31310
4487
13043
58909
23615
98732
54417
60289
65024
92913
52631
69687
16477
63986
37970
56111
9586
33359
12667
52710
27269
75553
58237
840
84831
30350
17245
29679
14536
60056
96011
38441
79934
52783
49509
77080
99090
38087
97730
41106
2015
92228
64034
92809
98087
93586
55087
46245
57100
39313
5807
59277
59336
57101
62889
41605
41418
14891
21714
69650
77294
52736
95859
52216
30423
68892
9753
71780
78251
71491
44632
30693
70507
36924
79517
53013
74798
50499
9391
26582
5337
32985
21824
45272
31485
24251
82710
64343
71180
20688
58640
10849
81081
64795
47511
37300
59020
66161
21252
17830
28575
61764
97864
38367
80729
31774
47995
76640
19012
8234
60420
32775
5388
23148
93218
7818
95190
8784
39317
67457
63738
4575
43756
37024
31519
8047
64460
70146
88370
52658
29817
91585
60099
60206
92964
16962
60220
91181
59761
87246
38910
9258
46372
99194
46169
84300
60168
15304
45512
45712
94235
51142
42503
96318
6457
81524
10899
23422
52324
41316
38076
1347
64525
78330
42889
39525
47297
50803
35304
88333
45363
58082
58032
77801
51970
82740
14581
37375
91239
28437
90759
36446
50845
9644
93448
28848
93165
20289
76584
78221
41876
94079
88095
96905
11604
93397
2406
79308
43156
38646
47954
36578
58837
48352
13550
51465
87698
53562
21171
96232
69490
4054
97991
20960
24846
23990
53008
2458
9593
48458
87379
67551
69745
82584
64078
48167
88161
2229
28910
7497
62864
64367
24717
33521
58186
88333
16939
38895
96424
72494
20552
97868
14750
68782
12796
95096
41410
9607
62355
31679
29300
31476
24840
81914
28494
73201
31773
73441
41225
35934
33940
78046
74313
77090
13742
53693
17382
31916
66045
31
22329
66229
28135
31118
3999
28290
93274
14859
17197
33605
2822
13539
90192
7106
73372
99104
42367
61679
49857
38875
64864
25909
86254
22831
3091
42708
73864
87594
86559
59907
54135
66877
41815
7444
97029
16370
27913
79093
96276
65980
83523
35987
28508
45802
91906
11001
66337
22134
1720
51703
97229
506
40729
64766
94831
21506
69506
23079
66383
62012
67367
65203
93868
3212
56728
92653
11381
81884
76335
86764
61504
69521
14520
34997
47338
30105
81149
55069
38124
61600
53933
65611
75094
50305
47625
2684
71338
14777
30443
75680
97016
41304
20179
56034
9330
74001
47663
6790
3403
94897
98278
86826
18928
18156
10913
21935
48355
94258
68726
43857
42224
94881
51123
34769
83503
65908
94499
88308
23317
80921
2464
29988
78774
9953
2806
8372
24731
68208
40528
3745
54139
85556
87073
17460
6650
1330
70544
56452
95707
64860
36417
11033
42563
2494
41756
3851
23628
95160
22461
61417
61410
43142
57047
18901
26782
1499
4581
69100
1052
47661
35087
40932
19803
76585
72757
40302
63024
8263
20187
51322
1575
26360
61073
95770
70840
85052
49886
80191
41794
50000
46569
22847
66246
7460
46115
3257
59555
57803
19508
8367
75017
83915
10272
93329
56316
91317
10678
78587
80167
3470
28437
74036
47546
30444
8443
70039
24418
69948
63692
17167
28164
96800
15707
56188
7734
42135
32408
84082
46681
89396
90870
57280
42230
72112
26072
74382
36724
30970
38967
41503
80787
16621
14482
54230
54121
91867
60563
89461
11991
549
15418
89825
79207
6988
99656
43073
5764
62466
35690
9829
30261
93210
45856
58308
77239
96350
4073
87325
1398
32190
52365
33183
23688
1126
39847
24292
47719
50953
300
13304
7081
15098
17788
55480
63870
89657
88580
99445
41445
51466
65550
85815
10986
93409
74598
4798
63168
24890
51753
95940
31927
28421
59372
15199
81658
7070
28710
51330
8521
38906
58395
80739
34862
8126
8167
73847
49757
47978
72547
68922
11628
85907
2742
94987
22445
3118
40731
42259
11109
22279
32715
94918
10634
53169
90343
70050
15325
93945
36613
84084
15809
26131
3188
21659
12088
81590
67437
44868
2201
70435
19000
37140
33967
52960
69016
57380
70065
76548
7444
22278
36249
74955
82563
17894
1892
69128
7155
83564
37637
70298
31382
23902
8742
60791
60138
9283
91420
60262
13924
71458
63461
94921
8248
23336
27969
99255
94535
99016
27466
263
13285
54684
91058
17416
1541
92266
51768
71886
25444
13827
21478
38598
40687
10661
42729
66475
88498
78143
40622
66033
70143
58196
64566
5759
88918
56409
11990
59834
73783
73945
46509
54716
76033
63289
6146
53635
78342
98965
62298
32069
60429
60776
97907
23617
9923
50987
14080
52113
6016
85749
58850
72829
70002
53184
21055
56425
71304
79180
63649
48462
68124
15869
88269
85989
99165
19744
4543
80927
72440
97259
65855
83155
48835
71393
1314
82127
77671
28725
27423
64655
70791
72326
78763
300
93553
22057
30548
57899
7967
69829
92407
62422
15082
8311
87839
44040
4493
66517
39995
76354
11249
36272
39546
78523
45338
274
1413
32596
77837
70279
31385
82921
60220
31545
71135
59203
38416
50707
32202
7178
81426
58823
24621
34200
630
84363
56406
83977
3876
34333
41387
49102
13092
47879
87007
12417
80645
32831
401
68083
93963
45029
49890
57985
58035
61071
20817
84613
69700
96514
37172
50601
8019
97622
39125
59286
38194
44988
33511
64650
93335
65084
83075
57288
90405
44566
45763
75562
88441
84010
82362
34417
71027
89812
96175
43805
38431
58703
36020
67992
6591
19226
39207
70988
52631
37335
44228
27477
8788
72304
91045
95825
20826
96501
8503
58036
47944
82304
76442
9273
32330
59642
97013
29938
14011
46454
15123
90720
23701
81979
81790
29918
20151
74815
10710
22168
8657
42798
39822
91929
93391
30602
23908
31714
61952
68652
16219
54678
92034
24617
77559
92338
1643
93297
10164
66746
62198
25264
61154
29198
89897
35127
43009
40732
36959
23573
78934
9328
19638
34846
55495
76294
17399
76814
92409
43903
32862
41255
64579
44529
51173
26389
33102
28281
3473
11187
37579
71757
64696
85351
67953
83756
64238
5032
64434
49142
33835
19424
89529
63928
69914
33420
88227
70559
83552
60608
12951
64558
80263
103
20610
94603
60519
16968
34739
81747
76400
88933
272
83854
98998
86173
55636
58877
66777
71697
87558
91440
23951
93348
81046
29844
66001
45211
83382
30377
69759
32036
8018
66866
88497
76210
45806
19782
88539
17478
87771
13379
16795
40138
57526
87074
23458
55928
46109
56997
80285
87863
28015
57741
34016
54501
15966
47849
34158
54032
68115
83336
82694
22462
98783
37775
85741
1228
77018
90822
45781
44851
75354
83949
10471
25767
14193
27309
92946
69530
64930
84841
97103
96638
69954
73426
70960
99911
4456
14842
61509
2894
73360
36832
56171
34930
42546
87978
12562
75576
58745
59281
1225
97236
37283
53206
75016
62624
40308
46802
2745
37769
69591
6283
59619
52873
48114
55843
65237
43758
997
92363
69708
47994
61055
94772
76353
89572
29149
83110
40530
92987
5120
26729
97099
60715
43530
801
9361
5464
95796
279
83051
7943
29711
20050
12301
17148
97813
49732
19970
20638
28331
89856
64853
53463
90902
41290
47964
11160
71286
52455
89666
41273
29636
1971
24112
79165
47747
90994
37687
93620
198
76286
21724
61210
958
16639
31008
17020
43582
37912
18475
41115
23341
97214
19957
7082
55879
33284
89232
89938
73905
45905
73941
92212
20919
67955
75018
63662
17283
24845
24077
18423
94908
12748
17504
52228
50873
39959
29265
51949
55712
18117
4932
6794
28480
43016
33663
78646
93767
43623
51474
33654
91841
21257
83969
87795
55438
67501
76847
48674
79646
38071
68936
75269
30315
19621
32556
45515
78419
99263
41811
94418
43569
67661
8961
26733
35959
162
56104
81056
14602
13174
65524
76520
88570
47058
12215
46392
1533
67909
36050
53214
92647
70035
74268
36484
12743
13996
89938
28690
99905
51195
19707
52976
35043
57909
6871
24201
28423
68145
5476
41356
6020
4439
49292
79372
63057
50257
64462
14343
96856
60734
58535
72420
16530
9221
56125
55989
43588
74887
52168
55132
99702
46605
35421
650
41836
93056
94104
32195
90627
37304
19046
25437
89129
45772
22029
52166
12313
64936
48376
90309
68082
73149
53698
6809
7892
44434
62398
96671
67318
30584
97537
63535
61798
83963
99469
94213
29118
62228
63546
44701
66655
44187
64067
87159
81197
77210
97963
55099
80295
7613
15626
44086
20257
98118
95096
91138
99232
10717
50356
24131
97201
98404
77521
77806
80614
41992
36094
46244
20078
15891
9488
36604
86256
92543
79343
38431
96292
5125
21242
49101
22382
4563
46519
89949
23128
52508
12283
91745
85834
55466
6002
86664
13417
89710
35468
14685
5481
37144
23333
35212
86608
75714
51918
61349
22249
18246
62237
12889
85441
23888
27406
30625
58082
45711
88180
56350
46986
4965
26721
36220
45447
50205
57773
30799
24433
83676
10150
24543
80740
42064
21045
68352
27704
30373
43081
64410
84351
48790
86338
81352
78266
30017
31707
79324
73912
72307
86197
75551
11852
29827
67901
98965
32586
22555
26393
35775
49823
82672
64116
5306
52202
12530
83459
19045
32122
19519
5043
23585
74885
43187
97266
93585
51553
86970
27606
73664
12611
76709
18861
53249
89939
16347
64355
64370
7528
33863
7434
32634
84581
72879
31497
65905
69231
77285
26979
80511
46986
50870
33186
57916
82799
77375
39136
57367
48364
47840
42930
4978
96184
52297
8529
25450
66737
69360
51367
98709
5332
93381
55443
93188
64760
79101
59800
46504
69544
83498
78728
77649
61467
38156
1768
43313
21330
88032
75521
76574
54893
97878
75395
55671
2570
69953
70165
62622
59163
65256
68029
48708
86723
18105
33480
3618
18381
10333
87
55555
10568
57959
65895
29791
81955
75974
31643
16930
56801
83897
75656
91980
46105
85730
51197
46929
25197
6579
18765
40960
57733
50341
38298
32481
18312
96456
15167
75224
50358
15893
42074
96326
99876
54719
20404
87950
87700
48071
43694
53653
44593
80911
27851
15650
74660
74502
46612
46822
20758
51106
12076
32021
7555
8972
10576
89842
47255
97621
50250
54281
25288
97703
85043
59317
21231
69398
6146
55682
63492
58069
59958
45805
39893
37572
34491
84423
24834
18023
49020
15192
72568
93363
74214
6624
98889
77857
59285
75929
37957
50149
68222
70937
57207
69624
82615
56980
94301
7249
94246
84446
43621
42674
70341
7789
86689
79518
50607
57917
95271
36809
15530
12717
58504
92328
34449
40774
61931
26344
16028
14204
72389
66202
94510
36269
58838
20107
6971
4199
62691
50578
79124
3526
14636
41923
99857
67611
41290
42561
54969
99144
46727
70160
69137
41095
18169
8999
12287
21387
5756
50180
11801
23582
61515
55194
88367
80265
50651
70950
56114
42962
50228
30879
91647
8096
69645
33676
8748
14138
45155
39535
30158
36141
76758
62559
27077
51180
57344
53235
86916
50258
59602
67738
97856
43299
3980
79304
75093
1488
62105
10443
62352
47385
41797
31132
20380
78061
97500
76080
5708
63949
83201
9134
44354
89839
79527
7963
66714
98591
53551
97105
12950
51615
9247
93230
12198
26254
37659
63785
85491
26855
7171
2495
60169
52800
87145
29292
62623
77075
92717
30645
81412
56890
3991
74081
56552
46483
12432
95688
21732
98083
97021
29252
18631
92375
53977
45092
55549
1157
40365
5760
6014
32145
55823
51910
55313
18028
10997
70066
99899
96790
34868
76925
36904
47300
61881
48589
21621
16413
33379
65130
3287
12830
32763
32368
1291
38685
5810
35136
16731
17611
5173
13905
34250
72627
77903
18596
71516
28063
9660
77877
88773
44793
21413
40525
48653
42191
70108
67732
8092
33616
26645
60196
64039
71379
39936
83449
39863
78006
43903
40037
71027
25412
50440
50400
30634
25360
32024
82268
47487
95358
75954
49046
88689
50753
51763
47305
95749
73471
59475
88124
26482
29072
66683
76220
5385
39653
92189
89732
19103
24646
62164
35352
13497
58804
2553
87410
24563
5133
10495
72435
9645
85165
90508
1531
43506
10578
15732
89012
40134
60504
80691
41320
39531
59330
56039
75764
27568
2394
10024
53076
89111
9072
21093
17533
79745
81983
13372
96649
49433
14093
65750
70893
47961
74065
90429
36583
63581
17966
2394
49715
85314
59550
12303
56637
68506
41578
46510
27728
6640
32341
90356
17197
1970
34329
58246
99160
19872
25097
34054
22668
15727
10293
5394
8430
83898
81612
8121
8894
76005
35868
42267
78250
6351
5429
30524
24126
75765
62187
21828
64406
97949
38042
79030
8756
69221
30692
23051
45004
27176
34326
74506
3676
82218
60873
36039
50393
55905
67875
85589
74085
15648
33310
22729
34045
21856
36289
15469
74127
81741
40810
12637
49256
97291
79277
87841
81419
43620
62966
66471
81310
99919
8682
35581
12575
77789
34283
61288
12948
15267
22331
56996
62911
11392
49560
34873
50032
41034
96134
4822
96980
23609
2538
54764
7916
48719
13938
87210
17304
72674
17778
56912
62258
96200
1833
75954
58104
39614
87842
93931
33601
90453
406
92251
14576
47769
90959
97375
50694
67199
38696
65676
62962
13771
69136
14375
73700
75419
45229
45251
65983
45652
96349
1912
93292
18119
45239
797
75371
3839
32688
73219
35941
76265
2330
25197
55005
58272
53191
24367
52612
41749
37995
48386
18860
90968
29407
7361
94452
88069
82082
55075
75458
75885
67130
43253
26096
56352
69016
88915
78397
27092
59481
92579
3363
42453
99625
77423
99624
90281
74339
70333
87438
99326
36723
91308
79110
71219
92156
32781
86594
87328
18133
28604
7879
9250
74862
94329
14209
49543
76816
88839
12720
44146
39619
3489
96065
85356
36617
79252
17464
3560
807
57373
76552
74128
35908
40255
30053
7729
18282
37024
19696
90976
91210
94978
32754
55367
11388
65401
38404
337
2083
35150
59339
56397
72719
97071
5953
29826
30524
57424
39886
56720
376
39234
8022
21182
84034
69774
30635
34278
88302
57423
28131
71545
92197
14537
53957
75792
90057
31114
58109
26352
85622
55771
36815
42041
58691
72546
11432
41483
11976
1720
74031
59958
82458
86082
48891
56060
13106
86446
71518
68517
45227
78348
40671
4127
39946
97382
48838
93040
34712
4126
99888
49562
50891
77474
1890
9641
32419
5422
48090
23836
98704
12735
1152
1293
89392
87791
79900
5791
37686
15762
1698
78627
25702
52300
17032
6439
21917
37517
39224
9436
86734
34666
24800
4258
33319
7896
2983
77170
90322
18887
48442
74791
42359
99674
75877
2602
42111
27039
27165
98329
883
87375
60697
13652
99203
66179
86017
21764
66274
2512
41823
14087
44911
79713
12690
83420
23694
99409
46658
25255
30485
2113
64877
78978
24867
55516
26720
67393
4010
40100
38305
12288
34253
40408
96521
13547
93605
56197
27087
79689
14302
4166
52416
30502
37822
16345
9002
69084
34757
22207
15095
10494
48175
33648
8824
90272
27895
84089
10359
42022
37558
43667
17166
30631
81001
23361
38229
62781
32592
49734
17046
97836
24275
26560
22014
52333
81887
77541
57708
70295
96334
37496
82059
36616
81413
68072
9596
35669
37398
37222
47021
52300
91686
85856
72166
56514
393
48671
70626
11070
4713
57721
20154
61376
92006
98644
5181
72592
37335
28376
27580
10463
6383
76112
47169
51132
28282
11389
3936
60309
52102
87446
29766
51655
51103
12287
8782
82149
33587
11045
16403
3073
31700
75732
79839
12730
33659
9750
12897
80866
47946
31976
91869
87722
96106
53722
34078
83468
94163
26978
79815
57365
25162
43486
94759
46573
81796
23652
13642
36164
3497
73032
32972
6043
33844
21130
99112
64332
58199
4216
55823
74135
82491
74087
68628
86571
49092
58762
6948
43181
32723
10157
83636
8263
66374
1297
18258
49936
5754
46467
53821
51284
39601
16251
85937
99264
25454
42446
26362
10892
96444
49777
10346
82757
23471
93771
98085
78870
36418
75061
99897
92370
96703
80720
81708
40481
20958
23427
56366
26117
4581
29904
98573
59559
22317
94450
69958
79683
78437
17653
46201
59053
87055
85042
87606
77342
75785
54470
78772
57887
20230
42606
17569
25328
31515
76800
52403
12022
45366
84745
95132
18687
35976
23103
25436
93459
68675
17634
6256
7321
79486
57364
22857
60322
71957
58993
96376
92695
55405
88493
75301
30874
24246
73129
46782
11707
33354
97522
81644
62522
26962
28246
94370
31507
62759
43971
46895
78027
53909
3422
54802
86997
6332
95037
85101
59522
63152
65922
23379
28867
48929
51060
35835
91868
41909
20187
4726
24902
28112
48856
40029
27521
80598
60191
39939
77973
27463
79410
54121
81731
7049
77723
52209
40781
97604
51301
12779
97438
86278
88727
23819
7639
83942
76687
79323
89495
22150
98391
18348
19494
16690
38279
28680
15583
60134
82359
91619
18232
41356
9726
83152
23791
93377
60876
80656
14867
25401
67040
46629
12651
11897
54023
12996
18695
6755
48914
94313
22177
82127
99282
3812
42959
61236
88979
24978
17769
43078
81874
21223
79025
47961
31772
79910
5603
70883
99333
64403
77179
75936
94242
1599
28382
30831
11939
2723
88518
19994
3184
54696
79277
28371
16095
28099
98325
48473
2864
13374
29009
83002
94629
64529
45140
72082
71681
40496
67828
82642
68347
11806
16698
87612
22911
3455
25929
66283
45985
71531
57225
42031
94015
50814
27887
53973
67059
88908
90155
30438
43121
97842
18189
84134
38851
96167
2676
43324
98207
95602
36981
25074
3841
3157
33508
93394
65738
94279
15714
80944
73013
45088
94468
30055
48146
68301
76379
97019
64065
56579
68645
11486
81932
34000
28368
25486
24161
77
50150
1339
7435
6672
64986
15654
54348
24029
14221
18725
60601
61276
15036
20900
73234
10407
88682
88485
58076
47706
85478
38568
25149
38093
79065
39749
18676
26525
40174
9046
30770
48454
79646
61106
8089
40781
5399
89332
29423
91609
63528
7642
65406
36354
70603
19913
77644
93090
59056
41038
69138
97513
54210
12832
34236
84844
89177
17825
28700
62589
99931
41154
47818
76277
94991
61830
47388
37134
37312
94399
830
81262
55722
96885
87119
51709
73316
24165
34552
99191
42730
59206
70473
80381
6213
58791
95633
4262
87417
46835
33529
26932
78252
68759
30910
78785
96206
39386
50090
54167
73097
31531
51150
93246
91398
21977
88670
29713
99577
13851
51753
87402
51883
65072
61299
7516
14434
16704
35793
84383
30127
58914
1632
85669
75123
68983
2434
73707
68271
16979
67254
24620
11942
59580
56914
68719
92369
22250
26272
16225
28512
90511
99571
54909
24296
43376
41221
57192
95373
78641
14286
71321
23053
15759
19683
37269
22758
40743
3784
68217
5349
19348
72787
42160
99244
97366
4703
64133
67167
90413
80969
13618
20300
79460
89547
71830
27444
46155
39347
13990
23482
89565
34879
59706
84615
61025
61687
46728
2232
33323
59558
6990
21093
39778
49591
21384
44366
88445
56232
93154
96516
57542
77197
6280
35825
50784
99524
96601
72421
2853
69329
17721
98750
552
96630
17765
96275
24314
79536
46914
90589
29832
24464
43214
8866
61473
25364
89368
76960
63765
80994
23212
93171
89912
55328
4070
33795
84358
54259
19816
63148
43137
39571
67655
69035
70678
12391
45503
81826
77118
89538
59590
72681
29248
42201
74366
10066
82675
32607
50596
98134
67298
5184
57798
45248
19368
82166
92722
76470
6266
72555
41865
8256
90596
5708
67250
3703
22923
3814
31051
42987
58610
14977
12538
30640
56313
72597
48097
43046
81695
32748
85328
86532
77672
91702
93524
19457
1881
19203
53134
31102
36544
737
46303
99059
1841
94610
42431
89301
65099
25384
74701
89312
51482
8288
61888
1863
80693
10585
187
27573
65543
31759
19455
11839
63851
74809
22683
29576
11536
8699
40447
43504
4540
79944
54190
52090
60141
37943
67666
43833
81146
34145
62057
89814
45881
60085
61500
29088
16825
60856
17329
51633
76719
27196
60502
74265
98447
38428
32574
30250
44464
19409
60937
25567
63026
18004
59707
50441
30811
9969
29102
53079
71100
73988
1091
37153
86099
75218
19316
29937
34922
84231
59013
1071
1852
46727
23353
67816
57912
49107
1281
14394
9150
91899
43279
14911
68038
42298
46729
47763
56672
76786
82937
90915
77782
16325
81280
84468
72653
82861
17099
56653
97931
85241
73438
80643
85650
83492
38476
49407
13066
36403
49961
97549
43037
27147
76823
83076
73820
10029
33852
91213
62431
96975
98005
63569
45802
55576
90979
76548
96171
29976
2692
44488
46143
20482
74397
65184
14004
57543
49875
51890
6505
7791
31833
89495
31858
92982
7747
13954
28088
81250
55096
70570
33725
17341
44551
35990
99997
6323
42417
35396
93968
10696
92836
99351
58700
13591
75719
93147
55239
74115
28241
35637
87642
27356
43093
23883
38912
22865
20472
96173
80510
14700
48930
22783
88734
23822
67218
65797
7123
89863
38572
78506
3841
28146
1326
39500
77204
62059
21281
37415
83086
73390
41131
98492
65439
81837
99457
20414
20716
65198
76953
40442
27986
13823
82973
42560
22564
87
4220
88530
40625
73386
96730
85863
9729
8520
59496
45693
55293
94066
7151
38617
10638
62618
87397
77116
6205
75863
40290
23268
1658
41346
73932
7067
36665
24528
72558
66625
80694
24939
74375
90353
92185
63951
99455
52498
66356
80319
76500
12540
57738
22817
64723
46533
38730
70557
6883
39399
12600
12653
12826
6672
85965
88769
25363
91142
757
52306
16727
65909
70582
62944
92088
66646
57424
6027
47517
58941
97504
9610
97591
61151
65374
99948
50451
42238
97063
35209
70728
82739
14997
40387
14800
54839
28681
31102
95507
54382
14571
63801
44446
74928
65864
75625
35731
18997
82843
15601
29562
86973
44326
94783
14773
153
13215
79014
85874
1049
52584
15763
61401
92563
27702
65806
37285
59981
25715
11343
40848
63687
12159
7738
61894
47336
87090
27769
76668
87139
19612
37973
73593
42597
48941
37457
57202
49886
52624
32771
98580
34314
74130
1359
86170
55771
68481
47937
82303
94693
15727
6695
86317
7174
20182
53001
79156
81359
89493
26886
27094
70227
73208
71052
29663
40651
24535
23827
55985
98627
95733
94999
48062
43077
808
29585
62063
18080
24696
97425
78753
86068
31904
6521
43055
86109
45682
13369
50570
6010
74487
61538
15814
13881
8948
97865
90990
9216
77096
62043
84952
20090
67570
7063
88978
46813
48399
67213
17916
96276
99105
35857
7695
45934
49227
35483
27771
35266
11672
74942
61774
86236
64796
89187
17424
73993
87954
35521
56972
75803
28133
99195
41225
41209
5834
21719
64599
24038
17610
51606
86148
16141
22398
60693
58670
4710
67155
58015
39987
64455
7501
88204
1476
88842
30343
53723
91192
91575
40792
42439
52860
56974
60081
77993
40137
87539
86627
44362
57774
82710
27774
61666
24204
90813
23381
53842
62657
17745
34973
62586
8187
1442
39859
66552
57902
16408
96029
39935
24289
31799
22472
23792
60515
76910
24337
87511
62523
11644
81472
17060
37501
34943
15919
62020
96792
24826
69672
14075
23372
57026
63500
76353
41017
17670
49520
84054
36466
71161
4033
19299
17424
83134
88776
80751
85700
40366
24809
4570
16356
66408
71109
36249
63015
90838
28576
33359
2252
22103
33341
14853
72371
60911
97701
74054
18447
40904
24934
75897
83859
68610
52344
69179
23882
16894
53947
57944
54691
38339
31388
14726
3593
44971
27062
67934
34416
22030
97205
21304
27019
90697
6934
35043
42619
83690
90123
88382
86114
1626
34395
23605
33366
30183
91589
34299
18384
96205
516
128
47428
18817
32462
87407
64875
14650
48087
76423
15293
75164
20819
4116
76922
65954
46329
18825
14919
5063
18883
45404
53142
95281
71409
77535
9437
60219
14445
92438
97353
57950
90633
23418
27276
10363
21125
65257
82289
17479
13452
17863
71056
58868
83166
66357
20221
28536
82217
53772
46331
55803
59312
66870
49742
34882
84046
25770
66062
52915
50515
96994
94519
46021
78573
97626
21790
78086
18530
23975
90782
99336
27578
32850
93743
27817
44409
22224
42072
60989
21930
81887
26172
52378
61783
48511
31696
32032
3028
73258
2636
81731
41212
89170
64416
32022
73812
92213
52926
12310
96363
64607
98581
71088
79619
32765
44414
56656
16425
77529
74255
64583
89087
75991
95757
80472
54267
25355
64734
82783
84617
98164
48220
18750
34572
72569
75558
56454
21633
98751
50960
87998
21988
90788
34523
32915
92524
56251
98368
80189
12593
8644
72805
63753
35342
50951
75602
40296
32833
91021
23101
71219
86832
81979
6945
5689
9126
73772
40685
73703
85242
2538
30425
34867
35408
85737
35188
12421
74457
68480
73368
7075
99446
31045
70911
38103
73594
7555
45679
38911
9581
5914
15185
74096
11404
55220
735
83784
68654
28832
9531
48335
47298
79788
22716
82025
16212
76099
77187
65915
90510
10433
44333
61431
69979
1167
75937
9318
36135
23808
78409
93392
99458
79527
59805
64971
9891
47698
27898
80990
35177
92231
94866
8017
58237
9369
17885
29651
45843
75399
31022
62663
18543
62033
91968
19948
4357
40568
96431
21032
81305
68177
75651
66544
13572
85030
36742
41399
8344
54378
35383
36048
25403
55414
93783
64097
24143
12004
44865
91430
63634
83527
80215
79487
80033
4357
21527
7736
3223
42451
44076
8211
30740
5547
78561
44275
93273
53644
22512
13255
26959
22158
86777
16338
92711
2241
13326
3283
8700
36737
79115
86038
83572
49496
90947
96566
18566
59216
29973
7917
37334
53331
47390
75833
71484
59713
59431
32941
97890
83053
84031
32369
71116
86837
80452
88951
40017
8604
54875
16156
38216
74853
39647
13846
37534
71982
48854
36288
67811
31591
96094
11711
91813
67885
29671
32496
33973
86824
71930
43633
18789
56413
8471
85160
80914
30992
79805
20
76159
44379
68289
94894
22615
21059
11586
29851
30196
79485
31859
36017
5501
11197
98903
31331
6601
98934
91147
51563
89603
3475
19805
14676
63430
46480
5467
73761
19399
22870
75398
78332
79634
72369
35878
2431
30445
76592
76342
40185
18521
17465
30047
33085
27702
60550
46403
40781
27878
64384
26448
3583
73226
93046
12917
22953
82088
42906
94576
78382
23054
63608
59205
41541
89520
96756
38700
61762
61614
21599
32737
91075
39409
13205
36159
79929
74516
78519
63462
75697
26751
60000
46264
99902
6990
66694
41732
82501
46352
66542
19802
24517
36267
28044
67230
81376
50909
59478
70935
12907
74142
74724
25735
99630
9089
96711
34068
75224
28889
83075
22757
28386
6904
20202
83401
54718
83699
69878
93872
46396
74049
8802
12893
47736
9954
99397
65043
65924
73052
4365
20237
93806
8641
5620
84362
60717
21613
84866
23301
72333
14027
4126
53058
36501
97750
30098
35717
62097
84221
92602
1693
65089
85824
19656
49117
97917
503
32120
83466
88195
25682
34475
28848
54271
35995
87490
32656
10134
70040
54329
41524
54702
82156
95549
74244
66909
73021
58251
60752
75085
21712
41543
80973
15337
91792
91766
4637
39175
16526
88504
82695
64466
80739
10149
55301
26578
15344
675
26140
346
64838
77697
92263
74095
36482
90004
75052
7664
16496
58923
9136
45061
19888
34128
88070
14504
46326
9598
20834
56522
16875
88986
35756
78916
74033
36495
80400
80060
11748
25322
12275
97936
27804
46511
83168
50114
8015
22005
50271
24351
67892
25861
54951
32365
83521
87210
82635
11121
29142
58197
72112
76475
38226
36209
67455
63567
48803
7933
17557
65040
5916
3339
32791
8074
12126
43061
87747
72828
83833
79319
33506
22657
79404
52044
86906
80954
21224
93096
90560
24345
29106
49775
57003
76140
90280
52785
83715
20740
50011
11363
32823
24418
47258
7675
82702
73533
69039
33640
54134
11954
24803
88011
20185
44488
52412
88150
59981
58654
60455
41119
76266
76020
56241
60896
39926
71667
98767
41871
23708
33658
541
49909
67388
61894
66307
42510
78491
35325
89684
88572
82587
80087
32848
25831
86150
1129
21322
41557
91524
96047
29283
44802
27788
55285
36309
32764
20022
15299
65132
45086
65903
19555
80974
78119
55302
8656
46812
38198
33923
94909
73424
80293
19223
4382
42278
1951
98383
56311
46487
41374
68770
78368
83201
78085
20394
12273
86434
36823
16047
2608
8611
25139
7839
34452
3826
39501
43674
99540
89895
60777
59497
94642
9736
37142
18478
99453
58760
99621
86711
66439
58058
93061
82572
30373
80451
19037
27592
62332
6013
85221
43749
4686
55800
42017
69008
91520
95148
66458
89851
64007
70601
79739
20465
65199
99135
58853
3556
50600
91546
36143
56706
83309
7013
99070
9030
7058
2415
37213
55947
39465
63114
55641
27548
46993
98160
90364
14630
29212
17760
47972
12015
75644
57575
19551
53087
36521
40506
40581
48444
30961
82399
65617
32757
99516
34412
69085
13556
28283
89799
84730
98358
27597
50892
79241
86455
42094
13357
30425
18886
91100
3732
43325
408
98247
84867
85801
37560
88692
6525
5801
21436
63598
93181
84542
40434
74602
45956
63574
37434
1013
56592
67463
92909
86332
84776
24711
39835
38231
52660
10987
20115
24659
77545
49114
14683
10556
8899
40494
14719
29859
67242
98694
68454
31953
8375
47499
51744
49160
24880
10589
25051
1810
70767
19960
181
62089
4257
63689
36460
5442
95946
71431
75217
40823
53925
75824
25531
76623
66601
2913
22936
95851
87304
34449
25182
18896
45329
34730
38848
59821
31925
53989
99036
81544
78151
42242
86129
53481
17340
30401
17870
21154
85329
68480
78981
59769
13772
61329
9726
42004
82235
50582
64328
64256
87673
45532
34410
63326
81327
97106
88792
9483
90807
42212
59713
63050
43995
73016
39781
14896
15004
15492
41508
56843
28303
98410
46130
99248
83681
14098
20262
95712
46460
60258
74801
37366
79105
49404
59468
92527
68245
83796
93995
36534
15481
1293
30574
61004
54065
28559
31093
48913
77382
1254
3571
657
14086
94906
58300
34670
62761
73191
30040
39749
91247
16312
72474
39584
96613
28549
19241
57624
82279
34758
69149
39332
37375
28307
80902
78402
49771
57882
1734
16801
68189
14683
88927
81097
30300
87779
8327
67143
34791
97956
16056
8057
4346
11981
9924
85586
85545
17483
19269
8299
81385
86748
62131
83303
7118
69067
78062
90656
6479
12621
97915
25267
69926
7479
35212
73829
43795
4634
58520
45041
62272
60060
64298
9391
74175
46932
72116
93762
57840
85730
88068
58046
59423
93193
9551
81555
47178
36361
29514
59131
29504
71581
17912
62108
23684
35630
93182
96987
83697
33394
47186
13630
65816
30629
37169
35963
21444
19586
59919
72290
16255
7646
44138
52195
75309
77729
64311
56222
28054
8673
74622
95814
93281
8925
52578
24464
78908
82292
50296
18526
84825
44127
7257
16354
18130
69713
90546
97905
30380
68586
4825
99559
46873
15634
80762
61072
98999
81464
89807
73306
29975
36743
49838
8373
30936
84322
56892
63267
43986
80252
34207
72194
37102
57270
35058
40531
39698
43574
87953
37958
66683
3360
1972
11812
32419
3732
85273
43224
46946
13092
89658
92859
44496
34383
34493
98236
16072
44031
98154
38536
81384
79580
12183
50971
42518
32779
71167
31043
59997
78886
15314
22924
9557
71257
72486
66894
97376
65526
94347
97296
16144
56246
89627
41719
61606
55117
71856
2575
15093
45832
51568
88980
23749
29318
3140
41821
79956
44048
29542
50342
29462
28407
58233
31705
6941
81064
13298
98873
61333
67982
59859
89642
27782
83492
36825
1568
94844
89557
87147
25794
11619
42066
5171
96090
12523
4367
5737
88861
61227
87227
40619
71857
31586
88027
81737
3744
24697
92034
8988
99704
69413
6766
74679
32220
33000
92961
83797
37802
44759
81306
29874
29385
36022
51921
30390
78895
26719
15596
716
81485
23905
42592
26320
68760
78469
43527
19719
34997
37228
46714
29225
57184
117
30187
23481
19864
46490
31490
26389
39947
33082
63602
31368
94937
50706
64791
27357
50503
