17019
87531
38426
1609
91007
4205
69087
80684
10301
6013
63892
85315
12400
50964
40016
4270
18333
3679
11117
21397
99179
26063
50731
13602
34482
32030
24142
84824
7819
96569
9251
67187
10888
21198
82976
72093
65117
23187
80553
22410
32571
59024
93198
68753
47774
28619
55985
59176
98556
53774
49830
73179
20957
77431
44468
22184
71786
7228
23160
15802
39743
41080
67336
41439
75706
54967
16565
70408
58325
73370
81033
98718
26416
48359
79472
42939
97447
64272
30228
62636
64643
35326
13600
70529
16300
12730
92454
7949
66716
74039
97596
99489
92399
79328
62368
51232
6134
26746
86109
65118
34027
6773
66918
61978
77567
92212
5983
66101
75759
75798
46138
42285
88886
7745
75295
23803
73435
37963
42085
44166
31978
75236
82717
14913
13313
80739
43247
45224
7425
59819
10908
34450
37508
24217
57633
27731
29901
3309
22461
37969
74331
24595
55274
21281
28920
24845
65447
34430
31406
20799
99318
82149
10777
72502
43009
25647
8024
3381
57336
64268
31036
10110
58101
90104
46275
34970
7937
56541
83294
20165
97103
7525
73806
24153
22502
17178
51406
34517
35292
92861
3914
50409
46525
76895
98701
42337
56843
1279
35512
53323
73312
74592
36302
59079
94158
73797
77068
1611
93832
22700
56758
81392
83833
50885
9357
78428
60114
57774
85372
29549
79330
3820
86706
46526
64637
94376
98026
4153
10591
28995
32069
62937
98474
92631
72794
68923
48554
39436
3939
66657
12058
31732
54905
1218
31552
91972
19194
44657
16627
51951
67174
11529
59229
33504
3562
97266
94491
98292
66387
38738
29537
20625
34372
99155
85178
64711
72387
65164
82413
24386
80173
15343
18620
6505
97802
4399
21222
58742
14139
95148
69004
61138
84304
75069
19953
67724
74198
24152
59066
82006
14221
16897
56597
77085
47352
54188
49974
87427
29326
81552
38524
57306
87629
3819
51954
56735
23342
64236
85201
82192
93715
16097
85922
93067
23389
86877
74530
8357
31451
30629
50079
65476
45628
87640
45823
84762
96805
15257
12671
4894
20799
50586
29017
85896
91815
70663
91359
68041
34761
47148
16035
81861
54375
58211
45401
12494
69874
50558
64692
31678
98748
75885
48429
39249
15300
60205
89251
81884
24912
20558
97180
57390
51993
54462
86185
75809
75328
66647
83719
37917
2430
11298
41154
26826
91418
8007
39828
23279
30131
68147
37323
34060
96733
99459
39817
69680
45225
27379
9477
42360
54140
8702
23342
26981
58017
7185
3792
47704
89595
84176
7375
16781
98227
80964
56208
66834
27632
25376
19000
69314
66884
71023
84203
74146
28418
69277
96918
69462
92046
51838
32745
96897
28653
3454
40412
34552
42876
93317
6930
99938
21468
3078
51451
30542
64042
38469
71475
38929
1037
20068
53256
23163
11785
12968
62969
84148
44432
65996
25913
31256
6904
90018
31539
2412
5864
59233
67880
64635
64619
92624
94131
36690
61767
21613
36110
55413
80168
91866
2445
25980
13942
27140
1928
89773
89413
65298
44887
10327
83018
7143
59445
71912
60395
99123
78503
1548
25487
43804
47126
94466
53781
8517
77208
16317
35841
69240
79084
25172
86065
45717
6180
27174
57453
55927
1885
70862
189
25087
14922
42718
44853
40256
66767
12763
80139
30726
86217
95893
14280
47139
14891
48961
28925
15095
42403
3253
56205
71900
84891
25280
82760
47628
10907
27587
46361
36079
43147
40592
85781
78308
96726
4861
57075
59467
59371
15781
18875
40205
76541
91068
31799
25577
5802
78156
78182
77181
74681
40145
35311
99052
67740
84845
71283
85041
25973
97960
47707
4417
17429
47336
98704
70390
78976
81833
4842
56510
97452
23098
65984
15486
68519
91988
53726
74052
58488
9623
21557
87048
88862
76354
2156
44990
95254
39087
56372
8730
43160
26249
1497
23456
51872
79563
39956
84520
84874
26518
52093
80683
89974
37934
27902
23500
28556
51761
63523
35493
18041
21462
57454
25101
5655
96574
82791
10147
80330
22361
18928
43034
22119
12089
20630
22497
64751
57803
51779
96558
92057
22423
15377
65958
32046
56052
64537
75947
90094
52520
12457
83587
43952
28636
88084
19009
18182
24057
15492
2226
81247
49921
55626
86310
12454
45868
62838
70392
42855
88861
41986
66620
79314
4608
41352
65157
50360
7810
45525
92656
51922
92717
8085
30128
61570
18815
12749
12310
87057
58534
13479
31645
29783
79290
1736
14480
96408
63286
85630
56409
71660
13397
67189
76454
7351
4453
21000
36794
53239
67083
46133
88013
45981
88115
50985
54785
19026
85201
83643
47842
93242
68633
45941
46937
85814
93079
53804
27630
68195
2764
20401
82647
3520
83046
45695
68897
10030
39963
42101
55353
5104
67010
30302
55000
16497
79246
50891
90281
56868
27111
29539
7800
50279
55463
15665
50009
87233
28718
62971
12274
81098
91170
80499
17382
96906
96326
27430
35007
34105
40598
60177
23287
89190
71932
6036
35811
3219
3507
94847
50109
99518
14838
58345
72396
59834
70691
24159
80274
91739
96913
73433
1394
34993
44971
6696
76316
11884
33256
64588
68694
7678
5064
7714
90088
78334
36014
84283
59268
34088
22773
54503
93425
22945
87664
94832
65971
12153
85665
47844
13240
97609
12437
68009
46369
62460
1595
93781
95563
70986
79583
86486
67129
59039
59048
7371
56736
94011
16170
77462
81166
74834
48360
34761
16120
29715
14282
97245
23583
73222
86102
50786
64446
5391
64590
7921
88563
22607
33510
56445
1735
47401
33377
56903
69724
11394
78599
72529
54514
22498
93701
83242
56822
35191
23393
76008
44487
34840
22840
74484
43174
22503
48629
44991
53146
11408
67280
77779
59164
93486
6978
92644
24710
69485
35808
39397
6419
44330
82651
40759
23667
68342
62803
28091
85742
66617
35219
79465
73298
89812
26093
16761
58203
42783
59251
85343
56861
23952
12303
12212
27729
72221
92704
35311
71002
99769
17010
26866
84531
67642
87416
53120
19255
36028
95080
75949
35660
83934
50643
6254
90124
2985
65247
26832
15986
76945
99203
61156
27582
42100
89663
23928
64517
41024
19286
36128
23480
46642
82473
44499
52206
92728
31793
42483
31313
12471
38232
63972
73282
76584
15796
12157
42186
79902
16193
62812
38143
34979
87194
58868
45999
44640
58260
31650
31403
57275
13143
21310
89107
3355
14522
18860
51386
32679
82906
69553
99510
8524
58038
56227
58054
80285
11530
10810
40384
9013
79846
68995
23222
4376
56331
33906
37380
23383
85505
56791
90361
74898
48536
77546
51008
85112
14329
2113
12778
1835
10759
71712
76697
39678
12632
69743
26283
83584
24394
85159
56801
87474
53124
63526
47787
76180
5674
6531
11027
75646
19068
18107
71330
40746
13004
60906
23282
24303
60890
46037
23986
9447
8429
70243
1423
96594
88304
22284
52741
33172
5831
61962
8450
74106
51309
83276
75091
39834
99052
17802
26766
41112
60247
80626
8603
56869
55847
86849
39071
18529
57713
33069
23302
87393
17856
10495
21228
38476
34900
1534
55465
4927
28726
85478
50839
29585
41878
20152
31393
46512
60516
54795
50441
50698
56904
672
20246
32264
31902
92243
10553
16661
96465
38893
32058
26460
50227
27734
73956
8975
9910
88712
27081
71812
35946
70559
57779
20282
64308
27181
37033
86521
47879
74314
72922
99671
43297
76104
54153
2391
26468
94852
40436
24972
61168
17465
65475
81276
59130
60398
52554
25887
40395
87248
23803
8583
82456
3994
45611
43929
28633
19824
37855
8153
86408
93964
65267
16420
1367
9007
13606
19927
64846
92121
17958
85901
14752
68532
78291
51109
95722
39979
29779
93378
46439
71288
1074
91467
71315
76186
49075
15155
83642
45157
80695
79540
53563
14420
97416
26548
19870
91833
96643
80586
30063
90133
35552
91353
91575
64067
92672
62011
31126
95599
15442
69753
60414
93989
88641
65462
99599
10147
59838
23788
43691
48176
81669
8302
52821
9062
29519
56012
89418
36810
82227
71125
18044
73757
57337
70519
88647
86122
40765
41186
44498
16992
55324
94250
60612
91738
61343
75787
81857
55418
96545
5863
7167
4084
25950
73387
22185
12102
46649
17008
80911
61510
15754
66877
19208
54131
6371
79529
82949
90893
58718
76350
94675
84993
99109
65593
69869
86525
51197
17902
99836
12002
57647
50921
97100
13110
27636
31055
50028
59609
49821
195
76225
39696
21245
87940
33735
59229
38323
12787
10982
53392
28055
34611
57484
40310
40800
32393
95597
51536
36976
66147
11508
51935
73053
23893
24229
48730
989
31166
9265
23362
43213
45897
13108
86317
65694
17487
82446
18110
50269
34394
74396
3734
17565
64453
32178
21700
11810
68031
40472
3832
75085
39182
57438
5461
191
5040
28829
15588
62828
42204
46028
52325
92158
92711
35163
7777
15523
49795
34992
53659
8596
65826
9756
25796
7138
59128
42456
58766
97471
55486
19937
64024
44391
42163
4429
10249
57257
44477
90282
77176
91573
70253
4914
23303
93700
68609
56044
41071
10591
63906
82721
5495
30285
75470
33433
49374
93884
86800
44979
85112
73515
9483
30238
24790
43057
80310
55702
27101
33582
54881
15390
78745
88525
84821
94262
30027
1554
10394
10489
70781
50438
94322
61558
73942
97755
73474
99689
55656
49374
80209
28694
55175
96793
90345
45281
53684
88641
67451
67532
98584
49763
31359
45390
54444
10246
42393
18829
50613
14589
60246
52280
18573
45260
61909
86851
63356
96275
61283
35775
56070
57276
9439
21653
79517
50557
38813
76607
53847
17355
85830
10404
77915
49627
9500
59950
80629
17654
29403
1546
35209
19704
70490
8219
28804
95461
50897
72826
64750
32105
68245
88335
2683
51178
1631
43365
34880
62221
2571
96781
77251
84705
26427
56753
66188
74668
38011
14322
80696
69168
4832
74561
4716
63641
7466
11735
59334
5125
62441
62130
48462
93329
24667
81420
24812
18332
56371
75321
21620
6491
16437
11421
77596
70969
64190
47815
1614
50183
85761
57134
74200
57607
13164
10311
73473
79185
41609
57920
1142
22177
14272
23612
20035
71294
42074
2155
60701
70887
57088
46245
99675
66523
25218
88996
83045
15077
46483
15995
91685
6723
79762
48630
79387
93042
76836
69039
79244
42199
5820
87242
70458
63404
51516
45742
15054
59333
60725
14369
97170
11966
83787
70110
19099
11267
43860
63158
59556
57115
81855
39168
15606
80530
81329
59550
60003
82210
81066
55534
86226
81149
41926
94473
29684
47930
85344
10844
40853
97625
4337
34464
42702
23956
67062
13336
45463
16357
25679
70822
24859
25582
76612
85099
49508
31049
40354
3162
23636
82828
83459
57719
84661
1112
60716
97105
97193
66495
28336
85080
42715
7919
36657
15133
4726
49759
27110
294
34548
1205
600
13738
38574
15026
89959
34959
31123
86491
36810
15229
82580
74597
66932
59870
6876
78523
93841
61685
53212
61071
70255
72921
80452
10875
92538
46028
67630
79891
55904
62460
45301
24105
25235
92277
10275
10331
16813
15200
98183
10237
53197
18077
82565
3199
37535
74168
9096
84860
91994
7883
83635
71102
5251
48976
33269
82320
7087
44033
9562
30658
66118
9518
89502
79059
31907
91642
30844
48542
9304
24883
27909
24227
83278
45164
61325
73712
43594
28632
38879
64716
96715
3173
87216
6433
46639
94579
94865
75779
23093
73072
69022
97377
1470
13297
3347
99687
58701
93135
7326
14765
5837
20411
6832
55072
18930
71775
73133
4427
59863
38803
97252
12002
76710
51609
37048
88746
60407
24310
64124
32968
80176
26477
15645
49605
95562
77177
2905
32155
43860
86886
37421
39134
51665
64909
46988
22697
27996
37034
61420
8068
60300
37692
39291
80400
54162
56857
89071
36047
69951
49963
78874
93267
94787
35115
23612
30337
75792
3864
47026
47872
35805
93300
36525
95140
92422
82172
34334
47922
41073
21090
81005
2608
35723
71240
85768
61131
79185
30266
44856
48355
28587
3657
92400
11287
42066
21728
98303
17352
66706
79461
51429
41581
83851
85965
71713
66323
26481
77148
7177
37167
78356
31865
50163
417
52922
53930
54992
60390
8743
4016
45081
1850
32479
63777
25729
20584
28546
66558
52746
21233
87478
76017
73747
20148
59011
23270
15567
30687
30263
26402
81297
71635
3658
96036
37859
92429
42299
22614
74902
60438
19257
25775
31732
48009
30271
23721
82801
5468
64823
31771
41088
45517
32479
84850
2594
25802
75624
79601
90585
13469
89531
86049
74266
37138
2134
26870
93377
94279
6836
97665
97118
65903
58251
72907
44782
33762
60559
12533
4933
2597
63668
68233
74566
48945
45968
50108
50293
68323
8479
56322
62371
90335
42016
53326
76457
9346
83293
63589
433
85571
30664
97054
73005
64548
93216
48184
2058
77595
18771
76568
55455
77975
54461
95549
41664
71730
30831
87810
82320
6130
59819
88559
30963
44475
73196
60092
52065
32501
25954
85700
18966
65845
23418
4929
35462
56906
83165
45994
44398
70439
99055
45766
61894
33736
6711
97163
47250
96610
31295
1368
1368
38220
3601
64459
97963
37636
72449
40096
37766
31551
32138
98854
2357
48945
29616
93119
40845
18613
16581
83701
36956
26841
85703
59060
53723
23018
2598
23303
88608
55703
88067
82578
82575
10404
52596
94985
50065
36942
76965
57100
75165
5174
21016
83105
87858
59627
59341
64428
82023
15256
21117
87148
81081
48360
50399
94517
23076
45585
18605
8997
81261
41316
14625
10981
50812
16047
62489
41471
38503
39309
10619
45143
67912
19500
17329
90663
25969
1272
83957
32506
79798
95208
54152
53893
47753
84389
17243
56733
17508
98707
58065
48985
92766
11613
27676
4101
38048
29345
11652
79231
52881
33397
57766
5874
60046
60725
27033
7949
68565
25835
51244
72576
94528
91577
1579
8946
27248
74405
49952
34369
2879
96194
56309
22295
55223
98359
2552
49701
68321
80270
19800
703
43765
93755
17548
85331
55344
61382
94835
36327
61380
93144
67446
43311
50697
98366
71913
54600
12945
3997
39536
51412
92889
8114
71326
39122
5884
62340
80889
90809
57378
13001
71258
7473
23285
47089
9456
93326
39668
32659
28835
49706
13472
79603
96854
77693
65331
72108
98631
25339
99473
22175
14160
52107
16023
32184
99855
37376
4592
83578
68643
54390
19783
55207
80877
23594
98166
16013
41174
49430
62557
68496
74351
40008
36462
78128
46546
46909
52900
25943
7016
89663
55252
27201
421
81497
63612
5960
56973
70707
44729
97324
4634
87503
59892
50683
13621
61310
27932
56930
29569
6175
70863
26800
22136
6805
93457
63843
86893
60516
35935
98226
20049
91592
85470
79094
6801
83283
44493
18006
35836
58785
12057
50381
70370
53464
37582
4730
63159
64673
1067
57156
67607
66142
85294
95016
388
49287
52335
34657
35211
17637
68617
15474
45157
86250
73234
60531
40313
91403
2540
39733
29023
98236
49652
84980
17567
15366
81368
92888
98583
83559
38246
6056
24283
25318
12639
18348
31959
18737
32362
33948
62608
69269
27717
9707
52841
33369
94806
51850
79906
22584
24447
58106
11802
54073
21680
77554
6133
67020
96407
29576
41208
43812
75154
47424
45201
26699
66309
28687
42644
60775
4231
46250
82208
9607
67447
32016
83329
84873
9228
70800
15758
31788
61321
79961
23474
40716
50543
5084
25256
82079
1645
73056
91263
15083
76147
85762
49693
58402
40804
19846
52928
14332
32490
78814
5855
27535
45443
38774
96048
12141
95001
89914
47235
34043
54991
51653
8747
36329
20183
80807
8604
26930
43616
33681
48175
91154
11149
8384
28579
27423
78145
37956
69854
33093
24214
30636
35026
74562
92526
88528
98074
47483
4544
71451
77539
69049
63668
3155
24488
4996
18154
86661
48981
60954
75859
71314
877
651
77859
94128
7655
94260
51743
87358
44115
51095
18193
63721
36571
58323
2650
11540
46212
61509
36775
12679
34324
70523
8668
87350
88269
81137
60204
58764
74391
98666
80395
46965
11708
97548
54491
70597
75341
34136
46018
35304
80098
83364
45757
45447
36319
16055
37709
24596
99122
72961
92880
76018
70648
76436
53195
80259
45119
49187
4579
49487
74502
42870
20235
61710
1153
49351
81463
10835
12537
42716
35215
62966
92912
23553
68607
93180
30210
33761
48747
34820
88359
61729
99264
27632
26485
93049
83942
41870
90530
83632
16113
62691
1095
45107
52183
84435
95360
35889
40924
93007
66511
66550
7016
17147
51073
91074
70042
75514
95048
96294
95671
54169
74056
47034
48283
77238
19629
34429
61231
19659
95321
82410
69115
98266
73628
57236
36083
32246
90844
65918
97933
81259
79828
63546
19955
6412
68056
93467
4948
11991
55158
77464
68917
37511
39640
17856
38852
81078
60678
97525
55629
49197
5001
66343
65445
35241
24202
90190
22596
8908
12793
18786
23120
89725
28714
53562
5620
1692
77625
54624
72367
64038
75694
66734
7721
65986
16476
30407
85792
24102
86723
65556
14721
28265
4501
33561
44211
7845
62102
31155
19181
75816
43388
20273
75111
33112
118
99052
21005
28480
76265
7301
63184
26268
82933
1337
3991
33821
33079
57859
27156
50841
98984
26830
20145
89938
61186
96309
37480
87425
95970
71706
69202
33823
92776
61727
33623
42192
78204
26756
62020
94316
31148
86077
61211
58059
92976
33103
70084
82317
61550
3336
34881
59139
920
91064
60320
63645
47699
27471
3145
24625
93811
70453
25591
52068
56419
86080
43268
51417
2240
44853
10780
64468
73445
50014
39508
29961
129
35300
8531
71877
86692
87177
58030
24344
44057
37477
55058
53438
24845
51100
34618
79177
31438
83256
52097
9549
49678
49863
86001
49543
35815
1171
60410
34539
55288
74938
24574
63208
26542
44171
27433
66618
90590
77340
49214
39180
88750
42154
97772
4232
59027
79149
16863
93597
78741
58775
90163
50988
43247
35754
86308
4271
87315
6035
8224
67621
28554
55303
55774
414
76793
56856
77928
6080
59871
45012
76436
63956
72667
55418
2385
85264
12298
8569
57372
38146
27246
34279
49617
68021
43114
8411
77727
15299
45513
92392
24532
66744
99871
26615
98168
67486
24808
14944
51798
24106
90188
30660
69077
61635
61508
7529
80421
59626
17910
44467
30772
1578
19003
47740
83232
82110
7842
37200
98343
8697
31822
77063
40762
38902
43930
50271
46800
34012
20189
93462
99255
71181
98920
33409
61861
59596
74733
49932
41036
40201
95769
40239
16620
49387
51362
99241
1443
1817
55676
11259
67743
41444
14820
90083
64148
81812
42080
66131
4521
50413
94174
40910
45229
51229
49560
80031
9447
28965
40697
70102
88523
48034
53402
23520
63400
62424
50373
81506
38238
79930
78139
23345
76589
49176
79825
23409
42568
62245
28276
74791
33033
65315
85005
44861
3838
94574
2560
99027
64417
88738
63278
80316
59109
71561
59515
59228
84076
30437
85482
21371
71669
97782
27108
60486
88467
55049
24247
65955
76057
29662
78555
69359
61106
17812
44688
95767
11469
10771
94211
90671
78709
82197
50607
45425
38878
48402
54016
83957
74075
69382
71092
94153
99309
14817
6490
65294
5302
34380
57052
19632
58348
59795
40568
67999
66025
79123
85289
43630
74398
46784
91046
53096
30088
41651
20704
80778
51803
76944
79695
88160
62714
81072
23878
67200
31849
10767
73858
53149
79642
27827
93186
56425
99683
66231
72048
8555
61265
85492
70142
3832
49494
6795
74156
71633
8541
90865
52870
27513
16318
37911
99401
8050
3405
20245
25222
94323
57997
27667
26559
32743
39554
57524
68463
21892
65188
19935
4870
11239
93872
20491
79186
86633
41336
11942
97145
62304
78650
39586
66915
12469
2830
94781
22324
14333
79064
67499
90327
24950
14942
88130
32374
51680
76756
28226
31173
28757
58035
93375
34399
56230
26056
37612
19209
63252
32424
1574
41298
45864
49057
11994
48156
69103
8812
67700
77396
25142
82783
46117
5980
51581
91743
97103
79243
41659
47346
11281
5098
47855
69106
76106
30655
58270
48510
48619
40934
2797
13450
12798
60731
10588
87095
3725
98357
24797
38622
24624
64972
17681
44517
77463
11483
66302
74772
50704
85889
92494
3073
48213
61953
38246
22407
47669
31369
92641
57813
37725
84655
43881
61123
48707
10295
3730
54976
3631
17970
34707
29831
58534
6593
31361
16687
78389
29975
24778
42433
81366
62332
56523
35205
22658
50765
41967
36021
42067
51201
34500
34739
39637
34599
42747
50646
6665
10635
13596
93024
46004
47031
49284
20747
83754
20182
84124
56737
15443
10228
35671
32747
42776
16833
65511
48929
31789
16564
36189
62464
47546
58380
98651
17466
43431
65362
1368
33992
33635
95994
29359
57178
92945
86409
57284
78926
2000
46160
14837
17663
84742
84246
73880
63989
12872
63668
79831
48474
27976
45177
46244
28237
69020
18446
76314
26639
62183
13428
39347
1883
68614
68361
56896
52595
14489
61354
68104
40053
18347
80754
73471
86444
64992
69921
88386
42659
38523
75448
80941
56532
92649
64640
85241
18175
7565
3530
72341
87222
26537
46417
82272
42389
34117
32476
81537
23407
98880
67295
82179
22275
14352
60225
84528
79502
61591
56793
28264
24506
47332
52625
47102
73331
98627
85293
56431
44538
69859
68741
23072
65715
9441
84461
39156
36057
61942
20821
52263
53042
42362
39693
51657
34557
50963
19585
76474
86055
42110
18626
19902
13820
33816
55780
39678
73787
84522
67556
43803
59011
60079
46914
14639
89705
29540
21196
32802
98604
67979
66779
45510
55295
40187
20598
98319
95077
79527
18580
19026
3100
79209
76384
7673
97551
65547
55093
56321
26063
72338
93800
52848
82141
85416
73989
80022
80894
31012
15122
86559
56368
63192
33168
66769
10556
35127
20351
67049
25409
33537
25825
73612
34640
50348
53431
64045
52279
59889
40711
25562
13621
9712
607
37667
63116
62272
16404
51272
74228
60311
62339
60222
5803
28115
56248
35582
56299
1795
74093
91273
56628
44820
2890
37212
13353
14108
84907
65036
36951
82589
19487
4767
31502
73590
96876
80135
34964
34188
65584
52123
95791
88528
57891
13395
71137
25389
96056
37248
75569
43185
24226
73829
25667
38582
46547
83030
22985
57771
31904
80396
56594
67907
19776
1251
16929
65850
97043
53520
69274
25056
79744
80353
28693
41347
18358
32467
62420
6653
34900
57930
21489
50071
68772
32625
1841
54776
65569
90766
92245
21519
762
83841
60847
91417
51791
62169
5073
52111
85432
87219
95520
85807
29253
16080
23240
98533
64128
66801
17290
10293
80303
57554
7057
25448
50133
25248
52674
17521
48376
95736
5776
44827
3645
76126
68175
17169
25071
7702
86433
78025
30303
36067
97901
61934
89318
34266
74989
11688
93733
99618
39334
86250
68941
55018
63667
22776
58811
91206
74490
23283
12411
7464
86624
40419
18573
44535
86552
28352
54213
96527
38454
10524
81868
65236
64194
3536
85285
61396
65320
11682
17866
73369
56653
9808
58676
53095
83164
63739
28472
38520
44062
84659
66383
14417
12135
88539
29103
18849
27117
17849
39957
85526
91444
5596
65284
56059
10245
94314
17958
50834
53533
67045
52753
35338
26081
57018
50501
8349
94032
55334
80562
64297
69616
91044
17751
25513
85002
58775
45221
80079
69010
76753
52994
56384
5215
2910
61385
78380
74713
92272
92494
71528
31472
97447
56863
55978
90312
3709
86022
24384
2866
17291
58380
37902
11959
86524
58488
46818
72333
86796
18356
67574
95180
44668
78672
67233
76250
14261
47808
32890
54850
56662
94592
13514
95076
89083
43320
98284
82566
84236
42139
92004
73767
78016
94345
14330
72244
55852
16213
13266
97972
11341
8672
2408
30302
7021
46180
40365
73834
69684
60557
94585
61605
82863
86625
74060
80350
65142
66465
76261
80381
6524
30183
97981
87475
62616
34031
15841
17165
89291
79827
70027
86498
49773
91758
27388
53452
54169
2274
89464
74003
91985
83252
9853
84933
43631
65525
95201
14370
25482
6140
49960
78035
14273
79695
84511
3834
391
44321
40024
85253
6475
10645
94434
95068
33890
70432
81572
23578
54804
87725
84789
71513
61632
56826
74555
11142
70988
9791
61791
81651
23149
73295
58665
6187
99791
92054
77278
73184
22529
25507
68818
32480
26433
9792
65675
95046
82399
9596
71284
85389
40209
72777
25178
56928
62899
33249
69511
81260
26232
88260
89304
72855
44689
93180
7005
84617
35065
60513
13261
83784
15739
9401
73156
42627
94752
3799
9626
43364
21081
90660
63072
35208
53765
78971
76922
37131
16607
67950
76980
70620
77896
39751
68386
46960
9068
15528
56504
9618
2516
29268
18914
56280
47847
95974
321
75057
44317
70111
91459
69082
35842
58206
69373
49008
60355
61863
6888
73791
77753
52486
34422
9465
37007
12
48207
95907
74161
84088
84524
72585
74803
67986
40911
43378
12859
39536
7869
95502
25772
15387
32441
84267
73456
33388
90719
57831
4673
10928
49817
77824
23508
73323
22081
73831
80162
12120
14932
84339
7124
13007
19727
95026
30795
50783
76329
58331
4586
91674
96621
76958
89792
26416
41810
8188
78966
88756
3481
99859
47665
12251
49730
9234
53284
59938
55146
1099
29909
55247
54277
62886
80586
60944
73845
80306
86000
36192
69861
43222
87720
28328
88324
67238
39086
39234
40129
83121
44295
22520
98495
85271
66343
28395
53749
63768
77277
6192
56901
8520
61307
56884
27414
54654
1893
75553
51857
65452
59157
33337
81525
47816
32073
82686
22519
10281
99498
48148
79481
5358
93529
10590
70885
55992
64440
55525
98279
14007
53555
84791
21989
87362
58249
1420
81915
15264
82651
2980
25783
69572
69647
18157
1294
15510
62497
76672
79833
64939
58951
51210
38800
45942
46688
23464
40640
92824
50200
83244
78412
91987
48218
65853
42430
67325
17971
78779
74152
33392
23071
51391
52284
29758
38354
55968
50564
30786
70085
62034
6238
48593
27386
68297
85208
19311
71118
39132
24388
80989
21243
31685
76984
87888
89383
46788
92933
54686
88972
74691
95921
53906
5797
52213
4819
66303
84753
4887
99723
71888
73639
7192
81979
25405
48183
91861
74022
43547
25849
22717
58052
41291
2100
56723
62399
24850
46124
68050
93421
57064
69705
70219
59690
59753
39137
42697
98672
98922
47585
25590
21622
45126
75133
95574
26051
68470
94097
66897
82062
81246
30035
47407
83284
54276
21528
65147
93268
51740
88671
74794
30858
69343
26206
50197
55366
90906
38695
80801
81480
77827
79734
88288
10203
86022
49082
51472
25227
68477
18461
32514
81508
88350
38834
34965
19369
31790
40602
1729
42765
93811
33299
31695
9233
7848
72382
82565
2171
56649
11243
61248
98383
84046
37763
4282
18668
78581
91314
44683
2406
50872
38063
9067
61532
76285
57833
4821
49846
14220
40720
42472
80732
72251
39549
14503
7893
58501
16414
46880
84603
19514
60642
16746
59159
91760
11069
54727
13759
43287
70841
73609
40329
35754
7770
32433
74122
49376
70572
91794
10959
674
27787
59764
89975
96088
43087
89333
53579
73245
37106
13578
69051
70673
45055
4035
27159
67180
60152
58444
82278
21199
22884
25263
28263
91799
23059
50199
96865
73803
68144
37808
27529
86613
10786
46538
93136
59470
86174
70588
47974
27601
44589
70534
53551
26033
39862
54958
42912
14982
49223
71532
70071
65155
94053
15617
98644
67523
16174
97698
32503
19938
39047
21427
17943
50760
16647
94094
46460
42112
54847
97442
27194
48519
85444
4152
98187
33919
68219
16145
73320
8451
33215
60620
40548
90581
14226
4964
52101
12787
82078
34069
45567
1641
66791
10431
95630
35007
43023
94339
40367
49715
28165
56234
42204
81346
66763
58565
90531
17919
20962
53711
75395
18118
73716
73327
14722
84362
35038
62810
56077
99658
26968
61941
17548
41763
51266
99384
57889
4415
49261
13933
88925
41195
68772
5080
56704
12614
75573
67601
22539
96725
60511
75500
52867
91411
62137
15066
49029
42502
80605
54952
99136
27853
83056
72549
55507
34613
3278
75906
20260
16555
52566
43793
56954
10347
25520
28048
15000
66551
48023
13919
37079
75620
81415
89420
61951
30798
18979
74000
60065
60172
30275
14675
67923
16958
80505
5290
70153
98147
66623
17217
70956
42023
25886
84019
41434
41753
73629
24246
58171
4570
1220
77268
18619
96721
20300
62963
9960
71996
49382
85046
19818
5281
29956
54365
63449
81347
30920
85544
40064
75952
93191
66329
87181
88631
72057
40662
77969
66391
23519
42830
81274
18610
51314
60851
37194
75328
8004
80453
50260
44320
11253
43920
66995
28074
35477
41131
90983
8223
55408
42338
47277
45314
63867
7694
42585
96896
79546
72383
79539
60682
79755
54811
2379
23683
74098
55873
71130
49749
52866
39846
73847
65694
5093
91041
19666
83176
19112
16610
87376
71191
56902
38876
27940
56827
95152
2372
3654
22853
70806
50833
53139
45238
83124
34307
88993
46162
51867
18785
97501
97108
47962
12667
79011
50619
90858
96429
71289
7810
8147
27940
7529
43182
35166
31963
98105
14688
26168
24543
70056
21098
3296
36337
50599
61630
43086
13065
67377
96802
48319
35768
79593
95328
13281
92550
35759
38330
13943
98105
73598
79738
50121
70231
95461
63144
47948
26051
61887
55829
7753
57539
5810
88115
8397
49058
77153
45095
96749
60786
16302
52087
35123
99913
87504
38526
76297
6924
99372
66623
89025
41481
48147
94902
97534
25726
1944
36681
96579
25367
58284
18781
51798
23924
77944
85701
17585
93833
36086
28086
60101
51296
31117
54902
62890
91993
50343
94802
36552
68241
96720
16814
74779
55904
55789
77624
17351
27036
15671
72214
43256
64316
57651
93149
55636
26039
4207
39139
44735
25770
63835
56108
42250
25592
72257
92705
51098
92171
57922
33792
70512
37401
32783
84236
42938
79363
11168
92260
19958
53559
26517
67441
34526
50421
66023
95289
64661
69646
57322
4786
37452
69512
50210
67120
64497
91678
82174
42206
38772
93412
75797
84043
36791
61321
51676
23644
21874
26005
51361
54720
29281
19249
36935
513
38218
18246
60862
90005
28238
47102
31134
57684
2764
83047
1920
1444
9708
99254
70361
75185
37775
96776
13588
40024
38000
55395
66955
52866
14391
63451
69666
78126
6938
89808
36256
51367
41296
83285
42
54805
46676
56459
24926
81295
65362
89644
72969
22414
96657
71332
52325
65404
46845
43002
35571
82603
81072
74572
81008
78531
40988
32920
87191
20243
99319
27703
74068
46025
90084
53987
80512
55580
56762
45498
27998
31974
3987
52443
36464
69424
29939
12589
87479
56677
17299
38558
42789
49160
81641
16745
39136
18402
28406
33873
20406
12211
22347
82954
80152
16586
75065
76471
53844
66736
77556
89805
53235
1790
34819
70007
92491
21710
27686
36275
70978
13775
81380
89049
50272
86355
46769
12860
41903
23779
50680
47689
21074
23634
5643
93516
99839
80398
29124
21011
5914
37331
62038
64970
52688
7033
89365
47236
33741
78190
41215
22587
77306
18143
95781
59791
81046
99695
69018
31114
39344
67690
68311
91269
12158
94515
85065
84259
43230
69530
13752
54043
29958
81545
7124
1875
36873
75069
75838
19943
96265
46130
1520
59113
21332
31992
35242
7267
91741
18465
51706
53400
34391
35036
72775
13448
79760
32476
93018
71762
82536
32241
24362
99124
45516
49752
71427
52462
72307
56878
13010
38436
86229
15072
43247
30978
72995
21662
15782
23290
31335
61229
23492
31240
35449
91100
56188
86743
44666
64239
27955
85949
63281
30039
47086
65153
25216
58498
67733
38589
66402
37934
18628
21118
38947
54041
51726
76712
3932
65717
15183
68279
45961
63863
38860
48576
1833
4846
91977
56374
55346
15920
23527
50376
79982
92272
1975
52871
71222
33804
94048
29606
97897
74787
70313
67098
72168
28612
23971
40993
91506
7841
30646
64415
53335
40867
647
29443
52827
66935
55170
37448
60554
16773
78698
75575
49330
35489
55930
88362
48577
46074
75831
17483
69244
80912
884
57051
40824
24900
85441
31471
51001
92583
58866
12501
28645
78388
64679
68852
55140
95225
68157
51185
37975
80784
52912
45646
49746
69261
69195
89549
15383
41968
28558
4306
35343
20026
68059
43910
65896
91516
37117
50456
27110
13194
84341
68702
25479
74991
21186
45049
90328
51354
24428
76598
35181
93494
60589
34257
38305
3256
80765
25108
97290
51537
49721
56509
39767
32324
27759
82750
81098
41297
91049
50814
80876
42319
41043
77693
42801
48728
40075
16596
82377
95742
1316
41211
33920
96795
57718
64836
68627
71591
41829
20836
22351
92323
45613
67698
60040
35474
78023
36040
6514
18151
87163
83079
99456
58424
43970
16631
59671
42898
91094
20971
7149
37319
48824
8995
92132
58819
15197
16523
55325
60316
40951
13153
18426
14120
3900
41044
74869
25832
6517
14311
89110
58273
14885
81237
88757
4139
83348
95535
1548
59747
62455
25281
61976
68859
71229
11122
41996
9106
84280
90666
35634
54078
91750
11694
70943
26244
4764
45671
44210
1578
79726
10432
84649
34725
16029
25262
19711
7628
52253
1194
70566
67693
56226
58362
98877
68093
17479
2862
85838
78987
12282
72133
79495
12942
12327
45520
8626
47229
41344
59918
76692
73501
81030
54839
42974
59893
92502
58676
24723
86813
2291
62891
76567
12597
63947
98777
50640
31602
27881
32472
62525
52531
3223
36704
64111
57714
34478
51114
51463
87957
78748
21295
57038
61220
25040
27887
83755
56854
78916
48269
47749
14756
69160
49079
15765
55391
49831
75012
91590
39901
77016
3542
26188
75534
45091
18688
78718
50829
71950
9409
17458
55346
89668
30605
80980
60708
22721
76812
6402
54027
1788
17084
60903
18820
58992
63858
80978
99278
85257
54270
20146
42722
3752
12844
15568
24127
82035
73671
28425
16547
51196
26488
79047
91349
95852
95468
82875
82783
20876
26291
10585
50618
56464
68613
34703
8289
68096
29119
23267
21288
5317
14539
59721
39013
21132
1758
52030
47788
67641
54330
33668
25912
99276
28724
56282
83461
86185
28016
68918
10075
92422
89832
99970
3461
68758
67915
93073
33888
67244
80962
41372
48111
303
50543
85182
60779
64313
81326
59016
22903
65035
10301
30625
70065
32625
1592
79806
74053
55085
221
12250
94140
35619
9358
11026
84657
56064
30292
20096
61284
1128
49889
24433
85352
94651
30254
12933
2583
67427
54531
79363
80741
97244
55829
81718
81969
80960
61161
25192
59448
70350
84215
68122
18212
5846
13865
45181
78850
27908
50531
592
60145
1415
9981
6166
5526
62717
5420
2099
54893
62141
79487
46755
78682
55072
59588
5303
46493
62988
74
45997
38787
43071
68482
52842
36601
74581
37087
24151
16700
31253
39708
16214
19756
35102
8092
5023
91359
82954
36173
70267
48497
88796
78918
53148
94905
9963
16751
31799
24311
51979
84448
14655
68970
61588
75394
8191
77822
69969
72465
14036
15298
4424
35267
38885
67608
28097
29314
75808
5125
90548
86005
85746
4648
78291
23261
23170
35527
49778
79707
28074
49701
20175
41615
62099
16560
41985
38267
45965
40727
77313
54437
25416
3833
8495
71484
14353
63609
27875
44338
63628
11405
41425
49064
23435
94389
64792
96519
17192
63304
52263
20074
66501
7562
93196
49721
74269
54139
93563
96113
12582
88969
23031
91487
29382
7141
0
33899
8495
13619
74073
40273
36601
76827
3636
31466
50042
87260
34589
66569
55844
55136
99680
14786
27675
84331
83287
99941
20049
82541
37332
64264
17472
54807
67592
76450
53348
98154
15693
47092
94675
74955
6262
35234
4537
55922
62001
97631
36436
94722
22134
87271
42377
66675
10992
16293
98753
98123
14308
60533
21635
99435
17474
39044
95983
73957
63687
83187
5364
6348
47692
77243
22095
64867
48847
43690
65442
39512
50141
68747
17580
33770
60472
90564
71882
23844
86282
10361
38154
51822
27463
48110
3495
61081
35000
63849
70662
46136
76201
73206
29164
80622
65264
82500
88730
93698
31256
72748
54342
20015
93866
22738
65143
85272
27895
75781
5660
21465
66853
57984
33994
85528
25939
84403
20241
21242
92618
60091
81657
79474
49186
86765
7838
40885
41454
49203
80773
2889
3493
22029
21818
51996
2094
28121
2024
41680
14407
90829
48788
16084
22002
95968
50902
31822
71357
91048
93908
99764
43564
70495
62653
22265
83685
13119
92575
49477
93656
39436
65734
25790
52393
30833
80274
706
16283
95714
627
96631
53595
41408
25540
9561
55270
50556
15841
54034
64408
39059
30150
93705
17042
83607
22405
33297
31751
94286
2051
5889
65507
8083
52048
69668
13241
76059
61666
14791
91047
98834
73997
74864
7016
75748
8961
59566
35478
26071
92319
38283
30137
69013
80313
16253
49521
37960
86278
21276
15772
7966
94046
28623
51652
49452
20568
56991
65736
37551
30398
70637
84229
25805
63273
38623
28449
31962
15583
13525
79925
77687
97381
19450
54708
31348
27714
14678
8988
58390
94323
88256
65879
33044
89476
91153
14766
11515
86097
65908
59915
79602
3898
61017
78154
21080
3548
48841
82556
44585
36050
38675
13335
4479
52263
59045
55741
15604
7222
81463
41414
51878
24768
76737
29837
96116
23369
14220
16533
90661
83632
2950
91830
16232
95657
35247
59400
71253
53337
88336
10698
46418
79949
22732
29904
79442
79608
24303
44391
16121
79847
8003
61125
55674
75938
53473
70194
49665
11777
28580
84269
28652
1000
20217
7293
8980
18785
18227
97045
99817
51508
88859
226
27676
27622
70660
61908
48854
67052
2812
64390
19397
75242
39039
43244
43064
89932
66150
1209
96671
94687
92188
11626
69973
1613
15729
75507
99418
40948
64648
46723
21273
21474
1899
49974
75976
57808
92190
86007
1294
40887
51089
75664
27903
72851
78447
82064
16002
49202
31091
9271
83347
80409
79738
29537
57861
9972
80147
90764
6879
19960
41139
67624
71271
51895
58886
6523
40925
2398
65311
5294
7902
42574
64209
439
56489
65430
15894
47715
55389
35017
66796
84160
18177
82305
59328
91108
7070
5520
41122
56606
28199
7103
27224
18135
98009
10181
42447
65860
77661
58789
74155
47019
30410
15333
8320
42864
97959
63110
39449
92411
5390
55045
54742
13671
93676
89709
41491
30537
13445
46550
55906
50875
51733
61918
29755
62532
58577
79682
10570
42022
98636
45690
75686
7140
51350
93583
28930
7598
61246
30777
99869
73226
86456
52953
13300
90977
36345
80239
31702
66787
25759
65977
99704
26072
40686
52969
45087
39972
31285
98850
33723
52085
55311
18415
53364
75948
37446
82336
52892
73670
27793
29505
11779
73510
38622
85241
810
36289
90155
19132
89839
46694
85166
66349
20519
33992
98005
71956
54858
62761
96456
56792
19463
4612
44426
58457
52440
43223
78014
75916
15217
50956
49733
60500
90194
57186
46342
96441
11644
27485
95527
30792
58528
3910
63416
3079
87859
56736
47759
80979
53150
89513
18733
5272
80817
82441
60544
24428
34935
35418
20066
19464
16069
77459
64382
47684
7565
21683
91698
96142
70607
48807
69136
57351
63854
53496
83135
99610
60768
96596
52799
40442
19839
65943
12330
63575
43102
99989
5877
26332
99893
97767
80310
2216
84349
11792
99583
17127
51575
69291
89160
50732
3974
30291
28267
58637
88733
4238
53225
67163
47827
1239
61482
37405
80051
38663
75074
37928
12752
20319
80974
79453
88726
59380
2910
82879
69563
51991
64557
37135
54421
73376
17899
9670
57925
5270
1531
95374
49457
72030
71864
58301
2831
84254
8915
78223
7900
51085
41880
84736
15405
44825
99983
61443
23133
77843
45086
95841
9478
35067
47947
38833
22827
48548
48222
79184
59025
93188
47653
57566
43021
94619
59090
39541
12440
46397
63615
30694
81760
14205
1362
4721
97880
66455
50299
36449
62704
63034
57530
3939
42399
8177
97597
42689
72252
82989
2055
50623
7628
80369
78861
74224
3286
65657
7930
32374
5043
26791
79634
46836
52993
77739
19283
46290
97526
91791
45975
29613
93201
67868
92662
33944
44300
33357
45897
52947
45486
7438
7529
21510
78749
80816
92342
50042
38608
84588
48755
22388
49698
3889
75855
71663
80675
56012
41503
25333
61001
12179
76454
3193
1829
72718
9590
58612
77872
82114
14960
72475
53667
40795
18440
7737
90437
58486
24548
87182
14783
76776
64899
71395
41708
8143
55354
26921
30732
74323
18233
3310
79480
76439
96237
66715
50479
36770
3134
26860
15471
76165
49145
87404
81568
92521
13352
13869
45034
29590
77084
48481
35814
29474
5133
14009
98386
71860
35576
35543
24702
884
76967
14481
38692
61681
28111
3205
19605
77646
16979
91443
59533
87210
12933
21244
84488
57994
75917
61877
70639
79205
32738
3880
69995
32620
96469
38983
21338
86997
82093
53773
69278
31939
82124
35059
38226
98515
7313
98636
13593
16068
78999
84766
51343
33796
30619
40541
33057
99604
3899
45286
37336
86839
79577
89333
22864
48060
39358
56899
21767
2021
75196
42111
68176
17172
92428
52456
89191
25201
71958
20164
75136
17978
86127
24896
77272
84392
44189
50149
31405
26457
34005
21619
22697
86432
37765
96125
71833
5605
52270
52608
94045
92122
41705
62177
98424
32635
74187
41858
66662
45249
28995
97569
73677
32515
64224
71598
65261
43081
94767
19910
17841
74287
44481
35920
35687
51667
81868
38068
35116
41979
45832
22131
1376
35781
56090
10503
54521
30445
94061
10200
89556
34068
48188
51607
21094
45683
91948
92443
76880
74173
71318
2837
20657
31145
57154
44210
38901
97476
27503
52878
13003
46482
50128
79855
46197
50237
72208
14725
69593
1404
438
63803
38932
63553
49859
78394
61453
78943
15992
15419
91527
9429
50197
52007
98321
1660
893
69901
47448
74153
17269
12254
99932
38847
71562
31945
16191
62228
57074
13870
73594
32638
67946
94369
20074
59354
18783
62462
4359
87129
50441
73379
84309
26920
20209
76110
51156
64250
23572
94739
40626
77652
38303
66138
3489
17332
50042
3700
65986
90463
57121
19288
79456
43558
99757
86750
30298
25140
46418
96790
83320
19543
63713
85926
12415
30728
31214
46559
15519
83257
65452
97178
52137
87098
35348
62965
97726
88071
80324
35012
76355
47026
31908
8725
53457
82248
56547
30596
86889
1443
66592
45976
72164
11180
33286
33144
31656
16746
75407
59598
14998
64971
1193
59862
7680
83886
75573
4098
52601
50187
84620
25998
12613
64960
36668
1050
31759
3961
59601
2858
42521
7834
84943
69206
62958
4428
89882
30286
85012
57570
95928
48078
59517
84934
21263
40890
86364
47045
90665
90614
63124
27572
98422
38149
62412
97630
23248
82364
23071
22603
7993
68609
64593
34158
1792
19077
65499
51851
13091
83612
72295
8067
42607
66485
68759
42781
67522
65146
576
32083
3377
4262
21940
40086
74886
9181
40029
58719
22594
10861
70053
97172
31552
91103
14610
626
79737
31034
70191
33085
30916
8820
75462
42626
73269
41974
43498
21060
93734
42923
14128
75147
33236
48068
57021
21414
84192
74347
84506
1304
45622
56738
98725
72934
61674
5432
93378
34268
21022
41479
32494
67287
87104
65229
48692
33202
83952
82308
61240
89840
27424
79680
13456
31618
3060
4773
14675
59990
67944
3331
75241
21213
241
71791
95810
24855
3323
19647
4484
45053
87730
12865
37116
25227
16189
38072
45877
91752
84676
47924
68838
95155
23954
27566
68037
21772
71797
18429
24025
51996
68418
74423
10606
32162
73910
94056
53954
39418
39352
65032
30748
85676
2842
36508
81884
20591
98878
16427
82061
53464
89652
1019
15767
97027
89249
26184
21842
10876
55612
97600
37620
79307
63795
80638
16587
67066
36138
96608
44871
64100
90723
19111
45326
47483
23033
75084
77843
46198
10694
37498
79457
22485
83877
33227
71793
7667
27442
56194
46971
32839
89741
41730
73640
32215
80125
93225
36710
47353
19089
91533
29558
29831
5282
65234
39551
18047
94228
68388
85381
96980
83675
12055
49300
43988
22394
68441
46934
59127
59047
27441
93732
60865
44011
34390
65049
55220
58341
37006
70210
98581
38254
8866
96434
92057
18775
41242
99890
45963
27950
76890
13750
99517
44960
12472
58282
89673
20408
31641
30411
40323
76646
40
99122
23549
15610
49010
95883
6774
79759
57697
5956
17696
72998
30706
81825
41004
31847
88245
48812
16341
13260
72193
74857
61029
68441
9201
63528
82184
63491
74623
84724
14443
91217
56347
11880
67984
40928
52297
58945
91153
30272
1044
6511
82831
70812
18547
40389
34326
4567
24950
24079
47982
45713
16236
35043
61409
17770
24565
64849
85796
37565
33151
54932
71140
50573
85759
92298
35598
82750
34606
67936
87930
59514
83966
2407
83925
60500
12119
14243
48010
52457
71154
99937
70445
10146
20113
86536
13764
57142
11097
76489
54257
48173
73709
34961
8160
59135
91464
61309
66762
54778
74486
25580
86276
25891
28432
22096
97767
23667
35923
13662
64124
78307
80444
15910
88196
98723
58914
16892
49761
49667
85551
50740
8421
59509
59100
83693
66005
42761
59081
40676
85433
39736
79222
27945
33219
18333
50880
97518
96441
26077
46459
18492
15201
85351
36520
14784
91944
29975
13364
98115
91726
39860
36526
919
54674
20857
50818
94317
24726
62097
43478
58819
30799
91963
43200
43002
21323
18637
1794
5350
85726
36245
70787
72895
25195
60827
78859
19029
40716
4994
87611
90112
82239
76557
69511
96341
35053
49278
28369
33588
4695
3674
39491
65982
48831
68200
47689
72549
23024
4056
91625
67515
76907
9568
65663
66220
12752
10082
57401
18280
5573
13673
21099
49368
486
1714
76496
87474
50857
12264
49151
50696
9388
37767
17990
15034
50974
10146
94789
92140
80742
39520
66889
54674
39476
6849
55427
74503
72803
24575
80100
78909
53255
96336
38232
31823
70712
63271
61245
88627
99707
54074
23390
86859
77802
37662
27600
98778
14495
20622
70216
56147
94594
79307
58134
81677
85356
76477
53987
39028
18584
84088
78819
97369
7813
69882
46838
70153
20938
75664
70881
88923
55287
52856
96931
74658
91459
12834
49207
73026
33623
7856
1894
11648
63991
58332
74309
4114
15784
25720
2034
38230
54819
29296
46055
73727
33940
60268
7129
77961
37551
22641
81264
88110
74992
21448
14498
34321
40109
89078
30574
99703
45050
59850
65618
97557
96025
40054
72778
77893
89020
84597
84582
13010
58488
79242
75558
49107
32872
50441
45684
93781
987
42319
25150
78896
1211
57195
25391
12571
64027
88096
22794
79484
4220
50403
55714
85304
16796
23199
73848
32488
95995
77112
209
69036
94539
75788
75667
61433
76340
83669
29245
72111
51874
85356
90497
66694
41452
68167
2366
85734
98401
48355
80510
84341
5168
24253
31688
70154
13044
5082
83651
92769
22202
54246
59689
81512
68113
36473
31811
97782
36749
31382
28806
59547
70968
22669
26954
90611
89270
13792
53891
34324
99987
65539
446
79622
14667
1308
954
87730
33333
1866
30720
47187
55885
95938
50784
62474
97245
16117
12809
50573
71751
1933
10821
3487
71313
60854
38863
47259
60526
56473
82290
87562
72069
59812
52639
51700
98976
58117
8362
99411
46579
43669
74434
29954
45991
78610
54443
79605
40322
46020
73498
1187
21397
62945
6124
66045
42562
88907
88323
12034
3143
27639
33374
35595
6284
91594
84564
99362
70564
75580
43565
66448
12963
26590
96349
2419
71837
28023
86910
84750
91191
81898
53993
58362
43340
2675
33008
97595
85502
67249
15579
17933
53015
21118
12093
27997
40986
22392
21746
20084
89067
67684
9911
13102
46776
23241
45158
46537
82659
35799
82541
48665
96301
11179
6090
25912
60608
25098
1797
84699
632
64394
38666
64543
16240
84592
22369
43746
49061
75092
68300
61935
14921
43778
58332
60241
4230
30073
48177
57544
79692
79510
49708
36282
57753
52683
65362
5088
82020
14824
24511
10497
66950
50395
19428
80797
62918
20148
52832
43711
13344
55649
58678
46453
6545
46201
48176
29724
34273
11572
62000
97781
68141
22775
32815
20916
91088
17550
88756
11799
65997
86673
53202
20307
9372
9001
23262
72617
98222
35724
39564
29208
96895
23299
7461
13773
29944
27117
23975
23029
52477
63005
85913
53491
88153
35295
34825
73580
83428
60664
15877
63071
57007
21450
74322
14131
89068
70102
83596
22441
94076
20124
9338
50353
98998
73118
93997
2232
31985
708
88341
66878
59695
17208
49056
81702
60966
92881
58480
7590
59211
58733
97656
7294
36477
2711
33651
48166
45964
60904
5376
4448
63524
36233
97982
85901
56954
83447
96032
33884
44337
45247
5262
35004
69321
22761
13176
29266
99589
32018
9911
98278
62616
82641
50593
94776
58924
90683
97128
46864
2510
11969
24241
22739
83129
5079
30988
74769
19133
75664
5365
69083
12716
20805
13989
4211
13921
66196
45365
74684
52909
15237
4593
58000
45695
10920
25557
90191
67951
97178
78727
69269
83144
14695
6576
96037
70640
22569
48440
33505
60053
38830
63549
48732
78805
83991
28048
84678
89386
63709
8268
91142
28784
36559
68403
2599
91445
70198
2151
25353
68540
46713
53282
40632
95021
50012
54323
48986
61628
70851
10422
76385
86837
15733
41262
40192
51009
49148
92001
68219
31288
49736
20272
85175
68803
54099
41010
56816
42572
67711
1420
61161
77317
4028
67183
20062
60913
19462
50669
918
43283
42218
41081
6996
69457
73929
25147
68973
11524
68598
56045
19956
79711
14905
14934
36400
32858
77206
23424
18447
14266
83495
36695
38932
59934
75238
72384
98859
42312
47495
41299
8382
52582
92226
7895
6784
76829
16174
81017
23270
46833
71913
93897
18774
74387
10036
74161
31127
4552
51835
64370
75912
79953
7475
33724
8204
84796
6203
87210
53123
81991
613
94904
41621
13388
89006
23235
743
42349
79625
88059
76975
63581
7898
87559
57540
5609
50461
54965
64335
22785
29383
3388
37406
57415
63269
23536
27575
9171
19937
98721
77994
42432
30563
46417
14815
90743
91795
93712
69134
13270
58076
2230
83661
11516
98412
71740
43044
28148
48025
61047
68220
83227
68350
38290
11574
18831
84450
37286
7417
99895
69465
59161
72387
39817
32484
33969
48384
65852
42004
95603
16216
64106
60140
25245
39971
40865
74788
26908
57592
32839
65418
75242
25475
49608
88643
34887
83412
33886
39151
57491
60212
39291
97034
73030
9139
75765
45358
5996
34109
95566
48918
79808
5131
30367
92350
15332
72821
85025
44326
19418
197
11992
14549
82083
25479
34909
54938
88113
27228
34918
7118
2058
11022
43668
74165
45532
88350
3000
100
3831
19737
41602
8060
35596
47913
51592
78196
23712
57639
94032
57621
21100
91311
17050
55230
87701
23468
76013
65512
65667
76466
2557
92548
35776
26250
38101
48065
3406
39656
48518
24426
47141
43576
16972
10411
36713
79895
3897
69395
38244
13246
58753
69493
57669
73497
11970
27210
64436
75318
45549
68241
99280
1657
20565
1942
61767
91852
9203
70768
13618
62420
23508
15491
62155
37631
22272
69830
26156
38297
60071
72960
1861
29661
85865
35340
73080
75657
15074
47931
23605
73418
20721
312
40269
12534
49284
92326
89462
93497
44994
14502
21594
43783
9012
18357
10844
49905
97297
74034
34248
41554
35396
25213
90998
85129
28
52027
53531
40481
71216
56214
47563
10987
44045
36866
35663
46253
57597
84506
86302
40500
58421
89928
87324
85701
26460
53987
33964
658
42387
53779
88211
56488
13862
28784
81387
97956
9421
17864
20224
13574
81599
76384
15339
45597
20948
65234
28360
18146
51476
97620
2198
28193
75969
48697
61130
6066
83935
4017
74928
25126
93468
75596
83968
49853
9151
52891
93977
18516
369
67927
12604
48635
62018
28315
38504
42085
76570
66220
81645
58585
46590
97786
61359
64197
9914
5246
18937
99762
41905
28707
66587
48306
99518
69089
2274
11382
38725
16740
44563
21468
46268
30347
73059
21478
56880
3213
76150
31014
67669
4630
76786
41301
86541
68046
97951
94755
68628
12091
57341
92040
36454
25309
35330
82681
82669
12375
19791
26614
34571
30542
88014
72737
92769
74313
58570
29289
18106
40024
38090
79236
51831
63314
34987
17947
5175
8758
53465
62271
59330
17875
31818
49945
56562
1379
33496
21535
6399
50194
48121
88515
81510
58012
797
60229
93749
62676
51939
45897
21589
32994
5527
94243
79092
29860
63372
11407
70991
10229
87090
99389
67256
13514
67316
55241
27946
74041
21809
89801
22566
88405
501
9823
94056
50964
41748
70382
5291
12625
16322
64170
15830
54317
54418
38728
24514
83409
72489
29812
53608
88494
15101
50498
58092
44741
33999
64316
18240
98659
63778
25082
44790
21156
51864
55951
2599
5369
51144
59264
97753
93668
49341
96303
24463
79007
12654
97174
59507
32220
72565
90256
76121
60647
12303
49905
58704
80040
58895
17013
16042
41701
37407
81622
677
65252
97620
78615
45429
40462
11660
34909
56656
84623
66023
90174
30038
86490
38175
1713
80475
14890
86566
28613
38547
16003
42491
58254
10201
94038
2696
48793
29403
32067
56986
64449
8485
30969
51102
6490
21032
81081
62101
5291
72743
67929
61203
5465
97214
51844
45370
93662
29040
21502
60238
22840
27179
92230
50965
22909
64698
71700
90701
31693
76423
7553
48681
51872
36426
47238
90666
65534
44339
48573
25846
99149
720
64708
18999
7749
75323
60928
54290
27968
80260
47613
90851
31309
95030
67443
20658
47523
90888
29861
23380
73330
60706
88836
50656
84630
15338
41520
14635
74565
97834
18462
73827
5287
58112
76340
87269
4102
7650
49745
71804
78747
44459
97099
51031
30151
26279
71728
4773
83683
70487
10510
10255
57295
8097
48590
83346
57863
37751
6746
78615
23348
86626
90464
2225
84734
94698
48558
79027
62079
69125
36893
59083
5971
2459
85131
98591
81996
26545
29088
24930
17281
54426
38578
81523
10758
35446
26372
78867
79735
24805
88361
85921
3919
72013
56070
46579
66773
47332
58390
73427
88469
30874
39975
18452
23245
52517
10145
46863
36414
9739
57191
60286
26018
26278
2422
73940
13469
64311
69450
29624
51115
95914
78560
636
62777
90785
62134
90494
68784
54655
41871
27354
75052
14804
25363
13738
41196
43520
54866
71963
63649
10726
93769
5933
80681
92718
84349
10790
97493
68567
88581
14292
59078
59095
10500
26366
53495
20304
55667
12645
83604
86130
59070
70236
20488
95175
56389
77281
32084
50686
27394
82455
50875
96471
31754
2145
68506
64872
93708
5181
59413
32362
70551
41115
60653
291
27001
7609
77485
98512
24641
97565
56100
81903
1766
42157
68269
22919
72992
85038
49897
72116
60276
73111
17263
86643
64718
16561
11257
66694
35559
42957
28672
9284
74853
68578
96738
62528
2050
66018
8831
18644
54596
13656
27268
25227
87499
31553
37150
62344
22634
83748
6256
84214
51533
41070
22400
70796
24697
66382
3499
30460
81905
54346
28249
6329
19828
28925
28971
40419
65731
71853
72689
31697
77472
89581
69432
58425
14515
7148
20480
19774
86182
18903
3692
52535
144
55282
62707
18680
79375
89742
29235
75904
43918
14280
62565
21918
32806
43518
55819
13568
34785
55983
95174
90905
90969
10701
21669
62222
82943
33121
92471
80798
42488
16668
39201
65036
94178
70102
61196
38058
38004
28165
16981
21731
48611
49690
95816
8709
62689
41051
37159
46250
81183
35065
66563
18434
948
59183
30798
82398
97014
25686
48775
26875
24164
15654
48820
40872
29862
41229
92398
9302
69516
21701
54966
64444
80020
24534
57542
70340
34503
20424
14434
26006
67971
95522
81644
81374
99763
96164
10839
1564
66201
13021
90484
7721
30286
1706
38824
43361
68833
36748
86175
32913
25595
47877
95705
42365
28612
15438
5922
70382
51934
12696
35520
50263
12430
76221
58789
40899
87771
16514
26276
56381
67279
85676
7841
27644
97594
94427
59841
33896
22550
19687
33985
53805
94182
9782
53410
14139
86967
99672
16417
73335
92776
89599
97189
53762
45446
8062
68882
10724
77936
80252
75546
70965
78266
64789
21843
20360
10380
18478
65700
33812
58538
3667
72153
16768
43471
66094
23477
6090
84498
80902
48263
79604
99531
71122
90390
363
16431
17688
8374
70485
94550
51143
12796
13719
34910
80909
62030
88705
87113
61206
66131
39767
2977
194
18538
96796
25275
10241
80343
75933
90457
61869
83480
63575
32106
79652
93942
32006
96332
91873
67734
23019
38706
93718
24591
57784
42720
85096
18518
30940
71155
13159
13268
98022
81470
73641
69850
27895
5358
24194
95531
27113
33967
56737
76439
34614
81064
93194
7529
31110
22434
18603
60374
6552
47878
79358
8405
13964
64355
86970
77390
1131
16463
64118
65643
1428
19685
35035
52363
92292
4077
83301
17717
72193
28825
32118
12426
35747
61227
77847
98515
74720
59476
74380
96026
18098
20375
65266
38772
32678
44332
26935
66811
21540
8193
80118
20570
43414
67707
43534
31394
37048
9274
52095
56634
99706
98970
85888
25811
18100
12982
3007
88057
85735
88103
55510
30949
71628
70378
66150
55343
45691
41791
73459
84609
10842
63821
3292
40391
76448
2500
64949
43363
3909
86906
78307
28989
69928
21303
58451
23447
31004
53132
3127
1982
41296
56798
19134
80828
22170
13249
687
34827
44159
33279
21826
54820
68129
85528
16347
77909
31270
17603
72547
19313
88449
47570
47045
24578
32351
58483
12610
89689
42575
98867
54898
75430
94607
79390
6616
26851
22800
95905
79744
54026
80101
11025
36183
80168
1677
58500
95271
97577
53179
76476
50190
63730
90430
8868
51418
1709
6674
38003
45891
27455
41378
92206
17349
91446
6743
10506
38296
15294
45666
77583
51150
18515
35010
96504
23880
41744
33619
86038
44917
97766
51923
34836
92456
41160
64530
11798
3189
51875
83606
39483
6057
97259
83015
13921
54659
55089
22717
19431
59794
21360
56037
53773
88108
84295
64714
440
20391
12865
65734
34099
22808
75952
52292
28527
72519
1784
78640
4042
43531
44679
89182
60941
39079
59586
70644
79696
5536
17851
39285
58264
92378
19103
62955
30561
34158
24971
44080
34582
24778
65407
17369
32765
43941
78635
89120
28496
37821
83974
19692
9990
30287
42013
54431
44240
89362
80648
45820
27647
68017
6776
22675
75650
69475
33837
77642
58477
73545
62980
53385
49782
43843
77742
62850
1625
59343
45115
53948
28604
9983
17429
92603
96588
23446
90602
95725
79494
30526
77953
96915
55378
96233
18349
12394
61289
9955
35231
61077
69591
60016
44437
48169
44091
5063
35153
55476
64780
46442
68709
71627
18774
28865
23434
17679
46050
94290
69328
51419
66771
54112
60080
94221
79213
29
98845
25902
34128
57420
78296
81216
19394
69144
25219
39939
46218
59978
11725
16420
26232
93323
70060
8450
21795
48023
50281
84670
26283
22074
65877
31070
25948
34122
38970
91678
61204
18176
76876
20437
12283
29236
66814
26687
35697
10964
39025
72940
68998
74592
64838
79396
14787
25605
2357
12117
66406
27157
51094
58107
13450
59647
53437
35402
61957
65841
71011
75419
41963
79974
64159
84625
93935
27789
52083
11878
5034
98840
89251
80951
58356
75645
60192
63753
58511
43565
68642
1463
91332
43246
67893
4697
32389
53912
18730
5202
12785
16968
37935
7862
23030
9636
55641
36310
67120
10540
83036
22154
29584
60409
26621
7450
22968
16597
58495
74408
10466
3766
7513
16957
69248
11256
39817
39311
14559
4406
37282
42859
69221
18437
56513
4165
40601
80685
85278
88538
50625
58789
77213
1406
94566
6634
95907
87558
46837
86908
99974
26420
3999
76341
19838
59323
76159
27302
83000
58414
39259
56591
32713
62825
42756
32955
91582
22459
70552
67862
79282
50671
29191
36044
28634
79734
82258
75648
72186
26066
49871
51717
66906
80065
44841
30428
339
34212
82597
5035
63780
59403
63455
4342
3393
78239
7123
97821
68938
99020
73879
28914
14074
83209
50629
45109
63574
57926
51191
52942
82533
22768
60299
22246
29503
86083
79942
27970
26558
88781
41173
47068
41681
16571
29198
5120
11120
36610
87989
45473
22377
84652
93562
18486
24537
20446
88320
94900
6198
52194
61977
62568
64425
10229
38860
72945
98745
6830
19449
31192
83490
87018
8531
13390
89381
4593
47084
40832
10105
91654
73455
47353
73311
73168
6310
50132
80499
61280
80091
94909
6558
91934
48188
87523
97000
86036
49431
71131
49995
63959
73797
98324
16675
56846
69316
24819
33378
82432
88125
93259
32320
36766
25540
70106
81007
49322
56541
53955
64460
17187
14235
93987
11154
48814
37635
61138
97960
61251
59408
37017
18971
11057
38288
62186
82598
14350
23468
59680
53421
57470
53541
43156
49642
13023
96121
20505
54334
28848
99972
86132
70377
55388
28387
48668
28565
47815
49524
20362
97101
34163
90298
34461
99307
20239
27357
97005
14958
72349
42830
23881
37226
42751
52967
22287
75994
93277
58321
53640
88848
83349
27551
63006
65325
17407
53656
17562
88588
11484
43890
46398
57241
98491
32666
90236
34496
71687
9168
49873
70015
62577
76622
77730
61245
94453
40457
3601
93460
89835
26001
20796
45257
24589
64403
83538
59645
36608
4317
85298
32924
88033
28673
50883
71794
58637
91155
94954
5757
9964
53421
78667
85918
56668
24338
85215
73897
26134
48206
42445
71228
89182
74236
44105
53229
24588
67362
59974
21723
76402
14647
45241
26406
76170
86373
16715
42427
63038
28458
99803
18056
70579
97720
3662
92174
84402
75739
74739
57683
19540
72410
61592
73911
77578
46007
32770
43999
60518
46578
67693
17613
2026
21322
80929
19921
1067
58338
49837
664
13761
55714
9410
31107
6030
43508
81966
29331
85352
14511
16660
26463
79493
9682
30693
46344
77346
43526
60669
19012
79056
69349
72444
29878
74876
56473
20767
19391
72601
48636
20250
27822
57707
25631
6997
19347
63859
3271
64832
86097
55890
43730
16052
67025
85340
12888
60616
71411
53915
22124
67277
34784
52829
38976
23942
15739
62171
90088
91431
51734
9190
85560
63049
82400
70416
15431
88231
82556
31476
28244
6712
48557
98788
24039
71337
50413
68237
12017
24918
86109
4617
36077
87269
56502
89024
37608
63328
97279
52828
32124
11821
89720
11208
53656
85035
27698
25251
67228
82091
96129
2183
3743
93673
81290
98993
13523
29893
71190
3244
89057
76066
88873
83647
37934
1563
60556
46447
11391
62397
89062
37714
63833
85733
73801
50930
97857
33238
17833
18713
50946
43958
48487
89727
41357
41799
71532
52942
73114
62365
70929
10894
34252
10817
56091
72306
9651
53505
22148
72029
19627
25745
74164
98002
1762
69666
41903
59224
49079
18077
98439
97478
15486
3005
50834
27568
6048
76582
39831
91342
8287
48422
58818
22630
7318
93862
13399
56469
69247
972
2787
29439
60815
8337
19502
39664
52604
2874
56172
48910
40158
63829
16723
61694
66195
14514
17702
71407
89181
69723
77264
55494
56166
32146
32845
21127
45444
46981
85346
82045
19959
84560
22861
96199
9870
30576
21335
70656
35306
98079
39589
264
41371
30097
62542
15284
61414
68394
19847
19118
67400
38682
85626
81546
61748
5238
45269
80967
76248
31059
65247
30238
62334
64385
64901
20203
34126
8803
90067
6005
28625
94439
73054
32251
4528
31654
53437
28988
35322
2617
73336
79235
23781
87285
42297
91118
81292
59845
23392
33241
12119
93603
65298
74572
32473
40275
16657
28382
6034
63164
83462
66531
84052
71172
87867
3193
90178
41863
50693
1356
7156
85427
35583
29793
87544
25443
35378
38917
74835
52853
79888
94034
31269
74538
1344
57722
15787
40570
41075
9235
21693
62930
9973
7360
49719
72491
85983
64472
7158
76232
99210
61398
67672
73548
21214
72892
3333
48149
74440
32132
27757
88857
47625
53316
58407
79387
74251
15517
41625
8778
69744
51296
5397
61751
98723
1694
74144
76848
51887
25419
654
48862
85838
56622
17385
22807
57593
26792
70001
57121
18719
75998
92285
32836
89585
62308
64831
41547
6074
4392
582
97207
25131
86265
85405
72255
25140
92754
88241
28423
14255
89478
1679
54300
3287
48137
63820
70986
58294
3033
23422
10906
17403
5608
76295
74220
60298
93831
82611
4781
69038
8720
59031
69140
31690
69840
70201
46942
97581
82735
36366
27396
95459
68862
75998
22295
16136
7483
25252
91320
74583
17316
7057
68565
67361
60246
68401
86051
97114
86656
60197
60213
20269
86185
49167
95415
72111
89243
79629
12873
70673
37098
47260
53531
94511
1285
32573
85378
32421
20536
38741
87412
26497
67163
19247
7109
11892
29499
26684
37439
13923
97443
42811
18007
98522
9383
54387
92242
67039
86412
96636
67380
19652
15191
25086
42880
76086
12497
18898
97329
24499
76787
92901
5971
46520
98068
82842
5471
11640
25548
36430
15570
88233
51140
47095
88265
6521
10877
19238
67898
81694
26137
37420
74738
72234
10537
13081
17927
