36753
34657
539
37206
67210
30214
83197
6062
60138
54154
50274
63132
80717
19305
24612
73128
81370
26701
54903
30000
43334
76960
73563
64781
90423
43435
88779
21629
95971
55056
39122
78835
76214
99713
95805
38743
29393
95804
84235
38075
43984
29284
24450
78523
66916
31356
35387
9103
26943
46754
19165
53457
42607
81669
13767
48134
10849
28293
9447
87691
16487
13126
71432
37438
45204
26768
200
71877
41027
83142
62151
7454
94552
44417
95643
75909
7486
64937
43361
82651
52016
41039
82382
48153
10995
91050
67683
54737
448
76268
1407
6333
38304
6144
99374
74855
14671
70146
98975
84884
95395
34427
34996
85070
19174
77335
90194
28236
71455
68005
92792
51840
38000
87978
94221
97661
86520
36226
76786
8226
19416
20821
25110
17544
10834
53490
70440
95748
92333
96875
72711
44665
78261
79724
64566
56861
9920
92313
28843
72998
17579
95299
56102
77617
18851
42246
11007
85423
30688
3682
13176
24045
4748
84308
22258
77854
24161
30705
60315
43271
58479
12702
50916
19430
59645
75023
36209
53472
13639
64570
61930
31846
11110
18007
99791
899
68590
18327
90568
35717
19217
51741
45818
72805
18848
34141
75381
7061
15121
5968
26602
67397
28092
16945
79802
75345
64223
17815
52618
53547
94594
94480
7059
74272
5589
82582
65205
46698
24405
90160
57707
6770
29453
82408
58970
46079
98105
10308
60932
44255
25670
98531
13721
45905
99317
56918
37261
43405
62175
58137
43172
27665
88083
29453
83881
45160
27706
44179
65726
37369
30555
44935
47534
77866
33626
1590
6142
24942
12443
55389
13795
24178
18884
33631
65261
61504
95553
23779
60128
53102
36769
83368
32547
54055
81246
75590
29329
83571
94490
69379
15149
98309
28548
16494
23187
21313
94458
22107
30698
67304
86473
99579
83413
99361
79951
15576
52904
66214
59298
778
51352
69032
56041
49433
46891
91296
97448
67951
30095
58228
857
9753
59911
85345
57429
7482
55071
99211
32019
85900
7520
30686
49863
60788
23359
66240
43980
82848
45520
83638
90556
87520
34041
8752
72155
36703
44673
8337
97140
26812
2855
10590
4891
28361
55086
93891
49394
9343
38006
28732
74695
78076
49446
32039
4027
68923
52389
67876
74205
30446
45769
47557
86068
40153
34471
34648
75803
1358
83208
87854
76647
29153
22556
12743
85381
98984
78824
2364
48094
90929
39067
75977
99644
43808
85695
24757
61414
90787
14347
67935
83367
97875
17813
65831
90381
5801
79269
72342
41806
84155
95396
85035
19909
44114
339
67458
78841
40041
41497
31971
44286
86852
32404
47269
22773
17195
21424
12733
37614
8097
95093
70471
89135
58981
29722
82255
98700
72932
54264
23229
47990
67481
250
59707
64497
83683
40336
6724
5148
55841
15043
91690
81333
56332
64739
27268
80085
30961
36572
99858
66999
32585
5574
9071
45399
40951
72507
51154
69685
48670
61156
68961
38104
20637
7277
49426
2351
55720
17175
48799
74547
43331
75276
37734
10760
54365
24205
49114
73026
58247
31239
9257
18341
55984
36388
63563
9508
97982
42909
57092
40971
70283
19501
19126
19640
58810
58433
83206
63972
93844
28588
70088
81376
9955
64375
20106
86842
44459
25397
25851
56127
86176
44949
52438
54106
20744
96721
47983
99835
97773
21059
81912
38291
41727
99222
36400
58523
94052
7322
30537
68148
89661
19666
2836
97417
55126
13512
58092
42064
36265
28577
99419
23248
83153
6090
4653
85949
11174
90193
27983
7518
9849
42705
51491
20016
71661
82085
52067
25059
81712
23389
47664
24322
72917
49518
29398
17360
93616
5796
4733
68910
33965
7795
81743
50585
87245
2411
62881
94000
94237
26026
54784
31251
24949
68203
93337
82598
87466
4636
95492
87701
73329
35245
6318
80370
73873
45924
20578
20251
13635
64750
23892
68054
93193
73296
98922
5566
68168
18171
57190
56823
49955
18046
15988
64348
10837
46070
75789
34139
32491
44576
44774
23478
85116
93326
68760
26794
99013
35096
88780
35884
7653
99466
70755
33711
35890
22716
27519
98050
59415
92351
32146
28823
20651
66194
84705
43231
29998
87764
25364
28848
73890
74133
25949
90696
87364
59109
79874
60779
27334
94030
97801
23401
5194
91645
70463
54427
93821
15738
81124
93643
18701
23386
96055
62899
95080
78698
50938
9822
79283
73516
42049
36939
26404
54974
82429
40337
9437
30005
72863
57628
81606
27017
22027
73076
62021
90250
81947
38462
91772
59312
76428
54844
87487
66032
5674
62320
13296
91210
71411
69951
24153
83839
58154
91760
86725
18368
94874
36883
67580
39874
73764
158
22106
48398
82408
38547
49418
15349
43532
34493
24836
16320
13100
29849
95168
21925
38878
45138
24629
95797
30592
18501
20275
80339
78753
88707
51097
86879
69416
65012
22772
78864
3205
35608
66261
5825
11698
6696
36334
33090
21990
11484
44553
59407
67766
63526
66116
22269
66312
5116
97228
14065
7573
89491
47957
26667
83930
28678
76212
79423
25372
438
95994
88868
62517
54028
79821
9765
29183
81625
35140
92694
8764
82942
4542
80961
85440
59816
36800
22461
12892
50611
49898
14720
68615
9391
82996
9707
94378
29664
56042
59748
38729
32031
62593
43713
13321
77822
93941
5408
81155
24521
93089
69171
17763
92232
13113
13657
99517
68193
39271
21544
83693
7258
49953
77158
98249
75356
64003
37400
82437
99219
11151
51921
48642
78897
38653
25099
10645
25619
42848
63380
21680
38428
29143
13344
66799
24029
32781
25404
20289
66838
80270
93603
30640
16853
33382
63017
90639
83869
14391
98420
13791
7779
90166
62763
85117
60626
62819
63143
13164
50798
80260
83942
77371
78101
14621
44062
27891
93186
84877
75790
13664
22699
39528
25744
99929
28970
60205
17387
14093
53496
73411
16742
50955
75701
87509
42358
47118
48037
19175
56312
96035
5300
63539
67162
34201
37466
4869
33267
22852
61626
31887
26803
35822
64612
92617
20853
52955
94426
6601
30834
66647
65328
36572
4527
20126
8300
87742
98678
32679
28717
55579
76098
6254
45385
258
63859
42909
92974
74499
43938
75158
14410
17701
35183
88895
82373
20294
21398
2571
47724
75888
96479
37505
61065
68628
55189
39819
44621
75238
82990
1213
24144
61301
96361
22496
11728
15333
94423
13754
11989
25675
31951
90748
47477
20196
13509
65288
57107
62515
48949
71900
91329
13557
7769
14271
95271
93250
38555
98407
23388
90594
98564
91589
36049
89161
9298
75726
86061
9489
77320
26086
47891
98066
68127
60523
30912
57953
23866
16796
50288
71522
32056
19428
87168
22923
40611
24966
77966
73495
34309
89670
9852
99524
12858
54162
44372
2378
18912
52268
71205
58424
80203
65621
49260
66316
4053
22583
2126
11182
40242
43182
22177
44201
80642
17461
17259
21320
5120
42185
67618
83433
247
1020
41714
59457
74773
53048
3645
86060
50039
79661
80348
52366
13411
58297
8612
93899
76341
68179
32676
47744
10801
3668
29035
89980
85239
33347
49670
60414
81749
93116
94727
5164
47990
74204
1345
47661
19032
35179
19887
28676
85819
93094
35253
41737
7702
11720
74271
36134
40195
70932
92293
96075
3355
706
64208
55982
44508
96771
55382
70722
81734
60627
13793
49683
677
35035
58030
5308
44809
85951
29712
55589
73553
31786
20885
8732
7334
40596
16257
37934
53988
41518
2902
21314
52595
37610
27061
56915
66644
67913
52478
90376
2614
24802
69524
21394
43657
81132
36508
92129
94058
33417
58051
30691
40764
5263
18143
26779
94552
99763
75438
9657
62331
25748
75387
17531
41470
28353
72255
31392
963
9929
81123
79717
60907
97438
11556
4574
89860
85860
88239
57010
7872
90011
12684
59155
26817
34854
58424
45913
62128
81080
30218
64987
81100
9883
16215
19497
80544
32156
66736
31912
43374
11350
87625
89323
70791
11449
3285
9834
36284
45815
21677
70114
31598
77419
22799
45705
28514
65094
56291
66027
2833
87095
48377
7974
11772
52982
2350
61375
8924
93070
63566
94112
2839
14693
8467
66702
14415
86889
81099
77130
71636
44504
20792
52708
61498
52492
48944
64695
12197
70465
63973
37926
77793
3172
40095
76465
25006
24603
26021
42387
7640
18827
65211
5083
94564
76745
30725
59812
76455
35521
22186
7955
56849
90396
88020
84878
94886
52786
67827
89492
66861
62860
3969
83068
3650
42612
94240
71149
75430
22363
22240
86551
18230
62791
18141
34605
59577
472
34213
81248
35698
76597
66518
97465
89462
7639
40870
82002
52631
24913
48636
35537
80383
59802
58076
75714
84025
26714
17729
73712
83784
27565
53602
42112
41083
81654
18902
43
43736
67779
42708
18325
22773
54713
94580
34158
75463
15612
51185
8869
37841
88861
53264
73412
87582
73505
99929
43756
27081
3241
56260
16014
50265
71491
57712
27874
88043
96237
96780
41320
88679
27553
58808
69241
16661
72641
8326
66793
50408
79392
21722
51867
68792
54315
24273
77600
6798
58802
49373
81006
74680
50775
87310
74842
53468
43538
68237
82737
98409
42494
42530
33336
29353
64420
89621
57822
23699
40706
4369
51419
75294
98103
21733
92328
13455
18221
86084
27002
17491
98276
39532
29116
33992
86871
92611
97576
27701
24494
18718
82273
27451
25631
99227
21040
5379
91969
7022
59898
29974
73838
15801
85786
83596
13236
57973
37952
81916
52729
97421
88325
40818
78953
5705
54602
51518
43870
2888
71660
13321
27050
67174
72966
94531
51843
95421
61124
62648
28587
82408
91903
68897
7067
44355
38329
99286
91340
73902
75511
20385
5186
98736
40534
95821
59030
66840
11851
93342
21470
22079
75932
65307
65243
87114
4308
58470
57502
9579
53671
83212
59383
37766
7330
29463
91388
30385
82765
24256
22899
33365
8673
46754
37564
63730
9216
74955
24286
16254
66645
33195
33996
25710
90217
18511
27348
46637
18815
16039
68804
60489
94893
23651
33561
73133
59191
45117
73477
13193
27273
49551
81116
81518
90065
20453
47132
78549
29431
95213
32630
86687
40251
61227
1725
4151
37737
63977
46890
37588
50586
60396
77098
94363
38058
83617
84356
92129
19378
41526
90379
92685
98338
64934
80540
43068
51037
37484
57364
57790
51184
52249
52114
22718
97680
88000
73380
10847
20367
10862
9809
25506
16379
66423
8194
30596
57267
28139
11470
54820
78503
95784
66272
1507
51883
26857
60999
10339
94839
76124
10234
20882
69598
15506
85189
98592
89225
65423
41749
10155
35760
30497
57852
15036
66164
32237
25602
73418
72252
60228
22536
61373
22762
90997
85850
11213
57304
61245
87728
21481
52916
69689
41313
58099
21622
77276
86437
72328
52506
21148
88580
93661
36383
84166
48256
72614
77147
49490
95037
13008
23192
63601
55337
46670
40334
31362
75435
63377
59742
37253
45996
95791
2729
77127
7196
69542
34475
28316
82883
52539
35095
60842
89894
12475
54064
47489
89521
79074
21730
95241
97319
43450
73851
12053
89859
91259
51977
99795
91529
71217
95120
94085
15439
6364
70696
97033
66817
62928
42513
65364
4150
56252
10357
82046
36109
65416
68344
22295
2659
39543
62590
5464
71732
88396
82969
98004
59338
53961
23981
30764
31559
93331
1667
89729
73484
11729
41958
17861
58468
58931
6781
96299
68016
22832
48453
39549
8815
46567
38443
43211
74889
90535
90883
99041
40472
23434
2087
78642
32916
93756
88976
21904
74074
63481
86090
33566
31320
57525
87959
56829
34487
51573
68387
60834
55685
39034
29630
7880
43422
54398
62683
55394
20567
80695
36837
36233
27079
59000
76217
92179
64563
44151
63556
95429
19124
57897
35289
11967
42342
55401
6511
51381
75312
63576
73749
77791
77067
54751
94419
26150
11984
58352
85183
3326
18211
32394
29144
13171
45270
36346
52706
71580
48219
9534
75646
32909
78218
51334
46245
92104
83403
62772
6722
8531
10241
69346
78953
62629
9396
6114
39896
7289
40953
92416
46344
39813
40287
9668
6607
17861
27032
65812
45782
99472
4610
48599
21394
74317
62577
96180
72513
6174
4763
74392
93827
90393
82976
16694
97043
18712
25876
65768
83680
96935
20171
8052
98860
66170
73567
1610
60352
76929
72065
96394
89162
74996
41562
10563
80852
57736
71900
55734
70658
46532
69194
82073
97000
72077
58464
30647
89830
17084
81313
49557
39393
29426
10331
35855
96446
72482
15897
93856
83006
31180
3781
43969
13521
19946
27767
80488
81432
8867
65087
93234
77755
39358
79915
27996
97059
35761
76405
99659
758
82678
2221
99436
63629
734
90718
75765
21043
9056
81759
73769
62908
65418
46648
16219
28383
67928
58287
88074
69202
51075
29582
98699
92609
49360
42963
44389
31754
89961
42292
11189
68760
34441
37708
41041
77913
54865
74599
92233
11678
61720
80485
54538
48815
18015
77391
65405
26985
7266
84436
94732
62550
34410
1853
89765
2502
24639
38517
3159
66351
4859
1583
86040
97631
68378
27411
50185
29465
36237
81257
74417
64500
36302
8929
53094
14348
46638
95644
68651
81090
86794
82586
62387
60855
66940
68257
81156
97313
27310
43014
17302
76391
41993
65884
94778
6399
58027
83030
26712
28833
73783
90138
83088
89192
18023
62053
85058
41989
4540
86709
3370
91487
15670
56534
31363
4715
83295
67981
13676
78211
86049
74682
86855
10215
65432
5902
72894
86157
48802
54217
28225
22565
47379
53518
13514
65486
5478
41637
11618
37647
7597
85517
35740
28435
87689
76892
14590
74820
80917
74484
82657
39266
99805
75397
12974
16481
47308
49241
38184
72476
4354
4287
25640
13817
67749
42231
77763
90651
66703
86679
41800
83006
79205
69176
49606
93203
99623
88640
66315
40504
77187
80908
13351
9042
81668
48666
72910
65929
56713
57553
50268
53217
28560
23117
56978
48817
75184
97099
35679
10722
40902
49069
64667
69382
51335
97898
61389
55090
81493
55701
36300
30585
17901
63976
48354
14150
2972
82990
97708
89077
39186
61354
94334
79343
57775
17159
64611
83969
80666
80700
14466
42712
11312
72731
89725
67483
10745
33559
69747
56708
49782
90032
80293
72124
55671
84573
65622
88338
77545
33236
41611
24504
16044
72312
56081
27483
43171
51104
14398
37052
13221
22272
24112
80560
19952
54518
914
96912
83101
94068
93149
49470
58126
50437
54107
533
32516
99517
63239
34347
31725
1857
7024
50374
57947
55088
2651
79960
86992
84909
85704
2712
91445
73642
77773
59358
89994
41266
33279
98875
49688
48883
62320
8019
36354
42247
84082
3000
94009
44606
1817
484
78062
14601
42942
42898
58179
42053
22047
58458
39963
11521
72228
82855
66672
27470
79069
34135
59203
39427
99688
53902
14605
83050
43982
78647
45236
74155
70221
35161
78682
61554
82832
59025
91120
41343
47994
67090
16647
23914
35841
5974
96007
73617
22903
34175
59480
83008
75973
53390
48030
99228
3760
75743
71842
6156
90557
41247
35946
26596
63824
87436
38987
12559
53776
30151
58037
31544
83431
45400
90893
68757
70374
60767
35544
99281
9957
63282
82322
84853
50791
12600
93503
38450
53787
81088
8377
26029
39392
15935
6984
79175
28736
57316
82799
38760
80061
78778
78371
80360
54250
25945
54039
29562
82992
40233
82450
12917
18800
86133
90082
12992
60392
84232
83178
28153
32047
82630
37975
1953
15930
7113
33104
4360
62625
54967
68492
75505
41852
87740
53149
18178
18502
26730
72586
18507
15972
35017
7706
68880
99679
6140
16748
45844
76044
80562
71236
52612
61325
29030
23840
13565
90193
21140
44552
79963
65398
63831
85956
40447
1423
36580
76039
89307
81088
64989
91145
82334
3590
80339
48595
25751
24788
54683
21779
74599
95512
58411
94640
41896
45083
33618
11831
91027
53543
5073
39923
71667
18596
52794
71068
31268
60859
9507
15622
66663
64796
60647
18778
30021
6874
37561
90945
25085
58099
64774
24477
37708
83694
22086
6034
2552
72125
13535
70785
79129
30530
60918
53110
34341
13806
26994
93527
79894
6628
21551
94109
53721
35005
59484
91455
77878
19748
36626
99625
79991
43233
43601
31692
43160
69171
86488
37519
98921
62198
72320
28931
44418
31141
95415
53876
81508
55577
93716
10843
30792
26255
10363
95536
28134
16103
79471
15997
45060
84616
75887
28430
33593
7810
10927
68005
27261
89420
89364
83049
34447
23275
23755
13630
83554
48820
30854
82385
42789
82536
70708
10154
44942
48350
13500
68515
17890
10623
44118
10264
2979
79339
86598
63764
10967
69497
34486
66539
99312
88155
27247
62663
85502
704
91859
89113
92941
20914
49562
4785
87612
44768
24038
67145
42364
52855
91237
23867
19136
97513
73572
39283
56903
31887
20203
43936
6372
22058
408
80483
41030
12293
58779
1546
80489
25463
70379
48471
70392
83941
50340
33560
20540
17636
32030
78332
72198
4636
53099
63291
33973
62056
75308
47636
46853
88153
82032
32372
98548
92282
46059
71602
75506
79279
17263
78360
69828
81335
74793
34459
45365
89392
22234
36235
93818
37273
46032
41254
3104
8243
82753
33736
46133
74112
63652
6013
82575
58382
89708
99158
35901
42317
93313
33914
72680
42139
70460
37460
55685
91298
70143
83754
75834
81655
28368
27085
56938
5219
93616
40748
75807
478
11899
61860
32979
14359
76990
70387
81467
65808
94288
54602
13265
44774
97071
79903
7996
10447
24216
17538
77982
90140
89507
65416
22778
20126
76280
10723
23424
51205
94962
35955
8662
84259
78062
85269
86468
63310
7471
86169
71388
57573
91538
25714
87749
83114
75977
78247
43107
65229
91575
13350
94756
47114
83015
59160
74953
48969
63753
10576
60175
94019
38025
86108
81721
63812
84205
92766
81116
76716
77452
57813
81958
52431
46886
35668
2508
44924
7427
52180
23279
17211
69228
55749
4330
43984
53728
11488
83995
56348
11124
83832
41195
13346
36075
73294
73820
6695
52941
12324
5646
34418
46663
47049
749
16148
28735
91571
13115
73185
90321
65867
49686
57116
15947
86434
74405
1233
40418
49858
740
1435
36399
1151
58474
86982
89290
85996
96403
72558
69985
44553
90703
95719
98837
32794
32422
6390
18993
24275
11174
90300
19271
53168
31914
98355
20105
71137
63913
26961
72737
21891
70937
30890
98606
32969
31838
86194
83451
14073
62130
1439
54909
89171
80114
95501
57162
38060
75587
63547
66544
89337
79456
85778
30329
83463
19137
48262
18233
7527
39209
48533
73297
94502
99468
44877
18532
65979
39483
72938
7154
68058
66574
87037
72086
86150
36589
94024
66617
14754
35322
20101
19826
34472
60638
5607
5339
20819
91375
632
71856
4247
61018
97729
46598
61713
6675
85256
18661
7960
65719
2387
38820
82835
55642
76812
32448
84452
21777
36669
68664
62786
84222
39578
82216
11812
43092
56221
80512
52921
31302
60589
44417
52789
34896
80536
82163
75910
55073
60735
38597
91973
89508
61905
54115
74567
89737
4239
20973
88979
76181
81807
26458
8942
95587
57692
66664
74898
76629
28411
66462
98877
39803
56168
67296
57926
32446
447
97358
93450
82634
6774
53338
34308
33622
33575
84931
98364
26353
98828
65939
20630
58955
24163
58770
69131
39613
18481
3941
341
21654
84867
54215
84899
62883
47631
26050
57196
92409
48153
90633
21697
39170
82449
34325
8155
25667
73050
66074
79316
48454
81126
48358
54577
54856
35357
77269
68509
53600
47228
84724
14353
26379
16729
81744
80623
688
41733
17498
845
92501
30283
69050
98639
49406
5845
80652
54670
3356
48429
66203
73204
64122
15361
55065
69769
4607
83584
96024
97799
7873
2017
88008
93002
57575
31074
72013
23428
3992
54670
77980
4461
1125
62648
55411
26775
9968
55332
42098
44351
95192
60869
75674
4351
64578
65313
2816
45825
36998
35888
78957
9262
43827
76547
26997
16389
22911
41986
29650
85159
9390
76206
96925
25582
99838
53477
47657
68510
45774
45859
94076
57588
81865
41573
7562
49499
73587
89578
58863
36573
9934
55922
75881
65206
93225
34408
32272
14789
99654
74332
43731
92252
76423
18953
87121
35030
2036
51157
79888
65000
18571
69239
8189
48208
63876
14162
75713
11402
71584
92896
81596
23682
34990
55370
12832
11683
53273
76371
32301
48590
85778
38421
30948
90150
43285
36131
40298
92072
60634
31021
17404
49209
29467
27682
21866
28087
79069
49776
85969
93169
9309
82278
23064
30579
25368
86139
56518
68249
24694
71848
76894
85860
41076
66416
70425
28427
57422
88000
86591
12425
86437
48528
49601
17012
18898
13097
3605
51118
8135
38498
51599
27732
79806
93667
53465
2004
31137
53514
29295
28443
21941
25259
19641
58988
87171
21521
44326
2765
37284
78660
77665
78460
39145
13251
89843
74271
98948
12337
2837
67288
11799
20812
74735
38871
81815
59864
12914
7369
79644
4666
18383
76335
31944
88320
77874
18953
42801
34334
35518
88721
8973
76115
35366
5765
30937
45610
85765
58300
97574
96572
26203
76121
27040
64307
84709
77501
90588
98058
85176
77047
84958
72720
66425
11894
43109
90891
4444
90688
38131
11960
67511
65051
57692
33521
42274
17320
84458
89000
36557
86255
16939
80016
16702
1174
58520
6074
24165
38571
18210
4029
49630
64353
48027
76047
9123
77975
57438
52336
49611
69459
13405
7014
48611
8686
90565
93698
83303
12393
3376
21025
22558
45214
74726
64655
24655
96593
78097
71175
10307
51333
17820
16885
20601
73163
9510
42300
90431
28821
71017
93203
52980
87528
11074
12201
25656
66704
43196
98602
94636
86445
48286
87418
90891
9164
88493
92703
83428
25680
88735
38555
78515
84815
91806
41430
66811
25689
40500
20378
61315
98291
90457
76472
27434
23714
39703
11016
60200
81699
64886
10989
27202
67767
6953
65879
53417
61212
77587
44802
75088
18679
12855
3164
97321
44908
62140
6468
81723
97776
55097
66190
88769
29750
64866
20195
54882
81350
80399
72261
96040
26860
35013
75631
55871
86892
55428
54491
57069
46483
93645
47838
68104
89992
26829
65390
67640
17474
75498
13443
21419
61651
44520
20123
62862
36482
21081
84984
4815
25495
10303
53508
65548
45391
52415
94613
34007
9903
27972
57355
66505
11988
32173
83221
95935
81801
70869
69524
62550
70355
7004
6552
40543
28903
29302
1702
1470
40123
1840
83835
3045
72185
23323
59082
5576
81391
94295
40289
59133
42884
12445
27498
37394
60837
7305
48173
73066
50749
72354
67667
31189
19652
13223
31301
61195
82670
71383
17971
65605
25156
99677
3280
86777
55184
86167
45338
93936
51569
44353
98680
36805
12847
70851
56061
49180
60712
76819
53961
51932
15625
42664
83598
26858
53016
67421
98191
78244
61006
18750
5413
90679
69538
15763
10395
26206
59233
85958
78585
13688
55577
57745
85119
20996
21684
52649
53351
81307
97506
41025
95373
937
46224
89341
2090
1130
51797
13268
53083
91934
65930
91744
81824
30248
25977
14470
3841
50697
14446
49628
7595
19763
27179
99036
57624
85389
9304
98628
41581
30690
68759
81222
69724
57958
66038
18099
7242
87559
51965
62431
16203
47979
85287
3793
86441
46508
44749
17354
87236
57837
26398
22191
37811
67991
93227
62260
66056
3892
40734
53895
90418
88999
89547
86487
87228
70342
59647
50175
13555
18710
5781
14386
47973
35777
25831
40164
42596
78678
98114
60147
51977
59774
30866
433
20150
11862
36988
31279
2772
65838
84171
91559
15163
63069
3585
18150
79952
59454
77583
43988
29672
81835
47649
20130
14283
94100
42768
87502
45108
80156
78971
40118
29557
28785
67920
21719
76087
12646
38467
58720
19870
62030
96641
58104
15851
18647
88543
99081
18492
22657
16971
68615
98510
91514
95300
84449
80482
25847
31462
39619
19262
62480
68413
8197
75338
14713
17147
11988
86394
84537
84484
16027
47948
9257
37094
80398
11687
54699
70343
38770
76292
61731
10326
46988
86408
35542
36932
26565
70223
71230
13707
17590
68037
40776
77516
37014
34413
94347
64791
72509
67109
34916
39395
29396
17920
11058
81438
63580
20179
80907
46142
34167
3564
28601
42965
50902
12187
19541
53667
46624
34773
4478
35237
67996
47533
22486
90732
15452
55267
9018
1225
71110
39961
23291
18275
52223
29632
71422
68779
14102
27826
76684
30759
88075
97912
66678
96811
14810
98187
1162
13510
5288
25559
72618
45207
26409
74044
97583
67168
84523
89294
34138
50323
96066
26525
66290
71690
92625
60015
83103
563
4594
56456
71618
1095
37890
84555
2223
51740
3308
6491
8552
98736
19856
6107
43319
83142
89840
63091
51943
92525
3543
18004
55200
27292
90566
34930
94045
72922
42877
18032
14156
18073
65762
6650
38241
91043
3792
44203
13079
51692
46463
80783
97476
21127
8076
99907
25624
66101
74566
83769
33138
92695
53845
67959
39231
30277
37254
4895
52624
33144
29334
53641
38262
129
99995
93036
91773
4508
76202
14044
83906
91839
26952
93517
7155
5229
17681
16053
50689
99656
62782
90320
61412
8706
41975
35165
49196
76788
90645
27077
8799
84455
82514
82716
61396
90096
9424
93153
67594
78937
8227
23808
53253
70522
22459
9398
40295
75815
36305
88788
9063
89091
1934
25628
18225
4402
89491
64488
19258
39308
23144
20747
48029
60045
11300
31407
77815
43081
41910
37245
38396
81405
49262
86716
12532
96832
30699
10800
76437
78777
34306
47651
31614
58058
29352
98178
18349
35466
3996
24062
38397
27601
88115
5907
78560
40332
46369
61861
55093
51504
86081
77030
45542
8043
14401
7252
67905
62966
98765
52063
40305
59046
6199
17896
8760
83810
45792
96325
43179
47407
73254
30946
64074
19271
94665
11713
10490
96233
36795
21154
13889
25449
69828
13629
15390
46856
29583
96652
83010
4926
53333
75718
36175
35476
81476
550
71595
39886
65227
30762
21121
56901
89605
22711
9652
35123
68671
34074
4481
67592
68712
35114
20400
33145
4084
71785
60886
45752
43373
52392
2827
60702
35190
26794
41027
67333
79325
993
76715
71731
31773
92277
38369
40080
60973
67715
10928
50200
39977
25762
68391
51308
51610
74400
24501
47171
50181
96747
66244
93022
1901
63628
92975
35034
67333
92558
43584
85054
50966
35293
54827
30707
61930
74185
78528
7955
23251
31977
33713
47739
83130
88540
36129
77466
59399
85610
28805
1740
63306
33930
55002
19392
72197
47933
74626
43412
61974
76823
76732
45315
67780
35998
93887
90100
35717
93706
61811
37844
21033
21229
46060
72318
67943
14156
43491
27863
24642
43691
81395
2870
26840
12999
77645
47104
75847
95741
76729
64562
75580
14152
95818
1303
44217
86631
55195
86810
65954
76125
92940
57333
4197
14162
27764
96999
47236
90871
6337
26180
3904
65607
21491
69767
81027
49321
98961
42339
74825
29745
65607
70263
86476
2278
50333
28127
92043
53758
5781
77735
81847
5190
61472
69787
29306
83422
13693
73305
85220
97217
75631
70568
94387
50978
30554
76258
40638
47954
3066
32909
350
73886
42816
63655
24250
25364
85130
48959
91117
65990
81854
72801
72470
54536
65283
63209
25916
62516
74396
73177
94140
90221
98593
52326
56272
47488
83483
8972
90622
10534
30876
94689
81082
84454
4025
80423
67001
60887
84070
16315
26099
55971
25164
15371
46452
16168
88361
46181
33119
13048
61348
68490
58719
66400
52939
53473
69996
92325
43627
40039
38038
59178
57259
70628
34482
41742
98854
80218
57694
79251
10499
26775
72402
249
42866
88361
69796
77257
85413
65265
19224
7054
9609
69840
66979
84509
38176
95838
15578
82165
21405
34777
9276
30561
76731
42139
6552
89339
68089
964
75772
74187
22870
90838
64412
5773
76773
69632
65179
30480
17005
35026
4377
9658
70528
15471
50873
91881
27414
52673
19598
80820
25797
8486
18018
56208
99903
14823
5570
97487
65512
1514
73161
71427
89075
19869
63911
8737
48952
62131
9517
94304
62580
63980
31736
74944
67260
21356
45880
47111
3263
93549
75164
26502
64984
96208
29436
25531
42125
74831
71619
8688
8039
21902
83766
19104
57678
49936
8869
56538
60096
73318
60301
86942
16717
44098
61704
11332
96690
99658
76754
31868
39793
42727
62232
74864
39849
79165
97023
55205
37335
43189
36335
74656
75881
79126
31962
36294
60570
19219
82572
188
20847
36638
59309
75853
54489
10941
56394
57941
71053
15068
55275
88702
39988
8215
41652
2989
51184
93759
88467
95059
66175
22234
24581
41026
62278
30919
61528
23469
96778
42991
2539
99420
96733
57130
14354
46601
57558
32683
43190
7162
76249
11978
82009
91419
43862
14347
97495
74103
94638
81328
2632
48019
70959
44824
42978
96679
48736
59794
61339
91482
97592
23426
75211
67577
89545
495
3632
9939
15002
25478
88620
71604
83251
49935
73097
60828
73809
91530
45949
75611
63673
93797
46536
13964
22697
7133
58714
98667
87018
69134
87826
46164
50850
27994
47681
83034
35206
20402
75660
70528
8876
83235
89648
61047
79358
40703
61120
59989
60203
58151
55562
57358
91415
73811
35257
26098
32435
80670
63763
54979
98791
79600
76130
52113
70860
63785
81423
17395
74870
99399
66922
82020
66126
6389
96262
32856
55134
56784
41890
63066
65958
67510
38723
86819
39052
55949
25692
95961
99151
58670
94064
80098
31196
57964
29294
64227
62969
18821
65274
38745
54943
94276
48429
73843
41030
38031
19347
25450
73112
74548
84178
15135
68807
95339
51818
34063
36186
4488
31192
97749
51682
99553
67156
48412
95628
21014
41147
97215
99407
58433
57735
5184
36996
83291
94809
3041
15574
61159
19065
43522
66831
19968
70388
76087
95090
91515
44068
20325
12135
80088
35278
97658
57488
75371
22181
24998
91419
82145
4684
70233
82960
85681
92248
63962
73322
80544
27187
72994
6786
53585
62749
11667
18951
7815
89869
25048
32426
73624
11318
41210
51190
79121
60773
41147
477
24928
63814
31955
63149
45986
27654
17541
58561
69257
47666
45214
75476
92009
78591
79081
93904
89503
59523
47057
71589
67102
14113
69012
61205
35672
43778
10112
40715
83686
21662
99694
7436
62836
57627
41176
42854
56396
49996
88759
134
70013
96154
26685
11974
71399
63968
55820
36130
94950
99024
49585
33963
43641
39059
62945
14005
49582
84398
54254
24971
67916
28480
10053
59875
29724
47623
86312
47883
98164
33891
96899
28994
385
18162
60365
68164
70545
11099
14461
24701
37339
85094
12934
36735
5195
60232
32209
37487
29006
95644
49173
2713
33206
61965
23958
5412
9066
41552
68471
72447
66542
88366
59773
20091
98794
94848
53761
2547
2169
75987
49361
27429
66993
6283
32997
85541
91050
16867
39161
31271
6060
67730
24076
95929
63257
233
62899
19987
90836
51097
95578
40487
72237
53938
3640
10867
55179
82022
13070
12437
33652
84557
3997
83902
90876
34017
91937
24735
29575
48745
86669
91168
1180
57266
1860
96944
11817
77753
72657
38806
65293
16198
66404
84934
50726
67091
25642
96079
33272
81674
90055
81617
58614
62604
52915
58572
51152
73933
52174
38707
51161
23901
16737
45759
40499
96290
32019
53953
8345
68897
60900
34319
96297
53435
41098
84512
86893
70324
22245
90642
78597
58543
25409
20968
15826
22869
45224
46386
19585
61236
60609
59620
69138
29988
44169
60840
15396
15365
19852
49392
10846
17764
87360
32131
95837
35708
68959
98009
31413
85689
89055
47618
72262
21560
44879
5568
87837
56715
29424
18069
43939
62040
97357
78134
5126
1921
34393
91935
24162
89886
17732
84033
47692
57990
88025
92182
39707
79629
37303
86901
28691
32007
72170
93281
5071
35883
2822
39356
10443
68467
39775
68889
12107
16863
16487
98926
67915
45881
54693
51848
21251
14931
96334
72153
4727
48012
13539
40428
2649
66098
79463
20985
54779
58402
58203
50036
28245
48843
43928
1792
14703
79760
98601
74369
51884
20908
82210
95407
91219
66895
63936
26278
32282
86951
59679
91483
48530
61722
41874
393
20170
66703
18338
35880
17792
35981
46662
92767
77291
59067
96028
83729
45214
41959
45537
13011
46585
17570
80723
76541
74034
78312
61248
55423
43932
81309
91082
44235
49681
43635
50489
95344
49697
54249
36381
75431
82775
33133
46527
94918
21540
56129
82947
92689
10923
36827
17309
99729
39144
26855
74668
36509
50942
11080
7767
96340
43227
67483
26563
71021
23946
55932
46414
62918
27605
2754
97483
36920
77300
32613
55194
89772
52246
99584
31971
14663
79499
52561
19855
35360
99213
85118
53380
32818
44873
23153
38171
2252
29837
58468
75519
95974
53327
2584
74052
58607
76503
69695
13537
66593
21514
97658
76075
5110
14581
1244
70544
6932
53298
29837
67341
81347
13338
90794
93036
81856
82535
59658
81758
15306
12356
43132
17905
73817
47060
30892
48206
20750
2748
36900
28305
39750
38926
65423
55046
13064
27251
66969
50269
85790
5236
83218
15401
52384
72740
74033
6938
64651
61486
62229
53173
74385
44886
71015
66925
98954
29647
95643
79297
9929
84473
15445
62322
43977
73396
71209
86366
53350
80613
86971
9214
59752
16388
10820
43032
68825
14976
72310
78658
50072
45263
47351
21876
56518
13014
21961
73640
34750
50578
27722
72849
24322
46048
92855
7797
30608
5103
11
37449
55347
87808
73061
28808
8598
35127
93800
96014
6931
81441
51965
48823
13770
42881
62803
49359
82381
27385
73478
64374
6712
75825
89244
43186
56766
74023
44300
37393
65534
23668
19802
28633
852
30743
26173
45390
89676
7168
53282
62624
94418
45115
11817
52077
21733
85558
18765
90650
86218
83025
58594
70986
81276
13601
78422
63032
46017
52193
86105
44759
52023
63767
23897
97220
141
93694
99878
41892
8271
61748
78869
25343
22074
21442
20128
7673
76877
67683
9610
96265
2688
60851
84961
24760
4718
5526
4604
10967
49582
38147
27843
29757
64
67083
73293
49212
59650
24457
96068
74047
47938
83175
47302
15938
13262
47562
68229
92942
83079
19612
12238
9264
16244
9396
26215
61396
84275
53956
464
74915
47242
95423
13900
70166
4188
23109
15386
78966
15799
83116
5691
78610
97610
5804
30936
8156
95027
62919
19132
21345
84822
13876
42396
99234
80266
3303
29304
24211
9262
31070
47769
33360
98841
26890
49178
17943
82287
52632
98883
60198
5711
69307
47056
32466
75145
10744
12720
50273
96269
25518
94825
70692
26175
99456
51065
56789
11302
49344
57592
25609
28867
73177
45945
27185
14527
71289
46959
16563
88318
70073
52524
55840
73263
67915
34725
77394
74693
15167
23697
2564
9152
78610
5712
30414
36324
38643
82600
24987
73196
34611
31691
92297
41015
89481
59637
92892
81152
29919
11857
91967
89771
86620
92698
13720
97563
26095
29631
95719
50753
92277
52416
43547
30416
51143
51445
66289
83499
70083
3758
74921
50783
73172
9845
34183
36013
57953
5296
86435
17471
91088
26690
33774
17148
79637
74737
32034
51095
46843
16002
676
22274
87661
64288
86808
84160
45121
67676
40705
20855
59937
45422
34580
31716
43960
47802
47959
67625
17430
22414
1148
16322
1056
74440
97268
25365
17335
95124
63474
84071
48483
79634
28605
78859
15355
40022
13776
53461
73076
38537
79314
69933
44644
98861
94574
94207
94417
47294
28014
60687
48699
96372
8985
70314
81795
33317
12006
49176
31479
15367
16187
7630
40699
12979
62215
78080
81109
54821
31544
64531
13268
9760
44153
26896
78142
57391
85388
17364
35381
18598
59200
33572
66278
84166
15983
80734
15374
86783
82263
34059
63592
91504
15411
46641
13655
19690
39317
59365
72781
98674
1346
77821
534
16581
89642
75524
87044
61623
47842
17574
85367
97108
4352
71659
66472
26343
19026
66305
71379
24921
55740
59217
93791
5136
45580
13364
98380
80569
8987
12511
8759
84577
22915
46137
83916
26749
4919
88397
32169
10249
5892
89243
6091
59533
20834
46472
4376
74396
64246
42582
35560
46294
85992
9007
8528
51054
31099
81531
3756
2629
56846
17489
69865
14197
71247
34409
70892
202
90007
32944
94370
19690
52773
4277
1861
41270
55483
56896
57960
8136
6735
46498
81504
12796
14063
96232
49071
79211
19605
32233
41133
93075
75874
71583
7509
66066
93017
37298
20137
80209
20187
69455
30243
36702
21243
99576
79386
55281
37758
30518
6637
52176
84465
84361
94479
26990
25606
70336
51727
3982
34700
51171
27426
38405
10121
67693
51695
72029
35287
89272
39127
68470
56793
68433
4960
97960
50809
23274
38748
95811
80223
63406
62330
62263
15535
41359
87369
42319
96384
28411
36100
57080
65781
93933
8543
55616
23834
80096
77037
19994
19388
27230
30283
13438
932
52599
13228
40716
4466
70861
39265
58065
13715
54604
15013
96258
89503
96279
1474
95813
25841
60157
14020
71280
76388
57355
10360
95689
45350
83131
3201
10348
96155
43722
40055
33547
57137
76487
89947
66095
49724
10887
96508
79197
29837
93525
98047
40500
32979
99622
17647
93779
95534
77419
66625
91448
31404
33377
44610
24834
69123
44642
87967
85848
29994
7166
23857
37314
39956
30692
27235
96853
92905
16889
88801
91501
23554
11244
51647
31506
69313
5984
1347
65277
99275
79560
44016
83668
13859
68978
58672
70609
81573
1402
18236
84353
29691
76447
17707
11048
43295
98162
33974
58849
86542
58090
62180
33379
77701
68341
55191
38720
68891
20777
58033
5063
45307
70713
27396
88041
24092
23075
54741
96728
81534
94822
62828
15980
60899
46032
69115
19775
99880
20694
47017
55096
13951
78077
26585
88869
78411
2869
6716
40705
28118
32037
6127
17013
83026
27329
17554
69563
17578
35160
40327
28285
53477
19466
23235
93916
36183
87351
29396
61325
70755
68402
5039
98109
77712
66837
50517
15765
8935
84046
7745
44153
37126
25751
25713
47019
99845
68548
69486
12685
77955
3477
29881
18243
88139
31850
60628
75190
19433
53398
5227
29844
41250
48333
88509
245
28853
17015
30571
22425
23437
95270
42459
16461
10752
37220
61289
98125
60839
76870
18763
48547
94105
73053
57631
49869
6886
41227
22708
20509
62574
12306
51506
52602
32540
3464
7847
55043
23842
95527
94030
96692
13650
84481
13150
6401
75541
98512
96492
4319
83948
23531
54046
22114
21506
38933
79918
65985
13354
42416
14103
80406
67321
46031
27231
1633
34114
34505
6752
80332
31083
46569
41748
1737
75625
29377
20957
49432
67196
91135
52047
35621
25257
24056
30395
63054
82224
4545
3192
46722
34345
63325
97424
452
48416
92465
39844
11375
35498
41011
95485
97619
36291
91744
24080
58622
67462
22828
17357
26519
4168
13044
88389
43587
48881
33104
32501
10986
65528
8101
50579
83283
38970
5463
7060
89260
91094
87259
5431
54790
95240
40010
84850
75133
64672
65361
57111
59286
16190
67461
2818
38401
69805
81685
96930
7293
41529
55032
24001
28123
18094
85893
23282
65626
28782
15489
91734
50833
38959
98130
44555
92780
43727
51122
99186
9038
49140
94016
71931
19093
17508
77873
45263
86202
19710
51364
97882
1495
78964
8210
99539
66276
98342
85380
64073
84378
55227
49759
37099
97944
61630
44410
12180
65732
57875
77424
73714
99113
49941
62289
38802
41566
84685
26611
63945
18440
17777
84902
43073
81622
662
86820
90206
21257
24148
53543
1164
79383
60917
37205
2631
33637
3736
56247
63239
56465
80329
85511
63590
46258
20309
73671
22478
39031
4780
8463
63940
13292
77304
39614
90731
43772
72852
14770
84311
25296
15499
71250
94159
49653
79023
16968
190
40795
95442
86348
34038
29913
83492
79420
20961
95406
25417
77480
63365
1923
96854
86889
70643
63757
81736
71090
68909
30478
8802
42366
39890
75899
48769
28297
93095
15607
91101
76251
92547
59966
27966
97855
95799
11487
10776
12113
1976
49313
3589
45718
57130
69286
8318
75110
82187
16300
77781
6020
80058
64304
42898
20654
59714
37326
71336
31887
32262
88003
93972
28338
46155
93491
39697
33682
71196
74887
7962
36108
54366
13294
15389
30390
58258
84420
47864
64745
38208
8624
15444
96345
23174
27207
14810
83909
58044
27566
78774
86602
4418
23740
4903
74482
38473
10462
87423
12937
6683
17653
53789
91665
89705
7066
22405
68875
67599
68065
74777
38166
55589
28219
74903
26100
9925
437
3662
60743
8115
12510
85085
40508
4366
6598
95978
89597
70482
14466
8028
12586
26056
80748
76886
21538
50699
60360
97297
38939
25622
58497
21044
62993
96911
22865
58546
1467
49291
33855
25121
95257
63133
16451
39154
88297
83742
78373
83122
24538
66458
95812
48956
5111
5205
55890
41112
19525
28568
75644
18260
12744
89660
21992
22686
21247
26002
80983
69851
89744
40652
73898
29447
42078
74347
92608
34250
22327
44359
98717
58770
15818
11636
42759
23731
65078
11767
85962
49944
56509
28293
72732
76516
7671
2388
26426
32938
2403
92417
60145
57413
12600
51741
41080
24085
24282
35476
59034
80087
7976
57211
69842
30143
62867
60790
90064
19892
2761
98659
36824
1033
42190
14758
2377
17268
68844
24178
89019
79244
65697
86673
23810
27588
2711
90576
47919
51934
83442
71370
92661
18894
55970
70991
38985
35756
94487
35633
44770
81045
44660
64395
80448
45343
60541
41359
90826
62871
86826
93162
18031
16569
13502
93589
57038
75115
47377
94971
48145
61463
7016
53026
57908
34850
37255
80856
51268
83886
19197
74908
12834
6728
59325
81765
96614
78223
93773
26803
53344
67586
92311
63632
28602
59108
5021
47203
74074
29520
13769
14129
77284
43186
13282
42384
60732
78601
76603
84809
45736
34680
84902
7881
37587
46531
82886
60580
87822
85996
38274
79783
22354
87242
36917
39449
5377
75618
60930
18380
72202
21381
75620
93350
10058
98246
33732
94279
66160
65014
23364
83990
36377
36926
51384
29580
55386
8248
37076
97021
63708
8139
19744
20894
28194
66017
85577
71319
68198
44902
42929
87655
42881
64383
58022
83534
39977
53221
67472
24668
95988
67773
17284
70579
67131
28597
57654
1339
79451
45820
12363
87874
34900
85790
73260
72557
92596
19900
11382
10720
88366
9508
7887
32518
80100
4402
81779
53790
92100
88803
16748
64930
71725
76529
80544
28789
4723
55568
85764
16584
37368
28611
98287
33256
63803
78684
37001
9704
78573
37263
51074
82407
24317
38641
2303
34526
62358
22738
91279
10600
27166
2132
94459
69870
52159
12519
23100
19694
3587
5059
84903
28423
82072
72225
24195
53284
6579
35703
58075
29411
65584
94350
13935
29920
20440
74817
549
17219
15515
35315
51101
72930
93373
97453
96450
93556
19949
74036
5052
46452
92272
57251
93826
73294
74717
16074
32716
44169
61121
30083
50375
81297
99362
51404
33090
75903
80033
2310
79654
38440
217
80617
75202
19295
36804
43138
45796
16967
93660
76842
16099
23482
33823
51620
54393
90991
10219
82610
98222
46379
40809
50132
44400
51463
68903
34783
39391
91897
50461
19478
74340
93346
60049
54536
41186
5235
75862
24325
18213
81853
56111
18782
59190
54964
87506
6040
58032
75358
45511
16013
23309
5054
70608
23775
89114
21656
88930
44986
26762
66592
13265
32869
1318
75588
14410
33956
53505
91122
68953
12877
39465
19783
91819
79588
67609
53782
30062
30486
85196
68529
70453
31470
36877
73302
92600
94840
31306
49273
58584
38096
38246
30730
39295
69670
29229
47299
12102
12656
26338
34705
95216
98347
80244
93084
57108
6512
11792
51540
12888
80911
90320
71354
48760
33227
80913
7752
59270
67762
28738
40830
80300
63958
96344
84234
14221
79245
52447
67251
93161
58658
97162
81410
44863
19925
24939
61774
8364
18806
4991
49026
42258
5849
99905
95501
17941
6742
86302
76166
87167
5921
8104
28026
83842
10465
84868
10804
12701
87599
10527
62407
80600
20364
27293
1147
22570
92095
68689
27794
64858
50858
15017
8693
13730
31304
5153
928
44783
63269
51800
22726
49253
61913
38528
37282
61472
75651
93326
76508
24693
24575
76913
55764
14966
52259
18655
39215
95061
51388
71979
9019
13344
12287
42131
52992
87818
25774
49494
73124
36075
7594
95683
43483
25757
79695
84460
29162
26503
40241
47417
70550
50551
51153
44249
88526
15048
54812
46452
81010
84452
91200
96348
3134
27106
70347
3009
22967
32432
18050
63491
69392
23116
43738
45154
21369
77356
79607
43314
98565
97470
20831
98283
77207
62729
45018
46236
49513
99634
19465
28191
30840
36603
21471
77512
66831
12325
14688
46263
8110
77655
9589
9101
88534
19703
87465
80187
55028
62388
80676
24117
59272
58502
58113
99750
22642
99789
69869
41501
80664
71895
85951
74021
4533
57246
83726
14195
35809
38061
13620
59576
52825
2690
94397
38614
42283
52015
62027
98768
79905
23579
38506
80089
74791
8838
203
97167
69242
1865
68415
17664
73423
42811
6578
89770
68862
84753
87201
45313
7273
22493
67193
73801
36044
15031
20654
95652
68387
45625
22740
87525
15858
53379
89630
16835
22613
6783
4657
33161
4965
87232
39107
92010
59460
4644
71893
46834
45701
83512
71403
40983
65115
4666
70020
75022
92860
83801
57946
27
27185
35352
30200
97408
74333
45170
74963
68918
4775
19160
51942
15930
94662
6806
22094
63166
23081
57907
59678
992
44768
22999
53280
51064
67594
7079
3625
97227
7420
12491
60984
38173
23498
81297
83147
37315
26645
57675
55261
70294
75473
50739
30432
24580
6290
74350
65139
44928
26226
72046
45312
30906
13922
42866
51765
65641
26763
47304
3932
90244
2559
47635
69721
72048
44705
40423
69152
29396
78990
46993
5681
58536
96742
91732
12721
22284
23003
70830
18886
67445
38805
68793
19118
58242
81567
40205
80573
65740
52274
44227
11121
33692
13275
81588
87731
20887
76972
29855
56717
94868
10460
11850
33154
23855
14971
47168
38063
75670
91767
62841
93852
25951
30660
35447
66974
87484
18507
73644
85676
20583
34098
87769
58140
77144
56932
52882
82522
43190
1180
27485
58020
99626
1427
57401
92997
8271
28996
18907
53420
49317
74200
24115
95816
82405
52532
28141
19522
27374
8251
40563
32791
76958
7872
52305
27121
60892
58380
9873
31393
60754
83368
80644
45658
68729
73992
72257
93741
49580
60788
34952
42397
88254
70420
56640
43070
10888
95000
8798
86671
97434
69473
3847
55889
24051
10095
10028
60803
91852
66152
6548
36412
97390
83234
3032
92868
75140
39149
56776
82959
91819
23392
65995
81974
91909
75934
31203
58291
66989
87365
84655
91514
1670
21523
8106
92207
86892
48661
51537
90920
22091
60045
41505
70464
59694
33247
79711
16788
28176
74264
64561
55901
40527
85788
1833
68875
77950
46123
76610
42267
66361
23566
65123
5877
20052
83844
98273
25444
95244
94052
24610
5234
29663
33422
81915
92416
34391
57842
42106
45215
39969
39964
95232
28782
19100
71483
37030
88208
70285
93773
57504
93321
50767
11689
57695
3541
14344
2088
40241
99109
28279
6000
96547
66135
51114
48671
96070
42416
42188
12272
87567
88281
73402
58157
67705
18515
51703
70386
81861
6457
42357
59609
80737
4817
99796
34152
61063
45902
73736
93683
29404
5349
22130
64462
18361
49641
52785
18324
54566
22661
75505
8717
65154
78902
84417
543
95680
52515
65506
15220
44139
21209
35548
83172
8585
90119
13707
80543
15518
72723
20086
67257
19496
92984
84032
64978
96167
85021
84599
24737
23711
92882
78250
98525
42454
89225
62136
52711
72568
68591
99363
25943
11163
82406
49220
64929
86044
91296
74648
93027
17864
86970
54871
28815
68247
87507
85701
38480
78898
85895
88994
34618
60277
51308
40284
41715
53104
99496
48900
35895
96999
28557
53822
31277
29594
41395
7761
59556
54847
60560
26175
15208
8074
81206
33039
29063
74414
59209
46950
2779
38750
27227
45172
17524
98477
44806
66634
79779
92627
71846
5289
44581
73168
89232
76501
25546
3691
36915
95497
78689
48852
76394
18565
55458
22344
76314
76674
48439
62450
54222
67717
52968
18894
99341
99314
90018
40169
84629
79640
64931
47812
12982
89642
17860
82583
36205
23406
20867
60659
90651
72366
41196
78048
34306
70540
2756
1541
96124
1107
21394
42181
61111
30216
50794
70150
40529
46463
83928
17166
22156
97738
8997
1446
43693
84461
14056
83488
7703
41132
34636
30581
57952
71941
49274
10279
35788
96795
7939
47813
76366
62599
65676
34381
52952
435
3895
75051
46682
34849
91210
42304
46591
59749
86878
43550
18880
15284
2757
30736
34051
53940
19545
95350
69876
12914
63005
56045
55678
70163
50163
3885
42245
51170
18170
53101
14019
1640
9408
26273
77758
67162
27244
16259
11843
11340
63425
21488
7233
56708
56336
72393
63460
26441
65373
3129
15948
13049
31563
85623
71241
45818
34183
64161
32917
92424
90190
2952
45743
34413
54748
25163
88431
46287
25458
55836
32523
36996
36515
12926
90629
8864
13595
85040
72590
27375
43309
33571
99996
29182
42999
83847
36963
56595
92980
8516
82002
5213
16766
69636
57261
54213
50045
20174
24771
30564
17681
61645
78315
86863
74616
6863
33856
46574
22780
85801
79798
87242
1916
44920
3991
36164
96085
51682
39295
4930
50125
84251
45008
55716
39836
39876
45939
60885
83160
61613
10508
17149
42043
21723
51928
67347
35955
71013
12422
6256
74950
97528
75855
75263
42111
57403
57683
62672
5209
81932
78866
38507
7623
10729
29955
51010
32606
80011
86388
96640
6368
16429
48383
71389
38502
41962
83654
90099
96649
80100
76107
92683
84013
92609
24654
50064
27434
16624
32579
84198
12856
43370
67247
40755
42550
48531
93151
90683
61591
47775
72965
72330
63850
99313
63920
80522
22853
75999
42215
4884
13262
44978
85059
94563
36997
73577
95846
82532
20496
93244
78203
23849
53380
77374
49290
8829
10926
25884
56408
65491
40764
9891
52537
311
67210
60062
62388
6213
64716
32860
78578
72600
10677
69936
18113
81595
12994
14098
5835
68732
7558
29955
44334
22911
36947
1102
41912
22542
96866
45961
85633
75693
85023
60155
30853
43019
91668
91031
28188
43189
91183
67719
69688
71237
51571
29092
19067
81433
84921
55009
35986
78526
14688
8392
32945
41226
3000
53980
63852
57384
81543
82270
78288
45486
26837
92395
32700
64363
42299
74497
86495
9405
49155
99458
78831
43871
51323
85426
64227
68927
89948
9787
91886
32621
61106
63344
34233
7215
97671
40046
16475
19313
44848
7741
59383
28186
48563
10390
55794
31418
88115
79040
60144
95136
73210
62291
83211
45000
23587
12541
84270
35282
53825
8706
12788
29773
56943
31358
25048
65009
47764
56998
20952
70797
1330
79213
37291
38325
74156
88898
23740
53533
31602
66903
86883
74435
95818
540
48958
96230
53053
44618
78449
71381
94555
68796
81847
98659
18059
50423
87907
54870
95155
24874
90136
84286
34241
86416
35393
39907
47636
89874
36494
86199
82570
99434
64587
91850
81318
64771
58911
72988
765
43548
93790
45486
16446
35179
23019
56497
43516
41214
55918
90720
13305
1436
91406
66826
67632
56362
65291
47111
36351
31690
19898
6924
98288
51614
58718
47993
34946
32842
87807
84239
18392
43320
49482
96991
50814
84693
49701
39518
62932
55768
78285
54612
80409
46242
91374
44788
16436
7776
77758
81158
35457
9774
36246
55872
62519
42903
52206
72947
84690
50551
12020
34178
96930
31713
60841
39021
36111
97116
96248
36395
57191
95144
64564
37366
1958
20479
28045
54336
92833
9974
20654
37732
50031
55778
97686
32151
79892
28120
26768
67710
21835
46253
84946
91385
89775
56412
39279
78972
44710
55974
6905
50142
36459
37907
13014
47082
42774
53718
97534
93907
57898
24495
41871
45157
27451
15466
4172
36630
11067
35461
84761
17116
83519
97775
14219
9144
51986
86668
26448
31535
30870
69781
69243
42842
42482
10556
19593
12883
4668
97389
48117
44048
76708
2128
13716
428
123
97834
86159
55936
70399
15492
18811
52561
55620
93443
822
34979
57696
81142
4383
96844
61843
86383
55954
6947
88080
48648
3744
42070
82765
41383
10855
54939
55203
60796
40691
45054
45762
24711
39120
91098
66293
39158
74827
20803
88717
90668
132
4063
99116
62238
39826
51221
35569
62326
47635
74141
55515
67162
31182
1431
51099
4808
33768
81144
29562
88024
83039
67808
74372
20771
93637
78310
71344
53953
75357
660
67086
54190
95819
91023
76268
98502
37243
84815
79620
25328
43794
46989
50277
88855
39016
73978
90396
87987
87178
33100
2750
56967
67467
49171
49141
34851
44610
54346
16934
90985
72804
78633
54299
93773
91903
60088
57617
55157
44272
17246
5920
75424
5793
19094
62818
47267
70435
36067
32546
64014
72611
97850
35459
65134
62700
16350
35914
70859
68858
30442
33961
30193
79350
54182
62920
77772
35891
40924
78610
7405
80323
29317
12122
11914
22614
52637
67464
33249
97265
44533
27139
84380
35559
3559
65980
88560
89367
3491
33749
82687
32673
27176
3565
30942
24838
52975
47978
98993
45627
19169
43809
38227
1257
70857
56996
15345
23013
26180
65736
79670
4935
27861
10226
73217
41
89749
19070
42322
84030
58951
52300
76836
69516
36074
68456
6291
9607
88040
57235
14527
98028
70891
50579
95178
23702
51918
62356
6235
63329
39857
79449
9765
26937
36423
11492
50081
5149
4970
9149
54615
75542
6830
4866
29980
2382
23955
72459
13589
1647
45236
92665
23418
54233
42556
85563
51798
65311
77400
25469
42475
25214
76360
59277
54482
43579
31343
61771
10528
81624
75593
16140
14468
1075
39196
11787
32492
48891
13063
9741
68616
28688
83928
39407
70
15830
60474
38926
28028
11957
97739
74355
75237
90897
33771
6617
84418
99425
30544
42748
67938
44877
69335
41184
2204
67177
60693
5051
63257
5640
24075
18592
61583
30975
41848
11593
14535
50200
51144
93280
29696
84527
84778
98986
27213
95661
79616
29169
59801
97598
97199
49580
53131
97233
13558
98509
73412
1452
65724
59591
53957
98921
58402
3129
47630
59920
93527
12827
45025
77746
7434
48613
81605
83584
43834
59959
14887
72326
31466
26152
64250
32904
12400
13934
75231
46615
41004
70822
25664
98319
35318
25793
21142
14704
61616
97676
69994
51895
43739
78938
40824
32025
18501
83536
46992
33628
32703
3884
40311
58481
54989
21715
3754
32625
46839
90902
38434
81619
39357
70048
6163
55400
81031
5055
4110
78644
75226
60940
59559
68040
72614
39160
12016
79872
90812
76437
89636
52406
80381
27327
45153
10178
4910
82693
24012
87087
96584
73624
7448
81274
81067
76047
14721
38569
26771
42899
3283
13446
69570
10990
99784
89079
35901
23115
36910
12540
20339
89994
5990
72644
18392
60035
66953
14859
1648
13492
92997
38836
50566
68008
8709
83071
55132
82566
82255
35752
3069
67027
24391
31804
83310
40965
84369
78040
65956
86214
28980
16960
37615
1121
16313
88824
58995
14956
74003
6979
52759
88145
1880
10645
91350
15291
63917
151
28179
17402
11905
73975
32106
22803
88560
6697
25794
59238
74887
81631
93278
33693
54215
67072
36658
12527
42178
5447
467
75790
71619
68379
71687
90323
47530
24839
25724
91043
95829
29461
9397
40862
61082
25163
21406
6501
84688
91714
69664
26661
32910
13983
68784
44836
75275
93393
44066
24167
12165
59398
99388
80253
83261
82313
28741
76044
33375
28732
99516
66486
44351
94605
77476
83847
20735
7897
99229
63294
2189
36986
6350
34614
84809
15534
24862
42992
96996
90886
6563
37246
33797
45671
86354
95598
4933
35744
64788
77041
2778
45993
7641
15431
93264
12372
95046
27753
51891
77907
95114
62867
89674
38790
75439
47436
48477
25086
37164
36851
36823
88723
471
18120
28262
33567
46808
55252
1727
95413
53528
24949
88895
81281
90264
32586
21709
92062
50527
62360
35771
49134
25643
59895
43050
84761
24232
51068
5293
77957
88702
72931
31174
23757
25060
43800
16909
51650
12595
85826
43055
79355
77430
54509
49875
38234
5949
30195
48056
44029
87473
81767
13882
85277
41698
95677
21459
98183
88348
35257
50366
17301
22103
73779
99446
10472
21582
9251
99454
97763
69575
46190
98266
71367
66705
70989
16762
36007
41868
29687
69622
37383
65122
43851
27221
5558
82836
88412
92616
77893
6287
78200
75443
15171
59581
40215
62188
63702
56055
48989
4092
83224
25016
7851
69058
45388
72077
84041
63223
24699
50057
33544
40044
99600
84405
82231
25327
95564
93156
28133
53165
39142
53157
68525
9969
88515
90930
21059
80426
17838
62341
51289
12971
20308
25642
31054
98636
32830
80463
73076
4334
84876
71671
21116
95324
81643
30702
67296
61869
14066
42392
11245
98565
99135
41059
11467
62107
94089
85850
97835
85654
673
34491
90476
90384
27562
98976
45705
37789
36306
33625
82595
15300
5836
87291
63014
50252
15948
67602
68794
90898
88574
75794
14313
49750
12579
89579
54151
85206
73
1339
51427
96370
99973
73725
33577
69967
58288
83711
31794
34871
66171
22449
18217
13821
82577
4281
6618
92542
23560
43620
185
47747
57794
22071
87307
78371
86502
46596
15189
60582
85654
49879
80192
7044
55758
74000
63174
13803
16024
12299
70044
31775
74414
65947
70779
46044
24205
21141
29228
98296
77650
2760
50096
52611
2836
42699
8137
90704
94141
95535
13257
73037
53798
13651
65429
18350
41518
76663
11093
45001
46039
66216
6523
3930
95006
16825
93965
85222
33877
27027
33392
79772
87262
89795
91763
94999
56134
90225
18262
59201
19035
94706
85526
818
68204
83059
2774
50518
73052
94518
24650
35820
24514
21817
91267
2506
16191
37329
73522
52190
63709
49334
87867
1648
70145
43032
83352
89923
35597
77135
5126
29050
79957
88624
37776
67479
39931
59515
19319
50782
24457
92401
39963
3865
27499
28611
78024
77141
90054
99750
68255
63017
73913
98083
79936
80534
91086
32747
28017
51434
5533
68167
16622
23327
55230
18701
717
73601
69032
17134
44
69484
683
51629
58873
94643
97575
98250
48958
82621
57671
20732
26248
33066
21629
27550
31602
22164
60410
68864
90259
54257
11850
50494
53184
88564
69642
2157
1631
55827
21384
10450
89289
10147
53718
41901
31067
41375
21097
93234
84122
98792
48020
25912
21920
8230
31964
78346
7015
70765
65272
39836
8497
41691
94984
76408
28402
57149
62510
46773
25882
11281
25933
41033
32355
48198
6269
75189
39795
76576
90567
91743
88590
36312
39651
30109
51964
36224
67916
67565
36594
99876
8285
84290
11104
27276
9803
18456
36182
31902
38462
17512
59156
82016
23500
37431
90252
43803
33556
1674
43734
88187
57460
86772
98960
4691
45160
44079
35760
48701
17088
30441
65096
80767
46236
63062
95956
40841
23238
13443
8450
54779
13836
86155
21439
88484
54233
94018
98362
70501
17999
89550
53272
60180
70180
8566
78323
47932
78550
51539
91023
79649
24459
6307
14491
41345
3433
31292
80736
82774
53487
18877
42921
48696
62158
85632
47151
70208
27432
39500
80000
87016
16739
77704
15756
41358
55306
50537
8843
95286
25281
43564
97582
67567
76546
43359
72673
53614
3385
90777
33113
40918
19640
74634
35872
41594
57112
45485
73370
62905
82861
64347
69298
28648
98276
94009
35175
14989
14779
69425
58349
45031
80734
23262
36385
22859
98906
15008
31564
95274
87679
95216
22611
33934
30999
93422
41593
65507
96349
33910
8786
29970
99835
77872
88997
5352
8293
68519
80668
96630
33676
68817
57099
96050
75008
20653
98395
95354
88677
22348
14578
72568
56976
52069
50465
15393
72350
74700
96586
19640
55505
11741
59819
15952
46856
24242
57675
35758
41082
24853
84192
34669
71215
9743
83163
63387
13307
23102
72497
94464
23992
8197
20774
66334
48255
77309
1176
4340
28930
45513
41509
59389
26825
45864
37466
68854
46311
62724
31770
75293
54616
66471
6887
86229
11417
53677
94448
23365
22788
68788
64918
5696
12199
88080
11196
8479
64992
61243
24876
60235
56407
24777
73280
33015
98680
49018
72243
35369
14315
86729
77029
58233
40274
43041
94596
79442
31582
81680
14622
11862
62158
57619
85088
76159
64006
61968
59081
30719
81960
7363
23152
68008
90545
67312
9390
42376
41714
11735
58922
75885
48329
78182
60288
86694
72700
77096
89517
20265
12178
98779
51225
1201
55982
86816
12065
49248
71849
42955
25887
74562
64586
96729
12857
51154
36484
94850
4387
87797
66700
31748
25714
99588
88022
15135
52447
51784
10539
72671
58035
126
15497
10708
69557
28314
59031
91357
25517
51975
14179
48451
19444
26380
48474
9026
64442
60331
28516
57730
5620
515
5369
80804
544
6773
42148
29175
19062
81571
97426
13163
47661
15412
89367
22365
11334
3413
59806
41808
2809
25818
82218
26557
76027
64673
84429
20097
67337
91895
38660
50869
32211
10196
15790
36251
52712
82050
90568
38100
54841
55803
62918
95886
21773
87792
5039
90395
72897
53574
32342
61469
46041
50458
65328
10365
75496
77701
41751
54266
66072
61819
4794
25823
75062
69230
72350
86510
97053
60175
48502
73656
89405
14740
3546
4910
9000
29077
54727
46546
59001
12241
27187
70086
75201
58222
75211
25670
31311
31677
44331
31378
78171
80603
74873
75363
52784
41011
2302
48479
38900
79265
40514
35496
87893
85683
85827
67758
32305
25160
50609
46213
47106
10938
43370
63249
36804
88567
94125
90142
60772
74731
83261
35916
15495
81690
36116
30503
57845
97833
70433
26132
68960
88380
56863
76680
53652
67130
60212
19571
97981
46252
63363
98457
78192
16901
23182
16449
58519
22588
98411
36967
50268
4020
76706
11660
99920
32636
92992
28141
22169
17362
26651
81041
44278
7907
30275
44315
62257
83470
78753
34784
35424
76198
82287
74034
72535
40214
60659
59419
4813
35551
20505
60774
15209
25212
55341
47606
86250
18023
66642
43994
7536
34004
21825
60440
88298
97147
82497
53639
79357
80947
76543
64377
94925
69978
82250
96788
24843
34033
51118
58786
11291
82276
35308
86142
87681
36743
49778
87535
14056
88764
41212
10610
66382
43570
31814
22767
60656
38215
58572
35470
91629
23085
73217
91586
28953
95691
57512
27523
36929
51738
70739
38298
36405
16912
21525
29461
35255
24698
83430
65434
12031
66817
13395
67960
9160
28239
2591
16953
62427
14572
59834
64276
8982
49409
18107
11424
33336
86493
84381
29346
811
11637
44372
21831
61039
76358
27243
97837
54687
51639
65468
31867
450
79802
25355
50066
60337
65649
70847
95675
92864
34797
35677
45151
8778
99025
10178
92182
70045
78901
63325
63863
68415
67655
96232
48558
99804
52811
97889
95819
13133
34051
43945
2423
48039
22090
15320
69602
53661
94747
87450
15064
59826
18287
88522
30450
20511
77378
25130
95336
17181
28343
42748
97764
67920
24050
23392
78193
465
93475
86411
72947
84374
17507
57120
19121
41407
76630
35213
5837
14176
14832
32741
15540
41702
64565
55797
44400
52488
24345
51878
46618
18796
27430
38574
42157
61426
35995
81106
33815
33057
87505
13276
28169
45132
40441
8469
97421
7009
95937
53248
6902
83278
90422
18323
11123
52080
27908
86866
6558
8025
76440
3498
45361
92733
64998
99014
2296
63738
21478
94706
52993
19969
2138
92330
85904
51941
28363
94621
2543
33087
62064
39908
79043
94043
23888
17177
5146
41443
95711
78741
77696
60006
44837
1066
92304
89253
91644
52570
9095
18810
95544
65074
7317
21125
2273
19047
14509
45396
25723
38731
62332
93198
56679
6188
6550
24188
50274
74602
16331
97844
72171
28754
71833
16836
36546
19387
57563
58616
58732
99324
62943
39208
79379
68009
99414
11072
35594
95720
67332
14829
92815
42196
44023
16897
57289
6990
9620
99300
65296
51258
47629
53783
14763
25885
90702
44869
27893
87377
48823
51209
62009
18178
22820
34038
48093
12552
28360
60231
3035
17154
64281
12388
22089
25451
47428
63885
43578
15004
14657
6406
26462
97982
65409
43007
76036
73514
91652
65887
62912
64798
36039
61229
44232
2910
27834
1786
73464
78757
79760
24398
27477
25991
28687
72813
72335
38053
98504
63558
84607
57867
46144
8760
5616
75273
6957
45282
49146
87308
10684
12933
69449
61081
61903
86551
51452
28645
45828
77031
50665
45236
69744
74888
75102
28556
66572
51805
53091
41493
42981
56127
63164
62287
49207
87310
12714
73744
76308
62833
51408
26425
35293
24715
69362
10355
39635
30269
30074
63499
70760
60306
23733
14376
48239
14922
89434
16805
84850
51846
43275
43055
20257
64557
68404
75900
99144
32442
36432
81126
90394
55843
60650
94179
83370
67557
39137
39522
52888
53009
46757
79812
12552
99949
76766
78293
36014
75016
96269
63366
33701
1214
96521
53352
90176
88196
9291
77862
41656
80657
43430
62815
28003
22186
58765
43103
30022
61320
28121
61722
97697
66919
34
75972
6793
75341
7530
62319
6547
74485
55897
89986
20587
87736
11555
62195
5476
74392
25254
