54593
36394
50568
56080
74512
45396
3514
58877
14881
44246
166
14589
91758
69938
64084
49108
30527
29486
64839
50428
45708
36257
14790
33381
80143
84902
43848
71036
52612
22675
62748
5065
27777
65796
89234
59922
22988
11088
39369
7005
33725
2430
10005
68499
56114
49552
2956
40032
66889
98940
47790
47287
76221
46716
86159
1651
41151
24156
2755
65560
18736
22129
58308
86583
98457
12648
5251
38640
6120
60124
25609
85586
87463
97249
19016
33822
75866
12030
27331
65418
1269
17304
42198
34817
11000
31592
40643
79015
16104
99023
42363
37082
72779
84768
59142
95541
43391
70235
41103
67694
35639
31034
73710
73247
90995
74341
44723
52162
25947
2080
30764
50453
17561
48292
92819
98109
16720
30282
80343
30310
78012
40867
31142
67240
1159
28966
29204
65190
11141
4865
83210
92080
73742
54992
25325
71849
41237
27884
48874
71363
32713
21978
17052
92581
9095
36452
62201
22574
67098
64261
91935
73524
20945
70846
10806
92645
48091
34886
62082
31471
86785
32734
80424
9915
50527
49666
14874
77203
19841
62331
88737
80932
35287
92785
55206
11135
45460
58846
86621
93690
10377
72958
81902
64532
67961
52290
68353
44949
11832
30852
2598
5267
89061
34709
31038
87313
78945
41362
72937
13282
20107
40085
68909
81515
65081
52264
68863
99687
8085
71092
55090
82596
39825
45047
74425
1770
77929
91156
6554
17884
37588
34501
44818
38423
54374
83563
29183
50167
19749
81190
94029
77401
88966
66400
27904
79291
21796
56483
14523
37408
18172
69483
427
59376
46791
49270
59028
61851
67253
53400
7573
10014
37538
70412
89818
52382
67704
11012
12446
88977
5602
53025
26939
50781
27751
27518
3248
83608
55019
67175
47054
86798
15166
96519
29758
26785
78655
44319
35474
38763
63185
77586
76807
59871
74807
28061
74196
56813
33199
85316
19825
22340
86249
91847
14983
85489
71555
11316
98640
78598
5826
62902
6731
19607
60271
27916
3550
65309
46635
19060
75720
95773
41232
39013
79842
58691
25510
94364
63985
49095
6143
28686
83596
26322
65552
14013
7876
5818
45612
52262
33396
14377
86686
32215
28134
76284
92387
37629
52192
47719
85665
1147
79337
53622
24968
27319
26940
69998
35556
42894
17448
87441
97308
98088
15169
36961
25002
86822
23527
20636
69463
91576
73840
23173
74194
76139
19637
37283
92749
29887
6518
32259
84245
6647
84363
27897
88172
41002
32392
95972
93892
68758
95019
95823
58810
85716
57573
51347
4492
62854
14147
84762
34360
25229
97913
36798
38227
9016
44618
62480
32803
61814
67766
59925
97178
25356
67840
82571
84783
26242
90586
97833
11194
90840
56367
73348
22220
33815
82861
89262
89705
19010
82286
51192
46691
21866
25377
47288
32980
50432
48122
75142
81720
34950
56882
10241
30180
34559
3676
67311
83079
38309
92358
97601
539
36185
4616
53684
69128
22004
5196
82324
38518
27612
3065
74235
77356
8435
46654
34295
44554
51978
94040
63082
15391
28306
21504
30315
38184
46579
26548
72842
25766
92533
23456
52112
67290
26332
68617
68932
72192
14225
89814
90987
79430
66810
45403
21735
95399
25740
70083
4832
80296
45911
569
26240
85069
98432
54995
40631
15641
13708
18524
82655
10657
21527
21533
6522
11660
42021
28615
30840
99466
31024
10367
36469
50893
91968
97542
36319
23944
4536
14980
28693
65634
12301
71729
74154
67351
22898
87616
93993
96748
90830
87272
81139
33740
42095
98895
20068
76964
26328
85
14579
7448
48758
18491
71224
27136
84720
93455
87496
60258
58717
23125
6363
68205
51727
7027
51631
26639
43501
9881
94853
33204
702
48747
3337
32699
91905
5548
71312
77847
64282
79209
10810
64703
22247
96351
68118
5010
44784
27209
27493
40139
33629
52523
32598
58396
43745
41780
32529
93546
83700
49811
8271
67429
40575
36058
10310
94722
75856
92583
21187
21367
70094
89908
47600
78675
17990
3165
80853
40855
57539
49962
83226
13589
55133
69464
6955
68259
43624
49224
58100
19292
36845
64131
11020
10356
11606
76328
89774
30165
84098
48564
51745
95483
81688
49133
96986
54952
72729
6603
90392
32036
38958
24099
21197
62933
99200
73810
58236
68599
30247
75170
78045
96985
59450
19836
63134
53044
293
81162
64100
45096
36089
3559
82831
62964
95549
48166
51387
59730
60674
55324
53442
66733
90900
23531
64863
86944
62252
40811
15886
91596
12418
79735
15984
44437
51616
55122
90794
50170
22962
37812
25484
79695
43482
38869
13519
40952
96287
66644
99128
45541
67846
5572
38841
18405
99161
42068
50359
23624
21219
94265
95302
77269
33502
64443
74128
1028
9795
12441
7892
49913
32960
59225
76587
43645
19176
80752
21351
87835
88165
73674
40884
83956
97096
56215
576
6624
90945
17139
87511
22658
92458
63504
95494
94406
99869
91937
78721
69753
17638
34565
45153
81253
60084
75054
81989
2920
54249
18094
42937
90224
92400
23294
36052
76021
25518
34058
69531
2578
20625
8763
55427
76642
78501
55362
28916
52627
62405
36350
62792
26154
7311
36555
19827
22259
65552
10471
76061
12610
6463
18530
73994
22667
9958
40801
88155
2362
59834
75023
65518
88368
96683
77505
88928
79964
50135
26340
45394
90801
18042
30054
75209
68649
9824
36957
47535
40246
39898
5944
16248
68448
74895
37696
34399
11233
84714
3434
96654
69273
62417
86428
62621
71662
4246
19577
34129
66595
16326
37035
41062
54708
13406
6476
25159
88587
94078
46673
58202
31171
36534
94004
38041
18839
35196
25052
5498
84293
15744
91787
31441
27172
7991
5124
42123
41567
1491
64438
9339
93773
76628
21226
8562
34702
74167
53765
71175
63461
7500
6362
90614
29005
66470
47791
77381
15705
60972
88234
95969
8939
35404
55705
69959
68688
27311
89563
29566
63511
62600
49677
33218
15276
46982
73717
21308
27222
47176
35588
45580
86185
76464
75852
5545
83528
8592
72127
58271
56667
5793
75999
32759
69320
5715
49031
9844
31825
65183
20309
37625
27915
43640
72850
98505
73558
703
1888
97382
5341
2902
53599
54299
70380
39116
24923
95733
89865
99319
13526
47820
66033
5920
46733
27743
92240
76760
13418
11485
82747
41801
54598
42176
41646
29575
71544
89108
28637
66501
92223
26422
78585
3491
42440
64919
20642
72581
59740
47136
19139
72416
32872
12975
36302
25421
8394
55007
32917
67168
47350
30566
87298
77490
87459
49719
89620
85977
45812
95592
71255
41690
48102
92495
14622
29237
91955
86469
66239
17983
14177
46092
86411
25357
60555
89965
4712
5644
29545
3834
60845
21069
5982
98770
96730
40893
66878
63394
4594
59155
59770
75913
92918
78787
2314
31028
31967
87024
34645
51912
57911
99838
64224
5055
17844
37732
16145
75561
26770
91680
99806
22195
34732
36197
39031
94469
69335
24080
82829
87526
56155
31928
3805
10778
20079
20004
19069
27019
52688
93526
60322
28837
93501
12453
38092
19771
38802
99848
10542
80104
66591
10350
83422
57968
46725
39531
73941
92389
91820
73805
93987
69125
84388
25933
15826
40736
90742
72416
41813
65527
97189
91341
28718
63680
26823
64217
33049
24902
28474
9726
78072
67757
67877
61658
2107
70516
73964
63012
69803
23379
36591
18873
77364
41444
67200
12404
99597
12350
27903
32925
57573
25340
18868
7160
43884
88732
1575
72542
78907
48387
95423
78409
41985
95005
92630
78120
29259
7299
61046
83155
69390
29525
16882
2712
66580
4487
99619
65715
65633
75289
88126
84701
10881
39389
97198
24635
24657
28093
37683
36824
57286
68021
85078
72845
42621
32604
54983
10140
13440
50848
97238
31804
38290
92879
46987
12046
62104
93106
4866
94574
56611
68372
41542
8837
34238
14688
58121
66587
38800
68296
75389
74634
83887
77474
26386
16142
17218
38605
91949
68569
11344
30769
91905
1603
31082
61413
47500
43486
13778
29226
61169
50567
75207
93012
92397
71256
58958
37256
30840
42843
49566
44225
88122
54169
64776
58285
75816
25393
56834
80244
43738
89540
70158
73401
57258
53420
99339
50489
59434
49869
42616
79889
74818
94244
31040
41020
98309
57532
11751
20217
52048
70943
7695
69579
36766
73578
97447
95898
86059
6873
33169
72311
89251
56481
66574
16508
93093
22268
75721
56018
83225
8159
83933
83084
50731
89480
6403
42513
97380
95539
91676
18647
6564
844
57719
55594
58110
36542
80479
14253
35599
37866
67908
84503
58428
13588
27909
59742
44263
57879
48951
8530
26605
18040
4341
12095
45728
24567
92036
2774
32124
80738
63649
52998
29864
25061
55113
68644
47531
23804
33380
23593
50281
58697
73839
96090
12344
32704
80933
65667
25539
45535
31242
75421
48442
69243
5492
56687
1076
43350
58038
91920
66786
54701
34218
37642
48913
60110
99642
94330
6684
28230
25034
54132
5868
80312
36614
19556
38541
42730
44452
96559
4750
28858
83894
69528
38484
92398
34382
44702
74107
17544
9294
7171
83243
84376
45771
46919
33939
15275
92125
60594
85412
20418
48806
33745
2476
73149
35580
38840
63150
75958
51477
48934
18715
63787
37230
54918
47791
11315
49592
80498
32746
177
63455
86034
53929
96486
31000
2657
39456
14433
45767
45296
57847
8658
84234
20708
36350
36956
56198
219
7182
93288
67980
94924
47454
23574
97639
93612
4126
93263
43140
54605
83700
49142
26014
95873
95249
61724
24166
2972
72590
72499
19020
95639
56264
80378
25516
13169
29046
48119
72343
83184
97987
95556
68285
33957
4844
384
69076
38574
92503
53509
49096
72117
10733
1049
73471
54261
10583
68670
81672
36060
65105
90341
99231
64780
57357
39840
63871
11772
86662
93620
40325
42204
73919
46445
63644
20470
3896
45323
28971
51279
89868
74203
11575
19596
99434
49792
51830
27602
1198
96560
22961
53510
60156
6203
48085
45811
77208
25414
34807
60905
98244
13302
93601
77538
91351
28680
30
50977
5783
1310
31165
32852
14003
75635
70309
99768
37471
87983
44822
25947
81228
94134
17207
59420
33571
47354
59458
86446
49502
21233
35624
77692
708
94178
83810
76935
28671
31929
92757
27179
92540
74362
67041
96128
59262
20082
89255
37435
1343
5928
95828
10676
11492
57331
73966
30115
62555
23781
46361
33796
81620
86789
9703
23129
79161
58587
20602
53679
56139
6692
50455
45720
90811
66917
53673
343
64770
33436
4655
4123
2270
88081
81283
14723
70089
80364
77736
45887
30807
85633
93135
14551
8428
77126
33734
11909
2935
2501
43326
88221
37327
48012
97495
45741
86569
98626
43690
94047
67571
61300
30611
13947
67632
46893
35896
90121
58192
40229
59195
36981
95532
24592
49304
8779
93147
48279
69851
33570
97011
62276
75169
98869
65599
96118
54953
52268
72633
3637
80408
55225
90117
8287
67749
70910
99786
5089
14887
6476
60846
50817
63161
61735
10988
6296
41511
73605
40373
53309
24473
41269
47264
82493
5369
17948
42863
85126
38273
91866
38112
84546
43846
21420
94476
28130
20347
5674
3136
51824
24388
38384
8373
54246
35000
76954
77454
44796
10769
31561
56173
58172
980
6594
59347
59410
92247
46070
82675
39488
60628
55068
74289
93774
89193
49753
38172
31582
32904
27266
37636
27134
5218
54713
92794
63542
52811
78803
79428
9953
31306
74234
73177
13592
62880
5518
2335
3754
57842
60934
2782
20392
20276
47412
87840
67836
41556
68839
64040
75962
67872
746
40557
63919
50230
33321
50257
91606
47238
99444
36674
74986
42149
61404
51660
46773
21617
86747
36824
30054
87004
38832
91078
36257
95511
3623
32386
58225
86940
76951
73478
59897
70136
56165
94796
92808
44211
8455
53198
714
30589
57859
40732
98843
7479
88308
345
43702
69467
24046
95091
79788
18090
63385
64765
34000
89008
75930
29131
15183
17621
13840
35592
12286
56290
3353
10743
4555
19118
92629
97445
52757
66405
68290
22503
14136
22420
97446
2134
82112
4371
65420
31235
23903
40015
30629
31864
92761
61523
65391
5837
84444
73746
80692
94212
39310
88788
9
72930
75327
15515
49431
80810
80029
13744
983
21655
49893
18671
74869
28725
7863
96076
33559
70557
13603
79008
57687
47820
94624
49588
29260
59486
56860
21096
66439
47276
31053
95009
5497
2111
13029
8397
75410
49584
58628
60980
51492
54399
78119
93565
58310
62059
27391
17178
55860
30804
75933
57137
22388
9035
46857
25383
82291
37266
80049
45195
20334
71253
91582
34717
69709
29317
72195
73817
96393
49101
51471
52548
27695
81203
25985
75442
11548
31693
76283
93457
63944
91708
95983
44309
53631
90570
17623
69537
72202
88412
73889
96047
34637
17939
48774
96092
29641
89093
2492
87187
91137
7603
68385
72500
47258
74759
46424
12449
30748
15597
71216
37349
69909
3690
38240
29217
21885
18877
6863
37044
16372
70864
58959
98279
53447
74522
34762
42034
69969
2709
65780
27790
31294
77016
99584
84536
69163
55184
56239
28479
29609
20416
72610
35306
99521
10257
58321
67401
31377
57879
43221
5302
12692
28771
54239
48391
9888
63326
46124
50452
25929
84329
23279
47679
61283
23374
31630
98021
66501
88994
28842
39007
58376
25145
45109
53
81998
11462
2920
66496
74048
13742
68972
97018
29904
71976
36822
8229
7677
35635
43888
21172
17493
88084
3858
30426
14613
55914
83952
41421
86155
59088
40045
99478
3548
22510
12429
94969
80386
90108
47304
12123
90861
32853
34650
99700
35595
62835
72759
1907
9026
39789
13148
11432
91257
57994
62560
83442
68215
40416
15274
57958
82467
94734
35772
62648
83082
3634
44621
54185
15008
44424
10325
34734
9341
22271
81665
31097
72873
19481
9926
27206
90834
67008
15314
52451
93625
20672
34718
34620
35117
83908
65055
12451
70480
9040
1884
35769
27958
62425
23354
27643
56427
52668
1331
15212
53876
12450
65446
81083
7405
93710
40136
37713
17906
87839
65399
47417
71834
80873
31246
44300
25949
36330
48501
2136
4118
45484
88624
64972
22755
88534
21368
19971
47977
25967
13767
13194
66837
89584
19405
17744
55837
83556
57855
19305
37285
66336
34639
32318
67902
43481
96822
25333
83368
67334
70222
44089
88408
97331
37181
66662
48949
14622
92651
88915
95901
93074
67028
5212
37060
24958
59417
86250
19164
67666
71825
57506
56912
81205
30973
83591
42314
3749
56410
41996
87221
54380
73231
19450
36764
54363
13701
71642
72753
37734
29623
19360
90954
73371
78655
7189
19014
53793
9008
20991
11950
76233
96930
15535
8918
59283
66503
92390
43458
31264
28444
2533
61541
98799
10364
76016
42181
22487
8942
81661
66491
58496
96447
24191
46678
30
1130
75946
79455
2027
19764
68738
49335
51039
97076
34053
84668
14094
41167
80017
84779
73119
8130
45011
56063
87749
30904
53037
79031
68764
78076
73283
92758
79969
27464
40867
18180
78574
5371
45998
67474
29905
8682
41415
44347
89224
59277
59831
83365
80379
62458
20219
22407
67157
82799
2347
45925
82240
5992
33575
18774
57565
17201
63232
22119
57021
3638
47296
55832
13855
28822
27127
75555
37958
59925
28963
13950
45334
53328
30715
70774
90188
93932
13336
5915
21591
35623
9696
20347
2006
38416
84465
74374
46734
8947
2823
97233
3464
96012
30026
53942
57958
37533
20887
27800
93568
92571
58152
62692
84416
20802
54915
96787
73877
94472
20156
76716
92120
63151
72776
24102
18201
27540
56543
27819
71108
39365
88589
28632
53494
16112
69845
54466
88150
3798
97890
8210
50738
58174
47980
5905
5943
51525
44707
24990
69964
68116
47611
27004
90828
17674
65973
71593
95774
16728
7077
809
73459
69451
30917
36930
95355
51588
28758
60159
9540
26692
26733
32504
23152
73507
39938
6985
89873
3839
31889
90270
14596
20978
59594
4464
7048
10588
53019
97385
23545
79551
31512
43140
69965
90538
38884
81392
24714
61645
88959
68179
55074
73835
32876
41739
68685
97582
26750
35984
46242
30580
1150
79093
17873
45094
25148
26573
29183
40586
8527
79338
14078
57678
52010
80608
30408
21733
50526
12937
23097
72175
40358
65953
39175
80528
72691
8658
76255
78434
25172
58634
66748
32486
39809
94439
3430
60310
4356
42549
94853
50134
58309
94415
5729
17417
13425
64257
62072
38400
75526
97134
86842
61485
42110
61965
79781
84566
55701
47598
66008
60549
27128
30331
67318
48155
38156
39642
5945
83076
77272
86670
7407
41382
89745
20060
50838
94420
87008
44556
70000
77280
99697
81766
66659
16812
94331
80699
23088
87617
81991
71718
39021
62041
27615
55143
79809
75190
6164
68623
44476
67766
39467
97467
98993
69406
99174
31767
75280
71507
32491
16099
8388
88999
72947
99795
72166
46833
85713
74256
67516
52277
27804
2844
23986
28835
85659
64242
20243
75068
59053
44364
88324
78670
91570
60991
41757
9344
52729
93377
4037
61001
49670
50763
91977
50876
53375
47705
56216
79421
18612
30830
94142
7447
46313
61332
60827
74950
74626
10305
71584
9199
33674
41749
98725
81680
30015
34432
5609
71954
59037
192
78247
40315
90245
19624
27506
59808
38634
17501
11373
951
59097
3642
92586
74922
31042
26803
59292
1672
81927
99574
92090
27893
8352
42285
95763
66658
97192
13920
16937
5623
66055
58200
69100
53677
39037
72511
43540
52760
37064
73250
48057
80834
64466
65656
29842
35123
65531
27932
96361
84587
1854
70710
58360
21330
53538
76985
70306
58662
67391
99045
27408
32340
22603
87180
34150
38179
59233
17010
71170
23689
87724
61165
84848
3009
86677
35692
79981
48628
66471
86772
41462
4916
24987
62246
95563
23432
34981
73692
84678
7041
90266
30482
34674
37420
64029
74401
3178
14080
23364
77126
88496
68055
44107
47874
85862
82681
85941
50458
45836
51443
11195
8479
65782
68839
53427
10472
97097
63293
15005
5403
85651
30679
4684
29995
45860
40355
77040
35834
75661
48489
37244
49504
87059
7428
35673
77764
79471
59182
85638
4199
43461
69587
62410
9216
64927
34631
30840
19585
62246
51252
57246
24793
40765
59340
61034
11667
78489
88605
25144
97148
60353
1538
22589
4706
47326
7094
42121
40279
85726
70307
90237
83317
93036
11193
8105
73116
18500
62394
65632
62262
55957
45233
11259
32443
86967
96579
28390
59024
69606
81567
49483
60203
95675
45935
37881
73489
21669
10224
49264
56289
65385
39261
91692
57929
25363
41447
65996
45526
41016
22530
50686
83305
6762
53625
51529
452
51639
95106
77430
60805
36798
1131
68635
27689
46798
67123
59813
5170
42749
10326
81154
58051
55618
41185
24393
95432
42001
69635
21382
8146
55280
24932
76230
37504
72090
16527
61755
11513
69583
37355
33740
61686
51189
72424
99101
95037
12464
6004
86614
65703
23034
27693
48402
4611
94623
33232
57638
32884
9207
69969
25772
55861
93568
74212
6572
95965
29144
74487
42726
86078
37812
79458
54046
4359
60448
80183
9348
82217
97812
98612
83711
91510
30671
5880
40053
41733
3986
64241
85721
24243
5531
45331
65394
4515
82909
12933
17252
33830
63992
99254
63582
75926
35483
33133
40127
84668
89170
33566
63717
2001
23981
38232
20468
46530
85424
44891
97055
13612
3344
46055
90133
26279
68625
61295
90475
34975
27353
90892
28771
57534
20815
44719
18422
29477
97974
60014
77539
1881
25760
68352
79764
33530
42097
5539
45481
53262
20273
56282
29283
49949
70221
8213
83023
59349
81227
37512
63468
33550
92584
55102
98843
27912
82065
10822
81027
88912
86938
87563
8254
71074
33853
15809
93700
14088
82130
86587
91314
43392
93895
2138
48758
59515
66749
45120
4537
76034
70848
25731
745
54228
32800
65820
31362
71914
41488
42111
93849
60923
32731
22949
66469
10523
84830
74373
90218
56318
20613
89634
79427
635
32326
8798
28171
95307
56852
44684
86953
37329
99553
30722
33238
75379
41940
16941
25643
92038
60898
24799
73355
66441
56460
19331
28203
78632
82165
15281
5818
30816
54303
69949
74673
88578
43521
29866
93848
93489
94086
96860
19857
94821
51108
83243
97029
94642
10712
82419
42378
97090
83323
51177
16942
16831
15363
56456
73123
67629
54041
23720
29223
92404
23506
35216
21742
68859
8268
16675
60366
53103
83591
32726
51303
64068
24573
88609
88173
20147
24319
50708
24340
63361
29902
82529
91606
1760
74963
26487
80291
14094
8859
41231
93542
20827
57715
58911
14832
24457
76700
72619
14084
18508
10922
6972
6366
56784
41599
43657
51232
65338
2463
17938
4859
775
89647
79403
26070
34352
39151
64981
34238
48015
71601
10920
14571
88795
19958
6989
16554
22384
26692
47657
58444
73642
14181
47411
72490
18703
76542
82150
46515
72844
8970
1809
1877
33112
40115
63084
31843
62741
76237
21670
97673
25972
52271
5689
88137
28088
44526
7135
24528
45011
9624
65726
6299
37133
92202
64254
38720
24356
85807
19388
18330
43821
7477
83415
81524
17783
44589
11719
29617
528
31839
25453
96406
72034
11528
26566
33589
4757
69649
14969
41943
15512
90733
12464
48484
58
50382
8163
83474
48595
90821
25263
92872
78112
68500
16934
78350
59562
14770
87648
22835
76488
90586
5552
1723
31707
5584
84049
94435
79831
28946
53631
22833
22754
78710
33826
42365
2901
53638
22660
50806
74911
43892
63812
91602
3529
71612
69155
30358
65748
82677
66684
72830
37758
91955
76049
77802
53732
83004
84160
54310
57090
8900
3156
8756
40309
66248
49720
87319
85985
82404
12614
6015
33326
65937
28510
27084
83245
60895
92274
39872
80825
70762
13054
55718
1209
74780
7413
57401
33986
7935
11958
10099
85528
79581
44989
91123
77621
41590
76662
87497
60867
28477
54253
81633
4003
32495
60417
28777
61360
44561
93815
83809
9725
71238
9130
57342
62075
46986
96000
17179
1687
35245
54359
7549
85376
73135
7231
44801
10822
61972
47201
88933
57086
44837
25021
53712
37858
31619
92882
2238
88469
15144
7125
29643
53284
41852
45284
62555
50760
80209
85941
32228
6088
95739
87720
19578
4892
4719
46779
38325
78412
65367
58492
160
57174
66128
22137
55648
26543
37344
17459
67327
65281
11959
73457
51732
52434
59937
99121
84433
94085
47876
72665
93769
7098
16925
35532
21659
73680
90257
34104
896
3755
76819
48460
21773
21489
88785
68294
91493
1998
4091
88970
31711
2711
6034
28399
40751
40811
25608
7540
36883
26582
73721
44336
77116
84623
70213
27367
6135
68545
72042
7608
47767
18919
85786
35699
92193
86832
32510
24296
52212
38211
94887
68123
57843
49084
27308
96115
40528
58931
23237
28178
49078
40830
1731
19390
18099
37389
20969
44286
30080
73971
93995
28737
11471
82628
19970
85079
9680
3962
30570
86947
47776
33490
12280
7048
34414
50163
63354
55233
32715
42190
66669
95565
88686
67713
14901
54695
10817
96694
54045
27123
2091
73385
15595
77749
49659
79430
37311
38971
37837
63344
68744
10235
27740
93055
63075
70519
21157
27233
67665
32668
46964
3137
51763
11947
8686
15844
40837
35342
61018
82480
69460
95148
66156
51399
10045
44568
91502
31217
50948
57828
52781
81817
83917
80947
81182
57550
94939
47243
18252
35177
88515
14377
84352
56750
92684
87535
39467
39019
69669
473
26226
41629
86274
74765
44566
77778
66517
98672
27998
42794
54117
24501
41092
6423
66030
32048
94298
86595
79413
84265
23543
93328
9285
36876
53729
68922
16459
99069
35320
79193
80842
50730
84445
57507
83900
51160
59678
494
27590
68511
22591
37779
92471
92498
72133
95502
14013
94134
85474
834
19620
60500
48953
8889
40171
28393
66605
53609
90340
8506
68106
90323
27496
8101
98415
12804
18901
86611
49303
71454
99942
98090
16643
32337
74701
14335
4805
37091
98863
35592
83564
95375
71676
30544
24711
56777
90537
30787
81431
38463
72844
72969
8021
66652
15251
91984
46813
72678
44642
25249
91766
64967
43623
84149
57119
66536
26812
81121
86904
75385
29752
22604
98090
31854
70674
95041
9940
55812
90771
87456
88179
62785
34070
96590
82349
4696
73183
96685
16410
86604
71830
13543
75535
96172
7551
19428
15336
86109
51991
7643
70674
58165
92684
20676
16306
3
74137
23084
29429
13901
62077
95650
25973
65969
81463
20782
8741
36973
31776
52449
59290
77818
2981
58184
82293
46674
8992
3962
97105
69266
34130
12337
35429
43227
12319
28597
45015
72307
75461
99283
45694
4168
54010
92077
59250
51668
69314
60172
71890
13884
80490
69680
33041
51475
20356
66984
41630
57436
55487
75036
43950
2029
65186
44647
64744
40238
47973
6755
8173
99232
65643
73821
42754
77370
26176
17383
34140
44335
52075
7788
5543
75596
97713
17630
14803
24989
82406
94475
70235
65359
98192
74350
23827
98608
97946
87138
94221
48083
32913
72465
9384
77423
52415
73643
45207
21607
17793
50386
62569
74308
83047
36850
54393
4767
42088
55470
38548
24251
57344
34038
97187
19694
44007
68436
16692
37600
38990
76069
62889
93037
98777
18597
64637
9413
42132
96515
47118
7378
10483
68372
1036
2457
58762
39107
6716
85625
18117
59462
69737
87569
65221
51211
42920
76734
97240
67922
83910
59586
1651
74708
55312
93248
23151
2977
18174
54532
95422
82568
29054
81824
78920
95375
42649
57008
94278
74242
55940
78495
86778
89928
35908
35491
40777
28945
31454
8931
60055
22059
54523
64184
80925
36180
43541
44177
13224
26506
61313
85809
96529
70590
15737
13716
117
76519
36548
11823
7697
8659
18500
98772
13948
19736
31131
97397
19265
70377
7259
41344
47991
93860
77129
50280
8511
2696
56269
63044
32729
98404
50745
38065
45474
99114
40083
36691
17870
56706
51393
73080
35583
47099
46032
96893
18560
67996
21665
71274
46816
31801
36305
35225
62382
24961
52131
41237
24141
21364
62284
52348
93876
73810
97082
47526
33093
55759
47874
96064
2311
34402
37317
78481
26787
69980
75614
57214
71128
97142
47498
89320
10011
11268
28117
66227
45134
50278
67965
85986
49051
87580
48421
24286
43534
45817
85592
48054
51469
56913
23256
41056
58964
70732
95458
35677
99889
14524
94464
83418
26617
47947
54027
67666
59173
67374
7418
67986
90413
51446
13931
61461
57502
52165
95469
93293
34523
58909
67176
56995
56430
93908
91370
55190
36681
91908
45966
89567
26206
43359
6219
17301
76855
54271
70550
12876
83570
11931
90421
50201
71389
43702
98882
99952
79370
35954
83159
13134
69135
93186
32476
88723
16381
54813
39915
32103
52378
43182
72764
14365
96541
77031
80850
78677
15270
79382
89985
59739
96695
16464
47194
51276
58483
34250
62868
85113
75634
79207
40281
98469
64254
4588
56234
3080
44013
67439
1488
73174
43579
39917
13952
14394
78915
10234
20618
5947
43193
64723
87839
18657
89799
39760
30300
49104
52675
97718
76407
74771
39274
80233
91173
92853
74235
84958
55589
1640
32594
16078
22157
63272
59775
84646
63567
53433
9090
26524
76967
32269
53894
83900
80772
52451
95511
71136
9648
4521
57473
57694
69182
41442
69063
19771
83823
50146
62428
63645
71457
89686
91489
93918
56213
84672
12412
97597
2619
74560
6673
64047
85340
98863
87104
60051
91716
46405
21594
94754
88074
13850
2433
16165
26237
52233
54300
5409
43276
17073
68819
90573
96562
87893
53549
67556
98109
76387
29092
31446
74202
46642
40354
12473
14462
83780
50586
88445
50803
9611
60197
4252
26909
61416
88983
23632
66440
72110
65149
87295
26768
10949
26326
31922
42892
26091
96203
73411
40568
15317
68300
66836
87870
54163
35081
11869
2721
37009
10313
69629
88389
377
14411
18290
97566
30198
34967
31715
70195
22900
86623
77530
2287
29379
69431
14575
88516
52123
70894
75296
2588
75513
71048
55645
19037
13703
12026
80895
74424
80089
11202
16985
98479
33876
55040
48294
28640
79753
76084
68194
5779
59999
25461
38965
28860
9839
95243
28458
14764
41033
77035
92253
18203
76563
7628
63251
3050
13618
37770
99780
94104
28417
21175
9427
8707
81150
76441
3614
80921
14980
644
94544
90458
43187
9716
28628
62155
33804
65958
16005
22778
17464
27956
81888
76905
8201
24812
27739
40633
16856
37101
35183
98805
96300
85661
14736
69783
32124
97033
59549
79547
5804
90265
53203
97406
59732
63119
77852
41682
99007
10909
15749
5825
14862
14208
30445
75771
13212
8284
30680
34495
37917
67861
7268
53954
55519
7304
61811
73502
35507
79012
15623
63386
64997
75656
97325
15634
52294
2970
59727
39779
36235
92033
78573
19221
27758
71424
82022
23237
13874
43632
3088
66222
62821
75769
31367
3572
45822
36108
63426
33613
84453
88959
18625
4139
58674
34822
59331
72074
37485
31050
9620
92211
28852
81513
21731
89675
35452
80139
89009
3643
74671
92572
93893
73532
94164
25738
14429
58526
20684
31965
8031
48086
79127
97773
57646
26306
60471
20805
20184
24922
78285
66291
300
88661
24032
35528
69993
69397
53372
39346
3537
28016
30550
2323
40892
35100
59310
82366
64425
48310
94061
8686
49231
28014
69614
3267
38354
49715
52857
31866
50162
31703
61578
32103
86493
77534
64944
67602
36452
82473
4882
19179
71914
45625
51468
44683
16793
70210
5303
32329
19951
27214
93478
64885
98902
33066
22892
8436
82098
96433
39420
13081
32115
59667
98728
7484
4042
83490
65611
81594
72215
81401
86178
38281
22913
90826
68692
41078
32447
31522
77043
88637
39956
25786
92091
10820
85272
30173
24887
89685
55184
54833
57123
47542
25408
85380
96683
47238
22135
55636
4818
71574
41288
30491
53520
20289
22553
7030
22931
64490
13300
43472
47590
38705
33787
23983
16271
69521
29112
7835
2801
20729
35570
8038
10226
80869
10460
20285
86711
98680
82856
91978
80940
64984
13401
13890
19904
7718
90038
24210
25164
63833
14778
86625
48084
23318
33128
87841
32166
39278
21371
93528
47936
2804
78908
35878
9838
2617
92205
25458
21777
54758
77442
30997
51227
65397
80143
88706
39478
89549
31132
62577
70116
61432
96438
76711
84385
24834
4255
93252
91429
61232
82437
14152
80806
66907
23888
15810
33243
75464
33205
85047
15195
54597
60808
17612
66595
73154
58222
13712
19638
86217
67280
73448
98911
58491
85996
36792
35090
71817
36773
78667
55920
33868
8378
57696
96617
16929
93172
62769
3324
6820
27449
21728
66170
34920
17246
38145
39945
54641
48730
19358
69924
30062
78389
38987
28832
15542
81983
2471
70857
67358
52541
3147
28746
99892
47870
26994
18444
42939
51851
17029
75190
99043
91229
16130
42962
30788
49929
95080
59024
22167
48950
8098
94948
19537
61488
41837
97675
86173
13588
16456
71467
86677
62155
84279
2648
80029
49748
12948
99954
60892
28794
72883
55468
78551
74565
72048
34696
78156
3340
50839
85661
64360
5704
59535
58715
56293
84803
97412
46277
96804
61135
23471
13245
29218
39732
39557
59997
91770
90305
43481
1249
4248
95524
38990
32579
34357
6068
1981
44446
94676
78699
60384
48596
1623
52050
16825
92971
1311
57716
17697
44562
43262
75252
7345
88801
72731
77947
7622
59326
20705
56745
17365
16124
9316
73389
70347
3198
2801
62127
72927
52858
17041
27595
9335
69848
61306
87416
45204
24121
32146
30726
57851
8597
18945
13287
6432
64444
52913
77732
91217
24414
23973
24848
62844
3271
17907
65561
1118
11586
96287
65754
23433
88446
47382
93326
4434
37518
8740
41088
86228
64297
4754
91166
92420
75634
25183
72523
58642
33427
23034
20115
78104
16130
35353
92793
68546
85254
42906
35565
14491
50514
59987
60697
26448
50191
58103
79514
53154
44825
32584
44524
87918
70048
29012
78238
58001
72046
47790
55109
75738
59688
75593
5421
1936
94254
38963
94729
68124
71548
81964
57803
29749
26003
72545
752
70598
56946
52937
62643
32158
93821
2396
87041
26836
14240
17995
71788
62005
22893
13920
66265
59820
1089
43955
5429
48396
25572
24453
35908
64477
96527
95997
81914
11904
18248
25693
26914
87265
79945
71968
53883
6520
61568
15090
98563
24316
92879
85548
51340
84901
66962
98762
42315
34620
70304
80491
21263
81153
67499
80005
5678
78777
81506
84866
21947
11122
35286
15163
63508
48916
2138
20175
84728
59813
83811
95391
81142
38265
26895
64778
65344
86933
2754
16320
30238
2622
44395
51173
99519
82275
81605
32229
48523
49764
29977
76910
73844
63069
84865
74030
83914
44050
11559
52522
60141
3897
17484
83288
2141
32767
53573
25785
83278
41016
52512
70710
11512
33351
12036
86550
5066
30693
18902
40218
62014
10674
95960
84854
88552
47989
51628
72076
44328
7058
21526
88229
68223
66855
69759
32079
83358
72322
90934
65262
10777
35523
24497
44384
12059
44777
67537
85650
88563
75004
22467
54744
16332
83735
18243
6381
95451
28944
61691
19207
56305
8325
41226
28757
39152
99012
91456
53177
71931
59287
93636
44380
36678
19594
95192
16050
91084
14010
93461
41675
90527
46204
50864
64307
73657
84999
29630
60263
12241
68896
1588
22324
25450
50208
89478
52142
31718
49540
82289
24329
5304
16080
49141
65848
24855
1984
53274
28096
63182
48397
40979
18744
40112
64761
672
71743
23465
95799
79245
47033
52303
86713
40952
77063
45239
5016
26192
355
30757
99514
33433
44597
90683
8707
49036
48309
92690
77978
83642
18302
33927
38742
31537
70538
94220
3974
35352
24975
3231
95482
66324
98038
73240
63089
93229
31221
24284
58847
59691
55592
41359
30971
27194
20048
31366
80451
49676
74503
61370
24300
44029
19295
5209
18217
38002
91767
32950
47671
44027
12921
35041
28068
85175
49043
21009
3610
80119
32112
3325
50283
71739
25938
63178
85114
8600
61614
63807
61476
73403
85827
63892
71145
81671
20408
37449
74459
23610
76946
48211
53250
8494
15536
47601
11945
14331
67619
80636
97032
1337
94668
87421
11151
36675
23732
37593
74764
48696
46370
61671
90490
2843
67005
41251
27750
95387
31870
3579
30878
91212
13872
90566
61881
83796
31591
97812
83485
36994
21434
40767
67185
73528
73599
577
20383
21769
98594
82529
49477
94205
11105
97797
92185
28370
28103
92555
1431
33949
9507
32594
32104
90318
66180
87219
61232
85138
33556
92205
36532
83665
18573
97502
54663
76375
52508
41101
43600
69104
83281
12708
18681
61740
38240
91388
34038
41475
27607
86288
51919
9042
34620
75699
49580
3619
59779
5662
95357
6603
29129
95362
75683
93484
37808
55707
53790
64091
88023
92101
69428
54908
92308
82152
76539
49193
26865
80399
91715
46706
56353
36183
41059
60862
87069
31203
56702
38479
21888
88460
96274
62564
827
18069
29
81400
63605
85980
50444
6119
72771
79884
64257
81361
35296
28464
64704
24375
72489
60931
91958
19523
15352
74723
66855
52772
86106
39171
9650
65206
58543
48159
44483
9952
3166
59755
18934
52983
96626
79076
47842
22144
86070
74920
72778
49619
46600
39361
7867
85563
46364
35452
45826
66361
19888
74904
9230
6024
46439
5914
26685
94876
70245
67934
16582
11460
3302
65255
94498
47086
99771
6935
58615
64553
43330
89755
22498
8710
17088
4638
52609
60920
70942
95326
28603
46970
13854
33147
27437
43408
51096
94443
76913
36645
51349
62346
63692
77715
97511
17615
3477
89666
70659
95642
68477
97095
4252
99370
88512
40366
38429
72139
44454
30771
91139
61228
82773
33545
46837
22478
52823
56605
68449
44761
18468
27317
65972
94793
60652
52274
52885
63461
91299
75445
16958
57808
33481
49918
12440
29560
80469
52431
67763
92940
59165
41583
59967
10699
49413
46602
72137
33911
31361
35318
91701
47561
75081
91344
20213
85886
33176
59237
75811
74414
60001
11693
58145
51357
48879
90929
73674
98571
89814
6317
6772
99462
4955
73616
3621
8863
91837
62241
78607
59162
30719
16316
37002
42079
47604
38490
47372
13101
59557
89903
3783
88238
1089
40780
28223
14086
49666
73540
3974
44997
57336
89516
81014
74684
80820
16636
82699
46412
29427
30738
78011
77913
46149
96150
45778
3838
33113
42871
54894
70555
81159
55828
78708
38857
44089
55671
6765
28397
86519
66140
28896
57995
70157
2032
68237
88882
52956
33877
2051
97109
63706
30049
71487
17242
36326
98373
63939
74795
75180
26955
15118
65322
71089
80921
5181
33410
33660
12435
1854
90744
29633
90653
3564
59169
93515
38813
45196
9228
72838
85023
98531
80672
98246
99826
8018
1120
59895
18896
41647
79595
56322
59643
56129
26721
62616
7106
73911
81694
40638
2979
41222
62187
98901
44714
85822
55946
50213
38936
32519
93263
46086
68255
26429
65295
50827
77641
21989
21136
91019
25849
44555
53407
72557
73769
43578
86721
17519
91858
41175
90881
65171
88330
68122
9192
74823
81992
11881
44747
34864
10659
88883
73470
75698
88600
55398
69895
10365
11946
44526
15533
68344
39460
75
21294
99203
1466
28013
53200
72428
84718
53295
65455
92016
65102
94445
7317
81035
92474
8739
38472
73918
90531
41603
7486
39708
63599
658
46251
49617
97369
28512
32987
41199
15510
89699
23739
38775
94354
68719
72561
8736
44729
27156
50412
23463
17649
42227
51477
51348
40901
7198
5413
89668
80252
11820
86705
94168
55272
96501
6145
70074
70395
63728
73886
98279
57842
9063
10057
43773
43350
23059
54376
31330
38744
59386
65211
93358
92729
9697
29101
68407
23404
30031
19910
24503
99347
28929
94173
43260
19269
36675
12043
747
74546
56625
99995
9906
69053
25003
92445
21577
50600
26798
30681
56420
13358
91573
1121
46168
76201
89227
18112
48487
80404
91435
40782
54666
64650
88662
71813
32826
84109
74416
14670
78202
36899
47384
19733
3717
46587
354
88027
14224
35629
92755
13769
8187
31360
56984
38242
11609
70213
64548
62258
21817
11360
75396
83267
62385
5734
49472
462
98470
63938
73008
3182
15067
99634
60792
41840
35699
33359
30210
3302
76644
60906
47607
72283
89946
79921
28601
25922
93381
79984
39744
89511
4321
13077
25359
18727
13856
3372
25394
74779
16950
48553
15990
69518
98848
61028
78053
8432
31121
81085
98749
88356
13435
20545
23500
52980
15063
10598
50539
19332
73585
30000
14803
75108
64882
36214
9024
69758
48427
98526
97089
9200
79420
79781
35192
67124
48414
53243
73236
90778
33395
49899
80233
53591
97736
86808
18633
40918
77795
38498
72673
77549
94767
55208
11186
27531
71457
32648
83755
65774
71751
26274
4896
84049
2572
54170
12872
51138
13354
33340
90776
84593
41068
22554
91384
3396
46751
50545
96287
28839
53077
83946
83121
50497
75893
58108
25713
22915
76098
35502
66051
57497
58246
67418
76419
12002
27035
95694
68988
63901
51127
41900
51142
35353
89233
38576
75359
65039
83156
3090
71076
77803
34335
58849
43917
29284
71350
73552
50819
27789
2729
17453
34334
13956
94014
43276
68831
22696
55549
52866
26342
1928
12505
74861
13905
93943
64342
6513
626
5563
33019
95741
48108
85124
16598
15692
75498
16218
82118
15784
41372
19311
51817
26985
23215
90963
12706
11802
62055
4166
58278
35069
6139
9961
86564
41221
23693
36910
65327
56256
58725
72845
25961
57048
18538
92632
17645
68271
95324
11046
59033
14952
64208
28428
58742
72101
65545
330
84422
88650
35856
78785
70729
73280
36015
74722
8684
64758
26127
84354
65423
67586
78828
91945
19248
54981
55218
56938
97273
46125
52471
98637
7267
70452
25045
13224
72838
83877
40417
34220
17694
53215
44973
99548
26107
34482
6710
94808
71493
40806
48395
15127
69354
89722
4699
71155
20358
98666
1209
87070
94478
37067
18255
1939
19385
95632
65532
38855
84459
72750
40012
4703
14495
16092
94514
53819
92848
11412
55684
82991
37188
37047
71827
45074
73110
86157
57638
45103
68062
70538
54610
15193
30047
77868
40120
21916
73133
59200
68507
20366
43801
1124
5916
25861
20091
84103
33524
98114
68603
33293
1261
64778
85499
29231
48989
55414
66245
37791
43584
94848
61036
47113
66386
94
45313
85876
98726
8171
74165
3528
66085
23040
74918
16010
646
90978
93224
86723
12326
69525
59281
19199
20069
38319
26560
84688
29117
14983
4075
38643
15391
70443
46884
15594
67212
12817
39016
69608
99372
65606
50916
59660
8783
58338
67012
61509
68766
24988
71129
54804
25341
60889
79941
66862
56767
65152
36838
13472
46310
19913
7934
64333
59125
57780
75035
30035
70836
56951
22087
31212
11904
28239
23342
37328
50060
53718
9991
38744
29432
3061
38530
22333
52268
74481
30060
18719
28017
42434
23490
81762
81484
45409
17071
2322
2840
66143
73571
48871
44831
52818
23379
82499
65076
32586
25703
80857
95664
85346
40005
41864
76776
57043
75127
66020
82855
86626
83098
14326
60621
345
80966
78425
72612
29426
84981
20325
4090
74512
61010
91882
86784
23624
27776
18
38462
41853
70500
65481
68400
19274
96528
43384
95361
98967
88812
620
25571
58126
72451
1782
87432
68392
23207
76555
78593
52097
27362
80140
19664
49514
80123
78528
53419
94557
81601
97468
39632
55210
64567
8613
66623
28080
22140
6541
99833
50664
61974
46681
30675
75739
57114
51875
12023
32308
77274
15451
76951
99888
32747
5992
74190
89426
48466
56781
11509
63027
99595
17030
17247
66007
918
39761
25586
87066
26686
43210
89635
37609
16231
52143
99084
17453
32788
418
82060
76193
1618
24749
98811
3493
71940
98303
29192
37932
139
74964
9010
29040
86354
5332
88351
72358
70036
36338
72508
94955
23050
20852
93330
8989
8501
37298
21985
17990
39044
40471
64156
66195
65795
72773
46752
66116
90240
18325
14546
25820
93307
13275
49748
63991
12169
77512
19812
18427
79621
30698
31666
70375
45556
60302
64475
20137
94547
44550
38951
43660
62879
44645
60123
1198
54817
89734
891
29007
29300
87373
62272
82437
25300
74661
21042
92429
50501
13097
74914
75516
59197
86846
43335
62163
76463
19069
30611
55633
54677
93295
61392
63650
56569
70001
73757
74229
33056
27734
22303
76460
31764
20460
84486
89548
29836
51734
46877
57524
4442
41849
12205
82763
40464
64723
12623
80722
67664
47237
93804
53144
23407
23249
94387
32556
15429
25726
73749
80749
38452
33976
13857
65470
44723
7221
6519
6837
54
3986
70123
35986
78459
26844
441
62253
8051
68619
74047
28744
88715
77929
55387
64164
99510
10192
13153
69359
71769
74353
68761
6842
63314
42544
27444
23785
2182
14669
7721
74404
8134
58206
64080
53035
90077
86583
69433
95622
24120
85068
71530
36634
70067
10509
86580
99127
70716
53808
32241
13038
30502
12109
11324
15232
83661
44802
12268
9106
75520
35351
68366
66781
19920
6620
91294
95873
6707
34446
44291
73178
88789
21208
64836
28106
5341
8214
8843
27670
40823
52405
82196
11117
90147
66455
37809
7427
95289
12946
91294
83836
70262
20856
9788
9475
36936
91761
37004
29114
75251
4356
13673
88172
8989
81685
57090
43326
67036
23112
22003
12325
36858
86211
11648
13777
38178
54514
78733
3814
10954
67588
64285
36523
56252
99091
20485
47035
68003
74593
28203
4921
78734
61085
14144
3585
72324
80613
14136
57626
13989
2790
89282
80999
65817
18367
96872
4669
11639
44227
8901
81646
49812
380
4413
69795
74950
40429
77342
6345
46483
87472
7217
62531
96411
13119
3261
31357
58303
92078
84856
41408
10380
73428
88331
81953
89832
90027
11361
51765
86840
25453
53419
14623
53387
22430
48755
63913
69447
91273
71067
95089
38766
86723
58194
87898
29260
28395
10386
16836
23744
50163
84409
48342
22021
88248
2817
12152
96187
96684
66398
78557
65111
83797
62484
37661
77444
85999
15059
45184
36884
25676
55664
79094
22279
10172
73633
77188
10710
67079
45428
52026
58269
23991
43820
28383
7843
68691
10842
44461
38599
44134
13524
73530
54952
33439
94868
11371
63217
79153
45104
93517
70880
9658
22257
43902
65426
79584
21010
64165
66413
68151
34359
28642
97608
56768
4263
20032
52187
29228
34024
9991
55103
87550
3542
50798
50241
38222
68287
13614
95240
30185
10814
22130
28256
87350
80593
2507
28003
62771
16730
47647
75588
54910
45359
52673
57943
30769
28638
65532
79712
92996
97888
99400
59094
62774
87288
18208
70228
22566
71305
98058
93244
66747
92241
30997
232
79844
95718
70977
34607
76826
18412
35704
30480
23233
61872
47803
24285
79981
25123
58135
25575
7426
52918
99222
54146
51667
23887
11057
48437
88876
56582
59683
74305
1099
89374
30553
93451
3977
1507
39302
46504
18327
73564
6259
99268
3459
58861
3987
98255
59514
88045
8533
37284
52583
92446
14451
58454
76154
65358
51527
46874
75716
12009
71069
12588
71966
36633
41027
80895
71113
16539
28348
24740
3856
51999
64309
52501
52201
25980
84079
79775
33723
32461
28891
1002
65850
94732
46275
51175
73485
79530
22789
88309
2353
64136
23739
36623
92374
244
92853
28021
38567
73316
72873
93590
68295
20168
4864
43927
85079
15951
55473
93698
17332
80665
21579
30350
24733
96468
50412
77447
210
53078
19759
11994
6903
26773
40290
60672
57880
82086
55541
74340
93864
64272
27118
60658
40738
81004
34138
20253
55728
99612
30750
97517
53513
26053
30796
48836
46004
25066
54352
79084
1003
12742
96298
82047
5436
47301
75222
785
58889
4512
16679
6558
22447
35732
27282
19084
45475
22974
98342
68956
77624
33589
18874
86835
28606
65251
767
32895
44868
95073
22516
29225
40798
44911
74585
19254
73601
14509
70203
74008
37003
97880
54797
19863
57280
64068
60216
59224
46000
34643
54377
29608
39348
18287
65257
30984
54615
40330
49674
32212
92209
61487
27484
29137
50829
33380
16352
19
85709
84255
65332
18760
10884
9314
46029
19845
97441
47092
7235
44203
48683
44797
13542
41365
48200
81086
71566
88160
59416
49259
46384
17943
64574
39078
52780
92634
37982
60890
54403
66155
92673
93712
44710
80118
15318
59441
50154
14426
24948
46840
59576
27639
410
95379
79969
39510
32663
39158
4398
70831
8261
17404
53845
89980
45071
13212
38215
88856
73460
98020
73415
98034
41060
15444
76373
65332
91559
4025
28553
79147
57885
7332
59899
4434
7520
5382
74654
53567
5925
49131
81805
37834
65698
37265
93533
99542
29577
12899
71251
43741
30290
86678
81839
16828
45463
83711
82757
66136
7225
96398
6956
61515
14337
82220
62608
67247
72608
85805
39746
85286
92023
5553
15983
69443
8915
51005
7373
41497
54928
28176
2674
65279
83806
78245
33087
50108
3873
71301
40122
49396
78418
67366
73881
93295
67331
31747
23994
46978
97920
45561
46672
93853
74673
91612
19351
21968
94076
19476
93544
16731
79591
73367
77481
90960
89883
84548
54172
26535
68260
44249
26743
49150
54101
60626
20083
90923
26952
80543
43902
28127
39299
28320
31692
89913
45206
13247
81258
98020
10561
34027
21523
62350
51731
58188
39131
97382
99116
81608
41865
17552
1540
50737
12641
77929
69989
47304
48287
82098
93331
97554
33440
62619
14157
62325
86234
71405
22251
69168
73484
76179
37254
63861
86416
84646
84471
59459
99949
62868
94039
9860
66314
89933
31910
33151
85500
68393
97416
32475
25824
51321
89641
33042
88932
40264
7169
71949
25599
35502
70515
67777
13793
94706
84847
62534
95365
96376
14775
29584
66660
73998
80511
94444
5699
7215
69646
27161
99884
74515
78049
91744
22010
62547
15022
63249
90029
43228
79045
65755
77854
79536
58611
16488
38157
25459
76672
95539
91350
18424
53177
7527
48418
70697
53096
29269
92121
7405
41407
18545
46292
97401
55475
79690
88433
53622
61157
90244
85825
59018
58556
26548
34747
83686
81390
41591
81971
16331
97310
57839
25413
24154
84415
17499
40107
18871
61782
11954
70287
31449
37949
85148
25274
37969
7108
70253
7626
36756
16082
36863
8898
39110
4938
4971
73755
60645
55913
27683
20888
29551
79723
47087
51832
44369
77165
51906
709
87022
23757
95384
137
91496
24621
12942
43264
78029
89303
87230
2888
5377
46106
25750
89941
19876
33427
628
74849
21632
14631
73184
2400
26482
9228
94086
86162
16850
75496
25646
41522
50400
65457
39194
74155
59117
87283
31804
13483
17155
70224
13873
98255
34450
50497
4445
18557
5497
80347
32292
57457
94925
72205
30818
87983
66536
84230
79753
86231
47441
32115
14677
44055
99139
95206
8685
9434
42365
88178
76343
43966
74439
37555
27192
72324
46907
94282
23752
6528
11287
31334
91854
63088
7902
89534
66077
69641
38117
44731
13098
48844
95585
94419
67817
4120
92170
89776
12035
5369
66444
24527
62678
81599
60491
12195
95017
80457
11920
28282
58379
28064
54548
21816
40199
58144
58087
62367
82405
97009
50846
37488
75584
58356
91543
12203
15391
71001
80522
60595
81171
28941
10510
48013
43084
92336
48932
5990
46808
19908
25636
56436
84633
80770
36643
51573
33986
16999
92990
5236
29774
26028
78053
50826
61085
71091
59814
63584
22187
96477
41813
50227
90926
78200
62550
66865
78477
82966
34471
65311
41816
81561
19980
72125
31208
54410
9080
86017
81779
88777
948
94560
107
83838
25968
71627
33173
84334
41540
6358
51713
29865
2369
10388
91051
73344
32280
12606
66764
38933
74118
11506
43709
24458
24988
9080
87018
40507
45287
6144
78255
78984
90656
90727
20562
49578
71410
57273
27068
90215
55810
45680
40181
39265
21472
8346
40027
48008
33066
56697
76447
56528
80407
30723
92540
73437
24615
44938
84020
47867
29092
63446
49513
34986
48980
52046
82709
4246
91582
84470
85255
30532
76311
76243
34619
95177
12296
31209
71860
11541
18078
53477
36088
7500
83277
97078
48584
90485
64194
84790
18843
75276
85380
65255
98486
24306
5701
27673
6058
47396
13323
76552
21417
87401
97813
59010
89766
13028
39436
87781
28201
64330
56553
4071
59852
28845
58429
94256
86358
63543
2304
64673
33041
92019
7321
97752
55785
85957
40071
75115
17347
79129
19850
7666
68983
60376
18001
88801
94508
76312
38657
22771
58031
20587
11454
79298
30800
32439
91641
17619
58617
41990
67126
20591
81227
39091
94969
63051
99830
41893
81709
58601
49717
19993
78864
72855
7044
90103
9150
78197
57088
67687
98777
28565
921
43932
57234
28955
36598
3374
27798
80420
92293
4038
86136
73699
10653
23762
4887
39493
17010
97848
65900
37430
74004
43335
42610
78429
36293
74089
3250
52418
39989
13398
94697
87600
50428
96098
35481
50102
62995
85429
37641
45799
9135
85275
22170
31969
43131
36722
29383
19531
29232
69697
19703
67895
98964
12873
20227
87527
85165
27123
19806
40395
98880
53896
806
61353
72139
47488
12294
76310
21467
6194
18277
62880
7210
75594
17423
28142
1112
40568
37725
89055
61509
66501
84227
29775
21865
83649
23959
82200
31408
15576
5209
76821
40405
93187
22819
91682
50906
80730
44622
74975
54753
38375
29662
32435
1707
42678
41931
19437
37994
51944
26830
51622
44228
66375
67716
99107
78823
22676
83874
66230
35619
72828
65717
87811
67689
25321
28244
68928
56254
78100
46437
182
91035
760
50376
7461
93893
56579
68228
76388
61636
27718
70412
59525
55458
49035
69390
45526
81985
45797
40216
49860
75737
68451
28359
49178
26446
21375
75149
10472
38858
47219
12926
68095
57756
46315
96407
88728
83020
91797
64940
82484
11161
26581
10317
6110
97938
53877
64916
43181
70925
72346
84141
75270
9863
11346
28162
48446
57049
28169
6850
71452
48979
67098
97358
55197
13271
6274
64896
8081
71797
63153
18456
6595
63455
25626
11716
10487
99752
43786
82763
87979
18173
63317
45270
42208
5440
72043
90587
1234
96253
45706
65032
49602
96652
70573
93128
71893
38146
3138
6293
4821
31155
6458
73531
69845
72808
28697
78725
61586
82392
98253
22054
13941
32615
93691
27621
21525
64056
71669
7590
71386
17584
45287
65009
93308
19369
30737
3074
71530
93327
88847
3244
89830
11419
60276
18314
83373
23913
47958
82948
3669
34264
6562
30490
64943
82429
24624
90480
5355
63556
75601
57942
80059
74213
53765
7667
98128
93407
69289
13966
3968
3379
33613
45176
88330
76288
88708
37369
17040
70838
24404
85141
1314
6297
45006
40123
80028
1428
44375
28586
76005
93879
17317
21184
65720
27663
43877
18945
24768
99809
14169
74624
37277
43075
88992
76909
17539
17814
10925
25467
53473
87459
23481
55341
43967
41937
35923
77660
37888
13056
58166
48199
97031
95750
96116
3128
20534
44420
88846
11535
7410
3204
68421
30157
56674
47153
21739
26623
93910
61490
67955
89509
5765
52932
69639
84222
93486
29235
39831
34514
96672
21429
30415
75196
86549
91204
88674
53105
92121
84022
26819
90481
81609
83387
22674
57929
49846
5202
52723
56899
26216
50439
12570
74731
73343
83213
23299
92926
60565
25684
98558
62321
74720
54631
8615
8091
16499
67910
81651
63840
59812
33051
36743
28156
37128
47034
66275
45192
51259
83481
97436
27819
36316
88906
72903
28096
75956
81266
9328
52352
4023
48551
56746
93612
95811
40458
50530
70394
8613
71678
52716
91993
29116
81541
56799
85026
55765
92182
7452
66557
72853
95388
68169
1389
2261
30254
69981
73401
58535
98726
93588
99032
57079
74433
23681
2424
73453
83474
98435
58827
56335
36419
25456
77679
84324
81769
18031
1689
57747
36482
22946
54077
11977
33454
88480
58012
92601
6023
41696
68842
27005
18143
9105
11418
49467
6197
9703
44777
61572
43699
58575
56292
10742
5926
52580
39383
6496
62043
33114
67508
18661
30931
55032
50811
94746
931
38499
19692
90314
52330
89877
47366
18490
77487
42892
33691
16262
96311
2942
51666
7753
16608
93066
24344
57820
74877
89354
15013
35126
8399
18566
93223
40241
71964
34242
89709
13005
68430
47127
52593
26190
42730
50142
19362
71649
33484
45352
23501
22684
53916
22540
38408
76674
27343
49720
95004
12582
56252
15464
58220
27879
84952
39381
80294
46394
80785
33124
88676
45766
50276
43999
76319
83592
34780
81089
60018
96822
18152
47499
34662
59265
26519
10292
97311
57843
13650
22557
72898
2648
18902
43330
37473
64026
20268
3468
74085
31204
81063
12995
56503
10728
87674
96705
85259
79964
23059
30978
91721
95358
48632
15223
38233
34744
28
33370
39402
57984
55742
15644
71328
83126
82367
11322
70264
13232
1566
94862
97433
64883
45745
36322
96728
47447
51586
22239
78535
19725
5892
5507
83836
15229
64816
31505
27610
24871
53280
25475
57854
97867
43943
88570
93256
44741
67372
61558
41828
29808
65761
56737
88180
18987
56708
70213
4124
81528
52433
65470
83785
7553
76770
11210
67647
35702
85668
48381
63901
15153
65495
4466
18447
59195
76898
21595
78928
69607
52624
51641
46426
30556
83883
45895
64268
65936
19059
6481
79254
20463
20443
88322
38596
98459
27585
52763
28421
22893
13480
81311
21655
54234
98356
46667
6320
68626
46625
44195
29227
43777
19999
38407
42062
14424
24078
38949
23604
83334
2739
21865
84699
46847
90932
24079
2252
26495
92918
87672
52899
65320
85744
26138
40282
81094
58059
86706
85302
99156
39672
36118
32141
70264
91566
40901
47891
63881
7999
8095
44448
61521
89718
89425
15583
94189
11184
75112
21365
52017
8020
51239
68364
80328
60495
49268
10428
79225
70352
23084
77045
74054
23229
24535
64971
71534
85809
93590
20478
91858
47667
99513
65860
19701
99443
46445
1078
18204
21443
44914
45940
56757
40559
24427
51606
31347
16571
2319
49680
59351
952
85756
89216
57323
81923
17227
79511
90601
282
15294
5442
17592
73820
65014
52309
58006
1627
78914
32787
70833
19136
60721
30139
20975
34172
936
14994
1549
85447
93647
27690
63460
87063
23910
77964
28488
21342
19286
83111
36299
46175
46338
2548
4383
61103
10779
25765
32600
23653
80755
24106
15023
989
48681
50784
99363
78607
19203
11511
45625
83526
64218
49822
50213
99808
53871
43085
25665
24129
83963
86350
5146
11188
54244
87944
28138
62975
3116
74410
68607
65442
13284
83889
78715
70124
99613
28790
15509
24378
8063
18775
79740
39533
7762
88320
50716
17767
47322
8406
93081
70913
79744
42816
65624
5132
9547
84434
5949
10754
54829
3671
14319
37864
37529
64474
16888
39299
87315
66449
33097
71187
93568
72839
33242
77073
60700
41189
56622
13184
79659
16636
78645
15699
93447
59281
39179
17499
26360
88901
75581
2251
68609
9152
45804
94154
14071
80634
43627
80884
42861
87653
16739
37326
59722
48282
87605
21220
85404
69407
13183
49280
31238
94962
17720
91497
80373
96085
88917
26934
58608
80470
96622
56429
64814
24601
65627
35805
43041
31812
6839
22036
83344
44903
67655
70142
82946
22662
13620
27579
72278
27268
6259
10363
87120
525
17894
19480
70606
37921
6908
53488
10072
85816
88083
10494
44246
46486
35614
91348
22587
46221
32993
90391
94719
12905
14393
50071
85867
69020
10265
55498
22606
76711
25359
37380
53228
34753
50085
3092
2229
56711
60131
79134
67380
76160
40497
11920
55454
44300
18202
24324
61962
81065
49101
1169
87328
14369
82173
72206
84970
18291
7240
59973
97383
89116
38869
50991
87358
8642
51318
34481
45296
75709
84077
80243
30470
3170
27979
54809
97033
34893
2772
26720
96721
6251
54590
29398
72821
66978
80791
39670
39329
13277
38374
62303
94086
279
88714
61841
83083
40419
53984
93443
20001
9334
67712
10083
82356
68434
92902
94827
55261
58895
42446
59836
44084
31656
23256
74490
42691
77024
71148
45220
9558
34415
76791
39438
29679
36493
86515
1053
32022
2265
10404
87614
21965
57062
37023
9635
21761
29955
36197
57531
80508
84677
57645
15213
7576
83284
89696
75345
73870
90703
68574
21259
17836
68060
10142
43013
29541
57328
27282
21575
40899
72375
9289
3414
25367
36577
97230
52070
53297
93162
76493
43517
11563
69123
64566
4742
7359
88386
94746
68750
50393
57475
57490
74303
18152
93721
73823
86135
55342
75190
37325
87044
25078
81362
22096
14590
91301
70971
71696
48257
56873
89882
80289
41413
91566
42174
57835
3548
25263
95015
51881
31015
10250
81904
42861
55157
18572
1242
77088
57977
95436
20498
6982
31495
42420
62110
72096
34220
90457
68041
50443
22407
14635
39944
32038
23239
80904
82760
16210
40290
59148
33239
72626
11950
10179
58635
62033
48128
97374
72210
38082
60832
86660
99992
39331
4709
69024
50575
2523
77138
94552
51742
69954
44972
66206
68040
87840
29367
96319
53111
27853
56588
42904
8901
78328
21273
15657
75719
35267
75829
34722
76854
57067
71198
84185
69852
54790
57585
64350
68024
83781
43813
83974
18445
33401
35685
23331
37805
54578
3144
26837
20669
7842
46575
39321
57286
21887
56410
76127
35672
9352
12327
58330
71642
53279
39688
66545
69234
6037
29504
82002
5165
68803
53018
40518
29004
64052
43973
94592
6572
69024
15120
12399
44048
17011
16510
69650
47565
12205
29894
23531
63122
70722
89866
70092
39410
72673
35090
84942
81199
36242
73829
15169
5956
71097
10403
56350
60207
99095
46689
34936
46393
51439
53281
17552
75523
5734
73582
30504
27024
81283
92881
72431
26409
39095
48531
35739
17617
22838
7120
80437
39589
45731
52692
22318
18703
90954
93173
11696
92040
14758
57804
76335
38567
93731
70193
11230
11211
44574
51122
12861
1600
21352
38127
14512
82257
28713
97717
24652
69131
80673
95222
30954
67082
1962
88162
91326
65091
31642
87012
66881
36108
44677
53530
79498
48907
87519
96146
65499
94266
61630
81246
77591
39860
15582
33684
9010
50751
20926
69605
76225
6550
47367
5112
33457
67985
8877
15394
29139
89075
96462
88163
8628
48912
76728
78592
17643
92857
21351
90969
56620
11046
66764
36615
47546
95038
20585
52404
20345
95142
10040
17142
69216
75396
35884
65961
46765
25166
19567
73928
40819
45716
8490
92360
43407
40999
12291
16977
81336
50532
17825
80090
85077
78657
49803
1376
90760
17811
58862
15811
86280
99258
5789
71325
32108
76393
60467
86143
20483
789
24660
19209
70593
17050
96721
99846
28692
99909
69386
25602
31733
86081
3374
96553
32505
88993
47390
13118
71175
70791
48560
84724
13156
51631
92720
61228
40106
77435
9600
9740
35511
4699
31199
88600
61218
84248
68424
38064
33032
92638
62705
52582
60421
66020
23636
38106
53950
9561
3947
1300
21274
51981
24948
27773
21777
74393
82676
5914
5981
15564
66264
2438
47021
86738
57494
87626
28185
94115
17074
18684
35919
85670
33181
98290
77547
2016
87703
83073
7014
95517
97493
43862
16838
48890
82846
56784
243
26188
71375
89208
53769
39600
31774
21823
53481
11184
10908
63410
35882
49167
32852
12284
89165
38865
16080
28313
92078
7114
72410
19410
81750
54722
28768
22201
57261
72673
76177
54530
78509
2684
22660
22717
37266
40892
96919
68012
71918
24296
69045
65637
19417
57455
30481
39141
83493
55284
25935
98383
20335
9110
28482
32544
69330
91290
73328
61616
15285
21047
91313
87592
38821
23678
38614
8058
59613
26596
49383
84097
70049
16558
11173
45654
10283
73272
81518
81452
62172
35682
32830
12969
68436
95607
26579
40993
13213
85819
80585
68240
74049
86640
59299
60628
49757
19685
10187
18149
37677
62844
77521
6098
20998
81814
49264
57561
24034
83134
13038
73283
5270
5294
69986
43002
28544
81634
68719
39815
33692
54103
39599
69676
33558
65183
72683
88475
21689
23365
84486
65137
14694
45975
10426
75315
84065
3797
63994
48387
68165
9684
27126
32095
44599
63535
49053
15638
98071
27178
28925
42792
2227
77124
18854
68473
39063
3482
63244
95185
63839
40306
12587
1843
3245
7178
90821
20312
55253
37661
52935
84839
46581
68431
70410
67988
81986
71382
57652
10322
10814
59045
39103
30550
69030
23989
76562
64714
78856
83698
47851
94410
84753
93824
66846
58910
43780
30729
47767
99412
94791
53508
52891
50906
98744
54978
75340
48981
38237
96280
48268
59585
27512
75333
4153
15654
93273
80735
12247
42387
36685
98366
619
49561
25205
16420
18595
35591
58897
21991
67603
82013
75355
91261
39834
98383
86353
50499
16931
78616
90954
76490
7495
76280
20105
90718
47856
29996
61135
4788
52377
43113
11691
92528
44145
31668
50861
62416
87230
55168
55864
5369
3070
70277
23637
79420
70280
21082
32932
28772
41233
96880
6574
93886
53131
63530
48118
62469
51496
80092
86349
68938
81052
1759
64037
47549
70816
4174
95613
1850
49683
94144
26779
39314
93243
94242
48025
45045
18505
61840
58134
77689
60218
26160
46796
98922
42426
22188
14273
55374
8804
39146
16823
65555
51908
34825
91583
83000
44829
9210
95499
37429
70342
74169
29696
43047
5295
16486
94218
73148
33185
77796
17769
7863
34756
24174
67338
45921
40890
73713
75761
56589
39048
7018
74705
14789
79669
76252
32254
49270
34283
27981
93401
33557
75003
78687
98187
42220
88957
55494
3309
40966
79188
5771
69380
39218
56688
80028
76618
60407
22381
27725
71207
13045
69273
61679
35231
83955
78323
16939
64740
70955
45999
44508
81516
35726
79862
81382
86590
91701
50922
73303
14150
99749
80551
69560
78120
29406
2660
70095
3121
20544
9625
68757
34120
67835
19963
5615
20772
94545
97187
22507
53143
66506
1100
32537
65544
3860
46299
33923
74527
949
27481
45355
68185
16975
79420
1791
66427
43726
87044
73371
18915
52369
47905
2140
40281
33618
96337
5596
19205
24084
70887
22063
69819
33128
17095
62169
33937
48604
90702
65514
54257
3809
24271
45591
60457
31479
81720
44181
32928
99575
4851
26516
61155
69948
68232
19095
57950
85135
68608
82124
33830
93710
47108
75212
98642
91577
45188
64240
63338
85337
54675
5261
99320
47244
88848
31982
89307
1713
51487
9518
69851
72524
69974
76750
73270
407
67348
4601
64729
39686
50315
35633
6666
19797
32030
11957
81890
30800
48678
96178
16504
58430
62991
38371
79545
6251
19551
59878
21427
19761
59222
22044
47792
89507
30832
87005
58593
84693
28136
15414
18192
67403
89527
56960
22359
33052
60698
81662
12942
28834
36593
211
21695
61217
74628
14077
40983
70546
85184
83218
41141
63756
11615
74293
13444
52813
79462
57173
41093
14154
38631
49923
58566
60561
74471
80237
21935
61655
70618
42204
60027
71651
87466
95750
81027
64565
88855
38353
15862
88245
19352
99909
58437
54420
86240
5709
9402
51201
3419
32202
87625
8266
51447
37203
50719
34572
62720
47084
95287
16474
292
92770
13772
33798
46581
31425
93000
73871
11692
71187
81114
99559
23723
64949
57830
29887
78427
66903
3159
67217
16660
24399
51728
11818
10971
19803
38080
594
79525
13233
32563
38425
87194
12261
18629
40640
93237
