27484
18504
61572
41320
34946
82926
36388
85504
73082
32265
5736
36419
32294
33861
42834
57623
24614
35500
4347
67722
31951
7905
84380
50455
58500
41485
97138
35361
86836
84240
62290
4444
25711
12857
40265
10859
34598
73937
21806
13955
4990
83761
84583
57007
8593
62036
56213
91853
1057
47910
20541
68949
73977
33116
31027
59930
82531
10398
3141
96265
99327
75903
26753
72207
64327
86317
53156
72119
13852
82884
8097
13456
60043
75901
96394
37036
27074
73827
90621
32965
59978
34374
59406
12219
74016
68744
77389
73465
28083
19093
63156
11541
11516
58928
68144
20405
79669
97097
23721
68047
8280
62987
57391
88329
26037
40561
56643
86048
63983
71704
92543
56932
36307
42735
74563
27711
51190
12651
53469
79030
21867
20087
81972
90088
89822
85641
17681
92148
83311
29456
37803
18552
78254
69961
9229
71060
48879
68561
63526
91628
4106
95701
55181
37132
14931
51173
76783
53606
82769
83687
66807
26871
51004
16199
71768
26151
26616
15468
50298
43759
4073
25350
4190
68853
21265
73763
60464
23987
70317
55138
70024
71126
70889
89823
98205
34818
79195
45484
52583
49235
43555
47840
52015
74046
88349
49257
47253
33878
14975
15358
84606
92362
32885
89967
28632
57611
46487
34590
76171
14988
72836
85574
26557
53442
10526
33561
63330
17259
11169
53736
36351
24715
94785
66972
58713
43057
5311
52706
64191
26264
57767
77986
47601
58281
10442
7312
77707
56094
40819
88731
68370
59905
99335
70116
61849
10707
97662
67785
80144
14569
27609
98366
61482
72273
88255
37117
76298
20018
6488
4276
14217
35025
8869
87005
37127
86224
50393
33452
58028
12657
68248
47745
56697
26392
81867
55517
68975
67214
46013
51153
45883
85986
18614
94961
28573
61226
19953
16680
11572
65031
80731
46342
99529
45926
85195
54804
81780
93987
90872
34407
68942
82728
91516
20051
76756
71796
61507
83991
9492
62006
24239
63734
62872
57528
52812
32006
67084
20185
29739
64321
52269
78451
97917
88089
76432
89499
59917
5417
11148
48998
61435
45094
3270
82344
76145
564
74199
89624
82691
61493
93820
37776
27688
6556
37081
20049
19823
48256
87018
31971
37952
28364
21800
30297
98257
89843
31605
28979
40961
46304
80100
8861
47509
13164
70600
76245
85964
64521
95543
41002
78688
73403
77818
30592
2556
62822
50708
31375
22901
23779
2060
32107
9830
98732
95993
96511
47436
98390
43562
56467
1754
70815
15983
2316
35674
94717
3207
73170
75457
62038
79174
78349
33422
27789
33731
73352
78751
75194
14108
62488
59791
84979
10022
21910
36720
44998
82133
72808
18881
13513
7651
86302
26188
94792
68929
27031
56447
33021
68184
23012
57252
49566
79578
72292
32543
29712
73802
47247
20580
66490
8101
80495
50003
8820
81227
32328
83473
80478
45518
46327
87140
7405
50038
52888
58666
62240
88846
53218
60727
41937
60302
2926
35625
7623
22566
77973
9097
62983
46372
14231
69793
9163
54691
44823
70420
4555
16784
87907
67102
47032
25370
79474
88650
87880
36021
60455
17418
50539
52682
11378
4438
21404
2975
7189
78660
95411
44670
4579
25600
72151
35589
32100
55496
54545
45450
85494
53671
29243
18569
70574
17964
27799
85675
66012
86054
50941
50996
68076
94654
24588
85674
69513
39793
10338
29949
75068
23721
20647
98135
11698
54487
37475
66305
32347
98318
30991
49263
65679
27551
49961
43561
16235
72205
27809
22679
17593
89228
44432
43049
26638
91067
45225
160
76236
94619
71591
73212
87848
56171
35590
70883
54182
9442
11758
45291
80608
95912
81674
75844
91750
49904
36023
35301
14975
97686
49816
38129
89837
27025
68230
54534
34702
66102
24676
26498
27935
74665
16208
66226
23996
70464
28150
57624
55715
75093
86655
93176
1782
88232
3974
85919
54782
84559
65195
76177
20173
51163
23553
3757
2364
8425
20098
98943
97267
22561
1698
98019
1831
74094
6912
4305
12413
71770
22841
27689
65485
3942
37175
43515
2210
69571
48647
8115
8861
90960
96392
49536
85113
83408
93727
75168
83914
54535
79976
26762
68831
45361
65639
9847
80390
70591
2780
2093
31246
59982
44116
78602
7080
97190
12028
18121
7463
62125
51409
86164
91526
3909
52595
37095
72040
79369
14264
13308
29659
81631
19804
34713
48406
85305
81942
78930
56097
32430
15846
91835
68308
52369
5899
19087
14264
34571
20401
342
48137
7386
75239
96342
50205
27012
55791
77113
70462
42489
99406
4407
98067
26117
88259
16832
13565
17135
84820
67240
94877
10162
92548
86031
61651
57781
47138
54156
6145
35240
9851
70133
24782
31645
66862
15342
61734
48929
37536
59756
58974
15958
13766
5732
52662
69582
35488
7988
49815
24358
4070
84174
99996
87421
90745
80893
70926
54927
93564
50581
32871
7922
79004
20731
91895
12972
76778
91086
23269
73327
52490
14033
54317
48114
55716
22519
94280
36590
96407
1929
6441
92946
24461
54006
79908
18243
63338
22296
55945
5843
81822
86207
46254
59164
14074
636
84587
9722
58879
94796
68990
24482
67570
33823
75022
45731
26891
43428
23757
10808
66829
61779
31319
48166
15760
31734
51159
58104
55706
32661
75337
24373
75212
48829
71738
76379
23704
57324
47947
52154
48081
96123
92789
79151
70427
93576
90406
2267
45985
25407
91337
9408
83429
21413
97604
98392
56945
11009
81723
44977
9741
14791
90514
43369
61930
49730
72591
19937
15867
71678
94622
46529
70371
1295
64046
92329
2601
37697
33208
97647
81352
84253
62048
39322
49379
32116
23861
25818
20374
88011
14674
76001
47111
47459
55143
57026
8443
54084
66385
88165
25926
43206
28614
46084
63578
96092
63853
2117
30240
77853
17705
76788
46149
71056
16855
62715
98411
79987
40781
96737
79073
46344
36066
68765
10061
98205
28172
27350
46309
44247
82757
93273
82973
49626
99175
47061
14202
71959
32566
39158
72197
92882
50397
44924
61339
19758
4368
95255
770
15928
49456
71553
41270
95981
37614
49016
81442
71273
5063
82103
97770
98029
40749
75601
27332
42764
53638
69865
35783
87762
70509
20848
49339
24049
31703
27228
62992
13290
77392
44417
60427
90965
38820
83406
28187
38892
23577
57575
29578
58298
21625
60539
83855
67163
32846
12449
19168
33296
38566
65268
50756
63747
33654
64584
40294
71025
17531
12519
46630
88120
12731
35309
21482
36862
2186
16540
57042
35899
65289
65437
63177
93317
28905
83316
24087
70742
97773
81566
47315
60860
14316
38442
26422
98557
66102
83889
42059
50500
88206
43027
72226
57388
85014
54512
78404
19368
7305
69631
87456
63725
28801
79150
12964
72157
20536
21143
47624
39793
30796
70172
43684
56770
1564
48991
99937
31028
60239
7360
55277
39167
59028
39187
88008
88795
36355
50621
1116
2151
16450
18859
89417
78934
70308
32367
8894
63575
16685
38552
48836
91296
66448
38637
83412
21046
43129
28806
42953
43292
53702
62248
5200
93813
49136
19546
82204
84727
3816
54696
25558
17966
29212
84180
74641
19242
53752
36851
45723
17479
84105
48971
5264
38871
84286
60519
74249
77582
28583
74037
25970
43241
21311
11677
21912
59547
44838
41246
4545
84438
91751
69990
28278
64979
55193
9805
31259
58878
85248
70607
64288
63008
92659
83300
52592
98314
50584
37374
29798
29148
36044
24063
77055
35471
36511
25684
90826
35013
64635
82769
64764
50219
83717
34410
33793
63143
94941
98828
56493
8868
36992
56278
37488
5592
46317
16951
76711
64398
52260
71685
99279
52180
69449
47287
40277
57123
44136
91424
76905
76678
75315
32809
68145
26570
33863
1321
36794
35745
18093
45699
76297
47474
71644
29500
37391
62912
14139
43096
60923
96981
32132
30928
83049
11532
29380
12050
59320
51256
20928
2486
2809
45651
24209
86808
9828
83367
65168
11318
93605
47219
96908
71911
95699
97435
7128
61046
92577
83503
86690
24507
31982
12981
83710
53396
35447
65941
63009
66245
95404
56066
12777
89257
19007
24384
2394
65971
91704
48374
45283
94918
24710
69906
6207
45069
70705
18899
45432
5399
22827
71543
30534
20531
28581
73185
80020
61508
37053
22406
47587
69346
21332
31637
92424
46637
76862
8609
97009
13134
14419
74700
54758
4587
73954
23441
11402
31975
74405
14574
27360
84884
51472
25100
4650
29142
88803
87501
61964
35125
23455
85041
36719
47614
47957
82405
79426
17271
26394
38345
19803
74621
39127
30299
30971
24860
42332
73893
55632
522
70196
50560
53172
32928
60500
17060
40338
53174
88942
33293
11656
39514
30594
36491
89224
52653
94067
22822
78681
74010
67959
4140
26683
93556
28137
4185
55400
11786
29401
23778
18645
95850
48386
20222
58104
56528
70492
89489
64803
14344
52232
77686
17998
33448
80265
61000
44435
94083
57874
34957
30291
72363
44954
72256
78902
56454
20716
3865
240
45068
34811
63707
9374
6810
31539
45754
6608
10678
50731
3271
90113
42400
78134
60122
59937
11825
440
50971
98324
8275
77206
36589
81747
4061
90438
88855
46192
67625
69542
18543
83766
40339
96392
78437
77423
61424
12395
68074
25120
37289
19557
72252
62191
28403
5052
62543
49253
30316
34804
73433
24173
82963
27778
92185
18620
53316
14783
17605
69771
9552
63257
57200
19648
28853
24835
81844
43787
96287
27821
76289
51660
17946
73006
50754
91538
69491
95485
9000
25629
82762
87104
69045
26789
87094
61115
32487
50292
70549
96298
74528
79886
47438
27914
50542
7697
91653
7633
8187
17783
51194
47102
92787
42200
94943
21931
89261
76685
77780
3679
16409
25711
5889
71072
60068
10430
89263
27717
86155
7005
99747
98410
61658
60635
5272
96285
97023
85869
15864
44213
97711
64022
27031
65442
96020
42920
65900
41055
27123
11268
15340
83940
42038
20798
7845
62456
25466
96636
63156
7172
18135
88189
5059
38883
14311
83798
16867
88757
89077
72760
85345
30195
20292
24781
12264
24380
84441
2881
85012
10158
51526
31005
75054
12273
34963
32302
89449
40269
1323
68356
83447
25403
98336
25879
52904
83705
16348
6308
99361
13047
14246
71349
28053
58383
80845
6879
60131
24850
92596
87173
54251
14364
97274
29818
20270
83273
96837
12067
21985
11906
81098
53274
74125
60624
91483
48463
24135
78545
57965
5897
36295
93735
72997
81482
34247
38062
91711
74897
18074
97958
50267
61305
1062
73038
41764
50463
6815
5874
83102
67745
84994
78427
92140
29665
30922
36421
11867
23049
18195
37582
83502
27560
13961
16841
69542
71706
91147
25362
45038
43494
55042
19357
59169
77953
66136
44135
60888
73233
10967
19630
95284
38572
42367
1949
4740
55102
63458
70847
82932
69224
1792
53556
94354
19142
52859
40705
3006
10793
77750
59362
72269
25123
10223
64987
79994
84002
94037
87980
12842
15635
39784
29986
97370
12424
14924
60362
84743
68628
95145
45345
12698
82258
515
81543
92846
61382
90544
54610
49823
42267
57851
41951
79729
74956
5045
75811
20666
80894
32018
26623
46381
30154
231
47730
39620
64345
22110
71464
76809
99431
97267
64273
21185
44042
367
76652
83094
21676
28766
36418
93663
372
14991
23439
44270
93092
60263
49466
33045
54331
82627
42502
24406
45689
30536
61890
57414
67171
52872
24539
51358
14397
31764
48721
34622
45364
43192
72742
76349
33118
62808
74291
64817
21880
54789
13685
50423
42223
76315
37124
47328
40923
82746
25509
37401
74373
8575
67765
61173
38090
9439
92037
45689
88503
81024
6470
68131
28628
17555
82362
22520
29949
26065
87433
10761
11915
12721
49909
51137
53394
51460
21989
29358
98787
16301
41118
48553
92882
89792
28400
97539
46610
92854
87084
19726
66940
98954
34356
36838
23662
37844
54058
78874
46672
51423
14698
76187
76690
82120
8276
90143
79921
48725
50177
57394
78616
89872
97879
26843
41955
3903
42135
90950
20095
28706
15540
73235
46285
50952
82302
59226
5862
8141
81724
4920
86136
95028
78296
46907
24719
80317
70261
96967
59535
15108
8635
76514
35165
7382
85011
31938
67709
66672
9006
52689
94357
5686
57535
94010
51185
58796
31529
37971
96480
37844
42387
92582
16700
46053
4697
35934
16711
421
16444
8971
37264
98627
42873
19633
20981
74995
93014
85171
61027
64935
3224
19384
49240
14086
27219
247
42666
99851
83481
47493
1600
74749
16852
9976
25790
15206
69678
35318
20414
52179
75085
67935
33017
21415
85245
87924
71494
70492
88037
59618
7929
73047
28155
28175
50893
51847
27379
97536
25724
64026
15762
86404
95146
42715
71490
9409
16994
90987
80446
75577
63192
55771
49069
25432
69902
81476
55755
99741
88690
26500
52899
38019
70724
46358
79257
72266
80918
30540
35107
15559
70316
43019
30552
67493
38690
78562
57473
85462
28973
9288
69324
67226
71322
6450
95743
90026
92530
75886
93545
17186
14271
63744
14580
75337
96488
91382
18455
22078
25048
96073
94920
37409
62429
50291
35438
54362
61645
55303
71157
62698
1666
41681
6267
84493
74310
59403
54311
34217
53610
38201
91705
4693
70576
50723
20124
94569
41864
49484
76600
79614
93975
67571
13989
14273
57876
69542
34970
72089
29197
6493
31906
82514
60550
44218
72016
96550
65121
20059
24234
24968
84857
31897
95488
83500
41928
84481
70080
87190
37769
73613
18306
83965
89240
92862
28350
3548
44149
99319
72862
97237
56167
38809
2829
88802
99133
10455
51951
91866
38000
36373
7530
81276
36196
70594
56674
1786
85389
28623
96579
65093
55950
14763
31095
11665
19517
2012
71223
8677
6883
48156
13854
70946
53887
91022
14489
27214
81386
68635
5051
99131
2325
12910
87629
4376
21294
63496
31203
49748
20290
37824
31657
29738
17340
58107
46108
48302
25484
12068
48789
42418
88035
3816
80000
24085
92186
50384
29643
26889
73234
13916
71802
68607
4885
79737
70231
71473
58428
38558
85798
57644
12587
43369
7639
98456
33079
81425
32181
4038
24263
31719
14299
10069
14072
5902
59302
92768
45338
17300
63782
30375
95864
37580
75438
68281
30069
95690
60714
65627
86866
38042
96912
55128
19756
39645
94928
27844
20034
77665
72421
84046
27860
31643
18829
81538
85062
90692
15957
98777
34884
23629
42926
38718
57152
74944
7420
69373
73879
59285
70860
85513
13170
44622
40421
13546
81449
29776
71864
76066
1825
5470
97810
2843
81173
98419
42128
32431
80946
8508
27665
81970
58301
52112
2759
86496
4912
11885
42727
17727
63169
4944
13057
44177
98435
61648
77417
67768
54341
75991
48339
33317
82457
67358
50462
51648
8592
37764
67399
10446
63296
27787
88062
17729
10759
74832
92309
33922
41897
48421
73973
9011
15990
1196
89227
96708
59079
73010
26976
17205
76390
74533
56070
22019
54509
30324
7694
80720
27335
95937
70774
83379
28851
78981
52575
51801
96520
76449
49789
72535
46290
4573
89800
17102
10681
41759
65360
20441
6690
93641
35021
26485
40687
82479
27220
97869
83714
96115
66565
80002
56800
93983
85537
65267
38416
19743
346
87471
66114
96472
19458
97012
35692
46793
88453
60866
18096
18460
11827
78786
37913
97737
84885
88972
49668
7464
35905
22522
73372
42864
21929
25671
41821
273
82925
7778
1306
38058
74161
73781
73979
89000
71465
39629
54846
56669
86576
20357
87837
34200
43768
84755
79728
52070
81948
2511
11625
94596
13586
51580
41630
1920
76028
12436
4644
81292
27677
33268
49622
76669
1865
93249
65653
87046
13653
89077
57801
73036
81421
11530
15878
1542
9028
31778
81002
98100
98214
95441
3106
45464
43690
79751
11309
4149
35939
97022
63640
21538
97333
36860
19016
97323
93893
38053
32598
80549
6346
4641
60980
9068
4511
26725
84430
32283
78042
58785
79564
19046
60150
13893
18900
85271
48365
66737
77996
30628
46338
94679
44253
92746
98298
11951
19283
82664
9706
51127
29280
2746
20044
49317
41633
6287
32491
82731
63065
57930
81278
80709
99193
57650
25394
8417
58977
74646
52575
20268
76223
14561
75516
72437
60470
73973
7279
42848
58619
41479
80221
2890
45305
28343
43263
98164
76372
34635
3893
14
2218
44935
64981
4193
87542
2539
90140
14584
3022
24296
5733
27180
22028
96640
69431
44427
17449
17241
27736
73669
30661
39006
33728
85714
36036
96403
53416
20323
21330
9330
9441
26019
36999
40839
10817
59658
65734
5156
83513
18463
67199
1506
17154
41638
4532
84469
77237
96653
37497
69706
24537
60719
98580
12351
12407
11332
59204
63263
35946
32486
17919
88378
90163
55039
97843
45981
90184
67636
55373
36370
25324
48776
70520
6775
98106
3150
35678
12595
93915
13840
41802
39483
35255
15605
62093
76384
39496
24082
53663
10993
82858
93328
23870
21461
25390
22965
51602
50717
17006
86866
15345
71754
5403
2985
48862
93243
83090
29976
52747
8496
58029
19366
17152
48832
79797
17353
88820
16627
13525
17106
7768
38717
6794
56822
67987
77592
43031
35097
13000
92
67893
98553
23316
32894
42664
32756
58451
38019
57708
76919
24322
8223
64686
35525
93119
174
12087
31616
41132
21677
16739
64375
18963
58518
85456
91659
32067
58743
54322
85183
88409
87534
49859
56028
67034
90083
65752
48895
30780
56290
51310
81088
29157
61651
37411
53088
53291
45816
55618
80653
73018
18978
36118
92148
93940
55984
3327
18053
89234
23046
30979
40220
73641
61542
69979
68689
78440
90221
55182
51069
16989
20172
34332
75815
20248
20097
46032
24970
38728
21458
26329
5925
18657
68358
98578
78848
56350
57216
23740
39573
18499
48696
15629
30946
82172
26808
36258
18634
48641
60560
10832
60642
30843
16566
96760
41599
94528
64478
65241
34618
36410
95985
77728
12284
83717
57037
67834
77996
11447
25881
92842
57778
93979
20003
65845
79175
29270
41976
74907
80763
14634
54016
77152
78307
66712
11635
33192
74269
35168
66780
17538
70241
27205
7048
64155
24902
48492
36043
39091
89709
1922
84976
90253
3886
66685
5082
27679
94334
11963
97371
31658
53562
28775
6800
28323
26578
48858
88888
74416
90164
19261
88304
2126
59316
51533
60108
42639
74966
20919
76339
44449
18776
53379
50391
27977
63934
51790
6640
75503
90491
12207
50997
71251
31704
99995
66550
45725
86277
6659
90104
7346
50426
20123
31342
59138
74344
16310
78672
43839
47168
3341
31771
25320
64928
12894
40133
94115
90166
95889
20763
85129
74482
28598
82873
26362
54764
66826
69252
2514
50575
95609
17288
45268
36769
24029
11274
88994
17103
39716
5417
97935
43386
23600
70773
46379
85240
8023
60748
15902
75081
31499
1485
16624
1687
33172
38459
48484
28552
11353
19376
44293
54788
78846
35579
84537
80957
74279
61975
86962
37695
51707
32490
47843
38966
63524
67735
11120
35894
33490
54944
63774
40652
42367
667
21609
72095
36621
74063
20820
42689
1196
67852
56763
25624
23640
2597
26053
94819
62398
81771
69334
84907
81407
72007
46304
4265
22830
42995
35289
53358
41971
24533
25703
59378
85202
30009
5528
92124
82374
42282
42319
75275
25254
27853
15000
38879
36393
51579
36029
88551
13958
94457
45617
91368
36725
17365
78665
69734
40145
31678
21931
466
62558
47264
57150
39568
40455
31067
96161
62276
63553
61184
6424
12025
24780
53832
85120
11053
32727
82704
38820
5916
5186
50868
584
4488
50719
79335
84002
58146
87826
1164
94313
66392
5080
40053
99398
9754
15747
36597
5479
61354
1507
74468
83666
99680
30785
92943
58519
54135
80677
40921
28926
78552
90551
12818
87743
37728
22082
49457
48
40241
5652
95505
14105
98802
77635
59494
91747
1924
96586
52475
28559
23810
48
62666
49924
50355
16906
65143
3904
44176
42486
20201
67887
2828
28424
42981
50906
33061
22370
50792
44822
93990
90076
46721
6493
89910
55396
87146
1146
30113
84319
85665
33950
99200
24781
10727
18511
80167
25898
66611
70144
85740
89520
68756
67644
79215
99482
62690
89884
43754
97348
50560
16408
1750
58830
94800
21498
60119
78975
17490
62030
71589
63142
38043
11221
35577
94620
59342
99705
11376
58758
18201
23259
42975
86838
40815
4072
77971
57776
46493
36042
62947
67786
11083
65915
34677
20141
94706
99337
38649
79732
19139
74214
54340
66396
24443
95935
27330
49139
65989
47170
55713
4508
32341
48317
96172
45581
89943
18285
58191
70154
57512
37956
40730
2624
23169
93270
80830
44666
87438
18464
69908
62276
44061
68278
17821
40986
55538
14952
51972
95787
44728
40784
23488
56080
75153
94170
32213
28291
57934
86320
98330
9885
23322
30369
54806
3568
57232
16942
62788
19710
26702
9489
4053
56564
40289
37226
22644
52039
40991
88775
57124
92553
63732
37263
36198
24136
25364
53163
57431
48452
17520
21425
22326
96906
15427
29167
68708
95217
11660
84304
74691
28368
38678
17646
9985
50779
54706
25557
48494
65752
9126
23344
53192
41890
28031
25906
84408
82073
75810
46786
61013
55588
94881
88420
53543
90533
28585
93280
67366
62167
89047
80594
39265
3558
2123
3949
76570
10186
93940
5612
56142
95522
49099
95639
57906
67305
82236
50894
30521
83000
27039
60853
92691
80408
24677
99804
56496
51873
5550
96234
76706
54580
26679
6758
12255
71346
59184
19777
37157
27479
81740
32483
23449
6327
11282
60880
77672
36019
33040
79767
28686
15127
11887
42039
31637
37939
92129
29710
29557
9012
27415
49280
97978
3231
5103
73920
38723
35657
65899
55486
98183
3158
68381
90509
81170
97868
39358
87120
61165
78259
46622
64672
83739
76715
50741
23004
10239
82570
30744
4814
74043
86320
51847
14038
48788
65609
64164
86677
1041
55327
4030
1080
46402
68857
1227
44255
67134
8277
35700
82953
16068
51933
37002
47006
41955
99816
95670
97785
22005
38576
31982
74415
79622
7019
26596
71616
25586
6568
2904
48249
20557
38984
40110
48196
91036
4247
29082
99309
94688
94693
21976
27473
49011
69350
60120
32805
6379
77218
52406
42112
86235
84441
79752
6534
16921
63639
49008
85011
54618
44624
3281
1632
36505
66872
82303
85908
86423
13217
33103
65674
23165
67122
20461
51195
17693
3905
4525
82600
96534
3597
58489
14823
78581
12666
15081
77639
66584
8905
35408
34337
15279
65491
3155
25309
53052
61315
47989
5150
5945
79181
93389
14635
95448
50095
43161
90299
38917
5986
49420
72028
50952
21757
8450
89729
18375
92422
89141
92165
37289
81813
36488
57920
51924
33992
94976
37925
96280
18717
96467
49781
45509
61423
82136
21860
71894
97615
3518
8197
43409
53566
2969
97717
26918
15781
31383
52225
54549
24050
97392
42837
77
5071
77020
90115
39855
75072
22814
15372
41201
41145
56030
54253
45598
3258
74229
22216
20666
52264
70529
6766
53828
8233
46328
72167
88308
58331
17434
24478
28452
14641
20319
51723
68266
83147
61711
15678
25283
67665
54128
6149
99660
25677
83450
97114
75594
66786
2631
81644
17001
73932
76262
88552
73090
73205
84974
96613
10773
72145
96687
24521
15126
61815
10693
68442
22596
38973
52550
71813
35828
25903
51771
8197
90828
42635
66891
61232
54892
93916
80274
48036
68071
47312
67664
23113
32366
91384
25886
73827
56782
29341
34268
1111
57840
23993
87430
50999
81950
51257
46885
86892
63110
91277
4385
74815
76375
49576
28532
71492
18055
61275
15802
53763
12183
57129
60837
804
49390
94438
78380
98902
18946
46673
10531
20733
17558
82507
8679
16342
21213
97746
43344
28488
50461
15935
69608
34888
27278
96057
52378
22856
84065
79635
83236
78974
25342
27657
55943
39757
59013
59218
46205
69842
82262
38722
64650
13997
79180
24799
2442
10026
83749
13566
75786
42795
70973
18554
30387
7604
53431
66032
48258
56978
69597
85337
47123
68425
73215
44453
56475
13016
43383
96976
12468
32747
70989
97860
28947
74205
41911
35819
78325
47496
41016
8335
504
66891
57833
18769
45863
82422
1366
90914
88173
74453
39103
76224
27147
7191
99390
91313
96324
77914
63304
35445
44757
41140
50924
79307
90146
80704
48153
24963
42092
1508
95869
80123
2399
16027
8647
9592
97127
8004
29230
69443
46146
32101
49867
6877
36464
66269
11872
87680
40392
11141
7452
99124
47813
834
61591
36875
39485
41707
12888
14042
27825
83185
69462
20884
21696
96591
94874
39204
47671
31919
49892
90919
61347
90359
84805
46595
72071
59886
87625
37512
25705
11471
59127
98786
1798
65417
73009
58136
53510
45552
26166
9860
67498
1924
77127
53327
14114
23035
43367
52744
76699
98382
69531
14305
37430
45693
76464
76551
49971
87168
8060
16956
74188
91819
48157
53778
78942
97148
39678
17573
45506
31428
72440
86870
74363
66096
42581
10208
33447
80596
37488
37817
16440
80403
59768
68935
81501
84205
55250
35228
41433
1860
32702
51471
31477
22605
53042
5304
64017
80368
28195
47400
45717
52188
39363
72675
16582
66379
80964
92219
63957
57388
28698
1066
9489
53619
41630
27436
79292
12697
39790
70326
50267
17361
83666
51895
61031
62569
88250
64393
55073
98425
93028
10004
88675
5675
92473
9024
21041
28806
71159
86548
75181
22297
45705
11984
84618
53601
54002
31075
28217
83895
31400
53418
27679
23449
51965
74534
62408
93715
41754
48952
98836
99594
22148
69820
78383
90853
24896
48351
32799
88824
66130
47679
75606
21294
34209
79678
72744
58482
33911
42049
21078
13594
3524
86603
80968
71025
162
34545
28474
76416
81364
6458
73645
6392
3783
99541
42366
85278
5626
29591
72020
47635
21466
38863
23347
72383
61510
29576
41357
71418
14002
9819
38616
41014
42439
20974
30491
17612
17670
81708
45026
72162
94957
9378
74353
66710
24659
73172
98164
61834
941
51162
97493
84140
98419
1242
68391
9792
64284
13091
99935
97548
31846
68163
92707
66624
37651
32486
46011
93696
57933
29483
27459
90255
81257
85284
61122
46457
23945
4107
8693
26814
78044
8764
16677
51062
66912
1875
84567
59493
48648
84514
42050
17021
40088
11694
45691
96682
52493
95175
35084
76990
10010
26338
69027
18490
27340
70645
59238
47669
47887
92079
997
64556
85610
15889
35048
90182
1286
42125
2247
84099
64204
41689
74808
70753
12076
84848
29411
85386
60761
77190
37874
38493
68401
33189
38724
8599
49275
64713
73761
2718
89065
62292
21031
36138
96445
1710
86562
17296
92360
26717
27003
55309
32269
4989
1351
44139
48325
3165
24032
81843
69211
68758
61425
12815
90103
8520
61835
63930
57848
76274
40725
92103
46458
13422
37376
2859
59736
11815
36120
75336
83051
80567
11830
64918
29840
23586
8914
27024
43879
68809
52918
41945
65847
63787
87662
42185
46128
50559
48220
49176
49065
34022
3880
23877
35559
59696
48276
85539
50015
17134
97741
40865
73138
71568
98973
45140
11383
1786
40766
89860
74743
67431
20937
43184
74194
91642
17069
42846
78495
12541
17723
84099
72560
8025
17277
51115
2931
12656
52071
64966
11253
76666
88261
15088
96642
50330
11540
29370
4616
58332
59246
19770
59673
28461
19773
844
84302
20791
38928
10531
53576
93272
44395
28497
43026
78462
55160
18318
56227
42529
22844
20040
10240
42972
33221
86472
35646
30474
85791
36733
58565
67385
41734
21863
12112
97550
42069
1602
87856
43445
53597
52108
51728
66178
61361
63733
42132
31817
60286
80450
51483
28342
47576
5182
37923
19594
40976
41406
23083
98451
51330
64367
49267
16135
16778
31391
29120
74333
95286
5796
73661
99368
21335
19820
20571
16368
35441
52931
81688
20687
23442
99963
75742
53061
70399
16379
69090
28536
27114
32006
29133
395
35616
21734
6935
31514
35039
74805
72335
11407
42628
34408
76279
97028
28578
6297
13612
36310
2415
79503
42852
67395
12088
32812
72496
56640
98357
80146
35425
80601
59927
93843
74951
9445
65438
87125
80628
68804
96743
72478
71454
27673
43683
39169
5188
26750
15363
58500
96296
58441
72046
29741
74682
49465
32085
8809
97046
99516
12382
63833
11620
37569
54300
15162
44477
33620
76352
75375
75341
54908
12073
75853
99636
86669
3894
77507
6950
83786
20188
3396
33618
64635
42804
55634
66848
10662
56779
19208
76307
365
7069
41540
90959
60868
19356
78031
38036
38766
53674
40362
46728
93491
3590
97208
56946
83616
58338
34146
42498
17979
2387
7019
10575
1793
55523
98096
52761
70237
20001
98619
36909
67943
53911
32325
95974
53975
23707
32741
76848
62981
81439
10714
46215
41151
56068
88304
23839
68518
15275
65779
30141
62533
30988
63501
90786
54158
71231
23133
50376
26931
94648
77687
86789
56254
26032
44977
78573
22126
96222
58609
82036
46126
70084
89233
60240
29108
12134
60716
75516
43379
30229
25096
5562
87485
52970
68448
67696
89048
53326
67468
33427
8347
51542
82927
63201
66630
28140
76829
51464
76700
9800
29095
20900
97982
28573
20133
32582
4964
44240
93406
64432
11834
10916
42487
78364
63094
77073
20374
74076
28498
61330
82641
58557
66026
3869
58264
1509
3955
22574
35484
45531
7861
20797
8602
44037
68903
80654
89160
48108
70950
90695
76315
96381
19249
50811
68851
56553
19012
53349
57443
65867
74191
30769
21280
39241
34131
97300
80902
4980
96152
93275
81890
14858
83630
4033
22783
57019
89950
25563
20464
65032
9515
20845
77687
92967
63467
58975
8784
36739
78780
84618
87677
82561
78437
77197
54542
73725
81002
22172
66188
787
69707
58680
98211
16761
35450
63577
44170
31977
48215
42855
42832
92221
19881
42312
80101
80371
26843
54996
2306
56624
37265
84613
56342
49217
80998
8362
48077
72572
58916
51227
19647
47941
53854
518
56915
55820
51949
4520
84014
55636
51749
41687
69020
49615
27476
92092
72954
13541
80823
56414
58589
18867
856
18969
57762
83951
79399
60526
69171
54698
15892
84948
74227
47791
57159
79916
67494
37512
42844
27698
32160
15359
93214
88815
9865
55458
2431
524
15529
28576
62737
67745
40118
91696
34116
23723
62294
85424
63197
20891
54291
43019
50991
4203
42011
37268
25592
204
38865
36783
80218
58364
70420
5295
68533
60915
85129
96634
52862
90076
85447
46888
5022
43744
84383
46314
71082
73949
93382
40264
96186
28918
73217
65059
84487
65093
71276
90361
18278
6092
4935
21510
55228
59432
17629
37831
32637
63046
87378
95002
43558
63344
70664
38370
73138
37920
23182
72935
82076
15445
17894
94138
35539
80099
18993
65750
89779
52037
81530
47617
17573
84269
63964
80210
99605
95036
97264
7852
90092
69550
40694
36712
52970
58572
75776
21874
21313
25285
23094
31722
56113
77366
35593
8171
74971
39430
29048
76136
34501
85647
69304
70225
42345
43766
64740
853
55290
66076
54977
31490
4564
63789
12427
15751
77630
47221
39170
42939
73343
59410
74507
86135
36922
47909
16484
64542
28616
42882
99432
47101
7281
27207
28411
9548
73574
68810
59379
37588
56030
92298
96803
15659
81546
51271
88965
75067
38391
60686
48130
17762
23104
23853
85473
16466
60110
34725
35403
6487
6221
8573
62935
86169
31691
17810
24599
32055
86928
67788
64573
81396
77237
35564
44587
73166
98851
38914
84406
25448
15848
30140
15734
58186
90936
46808
73165
50367
25694
82714
41905
92892
27166
50393
93016
42976
84072
15987
80895
74166
46715
60129
9591
47575
28628
84102
30316
84941
44945
85792
15155
65747
7718
4577
88400
95640
16091
61080
60161
28290
39072
13032
5387
40110
93102
70522
55263
81462
33148
19054
70184
7212
74106
42925
25427
87299
654
28890
22139
5964
88713
20039
74705
44382
13508
80099
47941
49615
76124
31057
84691
94719
5607
5012
31980
58260
32114
19814
51968
51679
65274
48360
18469
95837
42147
11828
88007
30458
2775
19278
56588
20208
7998
98297
72450
40430
75735
9285
44264
33460
54929
70278
84886
46330
6216
9985
23978
27567
70687
20703
97871
97375
31478
89316
97131
82862
28680
47225
646
5410
86340
41541
53427
70077
31334
25658
74588
53287
79250
38156
40814
51882
54060
11548
60510
38647
30358
46387
92790
34598
8007
25290
3489
63194
14725
73318
11406
4067
14303
34561
81508
37181
81321
43971
69411
71350
54804
52752
90802
75437
9001
6875
56075
50230
72834
83992
92351
15034
71782
59470
30791
15835
34431
83115
42440
21300
35322
67282
75970
25663
69050
51824
41269
38929
79288
3149
16433
736
41275
69789
13977
44868
84145
41558
83218
77499
11591
26299
59213
28775
48971
9463
87631
42898
54171
31526
73530
63026
23721
56013
70394
97223
35054
9418
98478
69280
99432
85798
38704
1630
41937
8582
5699
27761
63165
15489
93240
97342
45616
39628
74205
51010
4697
28113
89091
33360
1199
61150
99658
95478
20775
95706
65355
59998
83471
53426
66881
28208
68106
82642
68789
31669
67496
41519
67493
13526
29121
30369
61521
96451
38575
43982
38754
77423
79333
32608
9462
70488
59375
83833
63244
19525
72423
13117
79656
21641
98193
74094
49636
20676
77652
59861
8084
42952
50870
4860
57844
76600
93074
50616
79760
91885
26617
74244
15919
66066
48802
62601
37405
95759
43087
14041
94836
27204
88318
41275
73415
17131
15592
94048
21834
9759
97113
95124
89921
4060
23053
4528
13187
81404
63172
10541
93226
52128
74689
61459
52250
41232
18053
5423
60748
30425
31170
32611
32823
15093
13119
84503
88409
72585
45768
10797
83431
53895
93038
80274
12399
72980
80482
77040
96454
86756
48265
89025
86899
17089
3517
22943
88119
81291
60929
93462
79351
84313
77694
49498
10791
51709
39710
36341
59189
20678
80644
2616
87919
31711
51238
30611
73970
60885
53001
18464
82289
62645
58008
6138
82462
31828
57984
3051
98360
68808
2986
58914
85969
42740
94262
14276
52474
58977
8048
43129
36749
17063
65330
39655
23159
1931
59574
22460
29696
12226
8598
32036
88056
39156
24898
5499
16896
62876
75101
55484
55986
10156
32469
75160
26126
93485
74589
91043
16099
82307
58504
6024
68502
44879
9156
40188
33361
36399
42641
71920
95531
95808
26045
80288
8816
65859
19037
60456
30029
26397
64458
76247
75258
84697
66805
90107
58692
64584
41544
52156
28086
7465
54491
8549
70691
34723
74448
66684
11475
51695
73836
76499
77064
8402
8082
55831
61611
54312
54013
94950
4760
35421
17177
14621
77827
28884
3871
29807
60869
83947
52811
47058
68039
49685
45116
35412
93577
74599
90504
99723
32720
66703
70137
46985
95338
91229
75080
20174
70207
65605
50900
81016
28822
57021
98431
80085
89185
15330
74054
59449
4966
82487
27131
11947
10378
71341
62528
98617
60828
66142
92481
35373
40284
71346
35343
2199
20774
58981
1141
14025
91839
13728
93401
67330
60154
4932
82928
29122
7240
35973
95326
14620
90266
55571
81994
18057
15380
59283
57402
22137
1679
89068
38319
93125
74059
8702
98591
21280
53232
58061
96075
68332
47935
63036
42973
744
15706
76691
72064
807
84844
96579
31004
40892
66806
33376
40972
60785
95095
59661
89246
1175
8248
79190
83270
98232
84241
51926
3231
56968
61115
4665
82656
35866
18867
8828
24982
78863
94664
75281
59715
61225
17153
80734
12147
38269
32494
74981
68855
91207
59497
39710
52961
34456
51016
63712
28698
58250
4323
56190
25571
59252
99324
99246
83270
25432
6192
17446
11320
11962
27000
8000
23085
31244
77532
57884
1016
77476
67413
55011
76414
48175
41277
94441
9270
83934
21366
59149
85087
61151
41651
76507
40190
9063
53543
75536
50898
71082
24328
36893
55797
34189
38207
55364
31378
8659
41935
30047
33630
88404
45248
57665
2037
56716
15335
41940
20593
5647
79444
44769
38249
71418
45623
76911
2564
25861
79727
56770
49752
54900
12561
79556
58724
87629
73937
82658
83302
22756
25360
55277
87033
56881
14595
32481
64879
55939
45979
65442
88903
75278
81910
82306
46092
13120
58850
3647
60009
39986
51689
44585
5388
99386
9182
8161
88022
59421
57186
70557
40380
63105
26898
40617
9310
89824
39153
86407
62178
60536
14350
94967
82668
17568
62194
92945
7771
98133
80552
35247
94403
4307
7657
67944
40962
11519
76771
48535
7521
22561
89029
23002
40042
62799
3209
13686
56065
74244
42399
39512
67008
20975
88018
1142
49426
65032
78042
47892
28812
45117
78333
11075
64291
34155
52098
81092
1198
80072
93396
18186
47321
97053
63663
10493
24642
19441
30474
82010
58836
37345
62081
51576
41278
78924
90941
30469
17456
53226
24162
83503
91313
27292
44886
53119
91359
6686
21929
86944
27908
91897
93061
32638
1457
31094
77939
23337
46490
70573
33127
18136
30797
475
56362
61386
49168
10674
77218
48999
83063
10730
95808
95397
20127
56245
72261
20968
31818
4881
95410
11393
23223
52406
37483
94871
94685
69903
8038
45858
90692
25093
97302
50739
57216
66871
88975
45970
47434
78374
92629
63936
19677
87565
55814
8091
90602
98317
20128
38016
59449
35430
96240
99274
62493
72194
22648
95224
47634
95532
91324
71373
39413
47230
18346
14225
70368
86904
82371
76181
32768
3852
56330
88244
39861
45621
12328
41845
77574
45256
99706
1804
29791
9507
22104
99616
82312
43395
65762
96295
27427
50546
30057
54478
39489
65692
34935
20661
43809
26306
31644
77751
62246
66600
10198
61159
30068
83753
52828
310
31463
95434
2631
85713
45296
32012
88541
36070
14446
98523
10620
24519
43844
38339
16640
73288
9564
15235
79025
92099
22040
24473
37388
70459
47184
7997
75755
84669
36429
61354
8948
42818
97505
60407
47387
53713
45025
17219
79029
99329
64065
26351
46074
83228
51082
18021
44245
61696
83290
72598
96044
29695
344
23042
84871
76294
5618
10640
93215
93882
90581
7550
55588
61118
74664
80146
3370
52017
966
65742
43089
44853
15638
1090
26576
5098
93160
30652
59102
66041
77583
24858
46332
26861
76501
39264
87426
11387
2655
14725
69989
79842
35583
57800
42721
4269
54160
81856
12393
64726
69713
66001
67912
25157
83137
54138
73107
75126
22227
34506
96269
73688
62350
32147
29654
4753
83492
3992
96273
45055
34989
78720
91185
13529
62943
98124
12415
93524
30380
45573
7946
11778
81593
24302
14348
80245
73430
26425
74293
78530
58622
88053
75319
33312
38925
53605
56365
22607
61369
79052
41864
22485
1390
42501
25111
85827
11370
65679
15858
18071
7762
29700
17443
25371
58095
21323
61010
62602
73865
26852
4396
64467
27614
27489
43023
61558
69022
69588
39765
59467
61062
75714
37882
41954
84664
51127
92651
50564
92979
42484
46413
20761
96404
7107
54663
23395
93801
9771
10862
83848
89518
58750
72299
23981
68710
71856
12426
26941
97943
19939
69698
92777
87362
32413
20540
28393
19581
99323
78818
67169
3247
72799
56325
15647
20008
39140
35434
8512
70394
42226
73203
16082
86392
48653
36422
47284
19754
75560
32572
18234
91818
151
92872
59053
88286
28162
32289
43247
6866
85653
91822
62748
38289
37172
42285
60908
98080
31276
65281
46004
67863
54629
26390
31245
49693
44979
89009
77036
95615
41164
50840
8336
21932
8180
72539
96955
18224
22516
57182
90679
43979
69161
97029
26490
59406
37560
29115
12644
3985
24799
81118
72933
54963
98183
70410
25980
51823
53621
66080
12026
86936
46880
26067
35332
95793
69277
53008
25271
16651
12983
647
45606
36540
21242
85850
90783
5208
69934
38657
70541
82799
35520
50455
62166
82531
75964
43844
20995
98980
6967
32424
52128
71721
81513
66977
44442
49741
75000
21753
13989
40484
53583
6448
59840
77497
14573
32097
11952
63590
7962
24083
69800
95950
48661
8286
88778
50394
77000
16216
25800
87470
55357
6716
30147
30631
95978
86805
99989
8436
98343
80140
12298
95662
58144
14284
73704
39638
68902
99630
68527
5737
41473
40358
12123
87298
91584
49609
85927
62668
592
24601
98060
56866
8330
43439
1288
75110
47815
17828
56377
20346
96015
38780
51432
75198
11919
23760
3874
1254
4969
73942
44673
85655
25989
94574
63082
48959
60806
77867
48368
74894
59863
38461
33750
52884
14660
58711
84913
44633
42148
58434
31787
76467
97524
23389
35268
9031
4416
66287
40467
19743
55290
75851
16683
97956
54348
34334
21241
88440
16170
9017
45577
44019
42849
68725
82728
52504
92173
60071
47587
85972
16582
80098
91823
6930
50585
60004
60482
7773
19605
46878
51167
5651
95644
1027
68015
35747
37498
83308
70026
95523
7282
13285
15222
21168
69171
1336
49830
64226
96361
69236
38403
16043
40784
32313
70472
42605
20644
63139
37031
81781
12756
81297
61897
26424
39092
56081
96723
21256
9266
78345
99460
95986
50752
98084
98938
96312
55184
64344
52213
28934
22430
68944
67475
83123
23526
25659
15483
38230
10231
8976
72789
88706
95584
66619
77238
94240
95974
38729
65881
89384
56663
55660
47113
50363
94425
26731
76699
3967
5532
13802
93016
41176
46126
24529
83897
80832
38189
47419
54699
76899
3511
93245
93105
58265
75325
30801
93737
18144
98326
14527
46407
11286
4976
7751
90685
96144
26753
12909
90652
80794
82363
73345
62356
21996
63422
94985
15095
7652
37480
51566
5052
5254
61480
21312
38976
90765
51184
1191
73095
89324
41224
3079
53823
32518
83102
67375
92517
80294
42331
99998
53089
64092
84594
8914
3693
63125
54514
69710
22003
64758
17435
50472
51572
78964
42349
88620
85668
20274
97403
50160
37171
79736
3007
62710
57287
7821
56263
49687
13957
35218
19885
99794
43886
96922
52004
87985
54694
39081
95726
78387
31984
99367
41706
64636
18100
75393
72587
5910
89027
16957
40196
92385
73810
26712
67968
82718
39170
28446
24494
86836
47072
65158
21817
34333
41127
72231
32213
77713
22659
41562
93845
10189
38513
66285
78650
39551
9923
67489
43142
47504
1279
21346
50223
44782
50023
27136
93327
8693
70291
31662
70263
4378
99866
4982
73508
628
41200
49015
54250
74759
18089
12573
4845
87886
44028
38748
65998
36932
46211
42856
90914
97199
81822
32243
81759
19850
85047
37732
78671
75406
37600
21040
6471
6492
66136
60472
31474
7689
30317
25727
32294
41319
53628
34438
73144
36812
20468
21095
57514
62272
15320
40650
21763
66280
79395
95750
94712
32618
28869
66680
63334
70877
42220
65145
73569
84783
14238
17215
45734
85522
92674
34771
25069
40132
21279
36778
38906
6841
96636
23330
58867
97575
38151
80826
49580
58190
89105
80623
3198
6402
2518
85807
42582
44502
58746
10780
86121
23303
78735
49247
96581
82754
22867
28837
43651
92051
82167
93083
65881
89227
45018
92225
204
70413
17875
58382
97026
88981
17326
20161
43445
59461
43821
23423
79044
44462
3280
38157
12132
39735
36368
98187
90963
5421
24005
86443
14925
48936
50919
14125
20919
71989
11761
537
28761
13701
32321
68313
59497
56305
19548
75024
84610
41416
31279
72058
16596
80951
79057
16161
52756
24692
1252
81049
51508
6023
24538
78489
24270
23702
80020
18390
57689
4619
84485
61950
89118
92612
96373
10030
32645
76759
62465
62577
24328
32319
46112
44149
3945
89767
79873
15883
87487
17170
73584
72315
63276
17509
35511
17538
83082
99218
67713
82985
82883
17698
63002
20483
7136
24093
52562
69666
54073
75545
11840
23511
78124
9725
79715
30052
22569
34289
3812
56960
17833
10820
54743
80102
64094
55769
39104
20954
24582
98127
467
84154
81337
4652
87987
29148
76002
96229
76956
87498
53867
95437
40829
36758
2608
76535
95644
32923
75286
42409
75710
44883
47540
47327
83198
96591
92623
95993
1242
89462
40804
80579
86285
54748
36223
5599
90806
92382
98792
61968
66072
15832
24957
1445
16923
91811
12538
91425
4305
75118
10005
32803
14514
75704
57542
22359
20456
9832
45411
84824
84679
46729
17066
33696
6228
82245
8152
4269
46566
75708
82199
52818
39082
12961
49491
45047
74752
91089
68141
27342
24867
95921
38697
25204
72902
31716
50146
96863
43354
36998
44510
81098
84268
32743
52892
25434
73131
52647
29481
10668
70343
97418
19474
46782
88341
11225
26803
5878
16559
40533
85230
98003
43544
6328
7896
23662
23677
60874
59021
37292
15319
90076
12195
10371
29998
54437
16892
64646
90295
22359
55638
73167
12861
5725
57245
58153
59678
53844
44800
23799
18668
23074
50176
28803
59092
35159
82660
32871
69371
96255
75594
10226
16804
77472
5304
49912
77615
90103
6352
60120
51964
3241
62466
59979
17580
36040
4380
97894
64648
56805
67421
59372
12795
94925
75911
97620
73722
46689
29234
306
13093
77494
6653
40516
38341
19813
23967
62075
85268
3887
69692
85828
62013
37265
88019
19122
77240
88320
88244
72234
9976
23170
47279
30251
4160
93673
79143
34488
89487
51500
80358
20355
70813
77667
33898
89239
98173
38143
16445
56258
45026
77603
53762
77853
76190
37187
34827
93306
49926
99000
54888
2793
18705
64189
39897
74086
88351
5674
64005
93059
82774
37898
97379
51694
12200
83099
86453
13406
22512
19841
87285
33823
63931
21799
79432
37528
93380
4243
32975
9525
78360
69477
82044
48438
25144
5548
43137
20051
99324
63493
75972
29994
16980
31153
16911
94759
39114
27665
51811
59951
1316
93409
68877
27016
36421
85902
91057
33544
8787
87957
131
43705
15891
21882
37940
70694
90448
4193
54569
88773
72507
96973
49640
88833
588
55059
59692
15171
63719
30970
12311
43356
39386
95441
49159
71793
48035
80332
38017
26627
63310
26749
56714
43705
21115
58571
67381
97101
26590
97458
52150
82641
77408
69078
6645
42748
67075
88613
89407
12788
56963
91017
38294
8505
83000
30118
11784
9228
21432
17814
24477
9530
71193
65246
9097
56297
97556
83501
90946
60830
93797
79121
78380
22761
92367
32661
31088
9070
32925
75963
4779
16592
76547
46162
74083
6107
41858
55476
28660
84366
59114
11935
94984
85956
94810
15918
71589
50878
12675
47443
84287
91086
49770
75059
98703
90754
87180
49982
78748
39052
10173
29577
59606
96266
1737
42506
80642
8054
70203
9359
54254
59180
12091
47740
6534
66675
46770
99295
87263
27018
33002
67665
81233
77873
12625
80428
43266
51793
45980
89764
49341
75625
98951
88579
85250
30422
31322
70564
87415
49822
26920
49579
17564
39321
47153
60512
47163
2684
8359
61222
3934
87939
4014
55100
62651
71194
6429
10896
8459
17065
28801
64987
72440
59354
83616
52061
26612
73288
86522
91029
49894
80102
76556
97276
1376
31336
54543
50111
63020
35570
38813
86936
69092
79580
76948
85160
83585
89214
51282
84595
25452
69246
79072
84695
7376
49555
6988
18506
93136
30869
93390
78864
50964
2883
87564
45430
86495
80976
54233
89038
81020
3146
920
88391
43511
11945
35070
6856
18856
91665
56117
81640
4873
76452
98717
95597
93289
40775
19246
83840
74233
84623
6648
91081
40676
61352
87819
70573
63132
91010
60850
33344
87151
44056
64890
26792
84761
96990
46769
30160
48818
47750
37802
3557
30248
38383
1885
70385
7495
16459
50218
43697
73525
91916
76542
83669
38043
48842
33710
26004
78333
3795
12608
74442
20490
74000
41130
4591
67630
52431
1746
51668
59813
85650
10260
77565
13099
19060
23714
20437
96015
26899
9157
74451
18182
48447
24418
23272
67483
41469
36504
5505
97732
63352
42534
11999
55568
97413
7626
92688
3388
22097
8611
91209
90437
50985
32600
6051
45879
11749
54897
20656
43236
22611
24259
31032
41809
29340
63210
9652
61066
43348
85934
72198
37942
60419
64648
36915
80325
86987
20958
14526
17957
93014
75594
34051
21428
34302
43609
17516
49264
26968
98575
76915
46442
13886
91431
92693
58778
43159
90168
96687
11755
37157
96468
23320
45975
53258
33258
80667
33485
33240
67211
43375
43406
81876
50761
404
11384
87398
73500
7981
35514
90656
18430
36468
47718
65640
48342
9214
57380
11748
60978
5901
39619
47265
3629
3788
65642
42496
70032
11210
2925
96510
96500
25686
99163
18238
96294
36883
79860
92309
7428
34808
15256
85553
94660
77447
36123
3975
55827
93159
73748
97592
17882
71233
10933
39039
97469
22964
18293
52537
96894
44309
81576
43473
52126
52230
57616
78856
7812
2545
65229
88318
9910
19234
2096
53695
87491
88479
92781
7085
73763
47172
80815
75237
64598
61887
88485
34481
55145
36581
37818
16074
34808
85071
20802
55271
28621
53428
46608
86054
98566
60548
66405
47862
50069
83071
97124
21983
55745
29296
2464
26126
89577
4617
27222
64705
31721
34524
98295
27563
96181
66451
85406
85285
26626
68556
70240
18258
59012
9749
19969
40877
77746
46144
57442
97872
89670
77763
36664
58051
54016
30511
28217
88544
46890
36074
22096
76255
19734
79883
78480
1443
36836
81553
34916
9664
93120
61409
86181
70023
81928
19003
99525
85679
13771
58520
69640
88130
21036
63969
34386
49217
64774
25327
1531
64053
90313
22010
37055
19027
99811
33344
97363
94411
48923
87989
39890
24173
94838
49985
42773
95321
70620
29659
50561
70690
55220
78048
32057
68573
460
85391
74068
9836
92725
85828
73674
513
43083
40367
74217
49969
43155
30864
99012
65848
1373
11122
20234
56866
94440
71265
57044
93629
25476
31049
12408
15417
38643
74668
59419
70232
66089
7584
92964
13624
14227
23907
86347
18682
53684
53019
11184
57710
6250
25071
89095
49277
57198
53883
79601
43058
92154
93780
22407
29318
93862
58649
78831
21192
37643
58033
65713
5797
33064
18311
84995
5337
34243
16895
16065
9554
71527
7156
52280
35772
30187
1455
44385
50703
69556
14566
60683
44498
10769
28751
19505
20746
38979
39903
68139
49635
95072
2435
28960
93945
7725
9242
43608
82691
232
12301
23408
10717
79048
35532
3943
21553
10364
50951
48117
1346
49552
46181
45660
7796
53743
40292
35542
30203
83234
89710
92142
52254
2166
46197
77898
52359
46363
37419
89862
12363
58184
88064
59644
50705
28
24472
3519
61120
98496
60840
83592
24841
82217
75309
63751
62446
63801
34890
13787
5357
4388
28220
14844
60302
40656
82203
62549
47205
63862
783
93008
48931
98278
79340
43626
19519
64327
58732
77893
37885
75003
45704
33500
56953
67040
48051
27569
5266
21939
882
7778
92630
69744
31932
75387
31429
53588
75722
83173
78596
56067
40634
74427
18721
91750
9862
14301
61886
34380
88828
35389
27100
86417
96698
55735
63398
37500
49929
89150
93622
43138
74387
305
65575
39464
90753
20845
5657
68421
18645
68508
71579
21094
12864
36747
8472
50092
87938
84313
9248
69872
22396
3851
16114
85862
52627
66812
75587
88799
85604
44914
25069
32616
60894
12620
43447
77104
98368
50455
83549
92231
98448
77824
55932
59778
82357
45508
69852
11931
8914
38402
3674
3222
39904
69298
64913
73150
7590
48944
44613
35533
52664
27600
56587
73386
28585
92885
92056
45645
32206
69693
79109
95678
85328
54132
31356
44252
71693
83177
59617
15769
54988
49245
9568
38786
99804
78999
99727
37949
7720
15669
60319
75691
55096
77950
30373
35981
73671
27570
94687
41538
83069
90370
31365
36366
83113
99324
39726
47415
65724
90303
95612
18633
66884
68909
17285
28282
84387
26878
97855
67975
15308
35729
70375
55644
45434
54302
19085
90547
28525
66663
10976
16148
39778
56940
56082
52731
237
2365
71783
7832
52214
29962
86783
16943
49357
57879
34558
69919
87915
36043
87317
62144
47558
46312
70094
35813
22929
89237
14137
6530
70766
6422
174
69799
25361
35165
37918
15562
850
54810
17371
37282
71182
21102
55136
78703
95739
71453
69822
83768
90726
74594
55973
39564
64491
61020
86603
26506
62288
16838
98844
52828
11615
16773
85214
45790
55550
43354
82847
97213
57740
86679
46333
81978
49370
29774
35474
98029
46307
65477
70651
94470
46698
35846
8163
55375
84303
98035
53872
77262
78317
30647
62730
5671
65075
93527
32099
84445
28700
13255
89000
2233
18094
38713
16610
77379
41516
11024
19913
73581
18520
95922
3142
8432
20201
35484
96227
96078
76804
86640
12914
63414
90298
12234
53527
38725
49214
73488
84562
26186
90849
9863
67085
62850
93100
56866
49470
71138
91353
43254
88985
11219
34607
52265
37366
76344
72888
85704
68730
47115
4448
28536
4741
82757
73228
39524
3031
51740
35573
72501
81343
72742
48544
31840
42754
79516
38363
54008
95460
55994
17653
80549
46007
1507
71963
68365
88221
6786
63499
8302
75323
72651
41431
86573
88476
11071
21367
83977
72414
85199
77835
53673
12382
15639
73164
52596
57595
79148
90862
12095
85737
7280
34453
95584
16021
3202
61840
85378
17072
28691
48438
22865
21018
4082
87547
95573
50348
36938
86063
3868
40577
89857
39572
53136
24930
73761
53019
41992
37613
47348
2394
69785
90465
44840
30923
91437
98953
17938
43555
55692
99490
70286
97261
55671
11691
87909
29315
33268
57960
89991
56712
24546
8179
94872
52197
50446
33984
61703
85983
46943
93034
31161
91185
95820
27999
32261
34476
3982
40166
40088
83335
84432
41192
56088
39748
74626
48994
7750
44896
62380
67077
26461
1526
320
99432
52823
55634
47464
49931
20046
70861
68991
34664
32159
40938
18907
50328
18763
33515
24136
49568
28632
15985
13872
76438
2133
62478
79510
16499
4090
90888
85667
28407
81101
49549
79671
43092
63201
50958
26465
61464
9113
57529
82538
72506
2763
54519
92427
61056
16511
1662
92447
62027
37846
244
74355
78144
47496
86049
50969
29715
64390
63727
2908
28658
7230
32481
1166
51211
23740
19405
47549
15579
64653
75671
51941
81876
67487
49420
13759
42346
73413
63384
13526
40667
71895
64260
12698
88825
47574
44623
69261
97461
27276
28488
48155
62409
97618
85989
92680
62625
94795
4291
78113
7559
82414
24187
87380
31659
61889
46237
80315
65355
79456
44748
28371
88772
78109
32054
74539
59477
74722
42350
28248
61581
58994
71367
30821
60273
80909
92591
3208
47723
38738
26597
76080
66161
15582
24729
1466
177
47379
80671
83843
93271
68533
32880
86392
8347
2541
89149
25801
92938
60528
95760
68188
31663
9338
86849
53245
25853
11476
85905
85171
30780
57941
26983
21550
95949
35716
13893
53692
85916
45627
73958
55900
67841
70151
85942
79114
79859
45836
12846
95384
62474
29094
24106
1885
32687
90794
53961
33991
14530
87626
92705
11181
6279
24120
43356
38687
18607
4642
70610
11967
54910
63291
45061
86184
37566
23931
53715
37100
6880
50556
74364
28061
69450
24773
21904
12481
11201
20804
81811
76808
22932
81492
91057
24953
54562
6271
51352
96840
71402
9852
14902
36580
15693
36345
30352
42990
18434
78580
46811
39492
150
88835
40219
85626
8925
27155
77526
9994
41850
18062
11508
41539
102
73366
4374
41149
86049
22670
51056
50956
51794
29111
23587
12082
92
99319
63291
15567
67392
68119
16482
39604
22761
63235
61824
96630
21496
46036
12368
41277
23244
80170
18176
78940
3949
56211
42372
64891
84790
42409
53111
14063
70141
7607
68303
5356
2400
39547
74171
74961
66349
72583
19548
13825
27597
11714
46078
52466
56847
54572
80530
78846
41485
51806
20297
83799
97629
40847
81711
43864
80598
9108
96609
16214
34077
97023
54124
18773
75339
94568
22820
40407
71740
92457
6493
99535
39543
71074
99722
66516
5301
65949
54480
59345
88432
1293
41989
62905
40265
62127
42603
3607
4150
99699
44355
48324
55462
41748
13199
34962
2643
83585
29353
64197
9219
3808
96569
85249
11706
79113
36439
34367
24735
82830
22173
21017
16809
58746
78824
3076
48422
91447
68619
51870
52425
5386
48272
57885
5358
92409
15340
11367
8298
63852
23422
5760
62836
94449
92420
24381
93705
71738
75961
4247
51841
26785
86511
5275
99116
46283
229
88639
6632
95530
40837
15215
71715
78493
72061
44037
44391
35730
51863
13591
95238
57580
75159
40554
80419
17279
32657
21349
6683
33240
87685
13952
57806
69434
29080
6331
37838
82371
42864
2603
28547
19789
58700
61039
1912
37968
69533
24641
30085
96997
85444
13000
53402
18245
75434
25481
71557
88175
16662
33758
32257
88713
75342
23519
73883
61822
54222
55997
15937
32966
2206
8110
67146
52547
87923
35490
69180
87943
36548
51764
3358
97203
38631
43228
29946
18363
3464
97217
5422
33765
32741
87180
22672
87984
44553
81687
10428
81
84803
18180
13115
83960
33346
33707
61105
11953
78895
68555
41795
13190
33095
48226
35620
46338
50260
4600
52475
93009
19847
12597
82962
71172
76756
20466
43132
29808
54825
35277
94884
36502
21964
87734
80591
78653
19185
53350
62926
81050
13749
82480
1666
22226
15450
57968
33035
9590
86878
7327
98063
70221
34362
70985
96356
17520
90453
41781
33434
24751
41859
6947
70536
30673
34557
15349
81649
7352
11358
70244
34034
65539
76759
96275
42540
14477
20239
4896
57992
42387
20187
64503
15308
60914
17430
78689
24472
96814
6621
18937
70973
69392
24298
1407
81499
76839
87402
4102
21525
65775
89501
29992
90836
34287
71658
35449
20372
46044
91292
12728
71247
47419
63261
9410
57572
13668
15278
11713
52068
98594
81248
25730
2105
40983
27954
59876
34835
87676
26279
81100
44944
45445
76899
86646
35974
80643
25794
54182
46736
70468
92981
49660
40340
69685
69018
42501
71149
51047
61590
87854
24986
46543
65202
10004
89346
17896
14608
12183
14306
88883
69032
22541
24884
94782
41763
98066
51229
99203
8499
30013
32500
78087
99053
1326
86922
77027
89348
86340
10970
99711
92867
88075
59919
35226
95623
66770
30700
89702
42743
91579
56796
2897
40833
92235
98871
28542
3954
74177
15885
3506
21841
54628
58194
59466
51608
35892
67654
31529
29200
55747
25696
71248
92969
67101
44886
11366
45075
96577
74700
76695
155
65428
78486
94361
44485
11531
14732
40649
92739
21830
15657
90004
69103
27965
80191
67410
11915
64722
8476
11820
61330
35909
23185
87742
90426
33414
21316
8792
55817
90949
27700
37150
1201
30502
30980
86480
76778
28241
40231
99972
46474
9861
28038
59310
48483
17612
79920
86689
65017
91402
90687
58928
86942
55567
3459
52397
19532
83884
27917
56851
17375
32002
20410
84031
41453
34838
25434
73721
79874
608
49468
63953
61436
94275
88
18308
38975
5175
94168
53309
32534
27426
41348
56696
89704
88293
90280
7042
68787
75090
60740
28028
90855
4668
83025
58622
96865
53511
66507
21753
4162
80286
40447
78965
15276
32803
82514
88601
13369
45089
61387
30536
88311
45277
88062
37640
52004
65195
95638
10783
56642
31037
5726
77270
49527
72150
1613
44415
49539
72733
23500
12787
26271
26701
92932
43796
57871
10537
92681
30417
41539
79597
63549
99880
35088
61695
72802
70533
97286
11940
99200
74729
29197
38512
76751
67686
78721
47637
93794
88871
41639
25980
94960
80044
7467
85842
61248
29042
25848
36697
15664
54609
55442
98880
63874
78016
98484
29421
95524
91667
80161
37462
78906
1508
54377
97071
73323
38896
59290
12893
49316
65432
86720
89385
43180
85735
25467
85969
54534
45171
40859
1528
34236
17405
55355
73693
13071
30419
98359
6282
63992
85141
33419
23075
21945
80852
34281
52894
27429
45398
28630
65810
95592
59767
62050
12807
36628
22761
64867
46797
70186
11772
49773
55273
47841
70552
74032
458
13078
61895
88429
65466
77169
37648
31990
18000
54159
6334
64962
58338
53681
39487
56073
98487
22465
63560
72802
95706
49692
59926
46391
38315
65696
44655
30369
32816
53203
26919
36838
617
83917
52863
24203
37857
12932
27815
11927
704
66194
64516
67207
78878
21317
53101
15975
55217
66530
41583
48179
60327
33879
92625
98410
4015
63548
46033
55308
96626
13925
48781
43312
17983
73575
5246
29989
22596
82052
90047
55395
28409
74421
45259
93676
25750
31379
44356
87748
19108
72929
8208
60362
57105
97274
55294
32690
33757
47346
74183
7137
10898
57132
66031
79300
19408
50872
70602
45165
66182
4742
12923
18092
88893
62252
75384
94470
72462
95631
92073
22772
78612
82097
57072
57146
32796
90040
39330
80642
82809
90999
54547
49684
1300
11931
20848
83221
91552
94196
84070
38714
78987
53470
42912
18919
20337
90827
22541
73512
44171
40783
54976
5546
26469
77639
20305
33751
47180
12646
5473
66509
26054
77246
84795
50490
93084
56679
22165
26550
28402
61328
66102
82877
31000
95
8177
39368
86297
37254
89744
85126
72688
47140
78892
63484
16538
42805
29976
3862
19782
97432
68958
24713
7433
2075
81313
94215
54927
24420
61186
15741
27468
73374
79069
96972
23344
29278
65939
52450
16824
55058
12803
76149
30017
43397
84978
87292
73176
10801
7210
75242
6925
31137
77246
54120
57254
32002
52363
12493
68304
33478
54937
57404
62256
45204
86241
15739
37143
76335
17098
12299
22964
11233
64780
97161
56451
37732
73237
34592
91203
56398
6345
73640
12581
99830
13348
81887
72033
81831
79963
39362
37187
43520
98049
61289
14370
46341
63749
46076
90865
76645
44409
22358
59151
59977
16173
44789
65305
39638
72474
27770
21119
34207
52187
22211
91187
5611
73493
33410
62205
47166
81271
81242
74220
22310
44444
41110
94472
61189
33165
46438
76899
8693
19812
78710
26286
13149
80108
54893
82471
48879
91076
49535
28559
21787
97698
36527
88026
44083
19444
59013
29664
37276
89377
30728
74384
83214
62670
53176
77572
92296
30717
63786
88368
32307
68016
46721
22708
80113
18923
96005
56945
20706
95992
34595
88056
94931
9379
58753
36990
33475
41638
68636
94924
99187
84671
62240
52562
69866
73980
63683
41660
99426
44281
58622
41532
69587
48289
25385
70439
35129
15632
28114
40764
29028
25241
93626
71166
54972
91331
19980
77667
37231
60494
39611
72358
23897
45620
69591
64823
78895
92970
73931
53361
96136
56197
51094
6668
13736
27098
63236
87433
56009
74078
78056
7211
7721
95916
45944
97829
24747
84165
63749
17230
7434
22193
97846
93169
76513
48227
1760
77249
60624
36507
6916
75178
34988
88453
44485
67235
49766
34367
12900
18751
90326
34904
33082
87490
57188
82196
37297
16689
12914
86252
46783
40578
38057
50866
8576
45619
75807
68562
93423
22262
92418
55348
48066
17866
97444
33565
33311
36581
17571
61525
51678
97389
76531
52932
30908
98502
59882
15894
33656
1477
94119
2654
62543
50819
2560
78902
69455
44750
66887
33956
91801
82361
64601
26488
34776
83572
39683
38770
86905
21174
68625
10464
59014
82262
58036
23045
4419
85306
46606
28085
81891
56230
77629
96253
82247
41654
5090
31776
16981
68423
55854
30108
78258
77711
69832
24812
83740
35885
77693
12390
21382
6779
54372
31459
43632
89376
19501
34783
86370
38338
4485
47862
79141
3864
38984
1167
14942
65502
32388
7349
49736
42978
72166
69440
18925
15739
39652
69939
30592
42393
93702
45150
77914
91159
35281
15779
9328
2029
67026
26390
54285
12738
35715
69213
61905
85471
74717
7543
50437
84479
31866
78873
32250
24130
27589
49939
44670
46465
2721
66833
58298
31579
115
41086
56682
57966
7116
24419
37721
8802
28663
32973
2649
2303
39740
82573
1948
92030
71022
70265
8723
82525
12407
90575
99328
80332
86494
9849
94681
76069
21042
9036
7036
18457
88310
28810
91721
95269
49769
22472
27905
84099
33424
83178
86105
80956
99043
19786
36379
21307
28209
76472
35769
45917
18512
44251
24654
71365
14501
5558
18323
88076
47884
55526
52699
46421
22373
31431
12268
38910
7771
84213
218
65651
10610
42800
73602
69917
21069
63738
10208
19992
13561
86042
73101
70338
76217
29379
22552
11150
52942
85326
11680
73721
81923
6691
36075
30548
81203
16823
63238
62399
42423
83695
58810
72695
67632
88675
77319
84967
63629
75166
31072
18330
22810
45346
92002
18096
48837
7752
12146
60398
11918
35269
26834
17104
94026
82856
9696
84410
29204
8447
79500
22444
52081
43482
36563
73939
53566
43975
21468
11292
38456
29436
21967
13508
37320
28692
65005
38379
28009
10832
69392
36168
67159
88479
83136
93301
97430
72984
84430
97386
4540
9220
68337
85607
13116
67001
27738
27019
3088
98496
53174
93026
10818
23320
37089
29180
18807
47380
87553
35768
3736
9855
37734
2207
57247
8288
2139
52077
74203
35000
95625
11849
34079
16744
94761
43318
19853
10800
21220
16803
66138
37522
29705
30237
79166
24437
6505
11172
70843
6566
38835
67194
84200
11224
26631
57976
90297
30892
24409
63611
30636
78860
50756
87323
47666
55377
60553
26237
47063
60548
76195
68958
97841
88385
27655
76143
34497
90712
29469
11905
3305
80686
70773
90934
96459
93856
21545
43031
98169
67655
53774
86307
41630
25143
14869
77092
71911
46817
67908
72382
13328
61401
41836
60481
21575
59249
63078
25438
46911
16132
12911
45591
45364
49264
74558
