36100
28655
22127
85379
55609
20370
52571
5327
71906
19663
68727
81484
81242
51044
73756
38180
19432
32057
91614
21620
60449
97018
39068
57588
22410
98127
68403
12805
89562
76282
86797
72598
40734
67917
4695
34962
375
58629
50192
54473
17118
22471
91452
46842
96231
49205
3001
93562
39395
76684
874
94979
31647
21822
84142
95036
44970
49031
60245
43937
38708
40814
41129
20783
87794
29114
12647
66830
80127
74798
96945
52475
65532
87682
73628
75569
31863
27488
81604
92052
28585
74552
19680
21465
36282
53248
32912
17845
62175
30188
86259
91009
51267
9702
52277
47879
72836
42506
62917
12747
116
81824
98788
96217
30337
53174
25209
13927
56558
12921
7586
41190
57887
12145
83813
81483
97940
17175
28005
87252
18797
243
89776
73529
72620
80182
35861
74417
52919
95696
48051
22942
51228
45391
15916
44918
45552
37526
67672
94767
272
37397
21750
57350
98185
94091
56957
85099
14162
77076
92241
2701
78871
81840
84274
83326
83345
19219
56686
11682
27856
74274
35254
59641
14490
85648
8141
80743
65165
95445
31005
53533
65761
9128
53636
70021
4266
8633
36396
91151
58009
24878
76793
59699
3393
97815
43931
56578
67095
27184
44259
10062
66002
11155
81489
39154
42322
72823
70348
39295
54846
24585
22348
70085
90405
35141
78545
24218
67014
21777
63926
47690
43627
71190
88575
46587
11632
44156
67568
44475
14402
78209
94072
9128
63586
51862
59306
62428
64008
98166
56460
33588
74661
52996
20680
43579
92865
67456
47584
37271
866
76517
67454
8176
1422
79906
44362
89336
18824
83699
6836
35004
18710
84059
25393
62085
99523
66880
98723
10507
64128
73380
60785
47895
56262
94331
6678
73043
86647
16654
75957
51857
50498
89930
89578
14293
868
20421
347
39039
53708
74704
35085
71481
55511
83730
90227
9113
60250
8870
70657
26579
66975
74546
53280
76031
16358
81794
56986
21954
13100
89122
87924
92476
73
53461
44956
7341
30099
66100
41143
69060
39872
18278
98717
73158
57481
40216
36897
45207
38027
51546
90184
81161
83239
41590
21243
76670
52072
37133
20824
6747
23076
26288
56482
69099
99836
49304
19384
4364
43262
39298
98947
67707
4106
79051
40041
34327
87185
95715
10335
4212
17497
57073
8508
74815
91613
27907
17768
58633
54353
52976
8179
18386
12611
49293
95938
51571
29854
808
93892
72039
46408
8292
10115
58807
99499
4561
71797
78337
3889
35879
25234
33572
23144
8767
75712
36587
80773
87278
14731
15923
86917
26559
84240
571
56334
54700
83800
23879
48404
91801
26882
47057
16567
25101
38393
30381
6506
99661
21285
22806
49966
94263
86589
87162
49341
21368
26810
65632
15587
76362
11590
43665
83239
37614
69747
61002
29479
3074
70153
92828
75617
1695
99671
19678
12174
18993
35563
27696
79560
87060
93468
63276
60333
49479
39716
94379
87772
16624
2092
81138
43579
96364
17919
69207
90843
81425
63936
41171
60339
87522
98104
58342
12714
25870
96167
16610
65745
63589
32252
36181
59084
88280
54623
37238
75120
95244
98476
43531
21096
45626
43610
66389
56434
48391
73497
13177
21062
44155
44475
33675
69431
13344
44425
23705
82034
81017
662
12465
47779
97756
4528
46960
7031
54286
370
41192
93628
21369
66487
10669
93861
38092
58666
23005
13770
95279
25785
85834
75020
31458
18919
92645
91925
92241
7744
83784
31582
41046
97063
22303
51274
40235
66892
43060
78896
20298
44249
9847
15158
33059
25867
35430
71672
20409
92126
48254
69128
55353
77665
93246
9680
10424
89641
24405
86803
13032
31394
51304
29553
96311
66111
57345
80169
86981
24690
4726
68313
59327
90680
46453
2880
64797
47884
7722
22885
7796
33051
44557
90929
84408
94455
64299
65655
68338
35685
3951
76435
10586
71922
46636
90672
74226
18626
98249
3684
38718
71177
33514
2582
92611
14002
19064
83648
32539
5724
70604
90447
97938
79205
82877
52935
38689
28351
69283
82244
1125
38911
24487
58427
93018
89684
91049
92510
99545
28628
42253
18367
78507
76690
9956
47276
47817
69068
6034
74616
47794
92833
48481
88155
7912
86816
45474
37935
27975
87675
93915
25179
4131
16378
69009
31533
3581
99564
63475
54432
66977
67897
4352
77918
43039
55187
26615
92574
10628
7914
89209
60270
51765
76062
9725
15980
43400
61871
11856
41742
49663
7217
53990
19842
90721
75004
67778
91951
22582
60127
11677
41114
86174
38516
26934
43301
29487
90191
30807
83281
54922
80816
32832
94373
96921
21688
69075
36295
96743
34776
20315
8646
29307
94180
16409
27994
31443
56103
59596
61924
2105
73840
43292
81519
89988
10634
74276
51576
77838
70794
30138
63273
48077
6945
75548
88800
95793
23537
77304
52815
75385
29373
38071
83549
56626
44409
9896
97290
19116
56928
22629
5071
77243
7492
36676
8676
64167
38079
21020
6907
92560
38025
40402
98217
56899
98595
40831
76357
53681
51151
99711
32201
42802
78851
43481
95542
13493
99634
42086
72532
89090
71018
43616
90390
42831
92861
82568
98556
23963
97431
39988
72050
85034
24910
94419
61782
6654
69464
42270
58583
66702
36534
29054
95672
75366
88845
49556
74516
15642
91349
8200
12412
32712
21899
38385
26620
53865
80289
80157
66235
12180
39541
67615
65665
89904
54079
80659
14579
77203
14756
45646
14969
52795
97288
42022
53281
11560
12832
55899
99229
42581
94886
53250
66119
47729
84773
94412
77988
11550
36019
94775
24678
44133
28031
88849
60108
22324
32832
20772
68612
34006
91693
38434
42449
51853
78219
86382
73608
53614
56481
21828
29331
17689
82695
27719
73656
65555
1565
13734
84916
54786
28920
39177
51745
57700
59415
28606
52343
70764
36564
15290
57039
63515
37237
5166
41826
87735
51330
97192
32592
8650
98066
40867
17916
7354
57022
45836
11572
66400
82071
65329
64207
37287
79219
47272
36175
75683
19266
29978
84390
83532
40606
8107
38485
43446
71777
32230
20016
1293
46866
43689
95901
84146
34071
99946
57083
21229
83662
71909
40383
38573
82102
83139
99737
77444
74600
89672
50037
42456
3651
42777
36894
7207
73125
53704
94109
33786
5429
45566
68159
96228
26397
36068
11252
90200
42742
87150
40499
709
66747
7365
17532
21871
85983
8143
94390
59210
19387
32636
49206
36437
60256
44112
39521
86097
67370
86824
40968
20925
62997
81579
92019
72304
90729
48463
88985
10577
7409
73476
6154
4758
44746
7745
81231
82552
47799
10665
12490
74927
16497
86009
14775
42383
43835
71186
21780
95359
34995
11229
18013
46033
78853
58240
15
18563
24185
85467
23407
15153
86701
88415
96099
34901
62078
33100
26877
21469
4287
40389
85369
48102
82476
63731
26268
83162
24057
55314
95131
67844
4131
23612
26750
39404
28712
75632
94489
64979
77490
13919
35098
57484
82894
36851
65570
92149
90875
10108
25418
95538
30142
20120
3655
20132
28019
98749
73895
42154
27805
46150
61051
25684
62174
7545
58991
37152
94851
36817
71540
41268
21623
21869
39519
48374
71608
97204
5323
89451
15782
96771
67001
90602
14007
20084
11064
96860
55207
37804
51679
30675
30093
8194
99446
83588
65225
46215
61045
89410
53754
79894
3972
94137
34604
8218
98
78083
11406
4278
68066
79722
99713
24245
62927
40347
27821
10575
13840
91779
38478
39668
91494
62377
30379
40216
32082
42408
83047
19675
88755
65351
13552
97684
52941
46294
81269
85081
11398
1959
83925
51726
53387
86567
47250
41255
5583
12952
49573
56764
26291
32844
85835
71496
94336
89024
63036
97789
35537
7250
61628
57353
62510
641
24843
68605
28116
13888
91383
43519
30288
89174
13905
44622
33258
70709
99933
35629
3038
94740
30339
46575
35749
62155
36610
74045
626
75947
89444
91558
10937
6552
88557
38596
96746
9029
70221
7879
9243
47466
12501
79168
71779
32995
17862
37068
17795
31816
41764
91131
24447
74277
12842
26140
28778
84789
88536
57703
43264
57120
28007
37670
68620
6766
59644
17665
64010
67174
155
13572
34471
82312
95763
3247
71108
11588
32663
21787
12538
60501
74989
90596
99991
56157
96191
50071
11654
75901
61360
20217
72429
11665
63912
49361
87824
11655
79184
29459
49874
83738
43801
32970
48188
46895
56438
93345
39414
41163
25578
2863
32339
45839
53244
17885
17161
60785
35783
57556
39261
36984
38830
75112
28541
3636
78572
98939
25895
53431
63338
17807
58760
23476
98858
91084
50206
11507
32800
60394
24030
63309
31393
22364
39474
61994
52275
40729
69690
1013
52900
79624
50835
95929
98166
87335
56150
10523
62583
20920
66039
55923
62703
80969
43309
31944
16499
21246
88113
80550
72599
12029
9536
8319
5601
84566
40251
65083
81688
10637
88366
79357
99610
72230
5325
87061
68845
3243
80441
65979
79181
1917
51074
4046
65988
3221
19271
64265
77912
27029
32730
23134
97727
61072
23423
41747
53709
19602
18418
16310
32366
39917
40839
80317
15119
47810
83341
24030
9686
51336
24684
38440
43922
60732
2894
34365
10285
40134
36634
44
86045
77059
14971
49199
98362
79444
33471
72510
11211
93762
32731
31694
52345
50477
9548
46793
88357
63472
25208
91051
51733
41106
43123
74902
24041
98859
62526
3027
72460
4400
52617
78694
79782
14814
11225
56652
72622
33696
33381
75028
16029
42876
31194
59959
19998
12320
95231
4437
10145
44132
19251
88621
90255
81692
40081
729
52151
43069
50485
18180
47015
70761
11865
35369
81558
86841
24729
73097
61086
31366
1877
91144
64328
66803
94868
68773
16736
39355
76548
68213
66183
44050
91584
64890
42534
80411
59243
78949
26912
89222
13145
39077
92481
36195
10253
26506
51059
84072
64509
1275
43183
65306
1010
78800
91504
67131
51179
77389
44195
91249
46240
64188
37850
76015
29796
21638
40320
61090
22660
13005
9800
23706
54797
37769
13342
95443
51434
37725
3167
17919
87626
46517
95748
68849
31584
40479
22072
62345
84100
28451
40939
48951
39863
51776
23712
48110
57188
53060
18881
15110
90881
41703
96274
60558
57621
23717
23075
88140
68756
15926
33886
60402
55333
27788
15329
52575
27780
49352
26502
7823
26404
59034
31069
79905
2700
73779
38011
98947
95618
8232
93547
3067
74694
24773
28323
7156
54645
71244
15666
95875
88973
65513
77814
19062
50640
68851
15242
84632
41602
36961
97884
17219
85261
76262
15740
75042
87620
61610
62576
40482
87716
88263
96388
56437
13270
42653
50591
80194
21425
4242
98130
96396
14172
87050
89929
92253
15473
95038
90148
3599
48285
13180
66367
17591
49924
46619
364
13839
38274
99129
75715
1183
80652
69012
34960
46215
25941
81217
75178
48331
22604
52908
64196
47610
27235
45452
57052
10173
92618
73666
69841
91257
63546
29486
20850
38625
81806
79150
33906
28188
68651
74357
67223
42190
18336
20131
45777
35205
93896
67206
86248
59715
42604
67725
63598
94146
48230
15205
68211
19785
56449
9106
24216
77898
59772
27340
31963
39380
2989
82099
61841
30812
31746
42640
48625
41124
40450
18857
35277
48229
31859
88608
26268
94302
89428
36298
96179
76664
81642
20519
49266
59253
33977
50691
59322
40245
77704
77032
82300
65349
50791
33565
60397
28036
15404
57567
47637
97939
97464
80250
31847
24089
9817
47491
16395
88464
15304
79446
85239
25359
14515
52520
54556
92629
45493
53384
60829
82863
8129
19895
18074
79526
16286
27488
86346
42376
10924
15221
48807
41137
34117
9224
59939
20054
77310
66979
9433
62381
75852
44485
6527
5276
56388
50554
57399
30269
19195
34933
99652
77579
14348
17324
86009
20013
10520
95281
53357
5019
8839
776
69323
76145
54284
5513
7014
98095
21415
94196
97066
23498
73381
96012
98349
67827
11906
56754
46661
96930
58094
71327
15795
4639
93836
1277
46364
51756
20343
90211
78617
76370
51104
44651
95460
64871
76339
92305
47155
79993
82008
59242
96833
72762
75189
40350
61927
48455
62512
52964
54890
50999
50097
84953
62478
84573
13382
19005
69321
61177
55457
96490
5074
18241
94108
84785
5144
29191
82461
10387
57518
33256
62356
30137
26084
99505
26689
27376
24625
74285
80818
56452
29004
33167
28490
40248
50490
28153
16126
10080
89250
8455
17785
33819
6525
92219
60799
87536
36681
71142
58446
39747
40508
95087
47936
7444
73909
84771
94253
53301
7886
50617
54062
77862
79693
35424
75580
32047
98106
93416
36663
59417
78828
93770
47586
2985
90332
64405
36332
72794
39835
51638
31241
17494
22431
74339
55167
12977
76408
40452
68285
91778
12769
37278
23877
39838
89747
48542
60395
95890
83123
11710
53461
68125
46443
10135
73666
61513
97461
65251
38375
15972
74964
16717
91316
83231
8829
93400
88374
36418
57235
38632
61429
58665
57361
42193
51517
6944
86623
11643
35899
98454
33160
53519
83933
67649
84258
30304
74908
89422
16492
90360
45397
54211
12726
31358
178
89939
81690
24417
10312
43324
69576
45924
36186
54177
64479
70214
83034
10847
4760
25804
4847
46159
52668
30606
82227
17143
10646
80283
94963
68684
27651
41929
83258
69449
78086
31901
50023
89477
36984
30867
84442
6451
38013
98955
7534
26107
54097
18096
5312
86801
32257
35142
75981
90255
69974
86991
14266
93204
94091
43131
973
36440
95424
91018
55321
75723
98664
33214
37463
85481
82333
88994
83599
63868
1812
30129
62390
21134
65930
97700
20305
52552
27165
39228
8984
4812
71959
93544
33622
48364
4165
18547
64621
68262
25767
33294
10742
32380
44544
52566
76806
26292
38508
29057
5004
20521
41745
5610
50295
10027
39566
17910
10132
69626
85457
23938
96948
6458
75141
15051
3820
60051
94920
49242
50743
16936
51770
47370
41814
28818
57969
8375
92824
48921
86602
7397
82484
58350
24698
46282
76467
21064
6530
29369
2123
59609
15073
52556
37605
14316
739
79021
3232
99261
17239
13761
62863
17780
20415
62961
3133
29728
39904
84727
18481
46701
69978
32897
5036
53377
29905
59045
66095
7096
56233
46178
26618
55642
55984
48270
45839
88182
4374
37089
41813
56990
43480
71645
65465
82174
54937
17177
76174
22682
42833
87113
74037
38915
72704
87787
32600
74293
96763
69328
29104
75536
66695
24740
89190
57969
95652
33148
14710
70413
73280
75324
31504
55785
4717
62467
41177
37497
3820
67795
19214
60819
71368
62048
67464
78575
36416
22965
38299
66014
85084
29341
16280
52003
89025
78069
88435
57394
10367
7563
25311
89700
81927
33490
13748
19060
95002
582
14003
8121
99997
80214
68320
77056
5449
28051
57998
96774
22846
13075
93177
16623
56920
62146
21165
54054
63962
41574
95364
13745
34694
73518
34060
3151
62318
58742
7974
9169
82565
27545
69099
61043
35599
4084
52617
55030
98647
19539
26539
52475
96543
16922
95639
76573
87186
65106
44369
35052
77718
72430
63901
34946
93277
27353
25186
259
50938
51934
4618
25142
22608
60242
91429
39738
16102
21730
78861
40743
29879
21973
23652
49699
51366
85054
12569
26685
32335
98209
85418
68937
47993
7967
68387
78392
75207
32832
77125
10580
15790
93627
8034
32693
80832
13029
17317
62659
15559
90036
97582
29192
50349
74638
42651
31217
26360
54451
77730
16641
40403
29891
27834
56082
16583
1038
72186
1993
19818
61719
90329
56948
11022
68388
58549
21187
3833
80996
70287
44545
40148
1277
36659
57101
98365
46417
70293
84921
16344
55788
38327
34046
20994
87853
6471
39226
37573
65358
41541
4807
81512
65682
49123
63353
78942
50539
55333
29364
18463
80901
78983
33320
45651
37426
1982
52394
9386
77330
44310
79536
84457
75102
56955
27624
23936
34673
31604
34838
24951
85237
54057
1000
20485
32038
59429
91991
94083
17124
40182
94236
79957
6042
91953
33325
46888
45286
76371
24371
63130
62245
57731
29353
89554
62620
96307
28275
75984
42757
95268
61976
42975
80564
56201
67038
37895
70821
4196
98497
56543
97189
34957
52399
12544
18681
78290
64259
11893
19566
73015
45212
38479
65758
862
86425
31892
61404
75618
91571
11735
48796
52605
21175
55971
70786
78954
53022
7985
20293
25637
3787
60089
40704
68846
993
51652
40053
74188
37279
17248
41374
81486
53944
7341
95601
51948
65555
44501
50447
58925
68924
44345
58506
50850
99749
8294
96017
20719
36445
16294
79993
90570
98538
93170
43945
79420
25542
44005
63458
15364
34100
53548
75593
55707
51741
72794
58163
19954
25675
39320
23948
49655
2082
97754
59811
16983
47254
58060
86198
22973
23725
14955
597
17176
13329
63760
29110
70811
52849
14727
30356
46206
5142
59326
38148
61794
70622
40504
88887
88850
53206
31714
50437
49733
80888
44125
39132
25728
26430
77530
69156
25751
92290
33124
64846
17556
25205
75350
25657
74608
56312
94221
78592
34911
83258
54168
73091
80425
82542
70925
32080
63090
52744
50581
88207
92314
87892
22919
89767
79040
48754
90898
94000
19650
64082
86260
57974
99808
75177
92168
78854
6239
18989
95708
55512
98057
71219
51232
15930
72849
98242
83003
26421
45396
86899
61431
93181
37147
8104
61404
5146
45821
23846
11451
62606
94018
5136
93376
49347
7938
25921
22859
38034
20299
81798
50648
52274
45633
24662
68954
68668
15904
75662
67590
59991
52222
58061
62475
52260
25100
58313
76800
15112
13114
6061
97878
7249
96122
36464
40301
59815
48316
93938
75138
73937
46905
67701
29413
1153
88332
27030
3912
42845
18906
48935
88852
78187
77874
41194
69782
43704
78960
16139
18231
90725
17659
36699
28201
25390
21102
23845
3740
25816
90452
58383
98097
77655
26988
5487
52550
48761
79756
43623
23024
96051
42242
66943
46311
79397
10774
22077
13819
84620
10571
17699
50052
41157
3396
40005
78391
64377
63843
11621
3124
32841
39853
26125
11836
35831
43081
64136
70944
4846
4551
65758
29461
89264
79613
52458
4772
30842
83916
21178
41406
92917
76130
36771
46060
79100
41081
9118
96580
43173
67037
802
44056
76463
28586
71583
88264
54758
69171
86772
87511
66997
70623
52270
66140
3080
78446
74622
19471
3005
77466
8502
8931
70951
21465
36352
25075
96511
59390
80410
85749
24007
47519
38481
78859
61916
69137
3865
23000
95320
44975
35207
29551
57408
94458
44780
94823
74769
54778
19982
49228
42466
35427
32996
19343
32566
91827
81581
44573
90624
40023
32366
49292
24819
4333
2503
4018
63941
52997
72208
23856
40480
24000
50421
46284
82725
55930
45707
43612
45149
97253
95118
59166
14269
40107
46712
79333
21013
48020
25056
55821
33013
67688
3661
92239
77852
1292
64726
42001
90591
32681
47767
72181
69843
93195
74578
40689
73239
84581
37343
48287
57120
49233
80657
15210
64450
13237
25287
2185
21208
96098
24588
96936
9041
693
39564
36290
96343
18688
11187
61867
92829
48483
47491
2666
37828
15444
19793
77475
79754
95262
30973
60146
16848
45445
96749
84500
35750
91239
15877
49055
42741
92574
94980
83923
61992
78179
39294
59688
5592
61260
81106
66022
27155
2166
14215
39667
91624
31070
67624
90758
98866
4296
55160
16891
71999
94019
38164
74752
70779
47268
50596
12140
68286
44974
43198
86799
78670
11476
11575
79845
96594
49781
26310
32100
78485
62822
73432
66452
88979
94765
49897
574
54019
47849
43269
10813
68993
31311
88155
17905
33783
18224
18235
89107
87239
69654
41324
7491
61432
15885
85868
64573
13242
21726
36677
90186
88887
83191
64520
36498
10489
6118
38249
30991
76050
95268
58263
5564
61900
87534
32758
37997
21741
62191
34171
99416
25574
81434
9955
88081
39800
24690
80849
35124
43844
31916
40706
51387
97518
972
12174
99472
18893
42861
69725
2460
52081
50173
33091
82941
14801
88676
23034
81558
43121
86245
88698
40960
99277
89564
95992
57310
4996
27240
75736
77711
78915
11298
37520
57277
98988
14123
74171
20210
47460
38661
97431
93066
92150
93687
17532
20003
92295
25844
21400
50481
51383
8469
91660
53998
78480
7267
22493
74734
82159
89265
26295
87089
91532
92997
2117
66226
65767
43031
29349
46973
35377
27154
40780
57661
31476
33656
22390
81746
6976
6179
59431
11873
31667
86565
93603
61894
22341
34897
18471
42053
43725
80914
47202
29310
33011
78265
5683
38591
21714
66676
41920
17971
39401
48762
64560
46712
66815
97891
51910
25871
6001
3892
48922
94028
7642
15256
23382
17261
95677
42218
71690
1415
24018
3376
6380
3835
2091
38881
45647
46216
14241
29318
98687
39194
30880
76574
72055
52225
10220
45980
51775
90396
174
80299
88069
12212
34239
24882
82134
57605
21775
87827
41273
29815
60530
23213
53001
63179
94857
8513
70669
29841
52073
2929
89910
82262
99849
50308
43348
87962
95117
10663
30869
60671
79274
51150
69979
42206
96085
30552
57497
68276
47757
4975
97098
38714
89250
72590
92046
8018
11808
92286
15361
46237
57980
3801
95770
68041
91673
14864
73213
60264
50744
25064
94845
51932
20858
39294
51698
94734
6290
98828
25011
85726
98956
61027
752
86100
10069
55320
23342
45493
29317
50844
50079
83377
41840
17731
16478
23129
89124
1541
34053
89519
76063
79491
37099
53013
68945
9250
94748
19399
29162
15923
35158
44549
62208
95891
29630
28361
44606
4333
59870
37431
62828
35326
3963
26961
48407
24657
42582
36554
74174
44680
9503
9650
51224
45852
45329
89392
22533
87100
47951
74927
1391
75313
58681
79311
39900
35970
75306
31772
96819
28627
65264
93532
41609
45896
3049
64161
31079
2952
85271
40286
51578
59197
16608
81782
46614
31639
61733
59953
93991
60400
52701
14440
79062
28490
30093
70143
34837
3445
21510
76626
4135
7853
83163
25544
26191
24831
99869
42500
14835
31276
77685
91867
37708
53542
64061
34976
54989
87064
58779
45914
44590
50851
39579
86103
83124
9858
84072
43130
20318
84719
25319
20975
42319
47454
2097
91679
57491
91399
50826
7456
83279
897
5410
44356
41994
19914
37384
8561
19314
23523
56038
26193
38956
28600
80125
48799
1500
22878
57342
83650
10221
28788
14433
69591
71805
95916
48710
71206
42952
25763
85062
86391
76880
63948
75285
18397
48198
8939
54
34128
23
85212
30586
79385
43958
84852
50071
1286
26146
352
99777
51677
63347
33706
87656
24557
70471
89849
30990
61985
94499
29272
37443
47438
75048
90255
11487
49035
71956
16205
3323
86400
23538
15720
21292
46902
62879
98939
9373
97454
12154
25965
34664
42734
18599
34034
62288
55543
5983
93899
42526
26418
87160
17417
56695
21064
27789
23631
89942
96273
50858
4213
32107
61188
19254
10473
61263
28013
30364
92624
64771
71292
88152
29961
9924
3642
35483
60051
59309
33463
82011
68485
85962
56575
315
87291
77652
84011
87538
83217
18253
50515
78074
16039
92282
225
19543
98756
84056
86977
9953
46167
79964
82548
37808
13369
16747
59332
96260
75918
88307
53010
36590
66955
55588
91499
16095
86897
1359
98361
21387
31575
35705
83509
66648
28198
81211
61307
99177
27933
10874
12214
86978
21749
51966
88442
1815
62719
82833
78096
29781
62570
99126
331
83533
42336
71843
51802
47576
57072
57532
87831
7148
69606
26093
77820
26522
93334
87108
20853
46944
59001
60585
144
76626
44878
20603
3377
32
26017
98441
46018
31556
26728
67849
76872
71402
69034
11416
61041
42364
58907
56623
47177
46281
30915
52510
85451
72210
54812
35144
19892
89265
66234
73434
9300
98437
11397
5833
1054
88574
79201
17063
81727
70914
36399
2338
1067
69178
70348
1849
82482
99613
59319
7900
74354
7830
21232
17535
14054
23092
36668
96986
26109
64238
13573
8512
90053
31377
70718
34810
20933
73543
88453
23488
27626
61702
51681
78323
84441
87730
81066
48218
77252
9616
31047
78070
68504
5576
6355
47268
60530
5429
19929
47087
88369
49581
53343
71280
31783
15208
79935
58403
17098
25103
79343
41895
12263
38306
82050
13297
67318
7845
64936
89710
45160
61544
65520
14035
67037
75378
96078
53602
53970
43209
45240
98748
76503
39105
99818
31197
89439
5407
72521
92056
62416
97256
99941
29584
9307
75083
4375
54609
45285
64199
99914
37353
85028
37274
96374
59014
83142
32904
25703
16556
47882
87204
85500
54227
28018
38494
59724
3995
58352
3305
12387
47981
44157
82567
76297
41552
63880
96660
56452
88997
40812
50348
1940
45407
39579
38778
21372
79970
96854
33438
82592
95799
68926
65561
61162
41
29125
62456
53927
22175
61150
72475
46158
71574
31251
88929
94593
98939
33749
66226
95052
48098
96429
14248
83786
90949
8881
5371
2278
55709
83027
12072
17727
29526
33171
1533
41893
67250
73781
16580
94177
37436
3053
17769
73521
89287
34903
34921
92016
46563
83395
95513
58419
37276
31309
74800
17840
76431
48363
62642
59354
29097
40031
91386
63943
78877
4396
27588
90898
87874
69606
80564
73052
78631
2786
46822
15790
9780
4364
32627
74297
77854
5528
49116
62462
58535
52112
76087
68554
71248
68075
26643
98521
48891
22655
36809
57404
43361
32493
42753
46548
14413
5467
76158
3294
41651
24576
96103
4425
50993
68888
72691
41986
50752
99254
23344
52337
24054
94521
84656
77884
25340
85719
90705
80329
28519
26679
63112
34945
38165
86747
51881
63024
51846
18778
34581
37641
34837
89547
4832
49543
38737
98493
16957
94318
36412
22852
84809
16655
65695
84461
37073
4042
40040
60787
36705
5230
43521
77642
4938
16412
58830
67321
35567
2730
89219
37029
87021
92771
21727
51720
88036
10123
33098
23488
36742
56289
44422
37795
32602
62749
16884
31888
14157
64184
10951
35298
57879
7947
96893
69406
22117
10032
26047
97163
43496
7845
23574
90113
83546
31727
70280
37049
24776
47994
57166
60229
48000
19806
62579
78329
36568
34430
4939
42374
16441
44874
93485
53768
75270
51813
72143
59733
1709
57505
14045
73877
9640
5413
52661
60401
35088
35984
83073
16260
41728
97976
86290
79279
6593
38859
38582
59465
68343
7159
35894
61267
33607
2021
75023
8009
16675
63007
70603
30132
62132
65650
97466
18364
5347
40623
58098
87259
69380
70604
50337
69645
66655
19912
76138
25091
31260
71467
12772
14295
90250
94891
73419
55770
47853
44939
86080
42921
52738
19486
3748
86366
54031
61417
12653
85315
77804
94567
57314
11201
26312
53478
83961
73079
24410
5230
65738
16453
92357
63074
7248
49608
2374
48799
39164
91232
12989
24353
83509
54413
32022
25093
37072
41465
28627
69929
68231
1294
62872
97488
98777
86952
65362
34018
74335
57765
37412
77967
84742
96569
89936
89300
82382
32703
16671
51318
61918
14537
69357
57356
74593
50200
38644
56601
21665
70215
21043
77526
75774
33858
66938
26510
5867
54388
14325
12419
44518
40254
50419
99375
39442
96611
15825
23781
2547
63808
3720
36661
29957
82649
69072
21710
29529
31663
63343
81469
91820
64397
52067
87028
91398
86370
21255
46023
82284
27433
97413
82831
10883
44419
61657
5361
17474
32550
55997
69145
14514
43215
84758
39360
23013
63668
66010
3468
32912
9652
19133
28406
56006
77743
57463
59879
30258
74802
72595
36316
17040
24490
17238
98857
41097
26426
10954
11034
53034
99112
9639
58356
89792
60497
12701
51033
18514
15741
87200
64875
92794
23117
15664
81480
64545
51505
23139
97683
73750
95638
30033
79348
14507
84124
87229
66741
2221
8006
55995
78893
79965
31595
81218
21082
61392
62089
47504
74375
8255
89433
67060
30989
54156
89789
61820
57846
88914
97046
45979
43324
551
28595
31703
83696
44177
20387
50636
8055
22498
96363
25696
92495
45361
28339
40196
55023
4406
4475
87812
34412
22050
42540
44812
14840
2649
79817
47158
27268
32461
79171
532
92550
61304
61260
374
99351
64533
48931
97145
1011
8668
79694
57933
91875
25496
77542
86433
27671
83975
3980
31532
36044
12749
58233
79451
92110
74645
3220
31442
66199
61542
19996
16897
37718
73373
64901
35365
38986
48397
69120
18903
91277
46160
91090
48981
28910
87816
59174
99595
66678
43286
74047
72574
62509
82838
95782
89525
85429
88373
51106
80324
51763
73745
36261
93398
54702
13963
10434
60566
5424
16971
15037
80506
81417
3857
99003
23789
86323
37011
2201
96151
62417
24376
6296
13931
89296
70511
26357
12366
92527
34189
38135
94655
23003
19233
17314
7879
43987
80470
19208
92445
40043
59012
97087
59222
6187
87155
686
79592
51223
25390
51488
68474
28330
81792
6363
15050
67931
93677
50475
55418
78722
33103
31448
16760
2164
55404
49110
45544
92905
16496
52058
64176
50335
91405
63434
19295
86455
95595
73005
84955
34045
12749
53538
64231
6182
45410
42701
53645
78034
6277
37004
50669
11376
23634
60711
46690
63105
27620
31718
41773
26644
21456
67772
51489
18161
37560
1089
21898
19922
81613
77182
6874
7434
74180
21090
17074
10857
90579
30033
76521
184
92393
40027
99292
56799
65959
67467
22866
43399
10303
42838
8779
98649
60423
36179
5604
89028
83706
73194
67274
83166
11979
55493
36697
43362
57383
32899
99375
89240
10246
93067
10130
20594
74574
22814
70330
24786
56164
2885
23388
90985
10575
25641
26292
18842
55691
20642
6127
45853
14631
28647
90770
35904
61180
63652
80587
68296
71562
96042
9906
82165
92528
84992
78363
9411
43591
43287
91483
51693
76028
46587
86451
65196
34153
59109
1630
4892
96815
49773
35476
25376
47442
33469
60248
22108
45841
80705
50693
16608
25824
6907
99919
85989
32964
64211
65625
45296
51466
44715
6515
2227
71140
57520
493
92467
8129
67148
24604
36708
32360
71129
24231
39184
44785
90864
5360
22390
54624
67167
66138
87567
64575
62137
15931
84525
72342
13288
50655
15516
25930
26141
28534
60714
44431
78600
11547
11011
88011
10211
42754
52212
10953
99784
18014
35505
91479
95587
51980
85011
35517
20803
42143
80441
37945
84618
86569
78703
98139
32483
20226
27724
99098
50739
58008
37301
63570
91656
34932
31807
3419
68526
64132
95410
91463
96064
97035
98313
17911
82684
88513
28277
96826
13359
87080
18721
34628
11984
36812
70257
8007
71721
37238
48195
39344
68495
63950
120
16480
9779
16842
10572
53445
4048
33239
5728
82357
68965
4610
7321
35911
8637
868
36033
81934
24937
54952
52460
82450
54896
46298
77717
85932
75517
5038
806
82910
74934
13482
69559
48013
32557
53106
1453
91613
64975
14382
77892
52071
30745
40921
98823
6905
90411
94024
6300
6794
92021
89460
82429
78648
97710
7975
55489
89504
29859
69791
92473
83194
16876
29986
74966
10158
28026
54079
34279
9559
89101
48188
61184
1266
89794
16674
87415
53378
80681
94849
13128
54852
18549
37952
62393
22474
89037
57861
45239
68087
72991
68125
17567
10710
54356
83273
6169
27991
22783
50342
79198
14086
27727
2967
61946
38793
45603
22961
57740
53559
17309
43395
36075
36592
55375
93439
90499
8316
38226
5161
14013
41156
40854
47420
86908
5319
67700
10227
7299
79162
20703
48315
49333
13632
55832
11794
21940
54145
7553
77371
47947
97642
23465
81794
70183
86368
69798
71910
11488
90338
69025
90088
90069
91195
78315
47727
19381
59009
86158
65589
69210
36301
80766
39249
38000
1879
17262
71745
63476
77261
28382
53588
19511
74416
83890
47986
70882
25771
38207
99465
57075
89392
81054
18133
21925
65809
32227
70794
76366
54712
45351
35905
64194
28612
70657
92733
15956
69024
39827
79801
79581
98337
97952
85360
38901
21308
20860
1640
93854
49794
94204
20283
17281
20506
82925
40292
14992
79929
12160
98147
24202
68384
19106
52813
10109
28017
48650
5459
75781
37231
54604
98188
54450
46066
51691
4898
92777
21188
29931
53014
55361
24827
97955
30769
29805
82771
67761
64457
9657
41704
83912
10732
37582
23340
10917
67596
11408
5451
21280
47078
87238
14937
97725
72752
32729
89395
21089
6591
31381
62587
66338
58610
3886
45930
97496
65343
33052
16977
9423
56152
36966
45776
26910
55738
2045
29874
36146
25073
13215
29923
11044
16043
50716
86032
34601
44280
82581
65017
31592
77850
47360
79381
38342
19759
61288
56866
42077
46776
91922
41990
86667
57862
15738
24840
44519
18752
4571
56997
14798
66067
99598
37743
32604
72406
94346
19784
68534
280
42186
46615
62659
87977
29932
21189
71355
29762
93525
58359
5720
66161
99826
28072
7881
30405
10937
83042
5542
90259
55982
89464
71389
29187
86657
58979
66443
82490
52853
1175
37158
3364
45564
87010
86039
27805
9213
86880
44421
76797
98040
17470
28204
96606
37120
63401
98349
61963
80647
38610
18495
72071
19671
37056
47267
64854
76156
15954
53589
5932
39136
94544
91390
54416
42510
38540
15270
58317
21176
86907
79239
93493
73556
96010
66269
3858
24001
57534
91866
66443
89959
33868
20726
10799
88509
90770
16259
14049
56804
78992
22398
94592
48528
31431
15042
88977
70822
28108
35286
91787
80993
56168
87079
27679
6543
45487
31440
72418
95225
7259
11925
33145
75103
50693
38672
5856
68065
35040
65602
50230
80539
75954
36395
70313
72136
78895
92341
55577
53447
75859
43243
16492
78907
90044
99047
79918
87244
73922
1576
14114
71179
79252
44674
14825
25426
27953
24591
26253
24362
72287
96548
69643
51878
44555
25119
92540
42861
66622
99772
92702
64277
3127
85799
53955
80715
69323
25323
60342
11567
28247
69993
4741
81595
57021
1445
50703
1156
69922
97146
69228
87002
36195
4717
42899
96042
36591
85087
57612
41442
29094
43931
73235
51572
69548
22096
25157
21844
55465
59385
26731
45244
81280
86552
57888
52910
22890
20225
62464
34425
71151
80466
44015
86005
68256
34848
2371
70953
83187
12813
73454
65996
70076
27478
29292
48264
12005
54249
32934
18618
42058
80372
29313
57494
99699
16183
24934
82856
49551
93179
66959
47829
15945
92349
64746
42144
83050
76931
68845
56136
26411
93487
45814
47119
62292
75569
46430
7189
81942
96118
6170
9603
11202
51391
18572
66019
20356
60461
63053
95052
65023
47575
78255
41788
10662
81886
86739
7327
96788
87672
66822
7500
13801
19816
23544
93774
32930
4847
36347
35775
33556
95132
21812
28592
9604
79487
57889
35142
87462
27419
455
46239
41648
71001
79222
15794
57914
67161
13531
60373
10004
91716
64611
1591
77508
52061
40967
48269
69882
58581
78968
61322
44946
25086
76104
42280
17030
91671
68371
68931
16365
62534
84104
48100
56596
89989
95032
56572
65463
6035
18393
67302
4445
17002
15639
29391
54317
71761
33752
8497
81104
11399
44906
75611
55556
48352
99052
3212
48922
3437
11222
75710
50894
66323
57381
58080
31137
40094
89031
63900
42324
32399
85631
82551
45058
48240
59158
46870
61370
78536
53758
8318
3640
60297
52708
8212
85631
67303
50802
65539
49494
88867
84062
40123
30940
2022
71154
33847
53993
93161
27832
88631
66018
41873
17314
12812
77944
65464
89460
26034
63710
98822
55503
63319
71430
3487
88250
52090
24791
92309
28559
50639
90060
90398
40319
3070
4556
91777
73859
91339
34401
57802
48640
61201
38935
28509
39670
38152
692
29639
2725
79078
59150
50256
65244
94849
79949
1740
79040
28593
84382
84496
88118
10132
21361
99362
55277
16492
97457
51978
87819
93763
22909
2469
32274
99630
77479
52696
27726
99535
95976
89825
92254
13845
42397
38120
74524
82943
75043
94869
12427
22973
2603
98716
77820
36887
63833
8883
13309
53191
47167
18980
93503
58625
80113
37277
27490
89779
61381
9125
13279
88903
35657
2793
39569
15237
70144
23797
28897
32117
7770
53534
23181
12131
27855
50331
17941
89755
22936
35668
45537
60692
92683
28435
3794
79369
43953
183
64644
45090
46629
27848
9212
23889
971
59749
72148
41561
34346
39736
75712
35241
46151
51595
77820
42757
7712
13043
27092
68197
20418
1578
1263
17303
61480
52316
60665
17888
28593
3800
2412
38592
5851
42694
2682
94292
4034
5367
64186
10356
91183
78327
43564
93660
1983
53663
11947
36296
90705
46183
10414
49689
3467
29369
39002
19636
46634
7778
72808
75146
91044
33729
98446
83570
83261
88993
28173
73041
92737
82180
5879
19292
98212
59989
58778
59317
81844
45215
95150
93361
62647
49276
29367
26074
86151
34693
51286
35856
32230
54537
59314
34570
92896
58489
64031
82714
93404
72447
45897
66223
75198
52815
99391
38292
85180
42454
48286
45685
85883
76015
99865
77794
30373
78773
80482
20940
52393
81330
23544
57677
23344
82325
32428
14372
80727
43778
75378
44190
16238
65412
32769
13136
74764
43806
37798
18496
71404
25631
93996
11651
49032
76915
99680
31009
43792
61238
59492
5941
40295
16323
46866
34448
57019
70507
39178
29117
79871
41857
99738
17120
3302
8915
76842
7160
57406
85491
79905
76227
33159
79411
71671
97857
79055
91854
53367
49616
77931
34115
14288
28950
87987
1053
28378
7870
5243
19534
40192
76569
55914
34330
14637
10342
16697
7503
86199
99372
71433
75379
6147
57315
15745
52598
79667
85043
18787
68774
49171
9685
87882
32001
1500
44949
62723
71268
90082
59609
38788
5506
47393
30011
54957
37457
58271
12338
73498
80767
50365
6607
75938
50178
21311
43715
11919
72076
32054
39454
25338
12893
56839
56178
56450
2386
15546
5910
65961
96828
32608
61446
15756
57516
82529
10568
95260
75338
22082
45386
94045
73092
50768
71462
50747
36003
89291
58727
70532
19322
23346
12934
86055
64312
87079
37133
230
50557
37662
37052
54394
66632
36487
38314
85700
39855
45526
95811
57771
30088
39915
39120
39319
38340
38179
39317
40393
87132
61819
61683
71541
66339
95996
13742
22525
92698
73223
3016
99211
75587
73757
6700
24394
24206
44684
30087
45506
40655
85426
59313
6030
47312
39471
69130
13820
48162
61099
72831
50656
86575
8417
45003
43797
41771
8423
13818
27569
28873
15035
3657
68452
10346
61291
66153
24973
95760
68193
22883
65561
49040
99401
44597
25081
49382
37505
65914
95902
9826
61116
18056
11828
88033
73042
33299
87576
16183
5800
46895
24856
80775
40951
95635
6117
95989
85116
30328
1463
85266
36412
24384
49438
89655
48817
22868
6112
4013
64629
56166
66324
56745
969
87893
25369
32245
48291
54031
38003
39529
80691
88337
47044
39161
50704
73
79811
78696
58563
97597
20540
45658
72463
75972
12932
60167
88892
34194
31862
2539
17503
41713
27759
81210
45127
938
79171
8497
59943
61155
47674
48744
10651
80547
81834
63907
76377
5489
23857
61032
13493
77691
5840
49738
13296
76178
14847
95332
31774
59633
76945
40642
24275
7007
59013
41721
69290
84842
29861
70391
18130
59252
48543
70901
25941
19978
58558
61929
72901
19150
93124
69879
93957
55030
89510
88168
87442
57293
23492
81203
21325
47896
88803
77975
70118
35347
60201
77931
60773
53306
86421
33260
13432
86308
27352
36758
52309
7945
31604
45710
12522
28900
25903
66427
85865
47539
41652
48917
39433
91547
83974
65078
77787
21993
87362
65646
68714
19059
96144
32882
62285
12989
26245
91252
63245
9560
441
4334
81998
97637
73568
99799
4924
82679
30631
21784
35794
66293
82988
74744
57162
64895
4858
64659
50396
69352
8832
68938
13973
60162
67213
84756
37398
62296
81707
97811
84837
14580
85749
72737
56309
50209
81589
62504
8749
11210
32606
50993
9591
19713
38947
36724
67911
64028
96563
72942
60006
33946
53746
59793
4730
66884
27445
18613
83187
52782
24569
51372
85973
42012
21376
78995
72605
9090
75177
79077
34194
84739
42667
61738
83498
51291
46158
268
19094
49240
78182
11370
31403
24579
11852
68037
38989
38781
46459
54807
62681
24196
53604
28100
98576
97429
66863
30409
57596
48779
76398
39281
512
45637
53151
30631
46144
41990
51295
74501
91177
38614
70630
47914
81055
70470
72994
6155
62914
49585
2291
55776
828
71325
14656
83359
48202
79905
34677
3558
61284
21729
63322
70097
72010
26004
90417
25004
49420
26055
60459
72355
66390
29018
38087
94229
14679
98664
392
99974
52877
35012
18034
69363
2159
17182
72961
20353
15607
98181
69830
15311
841
67143
38527
45514
14372
24788
10994
3230
51971
6081
46310
35785
44080
79368
70494
84076
9159
73196
73554
25596
23331
43706
45739
50517
13735
32459
34267
9261
99531
87302
92407
40358
77984
66914
21811
33213
96770
713
68760
11488
46169
97848
9508
53469
28204
28804
28798
1909
75363
37846
57108
90607
98551
76791
10483
21417
26136
30503
36450
89897
6170
49318
24699
35345
26141
26997
76200
60241
77816
95799
11286
89879
59458
25362
45080
98337
96060
60786
29371
3411
36126
22540
41153
81284
26556
92447
36285
75379
87029
8566
55338
59447
7161
8939
10183
27763
82068
11589
38035
31912
6490
70914
14497
78757
59313
78352
30392
2874
39158
87638
94954
22666
50541
71567
76719
8799
58792
64502
81245
19191
3731
62685
15622
25500
38714
60535
88174
58609
23736
15318
65896
53352
8797
71918
10028
97936
77850
69049
52631
23436
48844
44532
8286
5887
89891
97094
28016
37763
37391
69568
5480
59225
23750
99776
46796
95099
89395
81040
7493
91694
77950
53643
60891
2387
52916
95264
3724
26107
60179
36942
21416
25978
12436
5808
34156
95285
41654
25554
72633
60950
31843
1153
79089
76926
20673
90658
78766
12730
92567
99608
28511
25774
47065
13289
20255
74253
83
62170
70483
55019
65102
16342
41056
24330
1281
10734
60487
8688
16087
18394
2175
41882
15961
41245
59405
29833
76281
3943
51681
67035
40186
65877
67984
91573
21790
49811
13258
59420
52206
28737
52824
43875
4032
55699
16980
27294
51080
77010
5956
67413
44413
34752
1652
38196
45190
9817
73679
92927
33409
28020
45306
30115
55984
44169
44845
66088
27553
12493
75951
93218
85209
39225
25101
62951
3324
46889
3574
69115
37915
9248
83126
21766
83354
19432
33101
56391
90557
88151
3755
60099
77742
77677
73547
81910
2574
53466
37961
90025
11670
1917
8097
40484
11816
60550
23078
72027
82807
57213
20795
83364
61007
93308
58929
22921
76675
30935
10526
5593
89330
54684
92534
49465
75892
19637
49481
32567
47942
18859
77561
2527
9360
2020
72598
64582
62768
63725
57399
6276
96101
87698
63127
58303
21177
18314
5258
27010
55787
31248
31899
82700
52313
27372
37955
54341
58759
99089
64584
971
67758
52415
63088
26187
68804
63080
84512
69804
32067
53808
12533
76837
83353
1421
24478
21198
38732
53710
63252
80179
48295
13816
86135
7493
22438
332
41479
65355
41050
72548
22108
20183
7065
7164
53090
91379
73285
75533
31508
91673
22423
43028
22068
98978
20360
61778
68260
69526
36252
3053
81348
81154
40075
25971
97000
19944
4461
90782
23957
52688
89858
68755
68312
15388
92251
51685
26820
39802
20488
45654
51206
44274
7551
8894
20678
49407
14694
38884
46108
98427
42557
27305
16077
79474
32715
64132
78465
13017
96899
25544
67074
54039
78450
26977
10546
63489
87944
79453
68809
69220
15233
60200
25482
82779
25487
11824
1377
51169
12678
60520
43548
58688
43331
97703
39331
67592
67066
96176
26997
94971
96955
74316
87584
73669
89119
46995
16829
54121
36885
4202
77990
55542
21251
20199
46132
23000
21467
63184
65785
73227
89853
65793
25239
58155
38467
18123
79451
55814
60397
23866
7066
48787
54856
38863
2534
85276
50301
80013
2284
99607
10132
12047
63310
68915
26404
49238
83032
8845
91000
85536
99809
39393
97567
34163
92704
64734
29711
91482
30408
92050
95191
5158
8162
79589
68480
5334
61861
13250
39104
65841
64373
31888
25787
44912
47541
16223
63157
16185
70826
87741
21560
27078
22221
33704
80479
51779
54220
99998
13149
55638
62111
49936
66829
32922
76802
67989
29271
85188
4692
1402
38235
29254
70378
30136
27101
42609
92176
57470
13581
21717
99997
15725
50833
80868
60530
17027
99250
20469
25424
85326
36576
67109
18931
59874
19395
8119
38286
64262
6559
19260
15716
43721
3618
38958
77344
68050
10862
32566
81458
5173
85950
60909
93767
23329
5334
76480
14211
42006
89547
36748
78558
60404
10764
50505
99224
24814
58604
34820
9786
57630
99533
54084
41739
2610
6539
56557
55211
42788
51650
45507
91024
59271
55740
51526
36538
58301
43003
43740
16309
91813
77184
78893
35019
56146
87509
63080
8611
62583
49085
44258
19546
98943
29494
50526
53596
54553
68232
82728
42399
90864
56237
27836
50269
25048
47421
72964
8300
21828
56052
30654
94971
19125
29570
16859
6539
74573
6032
75940
41415
67554
72426
38840
1058
84013
32461
26320
4716
6914
85358
46211
35408
18395
50340
63621
74861
3053
47923
18058
1391
19963
94134
62601
66057
27145
63304
61083
32498
52041
6159
70371
39641
80625
73350
83431
58758
73998
73830
67389
18702
44050
17104
18945
30994
32776
93625
25986
7445
60136
59026
92029
77816
2886
67891
19232
47700
14373
71716
34129
65876
82249
13640
99879
10924
29482
81126
16598
94233
58181
30677
7656
88023
42668
92099
43207
84121
43421
59778
90935
93896
21552
99664
38752
41627
72201
52705
38185
272
63310
6667
84992
67908
57203
86574
18294
40372
77169
49918
25479
2065
4757
32590
90231
36314
83796
80731
84888
248
92860
81298
93160
55195
62406
12543
65111
19148
76072
74707
85543
41135
27495
82193
53292
55160
82409
21397
89939
30566
39048
94497
73310
77120
4963
31782
845
8139
83054
70923
80537
30821
42442
39229
46169
74721
87472
4339
90792
36031
54150
46045
87710
84807
58708
34281
98138
88002
42736
85393
98561
98966
44565
77604
23296
58780
3314
68207
64430
40607
3071
21896
79725
48370
55691
35863
73583
81167
41169
92098
67220
54984
4936
49715
11793
88716
3577
13192
42285
76920
11692
41462
21990
56310
81851
41723
18897
33783
72136
80319
97598
25961
98666
41510
11993
77653
32482
28725
15436
99703
40493
63070
67234
92091
53874
89993
40102
95441
20219
37569
60842
32108
60416
1305
23781
40540
38078
76153
73044
96134
4903
43529
6016
76157
11476
57944
64
90048
46549
98473
18613
13232
89064
26299
45779
40971
58344
92436
13280
27722
31581
46505
74581
29011
75505
50732
8705
48060
88067
28499
97421
14685
55764
70657
41466
74640
48287
96723
81287
52104
46374
43497
14862
91883
46823
77646
5934
64846
47981
36774
14723
94411
18947
60564
33073
33505
62083
58117
27936
73353
64173
51452
60801
21296
63283
58331
16367
17526
57873
53963
42641
20993
59418
8424
68476
65311
97197
23851
66773
41718
18247
53845
56339
87562
62834
77237
53379
63146
35578
67543
901
9463
56192
12234
67316
12339
2120
93483
12579
56449
7885
24019
29379
46943
28917
73914
9665
50653
51679
67206
89388
95705
75672
26484
74772
88568
46060
8066
83150
71586
69818
9686
66708
91419
90657
33551
31081
99706
4470
89446
67802
45288
27544
88768
16288
18806
19418
62131
72194
17627
22943
51154
984
48777
21893
48791
94378
61675
84087
15596
35639
85405
48294
82934
23313
520
13106
17343
21701
58809
42147
18623
15992
77852
52276
14117
72717
83898
53007
38087
34948
29420
47955
52036
64540
89467
18289
76786
66073
13142
86711
10250
65473
82351
2563
48460
25184
95218
42202
16399
6123
62563
62065
52745
94689
40147
44839
22616
53742
31103
1686
26667
13033
53413
63262
44336
44669
33059
44130
21082
9413
83054
45134
45134
49040
89292
59477
64714
36005
86510
14234
35923
10432
8590
82372
52538
55417
90081
25941
73291
68742
77176
23027
39985
40247
96761
17701
63017
799
11317
82490
76225
10418
35494
50402
39949
56586
19687
4480
1286
43652
87088
34071
54047
28935
1580
40098
83206
4516
792
26624
86770
45305
85499
37516
7855
17424
64637
47979
59492
96677
20997
16030
65021
40868
3379
73687
33658
27025
30774
53736
61363
10081
25130
29078
1222
2245
10642
17677
77439
32583
31439
33806
90210
85004
4378
32803
47512
1210
21316
79092
83604
68019
38375
87025
64801
35232
9639
4975
842
89193
22155
62448
96133
67136
31859
62299
60445
9949
53
6538
89658
25284
79831
26754
43983
79907
86859
24126
5632
40471
46882
3972
61134
6479
5134
47129
66913
68936
12249
77520
31409
63799
86811
89181
47920
14565
57244
64968
95543
32276
391
62141
34252
11840
26054
86593
55469
73793
97376
10815
74204
5965
42060
35136
15558
19994
49456
89624
52753
61569
7355
95965
37506
46398
1627
29075
83369
63956
45019
60995
61929
26349
69437
30666
11272
76639
27120
49581
3535
67755
67214
54378
7614
16703
30549
6634
14256
91226
11168
20467
50182
50607
74497
84826
92978
91203
88573
88598
6306
84881
52195
78063
49191
87789
62635
52692
70850
10406
51656
82476
4842
66724
69513
52677
1020
92272
76785
27881
64639
46963
34801
97358
42962
22775
30879
57004
81781
72137
33654
45545
44305
64256
95177
99760
55205
94200
5893
85697
61294
91799
226
50722
88945
39569
75781
2962
51688
69158
66613
4126
47304
58312
84952
5709
75051
79451
56650
37238
31774
12021
89082
15985
45737
49670
73088
38923
24790
15761
49022
56371
15904
23031
12851
94257
64282
5653
82902
26422
48920
8420
19733
12591
15454
926
60361
51699
7908
45248
83958
21948
53698
56299
20636
90098
70654
5925
99453
84707
87183
9596
1388
60687
59948
30507
14990
43327
94838
96597
54352
32533
45055
20205
83300
8767
2422
15192
99481
12357
25489
28875
22421
6594
83765
49486
36370
25904
90276
92034
31219
52636
23459
48542
66434
32152
52583
52181
50727
27439
16764
97332
66502
44915
24242
59495
73654
21074
57092
73627
84762
15303
21190
8926
79197
24269
33322
86979
25903
44591
47599
64001
69654
95802
69255
29915
25715
88628
52708
91834
50643
40677
31070
31543
67246
17939
68643
24213
97311
95821
56603
33770
85601
11997
1655
70079
68290
11552
22006
87821
1190
32786
92019
67239
93179
31618
60015
71510
52628
12741
15990
74527
41605
98278
89105
37089
57946
62011
2279
24571
21972
94035
81552
96394
34593
29707
90776
67984
98103
20191
87149
42832
60461
31966
26021
87478
96661
80663
15310
38548
95770
98288
52307
68966
5714
86037
35880
73239
36768
12429
54323
3837
94089
5896
64695
67455
78928
82388
30430
75383
28112
92527
93026
49106
57398
215
93176
40371
26169
90269
45561
55960
71863
91864
61519
80245
81165
99094
27928
85180
65330
55981
28954
30335
53617
35280
54979
92652
61313
45821
66940
73270
7554
95315
14474
89044
91606
26529
45504
5123
56666
50073
99716
51623
48448
36963
15196
89359
28619
38958
29141
31157
31333
82881
47504
8165
48160
16368
71434
91957
76039
6122
83334
92467
64992
4719
56824
8349
18786
19359
64721
11272
30573
94190
53570
68580
99657
13299
67631
48631
57726
69088
28306
34182
48973
49259
62569
42803
26059
2251
88733
70527
7416
23455
68272
14704
12607
78632
48322
93262
71500
31350
66623
36808
21028
62656
35272
75508
2694
11309
74429
7571
925
12368
1925
14610
40862
63121
93465
23533
12517
1957
12627
45934
57798
87359
96174
40467
52306
288
66970
77582
77641
23722
43006
10373
59798
96659
60650
29818
76587
50933
13337
60037
96441
52418
49663
61758
90444
15444
19189
80887
99266
3939
68798
49893
74342
18095
62260
85535
12909
25565
10932
30686
89484
64959
68483
73861
86100
29516
5723
53467
57868
86511
41591
5491
89641
49755
58743
37325
41323
32859
90831
73493
13495
33511
85362
13608
50893
26899
94199
58743
40101
97794
34181
79109
81515
74809
26593
49098
61972
44142
5392
46938
85820
23262
57387
31552
72510
58013
88127
52451
85327
10057
3389
35467
89623
47704
35973
45853
93997
40495
51369
68449
31918
55572
40161
7237
89657
80571
88236
48570
24906
40733
71069
15932
28433
68935
97865
94288
57838
22319
34475
9285
62892
47425
68786
4157
31031
11223
25609
9125
62171
31687
69920
28448
45242
37014
46364
73314
50090
53290
89272
73880
90665
56478
36373
83397
14141
13390
39334
3462
13548
77714
83313
96055
86773
84776
64642
6543
62058
11722
6162
55846
73067
17982
77199
74360
31487
11596
84905
73761
99601
25418
78681
7303
9733
44531
89069
1687
69686
77943
54132
54568
75117
29740
60195
1372
27136
72994
51553
93285
51716
5236
34710
80868
14704
62521
1034
63116
8689
24794
26845
55494
8227
51903
49539
42029
55699
55971
12825
80889
53070
92646
553
33113
5572
4256
81557
65689
70911
25426
68004
64131
76730
19161
59686
99426
40960
28572
82982
1154
97379
88549
7915
58324
6133
54636
71370
70893
87398
81007
96972
33613
3322
74142
18456
98397
870
73746
5565
46321
7943
41790
24605
26510
9120
99869
33401
23173
89358
19979
70069
70173
9225
98992
61640
58191
26425
92087
60035
82987
41106
23997
10811
21496
54542
16996
10773
90488
4486
7591
19117
74345
91404
42632
8674
43592
39336
17861
19745
81777
99469
22345
75917
16193
64856
50943
55752
20348
91268
97826
43329
65930
78252
55951
25786
98045
34046
36540
96116
33038
89400
98818
37433
25061
94179
29141
24614
31894
44072
88628
46483
6120
69971
50300
22241
52530
99043
30615
48575
89855
32170
58706
18840
99664
48711
37324
83964
7904
39262
6954
63625
75651
14705
78343
92631
45735
52093
84329
59101
99293
71380
45391
99907
91665
14418
44550
13253
91476
78718
86843
19776
24731
18975
96522
38332
43328
9624
47221
20054
95046
67906
16273
98921
48443
80420
74874
51224
45974
90545
34151
82075
48927
3167
45784
47716
92590
59455
89484
77869
10027
57406
31471
17311
97237
73975
56624
84385
73406
57906
82896
58652
34675
75965
85814
44999
7098
9766
27712
51443
45364
52434
84596
7125
7169
53245
66901
57099
23139
39854
33393
24685
7835
26134
67319
31570
23344
76486
30822
8156
86030
71114
53088
81377
43242
87077
22877
54358
6468
78698
47100
73242
54821
74900
14932
2141
68424
24515
30505
37259
79061
17748
11003
15705
99208
33467
63544
2059
27633
72671
56433
59391
19732
25523
37865
71130
59344
82541
19626
37708
81021
54660
90994
58946
93198
20203
17995
12201
60214
52644
67545
64570
48008
84227
35916
38374
82870
54848
7637
82111
1787
21112
98677
42976
18452
75393
25968
77178
4616
59080
52545
73084
86537
2729
58567
50239
72179
88106
43805
98123
28881
43476
31080
93802
70847
1487
28073
59879
27529
59994
4818
5313
98515
29155
25557
16786
20658
40265
22424
71830
80919
98059
79013
13435
50540
31788
51070
10372
1975
80518
73869
69017
12859
93160
62970
6703
95710
27342
62070
47056
35206
98780
19475
59014
19068
45142
49750
87145
21426
88030
60709
93346
98464
4331
83515
99899
49386
57154
11067
93542
96126
33172
17057
65095
81850
38484
61811
28414
46474
94739
83190
54101
4015
87066
477
10498
3483
84803
46620
74521
56856
11572
74492
35154
5640
23834
20967
79218
26792
39710
51042
35960
82638
81318
34267
3655
34641
73579
17208
44747
85863
93777
93358
41290
52361
5353
30291
89288
14419
50015
22891
27766
67112
79168
53791
84825
84371
79885
60621
88467
40904
55956
93080
75856
95976
92465
2911
87918
44579
27649
49067
92969
9336
6846
41282
25027
42584
70332
21498
71181
56425
34558
75911
77781
78022
16822
77076
91116
14468
37272
92496
45810
83631
44569
26848
76927
8114
69609
8307
46321
47350
94602
45939
33326
31714
78956
95094
99157
80481
66439
26420
20293
37857
34804
89107
19593
94007
78825
98847
35486
50687
70575
1685
61411
81345
2112
49726
17212
42320
99490
93113
5731
41805
5467
20945
10411
92008
26737
55662
30994
52646
48415
23079
49187
88350
31061
68981
52101
46045
66605
23842
93316
54313
42053
37888
48698
33251
53374
92535
46809
9637
58768
17334
54871
34987
54600
90667
13527
47215
29791
66861
14160
34028
56696
48854
53372
15172
26677
98159
80831
65437
70390
73219
52434
88390
83760
54709
10507
78295
38150
21742
41835
7990
97927
58126
63684
49270
99491
82308
75940
51610
80843
52057
48962
2488
3812
94118
78340
33368
55912
48229
25514
79899
24569
88293
23227
98297
40163
25944
40043
89058
23597
32935
98309
31398
81211
54757
41947
57329
99907
65696
5831
43246
47177
29300
24860
92748
39034
59929
15694
85726
82273
77821
43515
35452
36810
24365
33108
23270
64049
80684
31308
23113
82086
69830
20381
72634
6175
91486
1009
44640
46969
64516
76275
65006
61933
52738
66962
51694
49419
59349
28047
34649
65622
86681
39844
89698
98172
14813
1873
11506
40239
33654
2468
34062
10981
98064
12004
3286
11977
45727
74907
18055
46043
90483
24893
92863
41163
41
33657
71424
59245
31870
70299
78445
56217
73246
58427
83730
46851
61755
66822
80673
62578
52602
97862
94775
36158
57352
68625
65501
34571
88586
93643
9193
9693
25937
99961
31397
28855
86027
61923
38119
31251
52406
74277
88576
53760
99152
47379
14353
67635
78731
19590
18486
71436
98908
50119
58278
88263
52082
19478
53715
65114
48803
13975
20140
2545
60194
32538
18403
73380
38669
80134
75016
13426
37059
11522
89555
27965
71699
69055
72353
59457
39823
78277
41270
60850
78208
6457
33
99185
83794
17064
79133
24458
144
69650
2323
77998
25259
83989
27581
26248
17651
50293
35782
40445
59784
55910
57933
55077
86090
49526
62856
69473
2829
71289
61764
99000
60457
82385
83403
18450
93165
50202
73247
57200
92051
82928
24866
86949
19887
10718
65848
90517
97185
16132
24708
47945
96650
35108
82159
14028
32795
9289
89832
33606
71560
38228
65861
98194
26364
8516
68135
17117
7398
82241
37628
39934
87409
8134
57885
9196
31122
13096
17784
9761
3962
91335
83656
6857
35723
3889
41536
84070
82920
49773
93767
30788
10181
44394
62108
98196
3389
10437
94875
80775
62530
31089
69240
61897
80046
18246
49032
40503
11481
56328
17408
39390
74084
39155
73109
35986
61713
6272
9569
67463
38710
35543
82407
92720
53286
12337
25678
70129
73391
28872
98218
18979
36803
27229
99320
99684
48270
29190
64039
71513
37254
8210
34388
7585
63233
61338
36334
69238
55296
39398
63833
46339
94760
83225
16558
12861
80593
30523
82399
28063
24568
71009
41079
18502
20591
7898
38592
837
57333
97976
382
67622
22464
79641
22169
42238
6645
58322
39417
86636
69082
73527
52938
82862
15300
48041
72606
9055
21962
82844
85361
81297
87610
56836
30440
9251
81033
27612
19699
26911
81574
54770
52370
60819
30280
2162
62291
87497
3398
16974
49113
28901
69221
26599
84472
18971
3948
64218
43741
54571
61619
4298
15243
77978
85338
9222
38048
8590
65110
19318
13270
54469
57254
30823
31109
42483
40100
22705
36037
4566
48598
18658
64562
45015
49860
27625
37352
54016
91429
33952
16014
42644
52594
55607
91439
69295
17500
57241
67907
96572
81081
71901
94028
21101
22361
69388
3196
17210
95735
2665
45108
92921
4362
60386
21415
25238
33372
14514
13374
20079
81170
4848
1332
55919
1418
9559
5025
52421
37027
34195
12372
16736
32822
92901
58522
11113
21698
12371
66043
90301
9253
66895
75971
30374
38822
27106
37246
28725
8847
73557
45885
37085
29209
61308
61653
67503
59263
21696
97126
64846
1717
36039
22329
77006
67121
2049
62083
2606
80711
57394
9222
83567
62290
58903
11351
84496
2030
28023
7354
84040
5411
96999
45769
98303
16572
71706
90100
14216
1590
30948
75458
8415
97236
78281
31381
57915
41167
79206
9292
37873
93642
37755
97986
86693
95715
93140
85395
57357
53542
84051
27391
612
40284
98620
41031
17383
72320
14909
66933
52399
48818
8151
92632
24748
66373
9517
28716
88219
84755
73928
27192
40708
67856
7396
6321
65842
15003
49979
71516
36207
61489
46604
66385
252
14236
45512
51803
9578
89065
97177
86907
49432
89975
87342
78989
82121
66219
76263
2338
60545
17281
71322
77548
53276
27772
99712
90424
62539
83967
47648
46614
44780
49556
83861
84820
79748
67337
702
40712
63420
87259
32066
48908
28885
98314
95869
71780
66570
74988
77132
14619
99969
8509
70481
33611
89069
27796
22179
44412
80611
65009
76982
69732
16886
21107
63778
66636
42577
33030
96435
69747
99409
41145
76108
64139
31261
49901
96216
47937
49858
46890
50063
62683
52495
28716
64481
30522
72714
73914
59426
14687
96110
33271
43954
20746
85090
92849
22823
30877
92502
66967
18298
12351
51868
69832
78443
42940
30241
50535
46770
69546
43431
83946
67139
7590
44704
58961
38621
12925
92105
21587
97647
94663
8129
4596
25959
22669
11812
7540
96857
42795
81832
57825
56488
4721
70515
88140
2580
83811
62647
217
74304
18432
31115
35728
13406
53760
16136
88848
17402
72567
24797
31363
53696
10838
92463
84557
3179
3856
33616
74462
23274
33530
72506
98407
96849
39756
79785
91753
78458
10244
50386
15017
63509
72394
4164
52511
85843
62605
49882
59950
11499
17708
42137
33486
76456
60306
49004
67781
1807
13016
80634
19764
3408
41262
84545
36845
15528
12789
23281
258
42993
24227
99623
953
43783
57961
91396
82717
47415
18290
48874
96718
35494
81569
53075
21303
73019
33949
50093
72800
81546
55881
43766
66458
17950
22572
37200
4440
78818
28207
65984
85437
80109
5668
42889
56336
7528
12100
58976
72812
17628
60401
41196
97524
52637
27994
11229
80707
68781
43901
838
94498
65774
19270
67959
87795
22760
70806
15835
58186
12019
41503
16171
90140
96418
48619
25709
24239
9356
47485
19757
9617
14392
1455
61909
98724
26852
32634
8812
68502
61522
54932
65801
26672
68816
33172
73139
45028
81346
90193
13271
49001
44558
78568
54148
48772
61796
27068
3462
20604
16936
17912
48733
3439
68862
27664
18617
66147
52720
75814
35700
10452
11294
16328
91308
49356
78467
18326
37692
13010
72065
22241
27671
71929
85768
23119
13408
83896
58568
42812
97224
67194
4368
32570
89829
77132
7938
37368
97067
72180
74453
59969
43593
80961
53222
66876
10467
22749
90332
91953
93256
4638
88599
31659
4079
58396
11509
15960
37779
18910
55328
73965
10792
30989
50039
54086
1496
43146
26104
26252
85087
71355
82855
58896
4255
18784
98941
23987
45697
44004
28239
89800
43689
35983
95034
9969
99796
34104
17928
55078
70865
34136
25858
21908
8569
17498
93363
14625
28236
26766
57620
77518
34666
26941
33977
55094
76618
89782
11895
27699
10631
81872
46336
86548
90247
74205
87704
91514
51664
65942
23933
7022
88043
59969
73333
1808
39684
12341
11983
43636
71676
56298
98852
78847
17788
49536
92568
17022
22183
2088
85151
27203
14057
83314
93148
69437
36876
32531
17125
38995
72521
60147
36930
41917
83771
33905
78964
30304
71631
27316
27507
2979
42647
22799
17168
68530
98079
33359
3257
47375
54295
78340
6427
84079
90734
98922
29953
16152
35040
96243
76090
26998
7270
36690
47673
31796
779
25510
29142
52445
14303
23650
5778
49135
47045
92341
32727
62200
2727
89723
47038
17392
69193
5535
37098
15475
50587
11051
32050
7833
8615
15022
78940
10900
21611
83688
74405
21510
86273
85173
98909
81660
25913
69780
70575
64490
49672
53586
65630
55684
56634
92312
58058
6519
43746
33838
51314
25090
48531
98762
95796
46484
36359
22457
8528
58819
700
54249
86347
48550
95391
6257
55374
29328
82624
86909
90030
74282
24677
7801
47207
12011
45946
67641
73826
7350
35558
67492
90646
86864
84282
55547
71466
93629
994
56745
86072
62839
79134
13928
41806
28425
11306
63885
49038
77742
38456
12178
76181
10433
800
61087
24
33184
25870
32883
85098
10370
33305
21940
12538
48882
41460
77105
68729
38504
17021
85361
15002
97666
29331
62554
54482
19812
10309
87807
85631
61417
11750
48071
48165
65156
10972
42422
82899
64760
41431
28026
35813
55728
94047
34996
37346
83835
42406
66017
94789
25032
84732
89989
77081
99355
50146
23187
27901
38345
6806
38202
18407
60213
92845
23535
33605
1287
17022
69235
89950
58694
1147
6210
11127
37266
27579
21048
1202
36672
56755
57407
87153
44819
92131
91897
53464
87667
10092
89094
99792
46413
14367
80979
47976
33511
74545
55807
82678
36030
73323
36907
63708
1694
96349
16510
8197
71709
69650
59186
27598
55284
58431
63390
28129
36091
21045
1089
81693
79584
61879
7048
72850
93476
97381
33308
48264
51730
52854
7595
83903
99677
81892
59569
45904
3733
40705
93954
11411
72933
33032
40727
19258
32844
56527
2035
99226
14069
90456
5905
72202
44566
44262
98508
39077
66978
91596
90410
47177
67019
88865
95910
80033
33143
70096
16601
44224
17470
89996
60228
50372
