6660
26383
72086
97501
58614
75303
14344
17224
6475
21061
15203
8072
76468
15949
18835
4513
35503
37621
33783
59947
57662
27658
96709
71847
25747
65952
53164
48668
23271
87609
56337
16913
66698
11057
21723
64713
34708
42756
23434
86231
46138
42973
85409
44700
67613
94427
1956
54532
9340
16930
26717
33177
69833
59516
87385
78978
37113
87562
67407
26333
88085
94763
83329
55956
61742
86247
64891
34206
71757
10904
15160
88821
80840
59414
24035
17615
68689
85310
75771
90715
87497
74078
29424
26266
3953
32319
32074
88760
84353
25263
87178
48901
60529
62571
32488
72661
87604
78630
84378
38288
5509
40504
26966
34550
97050
31653
88846
55699
79989
89512
80443
50619
61242
51132
26965
76738
71770
24584
13406
19834
77933
25285
29502
12330
78463
44781
8297
40392
7969
38977
6109
59411
96096
11446
85672
59791
86355
11742
1478
9021
7853
4655
20455
80886
89427
20722
86863
70629
94056
58057
7896
74046
66147
19294
25234
95327
98370
36677
43690
60513
47032
35469
68968
76410
2274
1800
60210
55795
65783
45684
1934
23969
81949
84389
11013
65507
29880
5169
50691
74486
67902
67032
71195
32792
30150
51150
71208
41591
25311
84071
40398
43797
44157
94174
22654
23067
42638
2657
84024
8727
28298
31868
81035
57043
76745
74336
9432
39539
34542
81008
26485
32363
75553
52360
29325
83419
43611
46187
67748
35272
32442
25351
94136
51991
79669
26631
17412
69993
89417
76021
79518
38766
67185
98601
27616
91143
1012
1043
89700
33916
8664
6913
43944
24343
29429
18605
93809
1147
28101
35911
5355
46052
68535
71930
52110
4892
95362
19069
90973
51543
96407
13912
37704
20364
12367
49489
53682
70385
26115
23090
2029
73010
95387
86073
92224
41005
5854
99676
1034
46573
74984
74294
83905
87584
77082
23635
26419
62039
2506
12500
45486
83355
45019
89567
32603
50630
7912
95206
97828
55653
94906
53458
6390
66792
57081
72107
53218
52130
82271
14759
10110
67748
28456
89358
50217
9073
66918
73446
85067
4509
84561
42559
38010
90311
38939
95388
88953
78736
3361
71356
10395
33270
58717
25797
25637
26834
55032
5645
70258
56746
99646
45444
72112
68788
4266
48353
86375
16553
10784
96231
68058
74977
38329
2931
79238
92432
2425
72997
88455
5468
82460
24489
65946
24282
72943
13729
74493
7717
51036
45392
10419
45658
73629
95974
27012
32114
65809
56355
43456
31101
13644
77770
64740
34231
58888
35812
94837
68490
25338
58957
9194
41920
74912
2431
22886
34275
88022
14168
22594
37684
78407
64459
62249
96260
97
72801
70109
23569
37793
15625
98968
89312
74349
25891
65293
75956
95649
95013
95020
92009
95457
28264
89124
1840
89166
59954
26754
83687
53716
79904
17048
94835
53151
73872
43450
59709
76749
96329
48033
2118
44575
73095
74162
98952
18953
72839
55225
7019
86793
39883
90382
81473
14004
35274
37210
7839
26348
5239
78899
15128
96782
3628
22691
3383
99815
27700
78567
49560
17191
17490
22355
96068
86061
57553
24115
55112
58178
45288
87788
36977
32130
63497
81376
55622
25493
48615
37809
96673
17117
27074
99773
44715
62887
98385
21863
59091
88579
55370
2998
6411
82961
82864
30071
32928
36401
74138
22270
42356
83837
5468
13866
84025
26099
53557
30534
15531
52809
21908
51755
34603
72357
11911
37475
92308
68389
11233
82824
25724
1496
75591
86059
96713
6160
70040
46289
84845
98479
55831
50456
81023
74942
94518
87895
88279
94589
40385
88195
70150
62964
7523
92462
70192
22216
43545
72809
39399
47178
89938
2154
77029
59017
88415
47657
85701
48263
4221
92837
36863
13897
70363
67012
45055
57224
97898
53271
92448
79333
55617
84635
21322
34298
2378
67900
11652
70859
41709
71476
80376
40091
91670
50386
75139
44858
97957
94037
64629
65884
48851
30839
52523
47013
84124
13095
38438
56001
78445
30830
46183
73296
65418
28531
88490
7198
73244
95707
57980
4977
48694
29000
88859
97627
32163
9858
29097
23856
62318
63475
17515
94481
6414
68395
29572
38919
32427
15332
26825
18795
66065
74240
45121
3617
14384
53583
29371
38149
15981
35117
21932
68958
73129
15624
55395
41584
78764
95679
73451
72622
59694
25637
5725
8203
95138
84933
2078
51825
48671
8416
46012
65899
96844
61170
9953
16509
40199
20530
34898
31635
55922
92024
6791
93815
32730
46649
60358
39996
94630
38093
76030
39672
14392
72658
30429
79438
86819
52425
16302
54473
77834
54046
96403
10693
43376
16774
16539
75110
86402
33
83649
13740
2301
57214
40385
39935
1373
1790
52790
22756
65187
15248
33077
49170
20802
96572
60064
14494
85958
42459
71208
24978
70881
30755
99874
22364
61811
91201
98756
77538
51318
47423
3261
81716
11140
1381
48430
15610
40677
69979
9737
63372
59384
10893
58980
68737
61853
62247
2970
56286
70013
60992
79903
49424
94327
20083
24381
11221
93640
51175
4271
71541
51446
91025
29690
46190
98393
1424
1475
54668
68615
96022
88945
50456
34842
8006
65248
20871
76384
11960
10431
63156
70974
70842
64903
36008
4353
61745
89208
70868
37028
60189
72113
36513
2775
41274
86028
63807
81682
43650
97396
20826
28982
32560
94755
72523
99804
58304
17725
91147
35452
34643
43139
3746
19932
74574
7028
41277
3379
8929
54310
93917
40185
72773
95869
80364
85741
35423
59174
97099
88642
23681
90451
74919
81543
77552
19124
12650
49810
2144
11981
30958
2152
17723
35353
78956
12843
50528
26235
81107
92001
81512
53821
11860
95101
48197
92328
72921
79052
1155
47006
1270
91966
54064
50231
95896
93038
86232
95830
72793
77520
15240
48967
38806
84022
94452
4247
92664
24832
2069
52560
15406
74462
4938
68368
73884
4258
32959
39397
23117
22439
37547
21639
14307
62008
54131
3633
35759
65214
50348
99005
22428
75498
89438
77884
21670
68955
24771
73295
84104
29325
74447
59814
90515
6655
32554
23314
794
98654
58937
86760
61898
52051
67770
26708
97911
97029
65806
90391
11922
14669
17297
85663
29687
77557
89348
962
16674
35467
89900
24503
74433
65736
33939
23985
16965
30359
31597
72984
59634
94212
43029
1222
19862
48419
39957
59931
61622
3706
31525
14205
29732
22412
45706
783
80333
9411
61280
53005
41903
81049
34930
33857
40359
10083
2022
60741
23176
84603
7350
65526
33544
34088
24473
68434
74132
4236
34400
55086
86820
69738
83643
96725
29834
33362
66332
8161
64771
47082
67092
88111
43984
8538
76090
99139
5726
61460
48042
20343
13697
70559
72714
6337
57599
51135
47047
29312
8201
73890
86206
65634
54053
25097
28662
56086
12870
12977
28459
51112
3837
80829
68454
6591
56585
30562
56007
85551
74633
622
53285
63547
48659
75318
37708
20363
37309
99899
99077
7429
26552
75512
79699
49643
17404
24299
42937
22865
90910
17341
69850
24474
22495
39664
23448
27406
51902
64708
63646
12762
13326
11590
53657
42084
31554
149
13569
31208
98500
45266
49269
1908
13061
89251
7332
70813
98542
17316
63208
98844
65269
87692
72205
21737
31500
21399
64400
80690
61556
28533
53186
78008
11983
26318
51884
29318
99986
63984
4076
53582
67033
82263
87517
7778
93236
79127
36821
2700
29695
61641
55911
65771
96464
9328
21929
31850
56969
63143
53457
29439
31982
96360
7448
53309
26096
32379
6432
4534
92040
62330
5810
18896
50975
65342
47072
48994
42122
23687
57257
79852
50899
53804
14011
7985
4338
93085
23698
91026
10619
55698
55870
27623
20304
68499
38627
18748
28567
20066
10075
3751
97383
15880
35894
99746
34364
85179
13441
89865
14282
39433
17092
4977
50509
85699
14374
50466
40191
57673
55819
86099
24259
12878
56445
9377
8351
53192
97096
18923
63398
43446
43295
40525
4115
92782
99485
16599
38834
38594
32902
93738
48376
11150
24748
52078
49299
85761
73741
76147
5435
47142
21785
94658
92264
31886
40849
96350
37022
62875
82923
22749
73635
86251
50034
44221
42929
38847
97322
25125
64134
13287
56786
90905
30296
33261
22850
74681
58631
5082
26868
58647
62379
69352
49279
94963
94636
79686
42110
36148
62577
4929
52879
57381
45360
76309
6519
70154
45251
26704
64226
22206
47452
45567
18089
30251
14543
41720
77933
42724
47630
86498
7039
76162
22354
34981
34434
45337
11700
19498
31848
58935
98684
52142
60984
61849
31601
86569
45137
37897
35183
18549
58345
28823
83383
13021
13039
54579
34976
36803
60110
4677
88203
76718
95922
89833
75028
99279
48005
82410
19396
59502
58450
50650
96740
76854
76299
80203
37580
70201
20454
79821
78809
44065
99586
11748
48252
49237
27559
8741
42991
34820
50796
92782
21636
56016
61330
17727
15190
75450
37741
90713
41600
47335
84706
40625
10060
97516
21676
74384
20451
80411
48505
52394
56611
91945
58802
96570
99536
44411
23415
75222
33185
90573
27816
67988
4923
31102
64321
44377
90587
28763
27261
72889
1292
66663
86843
91345
120
87044
53278
45788
52283
57025
71886
68405
91379
69408
79804
54122
46932
66115
98178
55098
31033
32402
45865
95435
45973
23531
34084
73098
81831
11462
43834
42208
79691
12260
16545
37197
75724
13716
44710
56419
61048
34273
61641
63010
30029
22492
86724
43659
49487
15009
25004
61988
68059
37160
6929
90439
16661
90475
66880
46567
37950
13007
91719
64736
54114
19985
62744
21593
54093
56430
46503
62521
36734
29806
81421
64355
19283
75279
71375
64016
33412
55434
64345
28680
51724
81283
78884
78684
40289
91986
7223
28419
58469
32873
21705
74766
45685
73378
90852
3210
42302
72647
99269
44018
82768
54909
37504
12495
96907
97197
545
61517
3254
93520
39117
73914
39150
48151
55015
45150
89595
37781
2190
2162
33023
17737
78916
72606
80359
65163
63529
60595
89700
55154
73158
15618
97971
87712
23781
82871
62328
72907
54237
93045
88234
81129
32748
18319
89223
49911
57917
11713
22696
84294
39850
33001
76560
90403
83291
46565
25214
86305
26315
62121
58785
43396
42731
99133
52875
89613
38144
10929
81054
63773
200
84222
20292
34600
14202
42267
53115
83576
55403
19832
18892
7483
58925
77787
71132
8522
33618
59060
21692
51734
36430
38079
68955
38097
6395
28406
33052
46326
73717
1168
66594
8407
97509
55322
57991
61089
91548
9233
75884
19822
67957
12985
14027
95078
28125
57884
56104
80467
46126
91522
92230
39168
76566
34474
24118
54092
6647
15459
40329
84849
99720
39209
94279
33036
5625
60543
78616
52553
37780
82021
67328
44300
37246
2166
53960
47293
45756
51233
72119
29233
2163
2466
80320
30002
60904
67069
82356
47531
62182
80054
46552
71665
86365
39247
47313
95281
55207
11359
18012
18130
61543
53547
20378
78823
8203
49380
14888
29684
23472
23422
37133
64441
44900
46248
13005
28704
60710
24428
72987
57375
68106
95204
19691
12011
81016
74391
74596
25177
55220
29583
56597
51474
4825
21432
82399
91538
31903
87032
41775
18109
26779
99973
45391
33183
50533
3111
27634
69822
85685
22156
22958
92351
57063
8673
4391
52401
83102
95220
80773
66905
16516
2755
75143
54715
47182
60800
37553
1443
36734
51524
69985
63149
16035
28588
96576
46263
1340
35317
57523
87136
86777
22480
99825
15837
61186
15010
25807
65976
1105
65818
64535
64933
7930
83695
36600
77251
38827
55350
43958
55531
34830
38301
95842
79321
42315
9639
29668
68820
65930
25636
14580
50299
16631
37740
76649
25261
20478
87225
76809
73813
24662
16958
18079
69105
61562
26983
72266
47645
9426
28526
32849
51233
98672
87447
68757
37396
78358
89577
23455
33515
12182
21802
63545
67393
24081
50165
84537
11205
73792
9946
66839
67291
47921
69587
27647
84144
32585
2303
77666
3998
51048
32957
76999
64183
71083
72486
63103
14225
53450
53414
16214
19983
31137
14265
74949
53096
93708
62719
17925
12887
12588
19387
1310
80894
55174
61006
51581
38103
35275
46602
80068
30008
46002
23638
73979
21282
45376
21630
69764
29319
41610
78227
42988
89557
75346
85318
22526
79107
82957
4604
92913
37015
933
81263
39010
18898
8698
35682
99452
60633
53699
40286
95571
27873
3410
20205
78545
44501
64438
9522
85672
57159
53722
7747
10278
84369
71690
60709
26630
75718
38902
47715
78466
22075
76527
6346
49222
12363
66159
58883
54113
49387
44981
56813
45269
60395
71501
22135
35405
76453
88079
28600
24910
73446
62846
49611
17254
36438
37968
81674
52801
46470
47181
77733
60539
82324
16080
22207
61328
50142
34826
96838
13070
60705
15334
19981
93676
46284
25928
45735
12052
91174
95663
65538
42267
44377
88185
10046
83570
53721
70182
26633
31189
84885
7732
59832
82848
80889
98057
49892
14114
71005
16976
15934
21833
55726
92442
1904
75165
95735
2981
14066
44553
19372
7963
42854
94707
69970
26705
73232
60173
32494
31696
42613
9092
87945
11889
77264
16790
796
98976
299
83105
64382
97763
15744
59286
54439
66836
77739
99276
58944
21418
19595
89072
93482
78870
96406
17178
32071
92457
47030
91996
50472
69715
53380
57075
87988
11686
46303
58944
24978
50585
79273
54768
15860
22408
17567
18807
77856
64217
51922
23900
20572
2010
52359
98926
90837
86213
83463
50804
16523
54501
69731
63649
49789
93363
81065
13862
81356
74169
69500
77858
17999
83415
59570
29685
92115
46660
66671
35762
16364
86764
14105
89106
72541
8408
90169
74661
29344
45260
97741
36356
89074
777
3308
51714
84350
99219
9911
11841
26404
95212
19992
50048
14854
62047
79770
7186
58031
31289
57349
47210
49728
70930
44596
71666
29017
18442
50549
6971
77632
21326
11228
29295
76273
31385
83908
5314
42594
42103
30820
94183
69073
12805
25769
47167
93260
92276
42773
64364
13117
38797
22612
16228
97040
26798
16791
32928
76323
370
21072
59924
34057
79535
57576
41721
73050
61465
44384
35174
30843
35076
60706
79870
74309
32679
52291
97922
24085
85403
8535
34791
94703
8738
81297
33730
83727
79461
18294
52800
59374
54166
4253
96082
38414
68276
9573
26022
98691
22669
61362
47313
68541
11038
42662
85736
15862
86101
56120
48333
17844
27128
19092
77830
67739
4446
29679
90570
2034
26554
67141
58965
72241
39513
4368
74651
68868
41697
63591
36377
48670
86809
37873
19815
44094
66376
71876
31017
22870
30837
98559
31333
286
72749
66880
51439
46772
85540
8738
56063
75981
61330
14007
23973
52509
1535
48958
93395
86047
79417
52705
77240
13121
42817
30638
71404
97040
80679
464
62439
3067
20746
15817
83757
18630
45089
48174
75556
71822
2775
17823
94086
36147
99313
72226
41201
59655
68779
97531
52636
64242
47169
48553
84389
89279
92106
78335
25925
95431
16606
20894
32868
2648
67608
65548
90921
9601
56822
74292
78858
93
67741
2074
5730
46105
32122
50136
19648
95588
81635
56025
61148
4370
3708
93745
9316
76909
64534
56280
1333
55896
17841
91842
82278
62881
69698
46268
27645
98115
90256
612
23525
51573
46777
18949
54807
40563
72305
80430
22997
5415
74762
27534
35190
81203
48655
55727
65115
18653
21962
17612
41760
44439
16134
44528
68494
27851
1774
62316
75918
23168
81396
15252
76888
35883
95150
62166
56393
66100
25339
99000
78451
71331
57252
15950
68366
6952
2141
25653
46764
57957
62282
77263
96107
65208
3711
31483
73219
48936
39103
39696
24543
79915
45094
45558
62984
67601
31810
17569
13629
48081
81564
4426
78911
54031
15989
69644
29225
45478
21611
75192
29277
89079
63867
47830
1337
1070
65728
39449
5000
9614
71833
9469
43540
70713
90025
38719
77337
62845
56280
23577
1206
27454
90007
68856
5853
43580
12961
25244
66154
44737
86908
58348
87408
91977
28607
69172
81486
91214
29038
91868
40992
10511
73536
89190
75122
6941
70978
45731
47055
24322
36948
61682
64408
41966
84849
94934
45553
90527
91308
76979
85301
34316
71573
34725
46057
79406
16315
6269
35022
7724
1804
19289
4048
9377
45624
15551
97532
17900
51092
12182
88750
56692
8794
73537
62952
59030
57293
40472
42366
64717
75322
27876
54030
90268
47834
6999
33998
57818
94068
8102
52382
72955
64031
84773
60348
21303
75685
76957
58294
45082
50467
5100
95417
86759
28046
71609
32264
3946
16559
89170
27113
25144
28239
50180
62938
85157
79694
45238
51937
67778
60556
67491
23745
74000
16234
24370
66823
75750
44651
77171
62084
78106
70133
97561
21142
50448
67092
58190
5918
21533
61693
23671
18998
86710
3983
94918
78812
19866
98773
27318
11207
91000
18088
91014
60635
34302
79026
64629
91959
46400
13294
84438
77067
23201
86027
54768
58278
80833
49967
74453
71854
16772
42488
26429
745
47066
7646
59742
52376
7920
948
31594
70436
2322
86893
39078
5872
603
65307
51394
846
7003
37426
29913
30446
15235
54828
96135
83536
81200
97285
6914
71514
32626
65831
1142
16326
59416
17216
40513
40883
56026
11279
11080
90012
2755
67069
74164
42885
85145
88904
88333
82801
78281
66203
71441
38833
78644
35065
91536
45591
33744
57017
56647
20200
1212
5611
20120
62032
50949
44857
22914
79824
84558
553
38114
37362
15711
8254
79238
24189
74156
96766
23242
74052
97056
1838
57585
62424
64615
21977
66273
17822
40469
15792
14971
82908
68630
41707
77749
61772
34387
26733
92406
87731
75069
37414
14190
28267
17146
96115
67983
68412
58889
50176
58540
90282
12915
91469
77133
24808
71760
99534
40204
14602
85267
77804
21999
55032
60436
39017
706
90430
67064
88865
84208
54688
74110
77643
50270
29675
23208
44671
99780
58247
31044
594
60489
39785
5206
45853
35898
91172
92101
53372
93830
68927
28191
56946
44249
85986
67945
19081
49811
63210
3110
21399
17028
27452
91363
85244
59431
4214
15581
70856
51928
6945
37232
61689
58003
59043
11230
77634
91947
79440
56888
19144
83011
75489
35371
87494
37004
20253
60714
20816
27676
20211
44115
28916
85063
298
54081
27164
7421
14320
91630
78672
11072
27630
61347
77881
58432
32700
60285
95361
98004
29809
91389
75413
49815
11443
77613
80716
11261
48653
70794
24897
78001
48063
44530
58332
15501
13166
23147
65232
57300
49820
83054
56413
60239
1970
98670
70837
85634
1370
82441
2620
84042
5322
71402
70088
96470
37082
46392
16392
63423
60695
99390
12545
74310
62192
72152
68244
18888
92013
81783
38075
19168
51615
82993
32530
64953
18962
47208
49778
67726
35584
23157
87512
20001
69087
84945
25989
71796
45274
52992
98495
47943
25374
99066
40788
49390
89674
54167
57630
55950
98346
83990
91202
15989
89629
76235
46451
38611
64017
83203
83379
98072
50417
3701
29818
94795
27125
48518
81839
57221
3383
16121
94835
10824
22118
43761
19421
48767
67443
58149
5184
26195
31657
12127
29768
50726
4154
12464
12643
90576
61812
8596
84541
45940
17074
49053
2276
62879
60430
28543
8618
61500
96789
47127
22633
31478
98291
72472
84321
41227
37293
15220
700
11338
30350
92324
19506
22281
85113
78836
95848
4485
67549
15374
93236
5814
66086
96193
5916
23438
77392
99118
95932
35151
28407
89102
70885
61926
95082
24515
74339
69736
58142
5210
34263
73223
23678
51738
26691
46512
98367
1132
30501
48325
97522
1734
99258
30962
5715
22710
13956
32558
86239
72263
66566
40752
39938
71827
17708
70571
67246
44678
57383
8456
66023
71402
15862
68191
63932
19188
40864
24177
31696
11531
6046
96484
71606
78096
68726
22012
95483
19310
17058
82611
4189
48127
57294
26613
70874
4249
15296
1562
22179
32788
21715
29344
14863
29976
32667
88901
60588
33031
85645
77470
73360
26724
56183
70999
15182
86559
26826
16136
20451
82655
46328
96367
70288
4970
29752
25488
71939
64564
73639
7910
81774
61281
69256
89316
34169
72569
53100
37069
29298
41479
61357
88204
43043
94541
34132
58289
89340
77512
56890
82185
36975
21276
28492
73881
13179
90876
96615
71126
39936
29720
44547
63715
82
71779
41421
94280
200
18239
70444
38124
8243
61096
61284
53647
2540
49018
61017
61447
44038
85215
43147
81845
19203
79929
84224
68546
55267
73480
79744
72571
8918
51577
666
66502
56595
88716
94115
83744
7713
22080
93246
5013
54738
45981
1495
7515
73552
17629
87306
97196
1423
58647
44257
4030
93411
26090
13370
50528
51690
73187
65382
59123
9929
37899
2222
4195
97781
79280
9041
43232
36936
16879
57032
13117
29332
62298
58890
29700
49683
87915
65739
75572
47644
42277
77823
14361
54834
58659
52253
50311
4054
38049
5790
62930
54365
81891
58757
44908
78141
30405
34040
35388
73953
13311
99149
20535
90971
75381
37280
50078
46361
9913
37312
9812
34704
61149
2986
30714
43413
91385
19756
69481
58027
71317
74540
41420
38742
47508
58465
40439
13038
37469
28927
93479
57135
64007
91408
66776
63309
40288
76286
44829
16037
56090
24973
92608
41743
23186
46693
77366
98256
93087
35501
59069
88267
80532
27987
88308
69303
32241
45352
36216
80108
46540
87528
33591
76983
20728
99383
86003
28429
57775
90151
24949
15772
84386
25910
98794
31901
60409
93460
48863
71014
37193
24899
95924
71004
30225
73239
62432
9925
73104
80348
29538
17980
53608
85335
29214
71197
22727
50437
29500
75360
15480
96543
921
5506
11589
80735
41832
81183
83590
55293
88969
52573
24427
83730
43012
11233
1697
76893
10819
98916
30085
82947
16041
38976
12067
85137
53586
54917
59977
63006
37288
61545
59917
42572
72287
2491
35095
53837
56718
6680
14188
52257
24618
76887
12921
58525
11521
4735
36280
94728
25936
74648
76322
7744
68097
73726
28017
66362
86309
77010
85809
31781
17066
8972
39234
88079
27961
95339
66892
57922
81967
83148
42304
40519
86005
85305
56071
88362
17566
56600
5802
60413
58812
901
2236
48663
19680
93274
29224
99829
2188
49898
37138
10624
92439
80557
42189
20751
71452
83413
19705
9859
57343
38816
80150
52912
45214
742
33353
31644
62735
32690
62762
9632
21051
51982
73544
65515
46679
50518
92954
75142
91643
52591
85859
49490
21986
60369
42464
24718
71292
43134
32401
59636
531
92375
92481
99555
91928
66116
50516
81335
89097
36784
5133
66996
59074
97560
39705
20002
22876
29976
92763
42674
97926
89030
34293
12735
89503
12218
53679
17456
89198
34090
84039
3450
15902
36501
37014
35714
96857
90741
54747
70847
27231
20663
68038
48254
48067
30919
78019
81215
55010
67812
89696
26429
2273
23410
7229
35083
46851
7503
24336
91130
15204
50301
32721
35319
18708
44318
67337
20529
73875
42750
48146
1080
33189
32458
13706
8929
92755
29630
69914
95302
75262
61948
77021
96778
91264
34329
51536
58970
11617
51537
61685
67503
80530
60347
37411
33776
87594
6039
60269
59349
66363
419
52653
37990
69424
85357
82893
61089
82469
59651
33010
71803
12835
5286
65606
1502
88471
64157
70720
42256
53869
42662
26354
95668
61070
43591
26575
36138
34419
4899
91255
71505
66853
35048
5984
84141
92883
15524
26338
32772
18447
81016
48896
83202
73894
39813
93902
38460
21145
70883
65187
81905
99356
13489
55900
77805
93195
15270
15210
31495
86052
57862
66906
7114
75333
50864
56192
4433
83299
54708
66879
15659
11780
74946
13974
84927
67898
68413
42090
86569
82012
56943
5548
89793
23682
41398
28295
35869
43709
13084
48553
8589
99824
61028
70987
40260
7215
70944
74655
23926
98771
14080
70517
69885
37239
43621
38858
95734
89459
87571
38125
45704
93394
51460
46223
51780
99410
53754
52455
61032
44951
56301
65247
20510
23660
99810
18494
62146
90903
67580
49459
47136
4248
31820
70171
33435
41406
98660
50703
63947
83078
8586
37133
83966
82801
53128
73985
73503
63072
87903
15055
83923
398
35548
52608
73472
57163
82051
23175
14152
65969
4072
46255
34964
9061
11805
10947
74220
73963
83908
44089
14210
28806
88998
70683
44814
28139
75549
27604
91188
53345
45900
72628
9378
86231
87694
19456
81461
6433
17675
56793
6395
52689
2727
65863
48372
28302
48053
99041
44850
71412
25290
71324
61855
27143
95915
75086
10621
48981
4168
52446
1896
87368
36706
30762
94008
78116
54247
62931
61315
41731
37631
21833
10783
38538
75231
5839
88069
4200
85562
25003
47377
65835
13079
63052
56838
88510
16030
4024
60686
63683
22956
95345
11615
55401
45831
56004
84506
51946
41195
69230
75436
30628
61250
97706
70391
72530
79218
98651
15403
16742
36080
35891
17102
27845
27602
35454
97179
71007
97538
34670
67430
45385
16207
97955
49950
39161
94334
3799
31467
46269
27773
91971
51414
57657
1016
2289
66984
38139
39109
21120
75
3356
97561
18285
83628
3766
80989
98821
70082
91932
22396
94627
37993
78459
43859
83207
69959
13899
74315
97366
33135
65969
11267
29896
14692
86741
83045
76018
23093
5146
5723
33296
22023
87967
41147
62895
83696
15922
18718
34484
29855
18412
59534
98701
61306
26413
73693
3762
83775
59700
90131
91798
20076
94810
17087
49488
47194
8236
39566
99553
11299
9124
32986
68481
59876
82627
91129
40011
69502
95533
88151
87585
54455
82720
30174
4605
49629
20370
1521
87350
63243
69095
8792
1675
53412
18412
61238
25167
42651
97939
98870
13873
98069
57003
60708
19974
4647
14874
85016
56565
48665
58586
15916
31967
87884
44014
76111
45802
34615
24416
66611
91273
59981
67672
50688
99433
13051
37851
27115
20633
89773
60701
12674
10423
11152
96772
12574
48147
92690
98747
75643
73091
72518
81615
19587
81731
95811
56522
50790
17862
43372
37865
84038
70141
26954
12764
56783
60899
50422
28282
14820
42499
99283
49535
84724
90982
57879
45955
204
80477
94730
42199
68102
36871
6984
56926
60894
58559
54209
51430
31589
7366
45407
25347
90511
56552
90279
88774
10599
97933
82136
37247
84675
14943
93393
3916
18578
75571
3503
67868
27953
84726
95220
1956
78589
58645
31651
7485
16898
5705
53096
27129
25970
92573
59445
49216
7122
32989
55238
96939
38574
19997
95334
11644
89613
26659
57387
34648
30143
3986
78428
53826
50963
86036
73042
74774
44420
87267
90620
72446
59987
8692
67901
308
9521
17440
36785
64373
82867
87728
64429
41726
79656
68357
46787
80742
5542
18946
17157
87672
34112
30646
16545
5963
52180
18793
9034
66943
6912
27907
36951
13975
70293
62675
11333
83661
43396
21059
760
99062
69557
27382
39166
62612
37047
44634
39092
69746
63153
58672
64387
25503
25975
13076
4226
60586
90873
26187
76607
53046
80021
27401
30775
45658
60716
77341
18274
73496
9201
95161
28141
45239
63038
87905
91263
60608
11777
79279
39677
49266
46900
37921
24041
36674
37930
13824
76772
41074
82693
63725
28372
61996
57253
1258
45473
444
14235
48579
62138
82184
19483
56791
25013
4108
10384
87783
14291
39350
3945
27097
29729
33595
95409
58505
85851
95508
41308
92237
9163
87800
36766
93828
62095
17751
69750
76858
94809
34641
1127
65818
6127
13233
98503
52817
73523
75817
61392
81562
14397
55403
63091
53644
75812
84065
99885
41276
78109
84489
6546
60624
54266
1233
9862
22754
17235
74603
68171
29261
2721
7917
61300
18839
33127
44711
4023
14202
74988
16898
91713
33552
22499
50418
86116
14075
588
41079
40428
73135
89107
14134
73199
15805
9941
9231
64770
94012
87299
9019
4808
51446
24896
77347
62757
9420
61444
11904
70321
87399
29283
61994
17449
30237
9544
59807
69983
6523
76218
79475
51153
60597
96289
43822
81271
455
62530
34951
11158
5863
75365
20539
6801
98922
16760
40425
8832
42351
73772
9005
57625
88460
28829
78743
81386
60019
34095
35975
6312
87104
80404
41608
25121
86466
12235
10822
45294
87011
83138
1517
21701
89078
83644
89215
64043
1468
82189
88338
92615
25043
13762
8292
71825
28604
37917
86939
99881
15335
25694
15358
32644
37437
29822
61065
64416
9546
52821
82289
87833
95141
11003
39189
77877
70429
62572
60348
44665
16546
21476
73617
45439
10028
95817
67512
28991
48044
53928
27212
43018
14926
69720
16374
29365
32167
56059
98700
35442
65569
5859
11684
66683
48128
73297
80243
23720
32912
28536
18470
23328
84429
27296
93724
32555
64303
743
85566
68134
23152
19298
28572
13776
10107
58849
62950
67649
24402
58960
99
69371
60220
72857
52753
28792
9993
46727
38106
83843
96291
73830
86736
37091
6772
76166
99685
81233
97902
82719
95465
92426
45403
66318
23584
93184
82273
62365
75423
37644
45617
6240
67267
4286
47021
43964
28879
90581
98004
33570
25152
24009
23307
76057
68398
21381
94185
38970
89857
83091
19327
47669
42061
46096
24610
47280
80652
29758
38870
82192
1495
31448
9017
55792
801
68704
84746
62382
25391
44981
8628
99621
36504
55840
923
54485
62741
22605
86305
68735
28740
32630
33845
6476
62463
99643
49465
77326
83924
590
590
72062
47265
53515
60062
75203
7215
6789
90374
56564
88199
62172
82398
24693
41685
53258
10758
22078
72152
27324
75471
54650
50914
39998
50404
1482
65683
54383
19539
15465
12076
31188
72571
30827
68434
67592
48691
55038
58530
16017
40757
76339
43499
82446
85989
98678
7692
80364
58210
35416
34603
62424
37480
91694
24623
27119
67904
93362
18747
40849
50949
41959
82952
36019
70355
6075
57821
40276
77645
30021
51598
71816
55371
65997
43918
21008
49567
48395
28018
29162
59938
58535
79971
82916
11232
12736
13055
50892
33597
50216
95565
49091
57250
55628
29788
68753
48072
6482
60343
53810
59904
46811
19686
66541
40348
90375
48324
79365
35806
24472
70521
68712
53563
71823
30003
30724
7467
70835
15398
93402
99087
49872
66845
23915
51167
16571
10587
60496
81392
8116
37139
50086
3167
57924
43808
19077
82781
28710
48194
72433
15126
20898
94774
38729
67615
47668
69296
28285
46268
51307
23832
26365
97515
49806
71006
57421
3312
61657
79899
436
87294
2181
4325
40116
14143
58469
65359
80532
89952
43500
42107
74808
74492
1773
4605
38258
95460
52922
78157
45010
74599
48462
54632
60825
36580
88518
55076
42699
9161
14473
64814
86243
62118
36713
53602
48480
19187
18210
82150
79741
44251
62431
24100
50047
95940
31804
22946
89607
15004
18117
5663
33159
14498
75870
17228
54738
78157
52636
18596
81451
60189
33456
34185
69695
58332
99716
34909
72303
19217
56446
80347
62982
86657
86241
54736
19241
3266
10227
99992
33836
94141
17146
66233
32801
3871
53887
88182
56747
17405
42772
7377
30737
6913
38129
2881
4781
81461
63546
66219
89668
60971
28573
15200
24433
99558
78840
9555
27066
80329
92119
76373
99620
25626
97339
29231
49955
55379
99894
6779
55017
81157
6994
26624
21887
44328
75409
51272
21841
38308
3439
41855
53636
75253
88164
11338
45315
67199
30535
81314
10647
4686
16908
14220
3669
98631
36365
33974
52881
6033
12134
59183
80496
76762
52922
74980
4091
36423
11188
8691
73359
7228
9992
654
97329
66116
60727
44557
76608
20990
54449
55824
20611
71076
2261
50544
8161
79609
65876
59393
37775
33934
38036
16903
33475
94801
12976
74033
72712
83218
14813
37654
89451
12531
61319
56170
44753
32428
92985
61405
97739
60569
72412
92529
61314
46592
14359
65687
60685
51842
21972
90180
36514
34910
5316
82069
44456
74812
71896
75356
58762
57693
66960
32997
52168
66204
3633
26986
49032
74977
50319
62030
47786
92418
19563
13274
46776
64758
72725
94195
72956
60536
64306
19348
4492
80756
86616
1485
94785
61393
96471
44760
19462
1595
9458
50707
99627
48364
7851
88799
67192
19606
84060
71764
36415
29775
34657
28511
43082
4122
44020
14297
16628
67534
1872
30917
85108
4677
57751
73029
53363
6947
60239
69370
4415
76673
56871
39094
47064
58805
22039
28511
15207
22112
50725
59619
92751
91859
38276
88051
30267
85631
70391
48989
23287
95224
40276
84426
56219
2917
93251
84336
40418
97510
88645
65813
75705
91138
58834
66945
86770
52556
94234
40222
59576
94834
84749
59983
28573
98978
80375
51018
46896
89113
57859
62067
68842
78186
1088
97815
18663
61703
20929
98562
72753
39694
99165
40157
85368
28723
80759
66599
57791
97478
60281
19439
69040
27585
70329
26763
53903
65073
6558
35064
86827
6782
79131
96591
31281
42392
29977
48480
83099
67680
79156
68654
37958
7184
76348
65319
23137
73096
17051
26846
90721
68694
87574
66502
73905
15809
19597
58029
6919
20722
81116
30066
33394
30304
69156
61125
59855
2839
76932
5402
15259
27299
84096
15050
15491
97407
11012
79398
7095
49332
53506
51672
76989
28592
47351
55512
32673
97541
31660
67559
23690
891
23127
42028
23752
25844
36994
23817
74250
57913
79715
63097
65068
36998
16011
35656
94029
62222
39771
15951
57182
60748
47759
97770
93110
10952
10174
79768
40867
32195
41626
10542
220
44895
88626
3353
3474
26317
37719
21550
55044
36788
74140
22991
84977
11387
17398
75485
52039
19859
65059
8021
82683
62916
58919
99912
31186
59827
88209
11770
63516
73676
1436
7127
30784
95698
45713
62381
45906
27968
24170
9642
31458
25307
52850
62163
99470
60342
57384
46813
23
37089
93729
53036
50673
94671
78893
89542
40979
68771
98802
5139
24303
30615
65141
87412
54940
60488
28440
71996
90702
69569
11549
42959
44039
28546
36456
78422
32967
46124
91586
8988
22463
43596
37914
71593
50212
48194
43718
48408
37982
27662
58503
98518
7680
41046
75178
16058
62578
54229
20107
57500
67241
52419
21877
83123
70041
60925
9540
10190
66881
51025
57419
66062
28612
83881
18096
76159
41272
81617
32117
93778
75895
17030
16627
73976
77395
17854
34847
5629
9543
39086
78862
34494
4520
22843
55765
648
60218
93120
36296
14479
77087
92345
95684
22183
53930
17706
28457
963
28338
34224
27711
45864
70626
81057
68313
17388
28109
4898
49079
42257
23998
44933
45541
22392
56750
64669
62273
86819
50895
71808
39162
68716
98661
51671
9492
22107
37653
74437
6312
74504
55221
20658
68455
43181
83042
44307
88895
20743
4369
58615
84119
85577
39709
85744
73684
7933
82719
52316
68798
15224
23932
81744
26269
83513
1848
64064
63933
35006
32776
74157
60048
84066
57253
56651
6898
7415
58908
23470
33288
33596
50787
54769
95490
44507
52774
26242
78272
18786
75455
64813
43632
91003
72772
33507
30933
35498
17307
72487
57667
70563
10408
49846
37639
4870
67399
34832
10500
23512
9332
37575
89400
70911
94983
51491
27709
96473
74462
91599
39339
69178
43763
78660
83962
49760
36525
20623
63493
80276
50578
93090
53515
56608
45593
38228
70000
17447
47037
97461
56416
52934
11918
40243
12915
90181
32802
83138
60267
47897
3721
11051
22426
9945
96894
50548
87489
31611
19993
8008
48147
69099
31361
13026
60825
98087
32095
55323
85742
24250
85133
39118
13514
42003
56206
21477
83388
43169
42519
39362
12785
21773
15915
57387
39441
52500
28260
946
80296
86656
49037
20608
33762
43778
53901
46302
46032
64878
93117
6080
37255
19890
60443
62926
22631
69076
75223
96912
7129
23976
1322
42294
12786
53803
3943
225
8116
50046
69578
67410
32116
35458
81069
47020
7926
53549
32057
58632
27700
44583
39225
13302
63582
44260
66441
28362
43931
64797
72270
15658
8685
46445
18208
27187
37107
30085
99106
89763
70120
65292
78643
58759
58664
15671
98044
92353
1331
99233
14665
97493
16106
89575
73141
46064
13687
9411
52125
85302
37097
24002
97335
8423
20060
68836
63484
53869
85111
86192
64480
88900
56815
97297
79299
80870
95017
98129
89183
98898
46333
15697
80993
27672
55542
47266
88917
34724
24757
70947
60123
38021
26870
25303
87926
83161
91242
9474
18466
3415
23651
96864
68037
83000
62734
43874
87870
45090
57947
38150
65242
30515
42200
67153
45542
2822
58331
66380
3519
69061
42654
91417
44197
24364
32229
87600
77774
97494
96571
64378
19895
7526
31130
76137
42740
41811
68586
92306
69769
33809
59168
16424
64401
6584
56296
78870
14011
26163
76158
88345
31829
83016
82933
50104
18657
8511
66458
5345
49828
62288
33491
48577
77373
63117
47905
51743
93683
38889
21029
60085
4583
77572
60383
44044
55112
87093
1137
14419
26597
65427
81346
29149
12317
4319
15774
77524
89042
25393
64379
53437
91708
87421
62422
19274
65402
12322
56604
885
77732
41423
45637
13024
79452
44082
44634
9958
63266
70815
45495
7581
37990
87769
50860
80907
6937
43552
5949
67138
61884
85879
51529
85338
46394
24112
24552
59177
6674
89463
54318
92993
10092
41208
82028
86214
23628
20493
64053
76202
63620
13800
85022
56135
35652
69049
25663
54841
86285
95261
66006
64597
53988
82660
4043
51754
30786
18621
35341
8979
62663
69920
20123
10197
96206
21431
37728
80475
4028
38410
18389
79084
62834
57190
97866
35718
43843
68361
74688
58425
56287
80396
26125
66914
80781
44333
50466
98082
84087
62520
19465
7163
1023
51378
41768
91143
55984
33794
45955
61652
98447
95965
11806
98272
30416
28172
76159
12045
98629
82587
66866
48545
2833
66208
838
80924
25947
53702
49813
45943
414
34198
74305
48150
33789
51425
21337
38057
6068
40364
74843
2693
25993
71641
7763
31833
68450
84846
24258
2128
59600
11492
47770
18819
94312
45709
25253
44504
93907
46979
58726
71707
5691
91658
89335
78583
34278
92257
38193
28912
36319
36842
93418
95872
24367
49651
58393
68109
65707
46816
18389
19396
59847
21079
40667
79284
69384
60008
2606
70601
37911
13687
11353
36419
71602
3719
46896
81138
8444
96069
60085
23665
9749
5966
52534
89564
17060
55294
3027
1903
55952
73462
82109
36988
23470
52073
19482
4840
31701
12899
4965
6851
9357
91927
51859
43523
57478
97923
93328
12828
8453
54978
44232
13950
89369
66798
8098
62442
92812
52815
39334
96562
60629
42405
72222
63884
41482
57486
22523
23219
48114
13876
52559
16123
64473
97046
81527
84463
69116
50609
89596
45288
73668
27979
1039
14028
23089
90620
41009
5888
60523
51354
29013
19307
86685
42943
33341
57449
11454
72729
87169
57257
35588
27854
95310
56292
6685
47561
25802
42906
98360
59110
54294
94155
73598
26901
49677
60590
39167
43534
86697
43826
81830
75282
28933
95406
39598
36986
75484
99751
55694
41855
43568
24926
2543
87909
7591
48243
6495
24484
12144
88730
79614
52340
98723
35960
82038
31284
5479
73946
14184
97559
12301
77106
11840
40749
54937
99120
60714
16713
40449
93945
84926
32948
29293
88006
78903
14733
50590
43099
38786
58714
89836
79682
59826
21872
21640
10339
85872
57660
69888
42531
20751
68428
1569
65335
35774
63900
36502
96195
96150
98912
56622
89843
5907
38571
44764
15124
82336
99098
98840
26736
46699
21025
91427
18213
34455
40463
97959
95297
25072
92352
39645
17852
29498
1759
5640
530
62818
77206
7839
6780
55414
63220
15272
94953
60080
83609
96928
73310
26029
5505
67063
90823
73884
89162
66936
19768
80562
64580
23366
67782
34651
95029
18529
18299
41739
24294
68840
67289
64946
57325
37017
21774
85229
28919
37172
67536
6169
69106
18301
32022
9827
42612
33888
57491
90619
84844
47119
97872
25063
60867
40295
2724
32276
14830
81041
92434
9127
74323
32932
11136
93073
46614
91527
88655
34977
91999
24212
95132
64627
54313
39673
17714
38438
69321
18712
56073
88300
69625
93966
48095
89978
98368
1584
26577
93375
28192
20401
7511
33042
78940
71104
95257
16164
20772
43758
14258
35444
82526
37838
51328
91553
60275
70869
44388
39354
16691
18945
82396
98609
12549
98486
97882
25679
15632
64547
21889
88257
21951
66724
15708
20143
30612
33120
98139
59693
29996
9138
26346
34603
18762
27877
76368
98119
93379
53432
25505
71362
81990
67713
46624
50256
82086
96557
69717
84649
37221
57318
90151
55772
49086
75054
25462
66724
57743
16424
81335
30578
88162
13494
97421
83177
96054
4540
32224
46633
43279
88643
32957
71140
18454
53818
38250
17676
77134
33943
62980
19725
63221
41020
14743
38999
78802
77908
70649
13683
63745
3132
98147
57814
70105
38366
61901
42644
54231
60825
65157
63180
46056
33693
70092
70306
82712
92978
41261
54474
82322
49368
14555
88255
59090
62440
14854
59347
2895
78746
17561
83137
7263
19200
76211
72414
71398
44591
46495
92078
34495
89022
62867
23123
76485
93319
22626
34208
94270
79563
4830
88012
11429
55826
27182
46146
20402
18896
48551
67158
36456
9955
51498
51057
1852
28664
53562
17517
43517
95853
59352
92028
11043
80337
31709
69538
19992
79592
58195
40356
1726
89611
45936
64152
9692
74540
78448
67964
17801
44407
25070
98018
74867
29875
84799
1545
25995
66408
72268
63207
42449
73083
59690
12642
61240
34965
86743
42878
55478
65282
3794
91152
11979
97044
5624
85842
60587
81608
64823
34895
69673
79136
84496
56510
96065
688
97326
779
16098
87764
94718
22576
1751
72478
37162
20708
48881
38926
29141
21546
5267
72665
41045
37354
7929
41164
90024
87388
67845
43786
71605
70784
60455
40017
15585
71083
66281
74523
78250
36252
86164
58528
26531
17773
86339
28953
86156
78117
42242
415
85485
8298
8482
23218
40975
48403
16604
90998
46775
67996
74655
81431
99936
76851
70296
25581
42867
60015
11165
58554
16646
57440
34230
76273
76591
129
68840
72273
73475
52074
59679
89390
69008
96738
98040
90033
53107
95378
11048
77269
42550
93685
76332
69619
34186
30827
50351
5624
72029
35789
55793
88305
80823
67291
22650
17609
25591
52976
90459
75913
21093
53079
6620
32894
17204
30807
48232
74649
1366
49994
29938
55823
10587
58475
19234
86561
15464
68430
7551
45078
33488
87849
28187
30883
9970
80560
10550
397
33582
13951
24271
71302
78501
64528
85390
99155
85964
28012
78759
90382
32396
74206
34732
53127
64730
15843
93139
31013
8334
63838
57022
12715
84258
83656
17229
45493
78185
98372
12956
51777
84969
16465
23034
73035
93782
22104
45480
19185
38317
97541
60169
35477
5290
96947
64428
77825
85350
51200
42579
19684
86224
74272
11008
73115
28135
51885
77755
92107
3537
37051
12098
27626
8987
95946
40494
32989
25230
97364
77725
99036
20522
87527
93985
87218
99138
79565
11493
32609
35315
24646
57175
22818
13826
83575
88279
65353
41329
16636
55450
44583
98686
18457
58907
5130
70329
2670
64255
74591
53567
82057
28803
2264
32759
59893
45189
5992
63881
84751
62699
21066
84310
71098
28083
61538
13592
11785
61945
46715
34678
44601
91614
37488
64644
83777
46811
23014
35253
79362
9570
74230
30942
11224
43277
53865
23657
45299
11014
74780
87090
36063
79378
76866
44962
72574
52635
92425
10981
70872
40312
23124
35754
47017
49627
1000
75159
85177
90199
31363
73254
41609
91979
84454
16064
36104
95152
3731
42932
42021
66011
32241
71347
95391
38799
16844
33676
85976
86850
55738
287
39305
38986
28249
9440
58095
70340
11283
24362
33603
42465
89091
19742
24935
6158
57138
78807
19451
43198
4026
17866
94928
72342
59468
94847
81972
35092
1964
45158
43020
11549
10874
69081
80896
18722
23916
300
35535
81870
47190
77619
93636
87919
85484
23345
71168
21982
61278
58264
78775
28621
68098
40737
85687
82700
23856
82601
76642
74007
56774
66119
91196
1056
33580
77830
66112
98164
98258
7747
55758
89261
9589
87525
63423
16660
78560
52339
94041
19504
46031
57558
39421
96495
43311
76301
19422
26704
45826
26279
16684
74379
25662
86305
86766
50782
2293
1915
88623
81396
66927
37721
96623
85844
18099
98643
87194
80868
71973
5817
51381
70071
16617
71975
99092
6714
27045
16705
86121
89911
89957
81931
43224
34500
58680
17896
97958
41996
44344
4909
49711
44023
6631
19872
98518
26232
33973
46322
38391
62995
43325
98455
82072
27433
90063
8574
83967
72481
69577
89169
42397
9013
58846
83659
88264
1430
15928
24816
11142
61
24122
12622
37925
85007
60926
99374
61991
70060
9438
46135
66203
59957
94670
66367
64071
81335
45574
35342
5569
35480
16349
9202
11389
43293
31504
2457
65217
74390
1507
96878
76148
38918
5566
85715
78484
2450
39961
63415
25639
58438
17906
46580
78122
62878
19835
81159
53541
19224
56625
7373
3583
35892
88070
21175
86669
78628
37184
17226
15430
43798
97787
17494
9267
15387
54729
5648
59682
2419
63546
89485
62297
90071
4982
52286
6023
3
12167
85059
65174
17726
64852
22573
40349
20967
200
51733
27250
56798
20914
2034
25501
62508
82085
5146
33511
4303
73279
95673
45393
31718
12646
79303
39137
15638
40462
45065
6391
97175
70872
83302
13503
76830
21205
68868
17791
79271
52968
17854
16335
41118
48233
58245
82344
5515
92709
21393
58325
97944
31811
20577
48230
43711
40546
18294
14308
13589
58429
91817
60415
81358
98705
57604
28098
81963
52533
19172
76840
97127
46312
27625
45768
36313
50697
75479
17292
10918
75519
97900
320
11815
35993
23358
23397
71731
94320
64112
10053
18793
10920
17585
91872
83484
14613
71474
84485
8762
77211
19746
68349
77211
12525
4840
35298
95651
90455
10395
4301
23828
49048
64609
72396
14739
96294
4163
37650
50004
77749
31785
28040
34501
97107
16407
35841
20821
90442
94723
37868
59519
95241
6194
92034
73687
8412
91855
6463
35151
71255
88647
61646
41638
82834
31523
34013
79758
75822
38051
11792
29592
91830
7892
70097
91486
38752
23534
90597
62317
71763
5356
72569
3950
98467
12840
6907
11503
92439
70610
7653
14930
48396
93837
62453
11313
76082
86087
75256
77581
92692
18675
18148
21714
33077
24901
35749
96168
45654
80169
36687
86041
2644
59712
58066
86234
35150
31768
7852
36695
43172
83910
64856
13152
50523
14243
77636
91562
84125
80673
62048
90851
69693
73480
4402
87030
85784
68305
76103
73079
61943
23101
59332
74315
20081
54451
602
40151
76397
8630
40984
16260
15525
22047
12506
32524
20487
58299
78624
89028
79797
31875
80569
54597
52940
4820
72414
86904
90305
25675
73595
47262
36967
50495
32328
15417
36014
27866
68694
15771
75333
73653
87044
21865
67232
26032
84625
50347
33460
9611
41676
21011
60735
11811
44712
66567
94182
2604
12331
11437
87062
17575
61733
4658
58795
65409
9054
24726
68879
49256
48808
48824
57050
45899
14388
77594
10551
92653
71584
17456
99528
3557
75502
21387
40640
69461
20976
23740
3982
50148
99231
22311
69273
54042
19754
23238
44999
24408
42283
76214
68408
82226
56694
27170
86831
34346
12
75179
99600
76010
684
98833
78116
59774
17768
58592
22938
74827
27093
79673
50313
16016
72092
54172
47888
91160
9165
2255
48894
49432
41908
558
2541
37931
97124
47119
18216
16008
7599
4208
57390
74524
66007
66880
42319
34346
91391
40198
40179
93148
70107
77074
11674
42852
42598
63518
37822
62259
66963
27649
70228
30293
12411
9936
53938
47528
28340
85073
86634
59927
95234
82525
9556
50903
18567
85425
7883
29757
7703
69810
41229
34745
41831
19450
26566
2068
91939
70723
76518
41921
75326
17327
15918
3011
79204
42290
47787
97531
7628
42685
66521
26316
31081
85255
86728
17454
69248
91673
91964
39018
16819
54071
13390
31160
15388
65158
79248
63763
89877
33214
29230
51894
2452
20846
81584
20662
76469
46727
38268
11419
76175
89094
4824
97115
7912
39425
19117
88949
19332
7244
71143
84039
88537
43752
15833
72461
53854
46058
32797
67095
21954
93540
24729
48869
72696
33554
99485
51009
74800
4738
42665
65209
25057
43969
89068
98040
14659
2750
83399
68129
22073
65406
87439
86279
2059
63323
84433
89067
1746
43161
49392
51154
8140
9543
97867
7010
89615
61358
92794
32058
4954
43514
15894
65643
65927
8577
4376
84759
72221
89780
90873
64165
19010
27138
51705
29757
39214
85284
47932
7334
72250
64872
5070
91961
7607
10365
77031
45858
37372
20087
8842
54387
17623
52352
43751
74917
33764
37660
76001
20556
42651
31255
27913
62005
92868
51757
62313
11071
82726
96757
60765
35187
99068
6123
28187
65377
18729
98072
78451
69336
87875
34529
78834
1410
43082
23881
21857
20026
77980
73796
20938
69067
55425
51897
72282
22790
62497
7314
37570
94335
52566
27203
85591
39749
18588
88085
30458
77756
65188
46190
29042
37561
744
70175
89237
18297
52281
29194
22502
95838
67348
8109
63032
76615
70611
8463
76208
4331
25215
64486
47080
87730
96419
33795
76144
18544
85852
62427
29007
62783
75437
40082
47048
62328
61712
35718
28696
85997
17798
23445
96251
85478
52463
36173
9998
55158
77364
17294
43567
41593
43073
83069
73184
43212
52817
31560
71403
31881
31554
67217
93696
42270
80968
32473
51225
53641
83037
12586
46622
74866
58006
79712
96036
59973
56497
56597
12177
20234
47562
25769
73819
36547
58284
65611
56878
57697
68388
32134
93868
94211
74834
25354
3694
53133
79001
59061
91337
57217
40470
59006
3660
70684
50285
38846
1414
11567
23486
99420
12132
29529
37335
69492
51000
20605
21763
36355
35445
33893
34944
76337
10103
43027
75214
47483
11103
40224
42915
98203
27324
24787
39516
24759
86661
31231
60142
7716
81667
62521
64091
27988
47052
60085
29279
58915
95690
59132
65290
36377
70234
42604
68104
75357
58896
84972
56700
61079
46519
13450
31692
45408
46134
59028
85557
87625
62702
62415
88446
82244
44609
29591
22411
23474
89165
69779
24456
20874
14869
99604
86789
78627
62368
24554
87521
47646
59930
33955
71007
42131
84473
54401
81686
46359
92635
93175
46788
86055
97611
94144
50914
75443
20450
78459
74866
57354
40842
62855
89524
65789
67581
23479
64761
84563
9548
81107
20399
9705
57371
46603
49307
23939
81642
38199
44581
44756
38191
27024
43021
89894
80831
73861
93947
86598
86091
64667
68372
13807
49479
25253
2729
42481
71878
78203
49353
82590
36321
2618
41206
19185
25718
11352
45941
26747
76813
4866
11455
54091
63318
46676
23541
16377
49390
94420
10032
53424
71649
86507
21398
1974
60713
94817
7849
40665
98644
61972
35417
4439
43428
34741
20218
66218
45167
5951
66864
28014
43495
27668
13830
15312
79892
53494
52575
2422
83613
74207
51107
1989
5510
2398
98907
81650
9652
19535
81464
42697
39403
4981
93966
39571
87224
18838
2590
2600
22891
90355
73712
22705
59003
65570
94495
91000
32846
56683
56783
3950
67344
51483
81754
75833
12704
80360
66535
48024
13963
67010
91836
90293
61008
38034
1962
60486
58050
99282
85575
21087
65580
745
60026
24215
89710
79969
55310
10837
39526
44262
23753
35160
21802
16509
26583
95552
33554
61022
2303
44316
59698
38320
89335
53329
83365
23040
32403
84035
3141
24989
24377
1475
65207
29875
48368
35190
76420
49987
42071
42909
77729
17659
49938
69414
22192
74231
22846
17711
59167
50835
3910
35346
66959
51339
70254
60785
78639
19922
24493
56479
19558
34188
65080
61513
3344
24904
77848
97343
54144
37597
22717
61571
44099
70111
54061
61837
49573
95710
71029
36792
25581
32604
37216
25357
84771
24681
4869
35658
75250
51901
30458
90894
89769
31537
81063
87171
68699
55194
14422
58345
70118
84002
86246
41147
44849
45029
7262
68128
45614
65510
70526
73905
4607
69740
47602
69474
33108
34876
91712
39182
85235
21652
93408
26435
3601
83072
47179
20583
25916
79357
82412
17702
70811
4904
33076
48089
22253
23714
30602
66837
71790
50531
71550
72045
4280
46071
59678
13060
21286
90521
39618
6451
18164
7595
85474
76435
22850
70799
33768
27336
30295
84165
86112
73355
52579
67970
22604
58962
64412
7497
5523
96093
47562
66697
14009
61760
49662
64786
76362
73768
49981
10484
26928
5804
85722
65783
9701
45522
64961
79569
93154
1306
46609
39047
52597
63627
50497
69187
26673
42296
34435
29230
55455
10159
65957
65195
60595
86206
5940
1168
82650
20674
20443
37313
57646
20429
43786
91787
94924
53811
49490
80090
78557
3570
42764
89751
66512
95419
87065
91425
40233
82625
64644
62982
87538
66781
53540
69407
22511
92827
83774
79878
46864
59621
27335
5652
7328
59403
39622
69947
5339
79179
76216
91389
22780
2370
91341
31112
56883
47631
62864
43630
99798
37568
39397
73765
23727
67068
71306
43959
10227
86316
83168
89671
61202
1190
78883
43969
2410
19864
82132
20988
43062
8494
49688
23056
18500
81760
62329
20878
75908
62714
21546
35072
73565
67913
57384
69245
8377
93471
14684
34601
58625
15492
39709
6311
96099
34873
96883
82236
20079
29578
15318
49570
81730
86799
55541
17061
54553
67646
3602
92765
31655
97105
89482
11977
59329
752
49843
58788
88855
51227
67038
5607
48253
19575
42043
36571
12136
83986
11324
60217
74420
58867
33042
24800
93089
11939
79475
30993
6655
87922
16382
4906
29086
92488
42581
45566
39592
67497
29192
77998
21674
73316
37811
97062
29901
44856
66173
35830
98339
85028
85793
7115
88509
60105
29706
11626
88282
10781
63544
90056
33177
37423
51135
40361
46767
89587
62222
98835
60820
74953
91693
73422
84376
61582
37823
16154
79859
66046
68423
14061
39098
64131
72103
21832
16302
13055
59524
66004
17518
89811
37797
98718
41708
87658
96571
26669
21885
28197
2010
79324
82474
47491
68772
18168
33060
60556
70023
42679
44052
81786
40509
50003
72881
5253
59218
59170
23434
12233
62531
17427
69987
89335
89249
17351
27964
72437
23668
38282
91085
75282
92700
54285
88558
57002
32371
87681
45522
98258
93871
25169
43668
98497
59747
24540
77674
80860
69637
16654
97686
43772
2954
29691
30268
26525
38894
51351
1837
1926
73744
56405
84897
53776
78073
33593
1636
22068
81661
33724
28295
10646
19642
20156
36951
68264
50429
47805
17419
23420
1029
9056
65526
38890
37855
67263
69565
89242
23344
72546
85795
97871
16017
89697
47167
84977
52500
82358
4655
76660
133
285
7398
330
27308
56652
58849
578
7631
38185
29623
97755
64373
43533
76686
65929
5
3411
42507
40706
51820
32956
33121
62918
83805
70626
59019
64361
94866
17623
70900
28191
94065
74169
35827
44354
82635
27412
35061
79075
81246
27765
92210
57579
32761
51655
9282
31692
94688
5004
35112
89417
16805
12728
20396
67326
14806
81869
34983
30862
26199
85711
67159
14023
86884
57380
1107
70836
41368
70826
23000
17535
55148
19668
15201
6688
55895
69218
26613
88647
6963
57181
20218
17090
47360
45964
57928
88011
17186
21877
76505
7921
57990
7315
93948
85698
42082
25137
45800
50066
89018
48768
8910
53578
55774
22779
26087
78928
17936
25780
36268
86030
44868
11866
45829
91970
14209
27882
58073
48642
57988
18735
61124
54377
84355
50392
55559
87842
9327
91220
42808
89072
81298
45900
33786
32568
37592
22013
65576
84429
40939
78192
70091
57621
7542
30872
14572
89212
97611
16232
88802
10165
79232
66830
43756
97800
81235
74576
12443
81149
33711
73409
14439
73348
54759
32224
26402
12862
30686
24078
93385
80299
71881
6698
82806
55313
20109
83658
45139
80293
54178
83224
1513
47930
14329
58983
71638
34275
45658
50576
81661
47462
53605
15309
57207
44736
21722
81681
95944
93967
81589
6083
35213
36511
75025
5973
67728
19348
46317
90629
94014
94897
30123
25231
44080
77348
5141
28812
64197
59694
98651
2028
86961
35154
12599
44748
8526
93784
35410
35763
15409
98751
43647
41519
94488
79069
60709
67655
96799
76116
35226
68252
24593
86420
58986
10433
99100
35334
15575
53972
8477
96412
89850
56920
38683
53907
76392
70320
71951
6498
23025
6810
50145
47746
71329
43558
34222
28377
5001
96178
57573
7204
11064
74435
51057
69953
85666
64098
38192
57463
62179
432
13827
71554
33053
52296
81534
60734
12828
12624
17023
89072
87131
44570
75259
83724
35136
85725
9172
11110
51074
12331
81831
46008
95243
51951
66113
94701
95064
8166
19730
78184
61405
96823
71449
92564
61701
66767
21247
62696
27831
77405
84833
16214
76885
56903
5476
41201
54910
25415
33517
5657
88851
59302
20200
45605
8023
6708
8902
59947
81487
25889
88164
79598
6441
15226
36742
36037
31673
57251
35458
74372
48125
59629
88313
71913
11202
44693
30208
33510
4705
86553
17085
8230
49089
45495
93934
74173
67744
2308
16770
96272
71724
42406
45707
92222
62603
34863
16491
53930
60346
21622
65355
95814
25267
9588
32715
82973
37191
90903
61075
97373
3339
26854
20744
83488
55600
55250
9051
96150
86058
85685
84507
39376
59954
17803
94795
80779
75943
73865
80749
93046
27439
98302
22366
27010
71995
60740
16347
94054
56872
47491
84641
9772
23682
33411
76563
1244
28387
98219
94804
84706
78969
65499
89204
87390
25254
86914
71143
14696
84065
75005
59441
79070
66841
44589
93854
84588
50714
86900
49614
17239
74696
92811
45837
9478
7752
37475
81857
24973
46814
42998
40988
69015
70097
21609
73522
99855
60939
11617
60164
89035
89213
24926
51067
68598
95
68280
47504
91513
61588
4789
19719
8645
9580
86885
32829
58175
82307
2842
37878
71944
8967
22119
41337
9064
97174
16371
45528
98423
24870
99994
73158
32008
15327
74497
97901
94642
9923
66964
65528
32539
84653
5949
44747
1316
66103
80803
47283
73547
80245
86269
98871
5025
69279
37649
3053
59977
59821
67822
69642
58281
28634
65026
90513
44689
47499
65625
4109
63781
10121
9907
64986
51848
52361
84960
53277
83399
99149
22106
39603
51007
78852
89727
45639
30700
92492
72746
95133
12943
52312
46701
88620
99418
524
39469
15625
78267
4453
86234
7774
17860
790
23850
44153
65491
94381
76881
86080
30723
55956
50782
62275
91981
43859
80917
71370
47004
63858
36516
97421
89164
72220
66181
24067
5086
40224
12015
57457
92539
24241
66297
43012
76258
54509
21388
16890
65072
45531
62084
27131
70187
13485
40291
91941
51659
24933
9394
10213
28486
52148
47541
21153
14198
12158
26249
55153
5512
57977
32220
29487
86532
19443
89449
90596
26356
73395
4335
56705
54483
9624
27469
69263
61076
89439
76381
65822
80716
73344
38122
74330
95677
96215
50703
77404
10720
98464
19981
92221
21517
58299
9672
59045
43082
76400
76479
18657
47406
24268
18470
59634
43281
19145
13314
94690
27314
34123
68352
88754
99076
41863
5234
86543
23478
7870
41863
6340
69790
25575
96358
97768
73377
78151
76567
45537
9482
13326
77311
29763
95643
74468
36945
40412
1776
14612
8407
89401
30552
61631
36325
98247
10622
17565
70504
79333
85742
5713
15995
44324
37336
48487
49496
84183
32173
4972
20907
8413
24806
58506
85250
78473
67429
81855
75713
71882
42771
53593
64435
79996
6216
84688
32410
28522
42376
25344
20103
4093
58027
79713
32805
33638
40469
7428
19920
48452
93956
30733
2531
61939
71689
74920
68367
79505
557
34665
92743
64174
52276
72132
16024
93775
4031
64549
84439
27327
98315
43118
10066
6323
21751
14859
98152
26680
12164
32498
96148
58748
73877
72476
51972
54325
56373
88251
8585
83058
6615
93784
60135
35260
81337
60746
76940
19048
15906
5588
94942
83388
66922
21019
236
79163
29177
95234
54630
1743
7111
70693
83529
68626
12835
8207
93458
22393
39727
75416
61076
49502
72008
84510
24197
51368
73668
11262
1042
56473
89940
9871
18259
94868
2441
27676
1178
1704
66931
21692
356
17566
76900
63536
33106
95355
70483
55640
85553
10738
99100
75826
63445
96042
43876
78224
8581
25926
84347
53236
9423
1303
69434
22411
18684
10491
92748
32516
47934
59151
84169
87020
45574
62809
36029
37511
69299
6123
84264
32300
86980
97620
57790
99997
98831
71433
19598
71042
65482
66027
1568
95809
5030
94485
70936
3516
81307
80997
71415
36200
51454
98436
64416
31589
90128
76788
93112
29342
74096
47797
34631
79039
58641
32915
45979
77326
83686
592
18187
11976
9177
61066
47897
8025
96475
90120
94097
44278
71477
79110
42830
29371
60062
71803
62780
8732
68645
50595
10456
92970
40654
76526
84051
64901
54330
99140
27381
86744
7582
22675
53375
95382
95734
20790
57545
17166
94866
8132
54217
87149
94126
78899
49621
19665
80352
79367
17664
79654
14699
44762
94240
88543
79632
94409
56785
17042
47652
2777
90066
73712
34172
13509
86700
72095
39780
35397
45715
80150
5360
66812
44709
62613
23722
69054
87728
36095
24490
17884
64336
32533
31044
70958
51446
75120
80474
6139
37732
37658
35058
5032
90420
51977
52291
37979
51481
21081
71785
72458
68445
58469
22552
53413
93321
10818
13964
11101
96483
85336
18815
61200
88402
69534
24116
94002
20765
97969
43665
64472
15825
11376
87658
15588
73857
73431
37271
3113
56776
74359
36167
10362
98410
95118
85998
9203
44504
52008
12698
13283
47282
83505
20611
46901
97479
30581
62849
77785
90392
46871
47800
68372
46491
65066
79150
9441
83260
84623
15229
88290
43997
20684
97219
57639
1917
15205
76054
48793
84599
78394
71030
16676
39969
90781
96187
45599
67381
1390
69037
2457
8045
10901
54931
84578
73127
83515
99011
39443
29704
84069
68375
30875
41757
60621
47489
43399
15516
93951
2549
79468
98825
41998
10501
29684
97813
58000
92650
85475
37312
45693
97437
25510
41375
36927
87206
89143
2233
97654
56268
57454
63499
97035
77899
66951
71468
42255
96932
11884
60266
15663
31886
22080
14483
47574
51754
42056
53840
37727
32628
43093
32395
34293
82005
30482
65202
48106
56246
46854
72148
94064
1231
11079
25736
38551
40573
63964
69421
95460
44402
18956
37387
16458
74277
79112
47032
76103
46539
54578
68471
60126
42942
22185
635
16556
39161
37810
31850
88105
61926
10629
6268
44189
88750
85488
52995
75645
6576
10348
26916
48705
78957
81754
26979
99715
78591
59033
30493
64309
9578
19112
22158
56959
16907
16946
9908
72373
717
34107
37483
54257
47674
29861
94454
60498
77678
18943
93375
59568
9287
91403
61334
62650
99993
1355
2710
71758
34495
93095
67077
60021
84588
14429
55674
64856
79775
28709
93976
39267
89364
49120
51417
91029
88695
5789
58918
83041
86323
14343
41090
91844
77929
60527
56199
26147
48956
34833
16872
48384
63977
26661
30325
71928
59220
30501
54589
45885
89694
32534
7598
3627
91123
181
59672
41609
5887
59583
15599
45791
33153
8124
623
43950
15127
43849
66778
19983
41625
42209
83165
47020
60418
37576
50993
27893
68872
70356
10332
69153
3437
952
97944
67074
3054
84334
38796
88738
27160
14752
52726
58911
37275
98707
20394
10817
4503
9424
9140
79508
81171
13616
80793
69863
25836
78116
58332
89279
9162
80510
94620
60664
65071
8448
1466
93306
10632
70655
76633
90132
76326
4851
2974
32439
84038
21598
37751
17969
97644
84278
280
21221
4495
7825
23584
52516
75821
27628
85882
65034
26591
13432
45055
95959
26696
7553
89785
13736
56743
74844
39715
19505
74795
1165
20236
19674
52294
94739
95354
93299
18522
36016
63467
51893
58385
87352
32182
5495
11817
17813
85488
8842
32331
2228
27627
79249
21052
24049
42905
80896
74925
50362
54894
83951
87213
78274
97155
34683
72191
46980
81463
30843
94470
4178
84656
10842
76252
28441
71263
4885
22722
35987
20290
17906
41362
67368
79554
48987
69968
54593
69565
78742
97887
78188
70302
14210
98128
15941
19976
38576
62868
455
29042
64475
90131
94255
68716
60134
17398
80456
42655
90321
55742
985
31347
16695
40407
35623
94442
68040
28327
14280
54921
82621
12033
73126
63255
16829
81654
59019
16990
99883
98795
83247
6063
51850
15141
56060
95778
89710
8737
83802
56058
81312
53024
84348
87015
73134
93791
9285
38725
91244
92805
24984
57250
8843
3606
21436
47613
79092
18533
60840
75114
74658
74246
99728
26258
21081
53025
90156
44695
88678
47170
84417
59445
49941
53773
69551
53123
34345
12686
27479
59481
35804
84495
49862
97388
46611
20035
85954
57013
21372
89824
68271
84655
27975
29130
94719
5791
22014
14761
73236
31086
49762
20764
43283
77874
60964
94855
74759
62251
60253
94984
14223
7177
76235
10760
86885
62602
97800
71949
93484
29441
18600
1643
8501
1266
55023
22010
77198
71194
11308
46275
11560
67212
36150
8821
7907
44694
86530
47956
95384
40290
62270
95857
355
49784
60397
50036
41227
37793
13568
64853
71439
34982
34573
2891
99246
87031
14670
17308
3251
98759
58456
42355
11452
47125
83382
84399
27877
28582
53698
35096
10166
11981
21600
36236
50437
52780
17367
68696
40329
3956
73389
6082
48509
37609
27262
84963
