8488
72616
85823
38779
91403
42130
37507
33967
24372
5545
83920
9719
81437
71142
62361
57325
76712
92716
94633
2585
47921
79706
44341
94326
47788
86400
32
58005
23776
78926
90858
90140
25055
40327
65046
91174
20481
36436
29815
30318
29884
75381
75254
55878
16706
85235
7683
21249
86487
44689
33397
71569
87758
26913
29919
27178
61247
22099
70770
61574
59654
66407
76745
5186
79483
24836
83893
4837
87594
76961
76837
8512
76495
38080
30769
68817
71600
65051
7011
91522
15862
15606
89379
39598
6568
67988
51486
3556
57126
68838
15314
49796
71296
30
23129
45542
65681
29857
1551
7802
91963
52955
6721
76105
36960
86445
60916
19387
890
32129
3663
25874
53560
1406
46471
49524
51029
55287
45637
81926
53014
33565
83733
79699
9312
34069
21646
70412
68180
91461
57849
94025
6057
34855
38016
28205
5892
67968
47700
8872
16085
15274
23834
5207
1169
93965
62132
51174
8200
72301
66600
43701
47043
27453
239
64216
13756
55409
8860
11000
67865
91473
24262
82295
89574
12105
40628
76849
53518
26173
46597
25565
16694
57146
64249
93203
55414
31880
11871
42600
65684
46812
86875
15701
12927
9513
25523
1462
96550
15894
95127
62638
23347
79211
55627
91623
5767
741
2483
63639
6578
51145
70234
67742
82863
22293
68446
29132
29434
16018
27355
93056
45039
55654
27314
70058
49664
97734
18934
23090
25395
87976
10868
79122
29558
98070
53564
32798
47328
93374
63824
55332
58565
52135
40936
1902
25941
19519
75039
91877
46097
44239
95133
93295
48363
8208
71042
56601
42170
22262
44204
3535
96247
71018
37861
11080
86583
2198
32493
83712
82853
99066
8159
75517
27226
92187
8674
7538
65820
78523
38254
66337
23152
81956
32633
22203
14622
5149
41406
98212
27520
9631
56776
21042
29286
75617
92544
17620
96649
43440
11825
15440
49353
7355
2612
37476
37638
42954
54237
57165
31608
8174
36801
32006
10283
66323
75714
18728
91034
46995
16601
98544
55782
92676
69279
28639
51572
54801
41496
34587
18529
50247
28989
49266
28866
22054
80452
58430
5372
34231
23213
64644
76508
23516
5963
84727
70837
46274
8910
75802
59476
14132
71849
32834
38209
53386
31301
95129
52244
80542
56353
99743
35634
60511
78628
68235
20163
24862
71137
64272
26992
74630
98022
52410
95902
19817
25313
47928
29922
90773
58158
54035
30784
78405
58241
81884
24612
5907
52717
72389
42652
52684
64432
5637
46928
77180
70747
39519
31039
6857
37953
88252
54295
17915
82523
21588
75985
53720
9525
84332
36358
81966
91641
50106
12306
40906
45622
83748
84452
14373
75916
30790
3486
83998
6071
3730
89776
79683
67862
93201
31115
93321
34231
60168
26821
98587
6432
73718
65736
67662
42236
64441
89110
92915
19585
19505
72286
48486
98362
28572
51700
99940
26166
57408
6032
52249
71340
21736
69
92727
71912
28229
74268
56579
79735
25974
37164
29481
62443
17123
8376
54095
27467
33602
59334
66567
63803
19388
30328
1886
33411
3850
53288
64402
41694
4121
20420
77441
43457
66828
57124
39836
24774
58433
48868
54874
41173
54124
70914
56041
10318
10431
83574
99455
437
86795
15273
32143
29978
40384
62931
13655
45828
15536
88757
6805
32857
47538
94223
51610
56172
58403
96672
76279
25828
67462
81304
59252
98277
57868
30331
50592
64638
90735
56308
82402
8782
92952
71699
53581
33331
7552
64037
19315
14704
12404
7950
87440
71963
98833
72774
90023
21376
61167
41325
86603
61237
22043
34604
88243
97660
87932
49002
83408
462
20662
36487
859
49386
76045
76793
13511
41498
21249
91712
74806
60222
49784
72616
66600
77591
45530
20635
22350
23506
82390
21152
77916
1230
61441
91156
32444
10476
22910
39299
15551
89811
36441
16291
40751
42909
11118
39918
84001
3490
48903
49722
39878
32031
91138
17942
61792
96866
39409
84803
19697
33236
38650
4172
41550
27331
92415
99716
3251
25035
97336
16347
68497
27137
51356
27068
69762
18652
62623
98726
79997
99648
91285
57125
80453
32424
83605
30700
59580
98575
32728
93650
10676
87964
15681
55334
23046
91111
13207
22863
53244
45100
94765
69253
52008
30891
72770
14214
38200
13210
4996
74326
99553
24840
50640
3702
7896
83406
34900
60031
29536
15188
47990
79355
86173
24284
99597
89057
27815
88431
59373
14155
89914
39491
94880
92501
46794
70566
11024
62421
10548
85130
65409
51313
97680
41709
4123
73281
19011
52451
33381
61186
78352
93826
8589
70676
7598
44554
3108
46481
4309
32495
25830
46667
91858
81028
34679
50144
14586
37126
1897
87964
67644
74178
99706
11276
28750
54596
46394
73018
25769
32861
36747
90154
69585
81680
4897
41904
54796
4633
44873
51819
28277
5914
98149
36642
3848
53124
25557
80026
32189
542
49874
83249
3058
25653
77939
58458
75360
82433
90355
12341
98352
50095
51082
96650
36390
34832
37591
83106
42843
79101
54655
11650
62633
31717
39951
38661
67072
27477
15294
32693
118
83683
74286
93798
61178
97688
99313
98895
25609
37847
33255
55142
1690
93773
64070
18934
74356
63415
12755
57376
80383
20619
2700
7787
3960
21476
7784
64841
59070
45901
75126
52232
6025
70473
39778
80209
69498
58749
14838
77120
6029
37947
99197
19745
94380
53644
1250
75107
12861
32888
48824
15836
29564
78517
53011
82137
37315
26026
91283
77440
39909
4063
64416
20708
70266
44867
38705
98084
59764
8377
17767
86465
62929
55905
65238
72249
19209
34046
20100
25413
31943
1641
82474
97771
89269
26001
73560
18913
44976
46956
40564
23743
4282
73951
67586
48319
89646
51526
61632
95636
1582
20833
5256
14916
30200
2332
43769
98468
90647
88697
76207
12782
72150
80123
6478
6753
49135
83057
37694
66006
37954
83390
75504
91514
9025
44609
30655
92557
63304
69062
97746
92789
24874
6312
26046
19295
31078
98401
84968
34644
92184
83023
10919
90740
44620
60901
88264
51762
64974
27851
15179
70060
77917
6835
47659
41317
55613
67002
31675
21184
6092
70390
45388
49019
54796
68034
46539
16742
17311
13347
33639
31486
1457
95062
12976
15083
48623
72121
18555
35378
72277
73011
5378
34360
20005
71328
47592
77652
46196
53628
52666
91662
54782
79307
99665
94458
68218
91363
6676
69932
22152
89943
57083
38615
92518
76610
81486
70086
20130
14476
11788
37781
4778
64987
11015
94189
95103
18936
34028
27770
32968
78493
21920
54251
63651
83353
82886
47846
97238
94208
8670
91493
87236
21777
94631
58801
35067
34693
83013
76729
24329
74417
65534
96879
51087
60888
33950
25695
98542
433
59354
42957
51774
84656
50257
89802
11134
90067
86671
66931
3333
94987
60939
23910
19639
51205
25392
88033
32467
75188
40825
35449
46473
69917
57238
38963
65449
13919
64363
41411
67318
29693
64119
60319
85530
57545
28849
20287
59379
23182
24175
69364
14891
39994
9633
40514
19045
31686
94138
41723
27795
66756
52846
67257
73829
88836
99959
48887
32924
87235
59250
55757
31036
84080
2470
48678
62816
38556
869
70367
77703
64094
10346
82271
19020
48320
19682
36429
91699
105
4456
84979
97727
32327
58121
5741
59617
45369
35430
78190
92459
25463
26903
64239
49475
53023
22124
36980
755
57245
25519
21822
35293
31382
99461
98790
51339
69009
30868
75196
45156
9697
35454
47133
63515
79155
64684
54730
14530
25329
35174
43691
76028
70993
90014
98303
74831
38238
87852
57630
34008
16385
5204
64302
88633
72907
5412
97886
21805
2945
10585
76291
22652
40260
43970
58572
6154
54523
27836
96836
60106
85984
71644
60259
58481
37925
65451
8337
2469
80129
61387
70457
71699
32090
66712
8133
91007
79600
75498
18300
87574
53316
50807
21845
1920
52611
73973
53590
33234
7316
20637
365
11583
61081
84843
522
56175
14437
10082
20440
77159
70427
61324
38071
5864
59518
23775
93431
13076
44538
81564
44818
65674
59054
59857
24390
48083
53045
31357
81069
66325
28080
40339
44411
71653
67601
80600
70516
52665
6470
15975
25128
55131
76545
6484
81869
49722
55392
44590
43030
99995
11005
99229
36117
23533
56852
32970
95562
185
87564
4286
95655
96408
56580
56099
24066
70046
21468
93511
79573
40469
93469
35166
86966
56197
17574
93991
36590
9230
27988
33415
80921
41496
82189
69874
63033
56482
93449
34024
75830
93559
93277
28795
89462
43486
87973
58031
44885
83216
69453
48827
93441
73541
23549
92172
37077
86151
1055
26216
87408
51752
56654
98895
59889
62160
52573
48830
19218
16078
62721
70510
81534
83119
30523
34553
58991
65997
95526
33084
24520
63359
97337
19832
12460
1230
38970
22291
37530
34791
27744
88795
56518
91660
15139
21995
52788
6405
70146
7398
29651
37973
96816
50751
80244
18855
23099
84923
41510
27239
35611
58607
87376
82125
19668
53347
69450
12948
41032
32248
75768
76904
9980
44805
52131
22110
48101
77949
73142
61918
49231
84589
78706
53307
82090
97889
67087
22243
95569
48134
68399
77009
36536
4490
68320
50976
65905
39776
50767
49850
68923
2975
83747
63343
23464
78122
5341
31041
67786
70411
57482
59548
1561
9048
37954
3427
27203
62455
2080
98501
84081
13694
28222
55663
49521
36659
20109
5275
60741
338
4366
90758
48808
14733
87120
35198
36152
56717
98310
30650
71173
90679
26084
29893
83380
7178
95286
83410
72368
77253
64797
49779
95214
19781
41095
80676
21883
14668
19178
15970
35396
88029
54685
57914
93345
16260
77234
77116
74336
90419
14932
52845
26346
70886
90969
1756
58899
10376
16484
92684
19939
25295
86394
40528
21980
96962
75486
57526
12232
88763
22315
46778
2273
36583
18990
78747
4156
79785
29534
73578
33139
12383
51993
76414
62989
11325
91356
8229
83564
52246
95518
63509
71570
51929
51785
80161
24209
2743
31031
71175
95182
23746
3461
57189
73169
72209
34326
16524
22828
18305
81255
93645
36773
20438
81738
69232
84930
69023
92737
34660
99888
46679
66233
27377
35760
22727
26369
8840
49727
7048
10949
18236
93600
40551
96107
50986
28264
79010
33097
60787
19461
5070
53633
23946
12396
58491
27771
78537
46558
87759
78813
88702
54998
72271
70057
46691
41969
90973
85587
84203
18043
35834
93182
54328
96594
50028
28402
68682
8537
70555
29243
15602
64347
89942
15169
97412
99258
6867
26944
21771
91539
56627
94468
16022
63440
4899
54274
98832
27018
29151
21877
51086
81304
14673
42068
14817
39640
6327
14797
11019
26265
51619
22240
49486
68003
83355
74938
90400
82147
81889
33517
38075
20823
22605
77832
85264
93587
72983
8088
90908
11693
19089
68923
17843
45867
88720
35100
34393
74215
50603
7696
39088
19067
37019
75212
94091
38927
53507
33313
60832
65789
93450
29429
27772
925
20995
59743
85969
46482
11854
11007
96075
94928
57047
21528
60960
3848
22523
48458
89093
44849
74315
22000
38205
34613
7786
12755
53612
77013
74801
62729
23914
55290
75345
44142
1556
25401
56088
88765
30332
9218
87980
55499
53248
43846
50165
21856
5432
59874
29048
55731
71753
55692
23805
54240
91127
42520
9970
58281
95671
1032
56808
27623
19810
59310
79259
27755
32133
12831
65104
89013
31445
18999
9718
80079
2848
81250
27855
23048
82495
51470
13128
34473
73544
99211
91748
54485
67840
13403
39831
43905
36558
77180
59086
19949
49706
82927
21388
991
50164
90692
70734
41659
56449
32548
38736
76673
6063
70875
77257
6627
44890
13696
7665
38784
13416
52386
64356
63906
88223
4976
6270
39729
93494
48997
48133
99282
54792
28751
41767
60351
28197
68570
45880
1124
3330
75390
37021
92051
81905
49122
11879
57157
30540
70123
7895
79726
8203
4229
57344
17692
70453
17196
77739
39307
76531
70231
45875
48487
65503
53154
1776
92832
72411
60791
1585
2243
18047
10937
51042
19899
58602
3628
80654
57987
96345
69956
67581
84326
41590
69032
7646
33749
15816
5410
6401
51941
69480
69895
51099
84930
57203
28862
27052
43924
18715
49326
70813
49293
55417
7688
78658
5195
97501
83854
8288
95184
2278
49598
91400
49852
90093
27168
17409
32164
83035
75112
56900
45489
81306
20263
36065
52663
78025
15477
72223
29776
91370
16243
31776
65173
29397
42592
7778
53688
29423
91194
10626
82561
30998
93199
21948
9379
62355
69855
75757
87610
97106
5775
57657
32484
33709
89901
65128
21081
17732
1787
96460
37224
43945
78074
78046
73391
21592
16981
37766
20982
43396
82886
92248
76649
41421
46569
75771
23441
48301
24315
96358
18189
62129
54414
42308
41362
41189
63148
39478
97276
61320
56005
79095
33392
31999
40664
26331
52784
46437
96090
72592
41305
93504
22725
35431
31005
94287
66560
53900
70392
47007
95463
14512
68849
30653
4567
48264
94511
9062
79224
82126
12149
20122
47783
11461
12220
51727
27007
40219
94219
94753
75620
45799
34005
21639
63819
53105
56816
89665
74761
19633
59085
53485
55287
36527
409
5945
80543
87178
55087
36531
5094
61588
69271
14941
45461
45146
85151
57500
36261
55106
15573
46543
69990
51789
51614
31068
10861
33180
55542
29286
26520
85422
91204
60667
68895
81319
89529
17130
36025
21581
84421
59729
93352
94188
2103
2101
66850
36601
76047
107
95869
4628
40321
13107
47766
41638
71048
28740
96189
83338
92452
92706
69825
48776
15089
32876
80820
5116
66982
81970
62650
15318
64423
30628
8468
30330
43015
49638
7139
42503
42014
74688
28507
99221
5475
50289
70534
8887
59078
14627
35377
65312
40301
83577
86807
53603
9096
80037
39880
54866
34163
20503
36470
73800
46920
35920
36156
21282
67966
25589
53035
82535
65762
36542
26611
37001
98544
48206
95306
56196
33774
27229
51324
9507
65797
77168
55919
67874
74685
54314
67953
88397
50612
9148
2624
72520
37179
2713
97590
22760
18382
87364
39440
69278
8461
81354
59961
34068
3707
61292
96727
51984
96434
99637
53970
92054
51617
70698
82268
37673
93636
12895
65410
84914
83422
85670
48845
93625
88022
42306
26613
24304
33291
79450
77891
85392
81300
75049
39906
54426
921
47538
71041
67935
12328
6352
59591
88444
44853
82091
32276
22973
74865
84968
96943
76963
11301
76376
46097
83456
91627
49968
70029
84638
76905
19608
25659
66271
46731
29821
18528
93920
33981
62497
8924
90135
94626
4306
16655
89595
75603
88024
50952
26146
69143
41320
61228
23685
74171
76054
83712
1792
16527
24551
52787
25526
70781
56932
93898
7986
20167
98986
75273
43656
84347
82623
50075
94713
69845
46399
34783
12725
65521
43092
34447
20443
71532
49892
8269
34460
59191
99204
67885
26654
27830
44107
95161
66204
78043
2049
47397
68107
86905
65174
89456
11223
64872
14191
39379
78891
62837
74778
54857
72784
26627
3683
19803
69325
91714
83008
91527
35725
83242
33063
98316
81630
99796
12287
31317
30773
55701
243
25151
75470
17624
32867
2121
35857
17399
82485
32119
91121
97878
35689
5891
66927
82780
16618
95393
14939
28398
63391
429
6426
62794
80162
28339
18755
46237
9800
98106
98051
8098
36479
3470
94464
64503
30646
76360
43163
32157
57525
19004
51214
19308
55822
53984
19541
77648
47083
61268
4618
62565
41735
94962
54760
45642
53625
64820
27697
43269
33002
19580
57099
77619
70760
79907
36613
8746
34131
85346
15799
1837
90868
47414
49447
42731
76718
17908
89384
78292
87692
63017
53821
5721
98586
18764
98140
30015
74576
20739
96717
37184
55785
51055
54257
83710
72690
16085
59392
88740
47677
44105
16299
83003
23541
29753
88480
94950
65132
31507
53611
59579
88593
4468
83577
46879
61437
83470
49848
12860
26060
74837
50875
59137
27657
82407
64090
2935
68129
50390
92213
59483
41370
38195
40313
92188
6941
33560
20603
819
30510
19889
88514
4346
86940
88616
23297
74667
60596
46029
92578
58198
58128
286
9310
59550
27821
17273
904
26256
34106
22395
37065
36417
30412
47059
94950
7428
9326
56840
76863
24228
22198
4195
27153
33444
6483
33627
73626
96273
34850
42811
9596
12896
49440
82194
36123
51209
6394
13367
88768
93856
7712
14327
61728
19596
7928
78749
3767
71781
67982
17852
91502
56015
46345
42172
79099
65997
23801
35294
51016
82468
45101
14798
35500
89678
1793
6020
26677
2904
81620
64119
19271
39864
26903
6143
98461
65774
5698
99333
69550
71477
12513
48361
85580
90598
48075
24367
10726
64266
55603
6472
59630
42170
99415
89560
64596
66741
93046
83881
54800
9053
56927
76012
36959
80046
16100
45767
39045
79196
73709
91903
98353
63208
99209
34051
96862
82238
29695
9906
5845
4942
43491
24587
10384
23078
55237
23503
95226
3656
30275
68117
88114
58925
61278
18058
28878
94934
40170
16578
49755
81130
20350
10272
48611
92401
204
92989
16040
73675
1483
52473
85004
18702
94383
45435
18259
92795
69498
97126
31712
57532
75788
70043
47900
18332
74774
1573
41782
52130
66733
23845
49988
63500
24249
60378
23271
29828
20045
97484
54765
37089
99313
11158
72431
41725
20283
70350
97691
11438
85628
90674
73196
80868
73366
560
20757
25374
30379
84913
1565
29737
98737
72740
27171
6806
86626
78275
5251
64598
67056
37764
3665
54740
4054
87998
88930
15344
46281
97878
48811
68372
25069
43621
76449
37908
32900
46759
63839
96775
13473
37443
13189
91516
82651
1778
82621
14843
6237
84878
34010
46298
86714
96345
87577
10040
78750
1318
74185
1433
21695
65319
12839
28671
79218
12789
38274
2689
47962
19446
12830
52043
24956
46702
44596
61297
52334
24196
79094
95473
96717
37295
10991
72836
96974
42206
43465
5729
52844
16577
36905
27695
48480
18167
85620
74532
3983
30644
949
40990
53533
76911
16215
62685
89343
35750
40172
5724
81230
24750
37520
11018
91928
24218
11592
89065
89392
24967
48388
88707
78917
63971
83428
46787
27248
58712
10998
56407
36776
60344
46429
57632
67600
61126
23213
53843
93711
40063
71027
26928
88480
80803
68146
40124
10048
90596
91400
80157
12068
52394
33679
1969
34573
80832
90527
94539
57044
69726
21648
10156
28704
54740
46302
62266
56567
46672
79781
61791
89872
94605
29292
83681
86054
22488
16254
23705
54729
6367
19091
48723
20271
51545
67405
30625
47784
73484
91262
45659
50831
84607
74215
61911
66492
59292
82267
33217
68182
22209
12867
80343
41862
94916
59226
69636
96167
82561
27832
26135
60537
99073
67116
81023
76180
47848
57635
20293
98202
87547
35845
32038
88389
48941
97310
17195
25952
2597
22362
30631
70034
29965
90026
28525
87604
88505
83299
5580
27940
70865
95237
11336
91794
94045
63641
31509
79832
91341
20212
7826
94758
14050
2041
78688
84923
95836
37594
6942
84368
30817
4190
46051
90158
39655
30814
88918
13184
38366
97770
39725
20579
20253
22793
85057
67481
73191
18621
47402
52957
6490
71109
42652
94641
3988
62332
84030
80724
12673
80350
97635
95247
80678
70123
30214
30510
13124
97316
20103
73996
84105
97843
7292
16871
40760
23335
68406
90482
53939
11132
44306
84841
99875
65049
2199
98559
51397
49683
66867
30196
52432
4623
60237
21986
96358
27749
59174
80663
54359
1856
37874
26621
40589
3138
20140
84948
96184
65508
37563
35585
37718
1786
7391
32959
44285
58709
30647
21972
37705
65602
43251
60991
42109
63793
19601
68493
50359
64176
62295
38955
1173
75605
54220
62294
28798
81914
46514
1198
36079
88483
94755
27369
96834
55451
21608
100
87964
36540
73648
89780
8116
17614
35443
32506
30043
47879
46308
52372
75564
79920
37612
66577
65778
72616
68712
14621
27856
57377
4481
36154
37585
16488
89060
40367
63597
54467
65822
858
22036
12115
85430
43458
92922
84569
27111
31784
81279
54933
10744
5883
1274
84201
45433
50986
67969
67452
34012
99700
91960
96378
94542
97755
33491
22521
52113
74647
39594
42294
35991
39207
40376
8446
15517
35171
79088
11369
50625
3373
99261
96992
32450
4997
67731
38751
23891
65788
20983
90134
41083
36160
70248
82089
80524
93941
82825
26455
98109
2725
58157
37528
10247
38959
57661
62880
65944
21755
59464
78688
6136
63757
24488
96876
38870
60824
60973
77494
66381
58185
87944
34553
43928
77476
28054
65298
93295
90989
62279
25993
58846
91901
68874
80237
15968
70836
54455
78269
80925
25549
81336
22244
92605
49741
10453
34012
53960
35349
40634
96754
68123
34776
27463
89738
38633
56902
52853
52505
31820
69158
34752
62001
46566
99810
6101
65018
85945
83388
27641
16954
56062
62399
74483
41527
72518
22480
78423
50292
47147
54147
59152
3096
38386
3850
42538
28236
65568
32104
27001
72642
70678
74084
69545
98451
21034
57977
63171
22721
49219
94026
86136
55483
29073
71091
76685
25375
15846
1690
80323
4953
59317
96229
70146
44266
28998
70757
51298
15460
80371
36751
70710
29649
13986
71148
23317
22292
66174
48710
34246
5255
45620
36739
19239
31203
41000
91726
22394
17950
43090
20912
76941
5839
92921
95326
62789
19789
95817
36940
95654
79925
17268
51935
864
50026
24963
22624
90937
88727
3638
86349
63764
37296
7680
18985
61212
20663
44344
47412
30735
99674
14877
373
85865
6041
42634
16435
19947
21829
78386
35683
53544
82436
35640
68188
76428
99890
65421
53350
17097
22913
1478
40913
27040
85537
33530
674
57416
22458
83573
5704
71134
26806
86044
4429
50410
75036
8382
31208
65833
6647
92402
22479
90972
98997
60819
16393
26989
47947
80085
24706
8633
65174
1506
82456
20350
29436
59894
35154
30466
22833
22547
63504
11933
18677
59106
18493
25445
38971
97959
64833
57556
96325
60511
211
48472
39147
8121
21996
16950
14330
39886
60630
93148
54393
76350
35108
65826
84102
42408
79451
15228
83967
75142
7918
30271
87229
49379
43239
65965
60859
30266
10945
31583
58260
37676
19091
69230
21418
64638
28103
43805
47107
62796
16552
45639
42350
52366
51833
23937
37252
70630
17475
57355
13129
33730
18823
23192
95953
16788
22769
3639
37087
93547
18029
75870
87881
40270
7635
12594
71639
76277
94718
72054
86538
60932
16699
8589
58810
49669
49821
55373
76664
23073
87053
98914
21810
53690
16574
94492
81269
11208
44767
71383
88556
69646
58313
75141
47110
87992
63928
40058
12950
54196
12151
66611
89716
65194
68916
32899
60385
67897
81042
41468
95239
38703
34397
78486
16671
15652
29401
42784
83180
15316
36243
52384
97061
33399
19097
32776
38769
67743
10629
86616
74890
4717
61620
98345
92003
78065
13270
94045
28262
7324
14398
52129
53846
32227
25240
83771
78579
62003
77018
10838
72956
35563
2355
9863
38191
32506
78465
63964
42380
90198
26623
24736
96088
15126
88154
27085
98044
14637
64517
12718
84301
86659
71267
23248
89063
71122
63265
2309
91699
43834
90278
50612
24680
23361
24322
90336
45005
91595
85188
81811
31197
2929
77000
9927
13315
40929
67853
95122
73092
62994
39301
50699
6940
8771
70757
32573
76832
67535
50748
41063
44323
9454
77857
82253
63700
62635
84069
40319
97156
15005
4775
23907
50630
98117
1446
69857
60495
36419
11345
79948
14845
10805
9914
45800
10740
79694
44714
48572
61123
79086
23790
27766
10566
3331
63566
39861
13668
69340
17150
83959
77272
81062
57134
53599
47085
56677
84604
44258
35842
84817
37705
39247
29389
42218
44681
85560
15068
53561
47956
97890
18390
24548
44218
48421
56640
21070
38003
40160
16700
90057
39571
43036
85484
33176
49309
67131
23604
90758
35791
48253
64477
55357
53755
17007
63734
86500
87477
23792
7221
14456
52744
38497
5276
61253
84324
15625
9750
13185
64466
37922
37664
81733
37480
34244
86628
46089
85367
44683
45921
37115
17985
70119
10951
10908
40297
58240
15422
33207
11299
50340
76454
37022
56714
33199
93048
6307
84624
23990
35212
6545
97328
40784
39700
88612
79807
47201
50182
74475
22305
21732
24375
14264
82392
79892
70882
7938
70776
33879
13191
37464
76373
69095
60689
16705
40446
28831
32464
6964
4451
34495
94437
9201
72912
92572
78460
33019
62974
45031
41107
40211
17567
73496
48121
17938
72408
17687
81682
63362
42539
57926
56471
86106
76785
83950
82362
42260
5799
54053
41831
20204
78272
31481
91013
2071
29176
97788
51228
23454
9352
80268
16017
3893
24469
34173
27917
92892
51395
60165
90396
82930
38631
16675
29713
41361
11771
70989
76838
25322
63882
90133
56320
39582
15787
90328
83186
26582
30602
16483
13816
38175
30497
610
88484
25957
77351
78310
89302
10315
26911
3185
28035
20005
33009
70049
53528
94450
27285
11447
79128
3065
20139
23844
69665
65886
24104
19663
19021
30241
72843
67589
19637
13524
64270
70013
3439
8279
10168
24391
27192
92658
20751
53424
91980
14126
97355
85140
99986
45776
14949
43617
68597
81555
94606
75236
621
59649
6396
28723
68797
38990
8927
49814
42901
73137
40242
61395
42359
45503
95629
47732
59926
54758
86391
3478
96507
10915
98489
5393
57282
45984
64910
10111
6561
54093
918
74827
4648
37466
33578
20184
14659
1935
87914
74763
73053
27305
69937
33845
72127
7793
19658
97345
10134
10617
15644
97687
37043
92566
13729
4810
25867
29013
10676
38532
97279
23772
64265
15660
59414
13694
76118
91793
21158
1241
98767
46550
29809
98768
16304
46874
93868
62240
10995
93187
19643
67554
65665
50630
86072
75228
6021
59573
98547
7908
25980
33861
92787
53842
99977
1947
44571
87840
56037
79827
61159
32513
61267
90125
29301
16763
53426
40916
31681
27586
51403
23596
23913
13042
56938
56344
84527
66025
47850
37381
4733
78975
31849
42614
86530
69476
76347
9068
13595
62868
46458
94994
8173
97497
52954
60675
38126
88445
5467
91352
74179
87721
44792
23122
11460
76351
73372
97376
86844
54257
39508
73390
55021
35869
72063
88458
69072
74758
56322
7444
74362
72719
22169
81921
67706
52822
35944
63372
64030
71274
43151
43258
23221
67435
1532
72552
59152
80989
67962
30099
30434
27656
8839
11044
82631
79439
13283
67030
88960
939
41668
43045
81916
42628
57734
7573
38546
56588
50592
41628
65323
8311
10419
19661
24380
50586
26971
88130
34257
6527
3272
69861
75174
57410
72646
15035
37998
84684
17336
12206
6487
35337
28707
36501
87141
89480
11206
36770
49562
50862
10920
92039
98807
77047
23082
61478
8380
13355
45275
87700
6955
24889
48426
68745
54731
40947
95926
47271
76456
98053
36290
3333
23672
38099
99236
71543
30329
7790
20796
38523
8181
76626
32290
29602
84551
21279
81304
8248
48856
98034
27454
13331
15138
25888
59973
42228
10486
29838
96411
65917
51896
91856
61445
78512
70664
15708
55723
81919
43484
79370
70796
12181
58984
73675
28147
30559
94720
29218
23265
8665
92724
18243
69194
61681
84954
55591
70204
23034
88234
1001
95993
38384
68930
63488
47942
3298
19306
67898
93563
31425
13874
15793
37755
93443
52087
82156
39006
74580
90052
92757
90762
88251
10645
88338
58401
54500
40119
56514
8403
63887
3020
9239
68403
42804
90090
46474
91399
16528
34883
78719
99386
25105
68895
8182
73196
65723
72581
78123
63209
33748
65945
65803
50454
66962
20095
18835
25255
51455
17918
73478
45902
32870
48511
19563
50127
32509
38004
11617
14767
60494
58806
91712
53706
28036
76903
13582
13763
33134
81655
23290
38166
8051
95233
18232
65418
64755
10293
85082
31042
70390
70193
59399
75954
75923
72616
86266
63919
41823
67077
81850
72607
6480
93000
31121
10576
68108
18414
61228
29796
66131
47696
72718
37834
91334
80578
56209
2216
87890
23388
43706
23124
29789
23861
30391
31874
37356
83178
11768
7448
36622
11903
20840
32893
48297
31580
27334
12399
9919
55033
46340
52276
90524
11092
58331
38921
85631
19903
38121
71926
76163
4791
75145
97890
2440
10062
39053
74595
47491
89098
19513
34413
4319
41671
2591
59884
74830
63415
947
99981
32784
85098
29355
3606
34686
649
30357
52374
95028
16027
58773
6679
92505
77067
88409
58768
56716
1889
11514
36727
86572
14924
88401
86324
59684
56705
18324
7216
43282
20093
34700
75980
77971
66246
69844
90414
20140
87472
60144
9143
84247
81116
90824
88400
40808
13787
53823
2338
41755
35216
37268
30372
64861
72883
70452
84047
19027
23697
84474
95726
64138
62065
73221
10769
32764
22802
49524
65601
41148
72240
84544
40142
65822
68965
67446
78467
46246
38828
79760
64923
25675
76480
39118
51693
28040
57443
84470
51779
8447
87675
87974
52425
21418
59255
41458
68992
69280
87376
82782
21586
73215
91690
75193
81568
53884
3994
18452
48630
58149
27521
17342
29984
48751
2486
28605
12759
78817
95425
60235
51732
93276
20772
45227
81381
20997
95380
76454
80413
99985
27301
63463
50917
3308
80517
34895
7120
62885
85246
13045
65677
86458
94879
11038
81525
58555
61748
10740
964
93022
36881
9639
293
86879
16910
69437
48582
90577
32140
92279
13227
75397
70678
31873
38078
56277
77635
53493
98148
5646
5335
10766
89930
44376
89449
8036
65470
94660
33407
5032
71387
33649
85174
30109
96796
49818
21406
17041
15057
56767
27938
92887
24367
12943
86437
49123
53250
24751
95400
87073
95422
85385
44392
98930
82227
37172
41540
48099
47999
8124
12956
13932
28349
24814
16885
2275
48219
84739
6489
91546
65737
10310
87547
18139
79565
17059
62136
69662
77268
13485
13081
84069
21539
88972
62613
38261
20939
93666
13299
63153
51035
41241
17549
80532
9103
7307
22673
5451
90151
72556
16321
10125
4818
60984
48058
37752
3241
32341
52113
6696
43000
19876
65977
14582
15767
6858
82274
62316
45719
11157
23291
39105
48215
31373
98008
71669
56726
6873
76335
5354
56515
2475
90652
78557
28625
49833
61188
43808
76134
4281
8918
32277
75219
45288
44333
15785
6813
70583
88467
36042
94937
90210
21984
36454
54359
5870
21344
1218
93237
14927
86450
48948
90837
26963
7020
94334
83209
85679
44572
9448
99242
22116
99561
80952
34311
26189
86009
40528
67227
16967
66476
84484
51607
1117
7141
27862
44607
99183
76328
80688
67473
98335
94463
11389
77343
79737
36182
76357
15806
84220
487
80708
23735
69256
37744
24581
36474
47046
97184
18272
3827
37166
92465
95085
19477
74809
41070
88835
67058
15781
16886
8114
52237
39870
73593
66457
28070
65871
50687
53605
43732
86149
48840
12519
59762
57723
55630
3537
12336
71143
81286
41229
62474
34177
77158
26617
52885
56267
93312
7267
32245
44194
61228
51548
83501
5856
54053
29212
38862
31274
91946
49587
33488
75965
62180
43527
4062
84624
2278
39759
11243
20454
81488
9995
36163
83442
62831
6173
4221
16967
79519
82568
30700
84156
63408
70851
63349
97304
3814
83770
70554
57119
45178
42114
64597
12505
16862
64119
46465
7227
34462
9972
25745
58965
31426
37101
22052
69207
24240
16428
25136
80768
82382
39879
80187
61349
22373
52314
57801
75419
31905
5319
48112
31745
5557
33318
21895
78412
44347
19498
76957
89136
36025
755
43494
37640
17599
28297
47215
38435
37325
23803
30643
6955
14034
33876
79014
69715
79791
94166
7438
5180
98201
12534
50354
31172
99389
64180
36075
90380
82303
26102
38935
65060
58555
5536
4876
62965
49996
70801
92393
97770
37386
7581
55336
37660
95086
85891
43728
15833
24561
8682
98311
73296
96691
16125
68581
93436
65688
4704
54563
44683
58541
73997
1267
29513
27080
88976
4425
76174
15468
50235
86358
62656
10443
2887
5205
35142
44327
96168
1950
61931
84209
58827
47545
40587
43347
66958
23085
34238
41833
39548
93366
90781
78537
87908
90996
73045
67075
40438
63360
21479
99076
72633
47322
65850
57717
8139
48733
36286
30336
83766
49460
18142
72018
73131
47334
19681
90300
29247
64909
76540
76916
60126
53829
89272
72824
28944
12159
11579
94610
45798
47797
59574
10199
51617
29560
16202
60586
39072
72773
25880
21182
38083
66198
676
73880
35361
9172
85253
75442
22498
17258
50412
65532
23226
85782
83438
51742
87651
59832
63279
29688
17525
56205
86477
25674
80517
80597
86022
35023
65463
75824
12647
26852
83553
80167
39251
21703
97694
48231
27820
49274
21228
71336
25056
25607
45027
97356
53267
21950
79410
51107
51237
21785
73911
70763
15904
33920
55194
7381
30465
84616
78086
95266
58656
41655
19494
86477
34077
57475
35993
84321
23721
4472
74385
36299
12974
96664
47181
49547
32124
90172
55056
87780
20978
47641
25630
92435
63205
1758
14516
51132
2799
95898
20129
53759
25943
12058
5828
1706
62104
18480
30467
17608
46769
97167
31589
61879
53481
65779
5581
59095
42365
77757
10067
66782
32840
90428
64289
76425
78350
89384
64231
69293
18052
48615
65179
5004
27455
18962
93136
20579
98231
93042
35602
69951
14328
23780
70844
31471
19302
97628
82006
87989
40778
60837
74382
5975
69181
40230
40049
49458
66031
53441
20390
48174
12533
99125
47112
51500
95213
89187
82239
75259
87663
84845
95609
19242
7761
38618
4137
76953
88055
24919
11292
73992
33910
1175
20917
3217
85636
23067
57604
76497
51037
32845
34279
17025
86324
47910
30877
76131
20084
86800
40675
82488
82290
94949
79949
62894
94610
25142
13442
31255
49394
59272
85844
628
37814
728
1883
74320
89777
22303
79470
11178
32620
91889
4189
12939
21527
61984
4365
80341
39594
46237
87089
56860
28214
63326
48033
27150
57836
77179
66490
19021
13513
64371
30258
4414
5790
68907
38390
9818
312
59414
94785
12034
496
24081
34107
45295
21840
16005
13069
52487
84768
92815
46972
46540
33645
62684
17642
56494
94102
66510
97540
54209
38962
96732
24232
88841
545
42485
86904
59665
82733
83492
31924
91484
39836
688
99383
45619
56821
39227
46640
40892
54893
99370
23482
18763
55245
98979
46170
10515
17218
85810
64150
37397
90752
77927
28173
12089
52596
69145
11830
87707
14564
21998
69304
30620
48837
63666
73763
633
29370
26436
35530
44505
2243
30289
28926
51423
64841
98808
99240
95583
99812
28908
40002
63822
23432
99832
95442
94067
79434
12860
63876
35833
28946
38358
37187
12294
8799
75868
10580
1542
82481
76742
15888
4480
79319
92745
43900
23498
67285
89021
13894
69401
52882
97343
47261
31120
8924
77683
34477
17305
89048
19138
84662
25202
53226
69057
54153
83519
37853
70354
7326
29342
9103
27171
22773
31607
77820
87893
69799
78865
49638
10391
67400
80354
25310
9648
59579
23199
20145
87100
24849
10705
13394
20334
49824
85385
42240
82035
87261
70762
28020
20503
38838
5412
86793
81409
66093
18305
30120
52921
61812
38008
46894
7146
22402
45151
43165
85987
95568
10174
79516
48919
99539
29023
7979
2724
18230
51393
6600
51057
12307
42795
14967
27472
21037
61789
1010
82403
2157
68227
37068
39547
20696
1347
22691
68795
30505
95861
1666
37403
46448
91730
95952
30696
97510
49797
81401
93513
59948
90527
72150
98557
83296
8199
83931
93856
48954
7534
22141
14700
24425
79615
58303
95932
81381
82229
35736
45932
75729
48872
45986
14076
97935
40191
48513
12372
2623
62249
41933
78785
1014
13447
12414
5404
98231
42176
39156
32940
43280
85848
5761
50658
60564
93435
26995
54243
76720
66132
33793
3875
94636
8666
39312
56299
68065
70665
42179
3197
12593
10094
90430
25039
97895
29532
48693
7379
28844
84509
27734
80503
73091
23522
66735
57192
27074
80795
61693
5265
99949
66818
67986
48386
52688
28113
36098
71756
70073
76308
95818
88232
50896
42681
62974
11543
81589
22948
57742
22084
93812
66815
25076
89382
39942
89359
21852
33826
88327
95137
53552
93133
22160
37635
71135
38286
13617
19920
58922
50114
29581
57955
16747
77050
39537
18157
19842
20990
45874
72993
10621
31765
44962
7180
27618
64956
67055
95874
91837
58452
5880
94547
48769
82649
79565
85437
52637
8524
83266
22715
31484
18386
90351
2523
23832
98357
96519
33198
2461
20840
21555
24088
37366
45608
17099
70567
56214
28670
84464
40800
39172
80738
77737
47060
40996
61177
95640
21394
91966
23518
77271
54775
13326
51839
56117
4832
42727
29534
30663
88416
51140
70264
29452
5708
6477
85251
54338
12948
46626
58960
88447
61037
63431
92431
31405
91625
8012
49618
7652
10663
48728
28394
48741
71431
57970
76622
59345
72790
98699
39386
75588
13031
92683
36019
68434
81827
30230
98824
34652
91223
89083
25621
27726
91820
17945
27073
92440
61940
60270
78760
95367
80960
71326
97779
37887
57295
41980
91458
44056
8704
28760
16747
37394
23336
70533
99324
439
50303
66566
81853
70923
38613
85748
34289
96658
20098
16686
18363
90430
84187
48158
91070
44947
9857
73124
11420
67194
93235
48257
33888
12062
57603
13410
43127
34342
95142
12103
55320
34063
40965
32335
61285
61158
7729
57250
66249
75327
97844
9659
91713
5877
53986
81135
26104
2462
5581
72638
65739
73001
38040
2005
14635
50551
29795
40254
4032
13748
98950
89573
85290
25264
94457
78535
66243
95070
11824
1721
75521
89193
62148
52274
43383
21806
54539
58422
47707
42458
66538
50272
75714
17216
86721
15660
29224
52023
94212
38174
75148
60878
32746
66930
41591
58381
74367
9601
285
13610
82772
17356
1404
84836
80662
75945
7522
98047
35772
42375
22123
60732
83386
5567
63655
19092
76210
31769
55962
37586
9514
77976
49085
72490
21304
56835
52515
60634
74586
50225
12950
24859
45475
28432
20063
41603
9488
67122
7012
3067
3832
8821
17771
98520
5377
45454
89245
16185
84048
94961
61990
70715
25976
74399
53337
67644
92980
63724
7152
64234
81967
70699
7409
36391
25344
44025
75085
15708
72628
33091
59522
17527
69700
27509
10656
41826
45477
22081
64584
61729
92701
87271
48527
54248
94323
58375
39619
32343
39360
71328
76549
83731
77602
94372
65652
94945
4912
83706
20042
52930
35655
8911
20192
26214
57218
50331
25901
17582
4456
38124
94155
85794
94048
90673
69594
7147
59807
63236
70078
83215
5250
98196
16740
12039
64471
29038
5986
62686
27989
85000
68956
52008
21069
32875
24802
69116
57656
11418
99383
99536
29999
32483
18028
92848
45018
384
38987
4378
46880
33994
1936
15961
92317
99516
6193
42395
99122
65983
29151
29713
25910
32535
91460
78403
50569
99593
24300
60750
38025
89735
97505
9084
62078
49818
63630
21214
30705
77963
45317
11015
12762
48686
21820
42024
44021
35051
97841
29123
98774
1066
43919
65039
69300
65178
70601
28744
92545
96063
50627
86863
17946
10582
35056
11365
17113
76005
80629
91776
42152
57060
38956
52423
9840
31970
13125
4368
78799
99734
74696
8916
37992
56163
32246
38411
41940
21222
99661
14825
58487
48063
39305
53044
96494
66202
87687
71713
85444
22841
86277
65738
30787
39904
92454
7599
96839
44316
71185
85254
51694
56849
85465
57152
67948
75486
93912
93177
9339
98031
29044
78171
66256
35071
87107
27056
49481
20584
35179
40066
4066
95017
46690
9874
28486
28210
65556
53041
60707
65327
35107
76765
82486
13743
65513
57563
61734
36720
79768
12014
25741
13256
50307
26034
21456
80914
13654
98488
76719
84308
81087
64926
62808
57289
64816
70825
7798
44815
31132
86402
89159
3599
67423
25098
63212
34725
7003
55995
29433
20683
39068
97213
68556
82406
13885
97954
98362
96588
74436
17663
34181
59121
72360
66087
96458
82029
87987
56901
26038
57035
83682
29589
50169
64240
85001
55840
81235
31078
63443
60211
93834
79461
55400
76539
42046
81629
67623
53759
73555
64226
46962
33625
19918
32436
44393
87858
95867
82505
24047
28921
44139
25338
28873
77056
74939
63047
35877
3828
87119
2727
19767
25687
19549
79409
45758
58235
63142
6720
45349
90236
73568
58758
82789
44091
92046
61680
64167
76467
90545
10194
26120
96666
43831
49967
4726
94614
96882
45510
94647
58585
47236
91612
29512
69210
2774
9923
15523
13489
30984
88420
76250
83023
26178
43438
99967
80952
56841
39386
84358
74430
81038
1338
69602
93563
70528
30302
32876
43306
10434
70723
54723
67171
55639
19417
19437
52113
63513
99791
25627
20626
44009
85693
27946
53387
43968
50221
57734
71268
58084
99078
13769
53575
42807
56727
79553
56977
25481
3933
37968
55698
69518
67409
55501
97895
32555
22545
10279
24017
65737
82953
84810
22289
51691
17054
54010
45763
75036
5079
6204
17460
1922
1896
44021
46786
30832
87068
19497
52142
32695
96574
75109
51680
73147
36612
20857
30616
96612
67673
86717
38092
72715
55493
33940
62595
55733
22716
73294
62892
6108
36288
18311
22172
81096
31315
94445
22178
57596
75229
12383
83465
36877
55478
63824
59530
72430
42864
69035
7914
9222
33732
3601
8599
32163
47448
40957
17147
9416
44650
22889
28059
29026
93052
76617
95854
71160
34012
49717
86813
49792
85838
39301
20532
96271
40856
95477
74594
66600
53898
50215
45554
9046
74472
21255
56294
11029
36789
71530
72205
1002
90301
91952
39522
30706
14399
46152
76321
7832
1526
30162
49189
33121
42691
4960
42307
37345
793
10710
39581
69520
85188
51697
22052
98487
80150
11652
65293
11044
61872
35741
62126
4478
97865
27270
15574
59058
61246
34823
51142
85387
34550
51016
29520
28512
88113
13620
26858
71656
73357
72378
15311
63305
7508
69133
40115
9581
36165
11883
56736
1205
59709
26843
74193
8680
32386
23471
70155
65188
60364
56201
37299
5366
46128
70970
28784
90916
8234
95430
97630
41863
19367
86467
1996
60790
28493
76192
5555
50845
64455
79329
28627
45485
17168
70633
93483
3084
1659
32145
8021
3341
31645
45300
49212
44443
45592
25901
27322
45039
23876
41336
78771
44386
49660
22293
54760
33116
86275
74732
76184
84458
12785
79658
43289
67597
49885
17833
98767
21839
70249
88301
68711
39825
61861
11307
7667
72608
81537
68228
9506
29063
14642
24879
74299
1341
52192
29749
31446
98975
33482
22
26295
84408
24918
23689
30056
23580
61401
26976
98450
28116
93311
75882
73719
23444
39704
43314
86191
57801
12703
76996
85244
2606
8616
14320
89036
23581
58918
70279
51020
11682
16950
82562
83012
75915
27851
57219
55698
98844
44471
43123
17542
74944
46642
57770
55160
26553
59338
69357
65601
53560
23432
71697
37564
11720
5275
37053
75258
39365
67235
32334
35196
7914
31451
34133
61873
39464
63460
14171
73613
43858
80843
99780
10210
20821
94774
28497
5885
454
32400
35743
26015
58675
99726
47758
99734
36379
13053
87196
19224
65081
15658
7727
93372
54268
85486
77873
39701
43282
39092
39061
40747
83362
99561
16665
68631
23705
6238
98756
90971
35997
3101
37806
63389
56061
97062
64831
74814
94985
20132
32623
37082
57950
63121
85165
58078
39129
6498
45979
61281
25965
24464
41975
98817
51632
50085
86068
28508
6128
54048
2598
68071
34754
71780
40125
59853
76475
90819
58633
35688
11255
67298
83420
45237
61719
40746
39277
78199
95080
78283
57912
48747
74846
29132
2722
55971
13856
17587
24251
52642
96796
65229
69148
99955
54587
36027
13584
29542
57807
98330
3695
67527
92841
62829
59781
21852
48808
74537
22354
33788
50252
46749
84458
44775
19912
80988
43997
98149
64501
53064
93200
9279
79811
6524
51594
43220
65770
60373
10955
50905
10975
48959
16022
39793
70435
23352
54032
77412
73685
62307
31457
37567
93864
61644
23127
27656
56175
67091
873
17243
30036
29270
52825
48646
51176
49951
18803
45534
97876
27079
44850
25468
83279
45925
75842
71608
79432
36600
59392
98176
40931
3276
10941
8981
36129
68396
26689
40066
83479
73637
63085
38137
81345
76883
36345
56012
66575
76427
6107
69989
13565
1027
85961
70243
61057
25217
55670
26673
56798
17439
92856
581
46165
20280
34123
22354
35163
83090
10350
7946
7461
92040
91626
27955
32255
97426
54227
68356
81981
91955
61416
77053
22185
59359
47316
56705
51579
86119
99287
32369
44007
69442
82942
23941
70031
47226
85774
20041
81785
41457
44769
56723
39708
36718
46503
85949
33300
23719
88621
69443
98101
47276
15899
33626
56764
31438
5175
32490
24352
40842
77096
66762
21543
72438
88021
1399
61398
60103
21867
23600
18625
74396
27709
84945
77312
65483
54214
33834
33346
38854
65386
64860
68731
73866
84602
14287
70681
58276
56886
87763
27893
82943
55917
82385
2308
10190
61281
69164
18893
73234
97445
57114
18997
57513
92488
98777
48918
11637
82603
54064
36462
28228
2158
66275
11059
52320
42569
44114
99621
25813
15382
6191
51452
40250
96108
14266
36448
71230
28037
35770
24
95441
89985
48410
65498
76492
44100
7678
38273
31229
61115
61249
12188
37267
32124
26733
45282
49923
45355
2869
59556
19541
87801
76946
29499
66702
30406
95800
60641
77242
13447
75157
10395
87925
39939
49990
37427
11767
64855
46357
25221
16762
71930
3282
31855
80457
1946
83277
19819
88711
59653
85230
59065
69336
29124
91313
71029
31280
19170
36865
9737
31766
11498
96112
2267
92757
86766
81232
99814
4447
33220
5073
87846
91454
86507
30199
41965
7001
1995
30487
85971
84607
5594
56975
65930
62803
59803
319
86351
49620
70977
29896
85436
80103
8178
33663
22395
1443
54854
8557
83029
12601
10287
75526
38409
68062
23954
94628
30904
83191
14131
39712
38044
66112
89039
50861
4409
87193
23811
22385
34924
94477
39626
34560
58400
73184
44035
69655
18271
43156
18577
66993
98597
28664
55803
83081
20433
41102
20212
67149
50965
47767
59094
74620
68332
13118
2151
56572
88555
68765
98110
46586
21616
97936
86495
37567
25495
9940
30913
38795
8108
92923
2768
48624
11002
56400
97358
34574
55938
23489
53653
50534
80871
334
83448
66910
58630
28108
57351
35888
88100
9909
40657
36879
50495
67056
35652
78487
65894
16345
91728
16719
12996
37837
74921
50686
12984
63445
27243
41767
70176
87660
16088
43491
59956
82894
56829
73882
33775
56415
75091
64637
12135
72757
36993
13698
37726
23971
96222
48829
72433
19298
70772
7992
34574
61342
58336
41487
91426
60699
52470
20138
52048
80035
1826
17752
17566
56077
28873
77924
35369
77226
74190
81623
59961
76911
7376
69226
69424
26714
24656
55237
78043
73540
85297
1657
42027
16354
22520
84087
43901
75543
58003
16139
6485
9145
31446
97496
52106
4958
94560
69745
41178
72579
12220
49874
40670
61912
76035
45561
20505
98156
5215
92419
75690
19889
94795
24839
26625
1996
39830
46985
71341
82715
35718
28029
91571
74403
57145
66585
23548
6869
19238
22581
37414
19932
64930
90273
72474
27333
99071
95619
61885
33771
37647
29259
35264
25439
80742
63893
29106
82001
6781
21627
5014
30909
14003
67764
35055
15700
19150
45421
32055
41382
92191
15555
71279
62729
51940
94810
21841
8681
9190
72348
1633
84812
94019
86417
77506
6016
76742
85496
5
33764
62418
23136
40444
8784
2142
22117
31820
56481
18298
46570
39009
84293
68815
98959
72763
68063
72549
12207
20486
94456
66270
18905
61640
73155
97215
12649
95828
18026
90895
7043
2011
26490
22296
38123
23874
43176
98859
49187
4398
65758
56032
14466
8732
56358
92283
10573
87501
82450
69577
94933
22175
95366
57450
3502
88247
61411
68585
50727
69753
26896
80454
66986
45274
97287
76820
33713
31213
82009
3070
26979
29978
31839
57861
62122
10861
74270
5701
15666
49962
91062
66837
4129
4670
89287
21293
38861
32976
38369
17378
36670
75319
48678
2349
44482
95557
3518
70602
15526
12097
29527
54203
88312
95858
36759
11404
93814
76119
74624
76466
12498
31220
5886
5709
41317
25959
20272
21485
77164
81689
61584
77328
55876
87088
66369
30473
80862
51808
74996
13469
97822
28321
49879
56486
54966
54108
26075
58970
19098
45440
52704
9222
47040
10705
42879
53460
5334
29408
69523
42700
60671
73973
31653
7031
63371
93481
21267
99774
97586
27408
26077
72497
2477
91987
19243
51044
27346
55612
64894
17299
9418
5194
27090
23846
78736
24421
60748
27023
76040
17643
15014
72496
11353
67177
38100
50042
28265
38309
26226
35345
34259
51768
49356
62987
24839
45177
33737
55607
22431
32372
36437
88314
74970
50362
20970
52852
35351
658
56026
6753
88655
24429
81308
68892
92558
92567
6128
60670
13392
57386
23121
57380
15829
10204
69270
18574
8288
92184
14916
50148
16306
77450
59540
44211
51453
17460
14556
38421
86152
8670
85181
96463
53118
73514
76137
81268
11571
23429
80399
24070
6197
92282
45860
85596
74442
34977
62831
62176
3916
22324
69168
15663
36862
22209
3406
56387
59913
94460
50685
99790
71479
92940
43017
24380
45835
35462
86369
93435
94203
695
26018
70967
37644
99162
40191
5054
49545
36489
89322
72418
71615
16112
28354
49693
10135
25662
50233
80462
72688
16821
11520
14721
83353
20416
37297
59565
66569
20516
6009
32599
14747
54159
68448
92340
3305
67470
94710
33324
91683
34714
17948
83610
82636
13106
48108
38768
54930
66788
55078
50551
87048
75108
62905
38644
38945
82527
15882
49126
45707
53098
45603
18731
16198
64883
81435
77666
86944
17337
57598
61644
62798
65368
68217
46604
47209
77564
49028
3821
85794
59639
57388
49763
90467
6829
6300
39753
83076
22732
10215
38186
36807
33274
20853
63483
20432
39526
48456
71365
90052
57792
50089
15648
56573
773
46388
94267
45512
91187
51997
37113
9564
40603
53277
69813
64406
69044
45533
86246
36405
20747
62141
30781
77743
61624
38978
9515
41230
93165
90426
3744
58219
56392
65677
91982
80677
31015
43714
80428
47230
29211
38154
46710
15795
63988
68525
65106
28789
27900
12080
16813
7241
71489
50720
44196
98776
69322
82526
35711
92915
93098
79494
89207
49928
33170
47805
78008
11897
76129
16278
39778
85407
61687
70306
6954
77115
15047
96114
14173
12404
92459
7050
97860
63506
16913
22499
58946
2998
60658
72701
86459
63476
43843
90176
48015
55022
38981
4237
16580
93038
56696
75686
57730
88063
40012
73558
2007
43465
503
97982
71803
60231
69219
48861
11149
2919
39871
32475
78556
93693
42549
48371
48579
52484
53244
67387
29900
84530
21668
18161
2965
20951
30062
10403
42991
25746
41342
73627
40803
97200
9353
89574
14063
52226
93640
21279
97358
99674
80047
59580
32150
55841
21207
57300
72443
6200
19639
80876
12177
26505
89202
43133
75886
94569
86857
36196
26446
6156
80017
32742
48720
98309
61855
37661
92254
73497
80480
96323
46410
14751
42726
65562
56019
886
14716
44821
20615
84770
83802
51271
46882
60645
68212
45702
9909
17590
9357
58971
79106
97281
29705
6729
96068
79803
99871
40952
26923
97824
53006
71997
76421
51914
80583
93800
32472
34832
32775
23913
95275
59321
69224
56863
67941
86107
88398
33759
81805
30357
75676
17661
90960
30309
92425
32410
72481
45798
98093
9515
78107
73514
56437
1249
75778
91792
68310
95162
11432
87714
43422
75428
76811
6542
72710
64841
47355
59039
11395
79739
42042
94487
27708
41406
1596
85771
31126
21708
63533
85179
63787
39561
90226
86125
52154
37636
17479
38948
99319
28390
1896
15458
84899
44186
41195
4247
23190
26905
93194
41413
5657
15088
7423
75890
62864
81105
8073
4745
83732
18771
22315
9965
12159
58119
96850
58107
43296
21272
71191
16219
28111
52926
31675
48642
84635
68991
88527
51464
90846
97442
14838
12417
96594
84978
75202
95002
11580
44587
57275
85169
84135
29220
77822
54545
93740
75640
29058
43561
99373
63251
85686
99080
30945
12630
9702
13656
5129
4744
15772
44212
35521
52569
30018
72902
13683
74291
45766
59042
2149
87903
51991
86873
72210
30641
38316
50554
62806
44978
7556
92619
63203
6824
69000
53888
14065
30180
72972
15222
80595
64007
86196
92175
67076
95249
86291
12394
12831
28456
12079
28798
29550
41058
37697
70771
74299
87920
29592
48157
85250
60999
65437
41749
38631
85163
24496
97910
74820
57754
54290
74961
82395
17970
73820
70926
46922
61280
62669
36448
44764
43654
75937
32835
11611
91752
54012
46772
54468
49812
48358
76493
50995
64683
23888
93819
95165
4944
50068
92158
57501
38412
65467
35101
20518
47676
57401
86116
19735
15128
81906
21979
82316
53760
49216
36356
96337
87204
68748
57744
5425
66705
64986
36062
9517
73395
417
22193
67849
12044
7703
61677
47616
58351
70508
79854
63159
89241
3885
69445
33519
42861
52009
18480
46580
35722
80048
2773
78579
77644
42038
53947
59272
5979
55831
46629
62741
48339
15317
48235
26894
48465
27261
79446
26289
40663
56008
7480
37620
63933
17757
72134
91735
34932
73108
8020
53592
44376
47637
46411
62213
43281
54814
85289
5196
90438
6947
59765
59022
20895
34416
26493
57010
58677
60490
61390
14037
66456
91540
5551
67551
34940
16334
92059
61074
86177
86135
96665
79996
16638
32947
43321
51787
95658
3847
36877
57824
83398
27233
43266
82876
72490
42773
19642
8375
1643
85602
6760
41967
19237
21844
38535
77053
79819
50818
58134
7524
81896
5111
62804
49251
88785
23438
532
6026
64361
59254
66045
19945
94960
31093
64801
11203
58889
21961
97464
22721
83335
458
2456
92227
38419
30763
93299
76402
58812
20607
23213
42801
19388
7576
87833
34930
15811
11914
67055
69861
25411
37614
95244
75754
69527
3491
63782
96072
86128
87215
92873
96470
7517
26052
21779
53302
16214
71581
457
69346
17093
69831
75860
64478
50162
57693
27388
2797
85642
43883
34143
51968
94891
6740
61133
13065
47342
94255
87875
66830
63570
33836
65635
39096
81601
69685
1580
9963
67169
34511
99163
21904
95449
38784
11582
86350
37469
56682
97648
51736
22841
44565
64727
46239
33430
87819
83062
26984
19852
98557
52334
24185
94148
92515
55832
83020
91719
31137
17624
78886
26633
66117
77759
21921
60428
17708
75775
49926
21939
24036
36779
62646
83396
59820
42923
69831
83224
89208
89625
34316
26370
17585
63963
88205
7129
55545
10429
21430
98276
33932
18218
49995
87265
56706
54087
32825
10226
39121
9516
7912
33349
38767
28608
11597
57247
60373
34480
55835
97668
37599
30027
69433
46469
17967
16957
36399
28070
84914
52422
64922
18955
34202
57942
36991
97183
96011
70024
68956
81792
36017
58264
23418
26858
13326
54274
5407
10942
43602
54713
66304
3535
42723
59872
76403
17322
58812
71624
95714
40351
22097
4839
44315
95728
70992
22353
33605
65332
35203
72854
85230
51913
42386
95992
88319
50900
76614
38823
34321
39926
64040
45498
27192
39405
72008
15532
29757
26627
64666
3089
61098
69431
10554
22740
14047
20391
26864
87374
80929
10263
76943
45445
53778
4928
39479
93983
75580
54008
89658
7521
14406
42713
79676
23272
12585
77585
62547
6339
86109
66982
2574
16523
47852
75044
41938
16545
67144
74916
29951
84130
5880
30586
59186
5033
54925
78075
97220
25185
96275
41545
35791
6309
43268
21053
26960
9047
5558
38640
59368
50073
82645
98534
17628
1547
5131
13271
76637
63233
87259
61147
35490
16704
87085
40850
34321
18102
53251
73453
10428
62291
3146
36764
47272
46439
16557
36565
77033
23769
57380
71166
54538
93570
62697
22135
58152
33028
79595
75751
24510
12650
77691
50977
61371
1693
10148
90738
21935
36703
75416
14922
11941
42184
68037
59077
2634
64187
37670
26069
37004
34885
3222
91470
39997
72849
19263
11725
61271
80234
91152
82406
65369
26958
74638
73033
5072
9740
15745
623
42449
61562
52943
55271
82434
78837
73158
90296
76824
72053
55539
7986
1627
86476
14576
41333
24742
78492
94521
73565
24331
44146
7903
16713
95059
18979
24854
50663
16483
14401
51561
35165
42618
15929
34061
91830
53495
87853
90707
23496
16791
23145
15735
59998
64508
93188
20758
50951
83977
91349
17436
64697
5897
35823
33179
65443
66000
7323
47544
31151
66586
73809
90015
85712
49071
26098
78742
3437
58344
44996
59951
52681
31499
52587
1304
26159
14289
70561
85356
7383
56265
58098
13708
54615
61654
54006
26376
15401
64019
82987
5943
62453
21079
21551
60519
61819
97364
79959
37262
26655
72025
7311
38207
24945
41975
81167
56088
93367
21184
29141
20951
75354
87115
88069
84621
13450
77172
98106
50347
91119
32481
80167
34201
30349
95392
39407
65766
60755
23659
10461
81145
86048
86670
99041
81989
17074
65919
61416
65084
46348
44971
54071
53114
74499
57042
4387
60130
76070
84649
49615
38119
14952
83645
7587
39360
41228
81943
39302
30782
22219
31931
87928
64794
16548
41642
12975
98279
62081
40328
71468
66343
92001
33336
99384
93754
94504
70531
18272
20849
50943
76503
90794
84288
73545
55436
31219
42289
83524
55010
27111
85077
66712
40134
39164
25046
87039
37811
40108
80681
12753
31510
16749
85311
47787
21546
33198
80090
95611
29473
88464
94268
17482
72132
53406
41274
24934
40977
88587
26416
67499
51620
10279
10255
86414
67313
40829
60465
34278
41293
51212
32045
55127
50412
46752
20838
46652
42596
13965
4734
99856
18449
91239
85287
73817
45042
77696
71066
44722
94353
36223
41761
9076
79104
34457
20718
97696
66975
41487
32207
96139
87674
88484
921
28167
37102
61401
49857
7881
53164
70439
95050
34972
58134
39065
50168
69282
70439
30339
36419
80194
25487
92226
51367
61203
29500
67730
95384
33571
54228
88742
44627
58980
57471
74503
59184
58772
36097
68972
85620
40839
71909
94483
67266
1715
35957
9849
68305
87320
67782
48988
82137
41610
25968
83050
14791
20092
40731
77381
6001
97771
91765
86934
96515
16900
53952
84106
58903
19347
37065
62541
72834
30985
82642
35682
80811
57385
4882
43069
26616
98639
29202
33213
53921
21565
61976
16201
15877
48164
80992
37894
14715
24171
20550
92626
46657
30655
86785
98976
44848
33399
59209
19056
65297
91491
66201
59754
104
44785
61328
28247
67150
79259
77489
74621
23646
64112
83690
59061
60293
86333
43441
35274
19196
14200
18538
89712
33681
14825
70630
39614
15425
5590
84678
31401
60547
15369
29885
96191
54686
33600
89331
78557
63674
67984
26278
2541
70452
14775
69098
58080
15467
99357
49617
29636
48759
30534
67622
22434
91993
57335
98739
67447
6541
16162
33763
44844
84317
74959
34786
93076
8687
58153
192
96769
14303
1347
84276
83364
68263
53029
66045
47743
38522
97943
97764
52488
73456
52424
85085
2365
89275
1819
15149
78783
52825
54287
41957
81197
79170
72874
2444
64925
63233
2177
23899
73496
8384
75399
81825
53683
43580
38383
19623
69094
48503
39199
50702
44043
86188
36371
92212
11669
60093
76811
29174
50667
93800
34035
7727
45343
93880
91245
33855
49583
66296
10780
61447
30615
13218
50383
72304
90736
27126
73513
48747
8841
66470
71145
70483
74273
24814
54779
18479
78430
79297
7898
75667
98702
71870
51136
78630
39607
27937
21355
78879
85181
37238
18606
54344
80624
84073
47665
90469
65710
37401
95462
38894
31676
50827
75690
90711
22237
87418
90899
24656
97324
29643
89276
68521
17596
22431
34954
26382
93194
60450
15482
48816
85467
53537
3306
33251
29304
92152
91424
1988
85282
27273
2139
69555
49523
18761
51892
37534
88211
87572
46352
10558
24243
7329
74757
52762
33674
61456
26790
5545
48522
15935
62509
95734
33310
97468
24388
18396
10658
79637
89777
42608
79551
48011
41467
6910
53186
46565
34173
21004
64087
33569
17510
76283
98023
11045
9929
97067
60235
43188
38920
21310
78988
14492
54937
69557
5273
83211
16306
78998
1636
12546
48086
50415
218
72578
66652
14869
79036
1347
79736
40517
87518
67780
71880
98923
70716
46940
18365
84865
75572
86383
52548
13583
100
44412
65200
40017
30721
64051
5286
79062
99953
27972
68869
83940
61382
38258
5039
98617
36215
57287
29305
97101
85148
28097
58763
68435
30373
84394
94388
96798
74904
34181
63789
82880
24614
99044
58664
81902
49289
63383
60277
18655
63452
15615
16592
88083
6935
30304
93099
13713
21701
25045
51540
48712
3364
69501
1666
49655
99672
31475
98945
59080
28620
82523
23288
67126
29286
7160
19699
8816
4774
40539
18578
57782
83643
71670
21901
93056
57058
21391
92290
95102
46844
96528
91581
8858
75306
56763
94179
21722
94343
6490
82170
81313
94307
45972
50904
91061
67512
23804
30791
50107
49963
13124
63826
35742
35232
90799
81551
77487
28474
33859
87401
15207
64334
88349
41640
55527
59042
53759
24767
80128
90152
14756
7154
11151
55217
53717
80514
52096
24400
65588
95543
61843
24364
30516
25833
58620
90657
14092
32362
82788
17459
53985
47539
47470
59472
640
28298
46964
13889
47437
92461
45103
15085
56053
47582
29365
59691
35808
30826
62428
68673
57411
247
66493
26526
2002
34666
82260
14384
62290
20883
24388
91202
92939
38774
57079
9174
9149
58326
16931
78715
86634
80383
1800
70219
68113
8592
27158
39844
23227
53476
42060
28769
23630
3004
6523
55476
28895
45642
77833
5858
10532
28828
70577
74619
45063
15779
64455
68788
34327
10144
25881
39331
20953
22058
46833
21078
796
85022
91192
45681
19945
76323
4565
36834
39705
59512
26706
17826
40352
4093
27487
51147
81064
30715
18224
12816
74585
28657
3201
14078
49363
22172
24315
65165
56382
60162
82958
5090
97369
24634
52606
42117
23407
22140
89978
42201
60999
11009
6823
2109
82234
60918
2587
92415
12064
87139
70693
43480
5315
12530
83530
7239
12373
73982
57579
85966
60030
28858
18210
58595
33517
83450
63883
39668
49711
8034
25024
27355
64894
25226
70236
67833
76945
13450
55681
75282
73361
72136
59796
30436
51371
41371
84742
3621
88481
64346
64622
17657
79708
97766
49682
90765
67228
82289
86885
86163
23567
51082
17898
29850
33568
99495
44758
3656
3623
97101
11412
61175
47583
36190
90082
7146
67220
79071
344
66123
12411
325
83593
97410
16412
86684
802
13555
30058
55412
6831
59413
56595
56584
74717
77419
19282
84172
30202
49345
14722
35026
87512
99332
5357
3321
41617
79486
75235
47571
65061
51116
22726
30418
53278
35166
9762
94766
25012
16683
60090
36853
97709
4559
8637
77935
17820
34690
81144
909
87402
3189
91173
87630
82034
267
60417
36526
78758
91282
92443
41291
16240
38526
56711
8884
39635
5184
58099
16817
30255
33224
61809
18730
57026
39668
84595
10069
47756
77555
6261
13950
50284
93210
99348
63861
72422
36194
22525
86351
17414
12669
53024
91322
4445
80595
64066
18594
87082
90525
86130
37560
20789
50237
56723
81829
10228
87768
99800
54507
50512
77265
69679
47220
73858
84772
35668
10330
33655
39131
63014
60658
16531
60368
64598
92277
56690
31296
32187
92333
96777
82024
32771
82200
10762
73535
44548
16412
86342
9840
62673
67048
52205
48658
42216
70786
41746
68325
60424
66002
66346
44203
8959
75626
75250
38913
58369
80784
50480
57945
46614
92650
49778
28310
50058
46853
34995
75842
71496
62466
28700
51663
93216
60702
19015
40808
57221
84060
89502
16276
13588
78353
9314
83463
17262
78891
72520
32036
56710
58399
46174
84402
97654
22861
51531
13274
89548
14195
17044
46267
76418
42059
60538
4202
60683
9505
68097
89929
39689
50134
58540
19970
74556
63082
98596
53825
48437
17449
30615
14987
50952
33461
44605
34719
36640
80235
41366
78920
18028
85461
1776
4924
58519
43851
132
28788
53302
38407
11167
98343
28890
26852
78431
46757
85637
83794
92691
72014
31001
99705
997
15149
65804
56422
1140
6484
45656
42231
23321
75669
18831
46719
61579
22650
93995
66999
85534
30433
20003
81314
7174
95832
28762
67258
47098
26225
50290
18620
76948
85378
11102
14861
59605
11803
30196
92360
52420
62853
77025
42085
92791
80052
24343
67847
97898
71272
70466
82626
61420
44998
76920
78054
63994
39630
2766
16781
75875
56504
82535
81405
66890
37008
10983
46459
40842
555
87590
52365
12116
52389
84257
77449
4627
66905
64938
86719
52881
58844
86687
72927
26482
7190
2232
52073
81918
47742
47450
43312
95965
58001
12873
66313
10810
70382
5402
81622
31946
96913
78118
13065
64902
82186
24634
28503
35187
85433
1931
75163
3
50153
90184
53252
77525
34310
95784
12573
15351
21852
57633
84150
13419
61645
78074
41332
22120
2767
54041
39602
20503
55456
43830
60434
13086
18790
73393
88996
282
24360
91423
73777
41029
4898
27327
55460
95863
72585
27050
37398
23464
87196
39497
9493
92819
62818
16545
21809
9079
25574
55657
52643
53303
75340
73084
5370
52289
58767
20234
24994
72748
93528
83113
57555
51130
13725
82280
28852
65021
