95529
15582
93601
33951
18964
59245
37941
59463
38193
35472
97406
46554
47966
34921
23106
81579
22681
36110
78644
51182
5212
96045
55423
96071
47967
74975
29595
39341
93793
12711
29283
16475
25153
5992
64605
25139
37862
56064
55608
31599
28991
16005
83796
15526
63653
34075
15003
13399
17148
4047
92206
35796
36760
45298
69498
78702
93085
1365
70473
26329
81054
29406
5204
76572
25767
50149
7158
35576
49046
41101
7356
3346
47428
42594
98553
53599
54114
30667
23894
73739
69502
72716
5702
37254
80869
70972
49560
11339
4290
58365
79430
73133
15877
52509
20426
87425
89183
91912
336
54755
13289
56680
18662
70374
55620
22746
79279
66491
46363
9902
95736
77948
35556
20955
74370
78550
84358
61948
66206
10577
32021
11787
43926
11326
24600
98457
68616
57052
45228
61991
32174
92966
21089
92419
98872
87260
2594
42435
67484
4045
24786
85463
21923
54526
1906
53326
66244
4857
18079
78888
86606
86901
22264
17715
46911
52062
40989
16133
10610
90849
48946
75604
28149
25239
35491
3541
19128
63531
23011
95759
79585
47625
8941
88411
78717
40420
34123
26235
99025
44068
20404
18100
9775
39691
1231
87497
31235
35011
27894
9973
90797
67270
5111
64324
68361
43880
53460
46639
7722
20453
88522
27955
87621
45027
18062
83533
37801
77891
29395
60884
44109
73898
95593
76370
57474
71334
81695
16864
83047
12064
74793
57662
26364
51389
35388
47436
10094
90383
29526
52743
90256
1374
91963
29795
53355
56751
18843
32962
38860
42191
17327
21390
32060
79519
47234
27769
64493
3771
5772
90190
86671
95080
92888
66131
31363
13978
15528
43134
48135
92159
85295
15953
63600
42828
82300
10739
90326
46018
25334
38188
31401
23644
34371
79741
56065
64919
17507
66810
57267
12254
27609
67109
43743
38417
8105
89449
46342
53874
55196
15471
43993
80525
81217
35712
47341
29985
63215
25367
93771
49326
82117
43810
64132
22301
79122
78613
13313
20198
41392
63595
44440
16259
46986
7803
18554
18191
18943
83123
4682
7609
47839
95731
16776
48107
23282
11144
1740
82066
80824
76675
49422
7113
34187
86965
92641
13350
90304
99274
58816
11777
94125
85312
83200
32893
33764
47938
94822
29972
30205
89477
51666
66115
79538
90494
62712
18319
17508
87133
92367
52914
38556
89003
63011
40358
43627
77692
32741
10637
91154
7216
15394
77594
51710
15244
41200
38400
3243
32399
76901
66870
55369
24852
67554
25859
91548
93060
54573
88843
57469
83285
52060
47062
50206
27010
30285
72825
29483
4840
35891
64452
3660
55707
61514
77927
93735
68963
65067
79586
33314
27606
86076
66983
29414
79635
96223
97998
1823
21816
6218
5429
59616
63937
56854
83666
72995
33342
13265
95478
54414
91151
8399
26624
96497
18014
58941
83899
53836
73434
95446
20373
97934
27211
48462
37469
86519
91191
57676
1015
80223
74544
80564
73216
82576
18103
17474
41337
60558
43153
42547
98546
98072
90244
50813
98932
22950
92015
25535
41738
96113
65316
88627
9357
91442
72866
81760
35403
33762
7603
17069
64212
99073
75070
29967
16608
77907
67882
64675
20032
12292
86513
89367
74687
30092
83708
93922
14229
37806
98880
13268
87305
22842
30165
84712
47903
38386
29999
37143
90661
40618
28091
88550
27254
55625
54104
98271
27626
90220
52207
4861
14650
9929
18608
14656
40755
20752
20106
4001
4663
73422
57927
33280
5546
71659
46370
601
11935
26900
31494
92821
18304
4339
99652
11964
36116
17050
91600
86087
60912
37822
71769
49428
56637
34112
1347
22452
65249
29223
33955
84670
31533
27465
4598
35206
21986
96873
53630
328
59809
42042
27322
49918
56622
34913
23073
13426
4256
71928
73179
45037
35464
97455
60220
30733
1883
84557
81950
72053
47069
2453
77690
64350
20492
42532
97186
15307
6438
74838
75230
90235
55512
59176
32897
14616
78341
81304
711
57004
97231
6152
8077
71699
48420
96578
32909
93675
17448
45621
88341
10888
99963
66110
33603
96676
43911
66626
88703
80755
94281
40631
64853
95253
1849
84483
50669
35429
76535
59036
57161
45678
88212
48846
46683
59454
97466
97179
61888
41202
16473
40988
5180
35312
20976
73318
403
97460
72116
52680
85601
42722
48895
65137
9080
38010
83288
57390
59636
86506
58298
37297
3580
78813
51396
62829
8662
51921
62462
38078
44807
69895
59202
99173
17639
86579
15534
49233
81757
61907
6373
89881
20700
32924
78140
99910
52537
2831
69736
142
25256
62667
80417
78331
25842
13628
42675
17674
43381
88882
97570
46734
67384
43116
98423
8149
33930
74739
55595
42467
47574
49187
64398
57690
29316
96132
24693
44219
44143
35255
50110
27398
9982
18572
5377
16222
63522
44816
36437
60136
84555
51907
33563
31569
92455
88839
45739
48079
26520
21365
12666
54112
62673
81866
47621
44367
25133
73439
10428
43381
26124
59158
4813
88507
40682
17744
21388
75390
98237
22747
64093
34476
88140
51529
54142
41898
77191
67740
64019
78584
86695
15741
38351
24556
90082
14572
77307
90075
44682
99857
87367
98582
58596
11153
46379
35217
25728
11260
62616
59295
83770
26307
43327
80025
46219
85192
86205
73789
13132
65965
44195
71411
95913
2446
21662
83435
61726
81035
94215
58018
24273
52413
9961
87876
37867
96362
95241
56651
76148
57108
28023
95205
98122
3243
9073
82420
35070
32963
44014
12718
50987
7232
62958
83173
77811
18894
26555
86305
21848
12269
81819
32041
12820
65417
13941
47713
32054
59591
25566
86894
12922
56636
67711
69300
24771
67032
2501
192
6519
73087
89188
3905
75287
42424
22921
37009
34298
29663
38939
67282
21477
405
80108
76852
777
49047
65570
67539
45016
25036
46204
16317
11045
11543
31395
95824
70328
12205
43504
61378
95243
90016
95540
24859
16645
38394
71783
93372
93104
10790
44848
12995
38456
97192
61326
88230
52258
69452
2977
77629
48550
73403
68056
59164
46091
48907
88152
80350
45982
35246
28485
86429
69359
47562
9616
89374
97512
62505
73149
68106
77802
49094
67152
81430
62981
61928
78036
58692
436
19596
62375
930
57363
154
22917
53808
26591
83098
41008
17088
69000
90303
78937
97494
49781
7361
87149
66319
80948
969
72703
3166
18204
54981
68014
80464
41409
42171
20307
31249
82611
18906
80009
79912
23252
63980
85081
39389
12564
13033
43616
78427
7883
34117
31680
21297
36402
94216
21440
15410
71134
52798
32385
82748
99578
59461
42590
54806
85567
52932
50878
19570
36659
48956
29914
51058
23004
96278
29957
99718
39999
23611
13661
56756
35002
89411
96237
92849
70330
41349
33180
72363
96761
12269
74390
38537
23319
24651
43892
81674
9524
41480
62026
99882
88104
72660
86478
61667
30911
37339
75328
47088
9460
20598
15642
96621
71945
30205
37525
54650
21184
15226
84917
79966
51834
55929
80594
360
19017
87547
773
45969
29971
97802
43115
51038
82214
38567
24697
34305
1362
66239
28796
24286
82536
71580
22155
48363
24109
20183
91084
91313
24922
69355
73311
39600
64628
87302
65323
66783
18915
82681
50723
87696
26769
85262
6325
35505
72128
32184
92399
40847
88872
55558
34222
97461
95245
78482
95492
77491
26233
54742
40101
6842
48603
63198
13326
6787
58651
2488
21779
22991
51064
18184
12964
10633
34401
67864
72123
59336
52012
50765
71108
38641
58070
88981
24361
16249
75512
58044
47737
28231
42594
72445
72149
20984
54742
8149
16567
7196
92708
62516
58175
78622
45822
61549
45531
50690
28183
88525
43730
40358
80828
70408
78061
83563
47471
36430
37890
15693
95836
86557
70239
93773
29083
22992
30415
93776
8961
45941
61548
14912
91074
37533
89282
1936
75495
62444
59004
52669
57735
45840
61453
73584
34790
89454
53084
25312
45223
39256
9933
1781
97327
50682
8872
22439
888
2708
81129
18213
5454
54114
23523
47377
72906
23159
86865
57576
7336
68873
30587
74016
71431
5509
93185
86602
81244
80547
88519
73942
29331
7668
77917
76886
14340
66296
26922
17979
9230
28300
73589
6523
66578
34848
16367
59093
67983
48807
18240
91627
9813
29447
56588
31565
10120
75665
41250
43127
50419
84394
11297
19696
5382
75400
93639
50707
37774
34232
77272
37419
74640
63676
16391
28216
13090
61683
73892
53870
82629
52496
41826
52956
84802
25484
58084
38794
89952
67798
81635
51003
77663
30441
73470
56786
10645
48375
50655
76657
95331
29473
64102
68573
33075
19624
78964
27261
39312
62430
94166
6529
53857
86006
9068
59968
54947
85434
41333
89849
85282
3354
88761
38491
8948
80994
94899
7648
60947
16261
34232
35380
5013
47350
48488
39700
32906
35477
94832
38225
93553
74438
90554
57875
35446
84637
57938
23770
76940
96438
40309
32192
4451
91457
59928
33115
13350
20506
32626
36670
53237
1430
86631
12895
43706
46714
72435
55987
13929
53766
21007
83414
98040
37935
73058
68167
39545
49066
76327
82159
42673
51043
70583
18722
47414
1357
5171
90558
89609
66421
33233
82640
7149
90927
78592
27767
88996
86610
16121
4672
22789
93215
17348
1680
86683
10780
67204
9280
8317
44640
58912
4482
57253
54567
61551
66754
38000
55076
7871
46248
79665
78006
64706
60538
27666
5843
47094
16415
28904
7074
2512
34142
22993
47429
98404
40004
88013
70355
65107
17252
93942
78179
68497
43800
21246
2212
98129
94598
7204
16650
63344
47807
27218
33922
45755
83937
45141
37351
37438
18395
92026
19789
18827
70864
59586
81915
21570
80501
87586
55094
65027
65269
17721
59512
54349
90741
38830
479
79154
50513
166
83329
8313
44772
43263
75069
54639
24039
70764
18253
11596
21713
96526
30297
38206
41116
20299
38565
47732
77384
37453
25866
57576
97049
2937
4033
93257
76540
97483
58331
32420
84679
83243
6095
10127
8253
49358
50763
88275
20145
459
44843
97363
55266
52247
31688
21757
81477
49472
42247
89163
78401
30627
50642
406
31603
70475
91076
56761
61425
40871
4414
79133
29900
92998
48599
77670
91502
95153
46544
13433
63235
65029
87109
16360
92277
65323
49983
22684
90607
58454
96614
28030
25411
86137
41716
92386
79335
61026
12357
62736
52057
62327
75914
22288
92611
1643
89885
21329
36763
86365
64367
88343
80033
96046
45469
5663
19083
65085
10049
70800
13182
72416
10949
7679
23090
15425
16210
16126
9400
32627
88806
5987
8088
42479
49828
51761
52626
22511
47302
47237
41286
70662
17133
74495
37360
72571
81401
43
80331
95104
34964
40875
70774
90003
7432
92643
50291
35824
60081
49184
81228
70321
83149
91430
43185
23811
11280
73332
56828
17510
63317
31382
18678
84929
28430
84263
99794
47135
61884
7841
22231
97610
2394
85027
57595
97634
37428
52381
8714
14426
80821
76315
10950
38448
11678
77100
31528
43847
66130
3470
52421
28259
26990
68247
1165
7616
61078
40738
93164
56334
24906
277
95859
92845
30648
69067
79409
78402
78188
64674
46938
55251
81890
1219
16458
8581
827
68810
8771
92687
72397
22641
68849
56378
42997
28253
71791
92599
50889
84068
15683
25149
60680
23322
25828
70046
9170
50871
61084
57381
75060
6278
38120
38831
91259
97708
48316
17507
59306
12051
62115
27278
32327
76147
19140
36639
2607
71484
72129
6236
20170
40962
24089
55872
32153
92197
89933
6066
54924
99195
95424
96258
11280
34301
343
86850
60741
5643
1184
98974
82446
99069
31214
73562
56098
84423
15330
91975
34911
73991
39910
29570
61854
95406
20276
10761
23809
24777
78643
61019
15113
21804
46177
20586
41509
83770
86988
91775
55908
51826
74618
61835
1035
38585
49128
58310
33346
865
25327
32294
76361
26739
67459
80093
88905
84190
76438
48494
33541
92219
49210
87118
14030
48508
23139
12724
18358
76049
36106
60860
47612
66615
48974
40062
13318
95422
75860
74117
92685
46421
38192
31375
22450
10644
63004
98656
36110
28229
9765
50563
58215
55663
94213
79934
75167
7169
60490
73873
17255
8856
89814
72299
10448
5357
96224
94825
63362
23582
55607
41388
21861
57111
40039
85942
95805
62493
79956
90528
41619
23287
48483
52411
71374
54745
88376
93793
74880
56494
5594
66263
19708
55233
7283
94818
8358
69320
18452
33730
707
49102
35765
21712
57679
8316
49305
83631
78190
86147
98128
64306
19226
15560
63798
17354
45563
84076
64280
14058
36724
44503
39959
73497
13146
80609
45862
21299
52576
13212
57742
47517
20973
68385
5872
44579
34671
86582
44394
18543
80937
34489
7507
23080
57576
3948
91296
78757
99507
52349
84585
30028
22753
54608
94310
10220
65508
17867
70386
31251
95779
17598
15506
36877
51269
12653
207
16314
7305
3611
34334
35818
91859
87604
11265
55351
59169
58008
18247
92287
8155
29407
26798
28253
67369
13837
81353
31715
79934
9556
79676
18262
466
17088
94148
51078
89518
89507
54900
62473
61761
75998
21818
36371
42351
69000
96736
96435
57224
33662
13198
91021
2967
28775
29964
88335
73553
37731
20773
43763
11629
40816
79464
78992
25299
75192
99112
34941
15629
94394
92227
68804
33946
61619
92896
81726
56641
58057
41969
85840
6947
51764
19576
99682
489
58025
72134
50104
35292
86436
49215
94191
48468
8626
21561
67157
69320
31289
8546
38565
9412
84708
28609
68254
69913
63662
31765
4288
82862
40522
92155
80674
3700
7117
40651
51730
74007
39193
40577
30442
56976
24774
6137
15627
99063
63535
87571
76345
19670
12503
92663
17171
7641
18134
9778
81261
74274
73060
31390
5132
40857
20640
53375
48669
73696
42237
55786
81938
51588
66218
85600
13370
46159
28092
4664
35484
48347
87707
9915
36880
37057
15814
98825
62874
15023
41059
51417
16548
15480
80455
74493
71702
4646
5918
56228
15349
11722
632
13593
89109
57204
94065
16168
89788
88830
6554
43713
15125
36962
78153
49973
41517
28364
73306
82557
57390
41739
90272
90618
76150
90177
91981
30520
66675
14201
4473
87723
10941
22200
44818
3547
25232
96492
19585
28188
35876
14401
75221
72406
10987
57234
51822
48132
3430
95389
53063
26296
56676
7471
26497
77403
70008
58879
47273
73905
4022
56471
58533
9403
67659
25516
37504
71798
18294
32750
24879
41889
59398
26843
46335
64957
81233
40239
37630
65549
8429
97750
45090
18524
82031
8481
52281
93405
51135
4247
43183
63598
28948
44899
26998
9142
84017
65803
54805
50029
25307
44065
45103
71867
84662
90962
12686
60408
61531
75803
55756
63219
15832
42876
13694
69710
8548
32933
88765
76038
45885
940
25139
49553
52320
48065
85919
24704
43300
18585
26148
59332
49812
52422
18900
73517
36199
52104
87764
14733
4606
72668
20365
56410
37209
95826
2191
72275
92726
71965
40577
88058
51975
69700
84201
36704
19791
51413
61684
66398
60697
1753
44579
14559
89588
50307
43155
71195
64879
61954
89831
68734
72557
20757
93108
55464
14725
59582
40553
99245
81081
31855
21497
7068
66193
8417
54470
75901
57428
86340
49419
44180
70114
48049
32678
99906
85328
66587
10368
62762
85312
68579
46298
42769
43901
91723
96535
67486
59120
60706
50656
96002
8866
70846
46232
29617
49039
80392
85372
32462
30019
90481
62198
61157
57908
35587
64415
95921
44795
78930
37774
56798
59472
16337
25666
105
20545
74304
25447
98883
21870
7363
90952
57876
96132
8143
21330
95228
13397
90269
28769
77909
45073
68065
51018
13429
99811
78004
26275
12336
69833
51053
40722
35258
40657
89902
91665
67913
35021
49850
18171
37017
43347
16229
13206
71913
32020
55684
49373
72194
37559
19044
936
77560
85841
50646
20986
36201
97602
72647
48775
70435
78991
14606
83328
32450
76248
86399
83069
77847
41302
51709
13189
81764
84211
48236
27837
42595
92869
36547
81355
81543
20520
81344
10309
66714
22743
23318
52859
90821
49799
75682
62782
60430
27328
24955
57035
39452
94713
48008
15704
47894
85743
48427
27322
88905
51042
60379
81329
47144
46668
64495
4368
84654
39614
39894
92812
59167
39352
33060
18913
50924
7621
33351
75292
11893
58321
65368
3752
59433
45736
73612
62968
32873
83629
92586
37518
32587
37907
68247
87526
60315
56731
6381
20866
23515
70539
44138
12946
58794
49351
99045
87807
91139
97679
60283
70005
8380
3893
54024
65003
35599
75545
56337
54768
67158
55715
62621
69716
94095
11228
40964
93008
90527
59145
71104
16051
73683
60677
91456
23401
1569
31833
52252
9322
78669
60763
53826
94653
15112
29121
68622
92007
97330
91840
81881
5908
43328
86725
2985
22145
86041
61519
72262
45411
52794
68359
87084
53335
2713
44670
61596
39495
37127
22977
11629
2550
67439
79355
57312
5832
81659
63432
24753
1905
33653
60145
74761
83033
97515
45736
71760
62984
21100
82081
18560
10291
52975
58444
67925
1315
74002
17067
75585
55775
40768
42420
7804
91254
91340
66532
75704
33291
75930
23646
68082
7485
28317
7999
50629
95345
65275
26623
72152
46110
16172
14567
64120
25525
25185
23433
99296
43531
19618
78048
62452
10149
79472
76005
72270
26335
98409
94539
72879
19961
95049
88920
7735
80478
91374
76928
144
27666
78740
52287
58724
17559
6494
35955
368
20604
31478
95092
86960
87043
45964
52561
28409
6541
59291
9576
45189
20869
96681
19330
55881
14149
38349
54953
77955
49993
21546
16838
13519
64558
81466
98939
74681
74662
95174
48890
17836
59004
80081
90720
53065
82718
73845
35378
55860
5196
94053
88338
14088
90491
77457
44798
55274
2886
22664
52677
57306
38289
61336
77255
71206
53019
37393
64040
65786
14017
79975
78832
44978
90729
89558
83778
44528
15409
25824
73079
86632
51380
37202
72534
69272
57302
64709
32019
96245
66605
81759
48097
18049
66284
35738
39093
89721
43660
71965
9017
92619
81177
17414
39977
99588
66295
55177
73741
93447
20304
84466
73843
442
69851
55078
73417
75675
88041
25543
97236
78384
73103
2391
24848
14811
23436
63572
96101
33612
33974
25602
9154
1232
31205
76678
26232
70760
91707
12142
42294
2196
34574
95982
86876
61230
70676
59557
16350
61428
83210
25054
7703
80797
74593
30034
93191
3436
31269
23499
44139
17154
91979
72036
96504
43086
85271
16396
54611
29792
26631
31849
26991
66075
13568
95705
76932
44264
66099
98483
553
20967
459
73036
31663
45089
49685
78550
20089
33721
204
90755
16347
88544
81953
98055
42670
53384
16356
53115
15437
37040
61937
542
83151
86046
76633
28022
66593
61932
15116
60180
38815
85817
59744
629
655
12607
42817
93157
67483
54084
14613
75743
28041
20170
52298
17295
24
44098
49247
48856
58617
30558
83820
63697
75784
86339
35726
55434
59173
37597
82867
31980
22771
79084
17342
77887
62445
94269
83192
99109
98816
8372
11188
71715
69385
97732
76444
8960
19275
40929
55037
75910
72268
76076
90252
36454
12590
56718
57427
62072
13029
61792
23965
21887
88282
99271
21625
12203
11675
58173
86702
36376
97532
26346
1884
84180
5902
66386
74122
27070
56282
49415
59922
84362
77275
29599
90245
61537
23349
46785
51132
62693
92726
63769
66172
54386
22727
91563
21349
18495
27502
15204
51831
164
2884
57259
24770
20342
75822
8439
16488
81806
22522
83226
81201
12263
16088
48763
88139
67814
64018
86850
63612
73428
42666
30796
83430
27495
70510
97502
39349
39423
56250
77142
7720
14604
23115
64412
70265
43916
13499
27128
11627
58674
73854
5246
14063
65826
92056
14916
21779
45529
14393
44468
79624
20714
52054
10108
36526
93027
66020
59427
47806
70062
17395
43574
17843
28627
65958
77249
71766
39035
36971
14777
26725
29903
95771
27061
90848
42271
50159
20317
63696
49214
4252
72955
94291
44683
93261
58606
86760
67274
79261
34110
90675
65329
70925
75785
25166
30559
82984
73628
35181
57766
59696
57853
37804
14345
90468
10565
43927
89985
93809
15115
79957
39290
98482
62876
13554
26266
49637
91558
26312
95713
23531
97651
29706
70091
8028
52276
32780
50291
92901
17747
2034
9426
17375
42762
50707
67973
78637
24177
75657
93100
92114
55922
1080
84047
76076
36442
88025
90523
2257
29992
16195
33674
77668
24967
48308
62849
54100
27608
26017
96530
38834
46473
33240
31618
18956
67714
65998
37349
70379
66590
44522
44325
55909
44982
32364
31138
86368
43001
42204
31795
6116
45208
6315
11851
31964
25949
15496
73046
78729
89244
66529
65282
75490
93090
61043
72251
29067
69802
98769
9103
65297
16207
62125
42192
89792
21883
61830
57687
29954
13789
73582
53446
5140
38457
30422
3302
87014
9050
24024
97487
48814
50403
38529
67046
35594
94051
10681
85984
41936
9094
75056
60741
56308
44328
55431
27504
43734
11268
89336
40851
71556
37899
26979
42007
25939
46672
15863
75296
74358
97760
4953
4847
55961
24560
56307
57954
31869
49486
22908
58006
3087
84281
83168
67213
97223
72269
54316
42314
26234
74038
87896
88760
6525
95622
73361
72267
88375
70785
2818
6174
11809
94645
62
55643
74428
70568
89325
40570
83567
64842
15441
58593
22524
21705
19859
96233
39454
8578
80847
95393
64225
16437
18873
8267
77502
76530
82122
50533
62162
95504
61995
9058
82458
30973
92444
93943
54988
66575
61154
52274
47733
984
92427
8644
84747
46872
89535
77599
46958
30188
96581
17530
60992
15205
44782
85905
44733
9652
77731
68713
95001
46145
1670
98578
82965
78362
47783
56422
67582
74696
37062
3182
42306
67070
27423
26947
52143
62059
32887
73841
85962
94606
31457
23320
66249
88041
65166
18220
39246
60143
9967
63869
64736
73399
93320
68209
59047
96978
44626
51276
30820
65305
34509
89074
55723
56479
61697
51939
63326
57349
39375
43109
3623
10509
41785
62784
26001
76359
99114
8162
22499
3463
6627
23170
37627
40567
86595
92386
77539
82216
33586
3534
90291
32068
87691
70210
13763
78335
57796
83560
59434
58572
60219
37981
34296
57612
66175
93941
64684
93473
56279
78133
90547
640
56179
10687
36190
55077
57357
37355
38494
93216
50939
6704
81823
19438
69589
88674
69374
79267
53981
95829
56328
10562
68751
29215
29329
32239
6791
81692
59662
83195
38186
96267
55727
95
25714
88630
78556
2468
95993
51503
3723
81759
63041
38933
78140
20762
84413
20790
49745
60749
4736
18574
57325
48268
70336
47182
45287
40282
61382
50360
84491
9275
13557
37607
54637
58791
70485
25835
41867
24666
30683
95249
50911
88520
28663
34562
55069
23438
82969
19010
87983
72227
56736
28248
66539
68590
30721
50126
55693
17745
47920
44302
93590
93603
38414
58508
82689
39004
33456
55427
33662
51657
70823
13943
76877
35935
44977
71130
39256
75628
33948
1450
52301
63337
94546
85879
24535
39116
99238
77410
74040
64089
94489
25825
24741
61368
50184
40544
89534
57123
69142
99585
3656
77462
87282
72324
8169
90313
78757
46369
26368
65433
99898
34674
21438
97442
5418
36942
75397
42185
68675
42160
31131
52213
23668
83062
61226
24286
8471
27493
84728
91710
86396
25258
61630
20325
14702
62812
80936
87848
61093
36061
62568
88921
36423
47774
92182
58865
95579
25666
43528
6794
99180
47259
12746
55018
2166
89617
60859
85241
57008
84673
36964
94547
4790
54402
70293
12729
35921
91715
75293
62594
1925
90927
82021
97904
96056
19571
85962
17661
9274
18422
72694
22995
58709
55207
90010
61178
64818
92405
61002
30061
68741
2295
65301
77286
26167
85036
9663
10232
43150
39260
18973
71035
53627
16286
24012
34689
20767
98995
65518
57255
84827
76143
74786
80616
94802
46744
53470
9387
42205
326
17772
42589
59276
17387
76799
66489
70740
36012
69265
26340
12089
15789
98298
2261
94393
23435
55151
30225
8338
16835
5364
75989
60625
21360
75423
88588
24792
18866
78251
79105
93451
50185
88533
37710
18040
32576
77911
85234
62944
18951
9951
89986
20102
73529
67371
52054
55027
29213
36611
25700
65476
45127
54098
67882
52721
1438
1987
84004
39098
69721
56436
30590
91696
77218
30329
5092
42397
2492
99568
54037
29009
81057
51645
10805
26378
30884
52002
82561
5791
96470
16572
4702
18441
64260
48604
60938
49646
97373
17536
92852
6604
92081
13358
86984
83935
75444
8908
67106
3951
67970
12383
83748
29816
27933
50847
81475
14391
54194
66323
27643
50158
86234
82158
30594
26773
30556
7525
18330
11550
45135
15403
93056
93122
84510
54636
32962
34348
46276
74626
63822
68738
74230
20951
36837
89132
928
53112
91630
96355
17415
7794
52999
11351
3630
36589
98230
5468
98741
21921
95229
51954
37179
92376
96492
65584
54756
66306
69904
92941
57077
97999
23242
65962
380
50157
33467
22527
65293
49758
95195
94433
19271
99476
92777
62252
71830
52172
39932
50259
95825
45317
44055
9377
18243
15259
2491
25675
75431
29349
54935
49556
51500
37543
87547
45212
45848
77876
40426
78022
89353
62371
1870
69477
11030
74221
42853
9730
63285
50401
9336
36748
49877
80932
75373
66973
28619
16968
66546
45541
15563
32584
31066
93078
20716
87389
10117
63979
22478
6848
4855
95669
30711
80605
42154
26531
99992
77200
79647
77069
62767
55998
23280
57245
37510
64531
65313
12987
9016
86003
60629
244
55252
23871
22973
25190
42778
88007
90315
47307
72738
1190
72709
27903
49948
25886
58421
82319
96306
22929
68316
71616
36745
78073
14247
96857
2599
31877
85946
80047
34638
34512
46824
69579
78086
37663
91173
95673
66521
49399
80947
28688
93592
96665
66488
95193
47707
72187
80209
95037
19142
39812
32959
17840
16327
50756
71680
65524
75483
98158
67705
29036
63696
76083
42575
158
13957
28155
86421
23075
47246
22946
98879
95790
35540
39118
98644
53398
27385
39881
96643
56130
77017
52831
45133
93840
70188
48116
46688
85667
16232
85539
31939
26279
60419
34959
50189
75233
57750
15272
76977
75287
26940
83837
91988
82841
41914
16792
44254
45483
15802
95706
80366
58833
11247
17267
92616
62198
27549
44094
78314
50232
72848
99159
71869
14355
38154
79450
10663
73704
73019
99769
76093
48074
64392
96730
60213
4326
77806
35275
313
48588
76768
29603
72120
97886
11661
43414
2966
75347
71005
93876
81316
72841
79897
33022
91083
94469
5898
1222
54465
87816
87897
7523
78846
68912
79030
75662
96456
66151
3029
69980
51466
56397
48050
52119
67779
78717
79093
55963
76251
91646
95760
47723
41040
6440
24902
91629
70319
69745
53158
57161
78527
50163
59636
6713
62710
71740
28297
41645
69007
67186
14577
12190
42483
38625
87570
17740
67924
23202
58252
26135
7161
45833
91548
17046
2515
37707
36922
25144
8143
49130
40131
36981
18308
30079
64081
83119
81132
7715
94981
92746
21935
14746
49479
7109
38938
3100
95844
19733
78927
1249
21143
87549
1846
83017
72706
38347
50289
901
90075
94770
40846
43045
71492
44351
97013
61343
70130
73850
6369
61465
11855
22811
33356
95859
44571
56550
76386
2260
76590
61861
23736
62735
51672
44961
14933
98001
30953
25885
80590
81930
83948
55439
38128
8950
13870
3771
86230
2791
57373
77421
28859
23473
61675
50771
57065
11538
52882
91605
34224
91291
28273
67026
26194
75135
80820
97560
64923
1655
36307
36671
49773
11055
37073
15875
25178
15697
44100
30013
43723
48492
67764
34845
42333
45952
14492
49541
9483
99529
67886
79141
12518
14342
53715
46414
33986
77861
90288
71477
4362
27212
93412
75143
98740
11206
88110
15971
80526
61577
8459
8857
29944
3520
33181
72605
48971
58618
56679
1863
3479
23854
88020
170
33514
60616
84280
89231
82412
27829
32110
85101
84744
65511
15201
59207
33509
84005
64806
16131
47731
11154
12678
38498
83456
42009
87962
18529
86794
17010
57263
23019
60207
98099
72713
58264
31648
61110
91299
12935
564
10787
87828
72659
57944
87322
15469
27861
20133
71519
7839
71222
33514
16610
22938
49550
60616
49033
90033
94014
75197
78013
76921
59558
69719
11982
55023
45380
31754
9956
91961
15819
52669
25635
3364
24252
23327
63802
53389
57347
64695
1000
11484
80016
56217
76107
81291
51120
32276
93830
61604
77255
31784
55086
96040
22189
80533
24370
11212
72322
17678
57221
46205
93871
41964
54634
1828
507
13280
88506
47877
4422
25888
58196
21057
55717
33539
11266
64764
42907
62984
3203
20217
81201
27471
4475
38273
94674
34187
8628
39746
69189
56367
75374
95252
21607
66086
4714
4727
47332
22527
81167
76600
9106
63621
94583
30834
21034
47628
96122
42545
80420
94375
98965
45714
31439
9111
89238
58439
25962
97950
31718
11703
54241
26834
979
72897
17319
2284
81849
45568
68940
73984
62221
26602
86171
20199
26694
4147
89747
36889
88840
11439
28224
98486
55694
6741
44341
29571
6963
13343
51144
44402
1981
63309
89099
90137
46279
15049
6882
7685
58538
77413
82726
15816
56263
31457
16373
52013
71251
26664
25651
48780
448
92922
31713
49721
18756
37637
21496
43447
97191
80588
8226
74442
19854
29066
65878
78698
53311
52719
49966
2195
21521
38217
1606
85850
33554
94622
88051
12026
90644
67382
51518
17451
13493
77653
73148
48500
42633
42150
26155
79416
43334
72883
85611
23660
7948
82416
17142
12168
36143
19608
35870
1052
94370
28368
12673
23546
47746
11911
56715
66417
37724
87263
86377
86010
72316
82533
2821
32747
76947
63899
12451
25385
74436
20471
50935
12122
683
98757
41440
65336
81994
14216
58117
91650
11378
60477
50603
85804
11658
65696
38640
62039
94591
92072
18343
4572
39593
67789
32464
24705
1717
50954
147
24878
90356
81757
6841
61177
60447
29772
31527
11645
89541
58306
91384
98377
27955
72310
1974
39253
18335
87404
87861
77072
30833
78133
69292
72948
26383
4978
22033
12763
93955
3510
36751
4459
41515
87465
80934
49901
67772
29032
21952
86043
82452
73418
77996
6199
86107
46558
18808
74616
85685
87984
27311
55199
51975
58762
96973
8169
68323
33943
79675
54141
14578
15683
23404
59557
28284
14878
57139
76921
41815
25407
70142
56150
94698
73861
4179
88590
81821
75513
64901
66745
42623
56655
41331
59466
69267
18219
38013
89340
60856
7169
71428
79883
71924
67701
7997
89567
5884
77376
59474
76354
83907
96788
91446
98291
31100
94103
51298
96115
69293
81643
20432
71197
75282
47758
26099
73171
8747
26205
22961
80179
91556
21203
42207
33288
56543
59376
94903
40413
61759
94997
60888
20876
33171
24331
27674
29013
32350
63459
84013
29226
38143
3192
19373
31879
82018
83056
85092
55039
25282
98114
97628
26993
95001
2770
99359
83610
54469
48696
70989
65571
43737
12990
75321
66331
77917
14312
67713
76064
64323
18957
51784
91831
70856
50148
28817
43483
1058
93082
62330
41426
74124
83135
32819
48794
73931
16545
72921
18467
29884
78865
64596
74422
97149
17761
62249
45107
17460
84142
89052
88505
30112
12667
88935
61789
62522
90643
61103
26878
18023
22992
8073
51855
18269
14457
9545
92179
93903
91141
3842
95175
20855
8575
89983
953
36384
86338
43388
88471
74061
16003
47618
86274
73640
73550
31837
40290
2571
76905
11516
22802
93253
95701
80421
10779
93321
20018
72498
38079
73145
3234
94444
56332
37163
18150
51778
94385
88917
80388
1062
79436
89882
40042
21220
81601
53169
268
49120
36392
98670
99754
26891
98525
19951
4941
93825
52539
77349
79024
44547
95298
66045
45307
52268
53364
3914
84330
42450
42720
77553
24716
39674
32694
61489
52487
56024
72570
91916
72025
56290
95859
68279
17242
52624
58339
53082
65597
90931
28080
18244
55349
9487
93089
43726
67892
79798
67045
41834
61743
28706
89292
73256
64893
8718
59801
2756
14270
46513
77711
82224
74008
94329
1641
34010
95485
59648
99718
50841
63145
10382
29473
27705
78599
4874
44158
46241
89074
6622
68673
42397
85849
14566
29401
51597
58428
25364
74009
50985
915
83876
89926
48591
93710
23511
14860
72171
54455
80622
73324
70530
22004
41477
61456
22042
32872
66761
8608
84681
62137
36663
47404
97881
98924
95251
69129
23573
43180
40354
63993
15891
14698
58020
56963
64254
79007
52273
87457
50654
62444
13519
3128
11590
60418
60333
52803
27707
93182
19104
8168
16796
10476
85015
27308
73425
28332
85852
11426
82612
43090
89002
76414
86262
49959
77062
79336
12176
67117
91995
53708
65288
17248
65238
12271
94812
15192
22075
94588
97166
38763
78593
12443
52395
86064
97137
14083
19545
75261
8118
71655
27837
32914
30785
81836
50567
69742
71261
36699
81339
93567
68841
87729
34716
57784
78967
78227
72342
30938
96161
20159
78824
63093
24291
20734
50509
97064
94136
69878
10310
51972
84724
73244
87173
54734
12411
16775
73336
86532
99965
46111
72848
53783
8687
74451
79278
33494
3463
88042
92105
73899
61524
93778
91614
7967
80791
35989
97268
8056
94754
64937
20074
15043
60843
52678
33056
46317
84876
58162
16319
52427
28539
67000
26886
13881
13697
99416
20050
415
44186
61239
7497
75696
10248
8247
90115
65356
49843
50690
6357
58470
50849
22752
76827
63487
13070
79176
97985
86641
56584
10418
51887
88008
68042
56267
8527
88554
77395
99202
65660
91384
74594
19967
92425
17996
76465
76755
67050
83202
57387
55691
53027
39155
10538
29470
21388
81917
54833
70
48093
36926
57059
21163
21212
22527
76095
82651
81696
33550
58681
65270
19264
49379
78357
26821
85278
30756
93922
78986
79017
57220
43377
13811
96083
1638
56465
65736
43217
32223
94569
2756
25736
17081
49297
11425
66458
1716
33069
9484
58348
58088
96230
57495
20467
33125
51719
90029
38235
96795
24049
72512
76884
61238
74587
21790
82489
27393
26442
22914
52894
92203
23081
49511
64565
6566
69061
18136
91389
27052
44872
73186
82952
19164
43472
54763
27528
2179
53131
97947
28213
39126
83761
72920
43069
59771
29117
37009
90888
78856
90985
72560
51335
6211
90150
47122
24569
68104
31061
81939
12346
28041
75781
10018
65160
64720
16905
49844
81683
57919
14933
90100
73152
29081
41877
99224
82554
95609
69290
25262
57750
59520
29570
54870
68385
17356
73843
89385
83240
61220
29363
18359
39523
16912
18551
11279
25759
29765
93926
30391
46344
31327
16762
92123
60879
60838
80690
22594
53469
43283
57335
58844
60660
6700
47433
87671
94366
64555
55428
34417
12117
45917
19157
30504
81326
41734
16595
95949
90819
79489
91292
2327
12059
75717
37357
69012
16023
14052
11677
45786
22492
84717
39318
33788
96825
27985
23793
41560
3028
6403
23470
20237
27701
41592
76397
23370
42542
38285
37900
79073
21125
38024
45917
86778
60000
57207
39170
7684
12204
17461
38120
4134
52266
69003
90110
53780
6135
19411
67920
90301
98262
11799
97988
33409
9500
25144
58928
8736
49367
33195
99126
21102
33212
82429
21598
22914
89324
66488
74766
87021
56866
64125
6472
44392
37531
79889
24704
51463
20258
58133
8505
72650
50328
11981
16507
15953
77981
71746
23474
62607
35549
25698
45222
72984
92154
4101
56435
44340
86705
10091
13444
93590
37740
62241
53681
94341
85860
83619
7058
41817
90896
47899
36159
31330
43278
2951
58406
90722
3181
14681
47879
24187
66069
55256
26383
56931
81491
71875
48752
30580
12581
43094
24249
6592
7358
6757
94199
42945
81687
35429
23400
96591
94995
18890
15703
81674
75404
89195
14809
92343
26047
47842
25571
10920
29489
66031
81478
71860
6557
40540
85608
11974
94971
44827
91776
12144
31086
66444
84718
78560
94954
68283
51157
85387
48063
82246
37109
88230
5479
63324
27593
276
43144
49184
96090
27898
80423
38989
35166
18158
27754
32116
28049
69805
68935
36032
57550
37739
54958
10011
79530
68518
22095
72969
63437
52275
106
71666
14221
21978
1074
28893
43113
93790
2204
12248
672
26036
99722
86261
19723
81717
29134
27950
33277
87950
96573
42792
94198
99669
20691
80373
14558
33238
73532
42195
41700
42699
3174
39699
25907
9162
50913
22676
51406
9048
13871
14990
22952
3675
57614
65962
41378
71886
13151
49934
24770
81517
30770
47191
37900
19696
86032
42559
80128
76181
7972
73342
60464
2390
45191
41100
54043
44377
79304
98340
54571
85414
5108
82212
71080
75187
76327
41042
22295
14907
97999
36185
77298
31726
23000
53937
37285
20098
55802
45180
7938
42919
82396
69804
78306
39159
22691
70882
80281
44332
20827
42289
57108
11980
90688
48833
61298
30176
46601
42224
88956
37762
28562
5842
49891
43061
45957
60057
93300
91726
34629
22833
77594
36047
96022
33698
99024
74933
61580
73080
63297
82215
19118
50911
16254
16143
19046
51335
10235
63461
41801
7687
16071
23847
51581
51038
86535
41253
91052
73269
17422
53016
28740
28417
71930
73683
68200
6212
95693
27953
29654
53267
91174
48270
16725
41874
16157
83218
1627
38299
28664
77416
4153
61437
37004
73516
39012
1633
62931
46371
97089
68008
60710
83909
80140
22737
19191
91221
93924
99318
80974
85233
95255
12726
16158
38148
34469
6702
83811
85401
2131
74528
91259
85899
79535
33813
56894
56599
12091
19006
68283
32019
55704
22838
81328
52600
86320
28612
84005
15610
576
11613
76806
37880
43072
53670
93467
85711
60113
50230
96134
10953
41954
29658
22297
77971
71550
87987
34193
49644
58869
58842
82195
47064
97030
93635
15617
62485
52358
40383
59672
3014
94863
64443
81290
88426
72584
20582
89907
41841
77485
4048
28794
48005
63643
94958
59238
14019
46042
39547
13946
99725
72583
32152
4846
21592
33885
88275
34796
79360
26656
50757
94788
47100
32997
56758
65772
41164
51745
30843
12888
42991
3021
8575
47122
72369
12435
86496
99542
32609
5847
29232
96780
74880
32549
69885
64034
84437
6323
91562
8997
11518
89202
29275
88477
50721
95543
76720
5603
97185
86016
76073
40063
96812
46405
89256
4194
55377
59453
72723
72540
38799
63146
41592
92347
6504
71298
81996
26434
17780
31867
75308
87745
914
68754
3653
99831
2809
16311
44622
4608
61357
11833
41683
22204
73870
45930
63021
30047
59370
8398
23020
31022
37778
16645
42198
24828
98249
86131
56585
53025
5081
39753
25949
22356
3712
99953
61926
29733
51368
37947
98101
71482
8725
1631
35517
66563
79959
27950
26291
80892
2271
43898
33486
98687
33613
95550
95374
75715
99848
69611
35258
73205
63240
78161
71777
53841
47309
91142
68162
31357
47090
99542
57703
6242
13787
97095
65516
97256
70988
57415
24190
77581
60756
97940
53566
39202
85894
4584
47652
72994
92712
17184
63137
21296
41060
72743
15133
44620
58492
81155
2750
11281
1306
71068
34762
73198
49894
52068
10116
28831
62928
61544
28338
71367
26157
90673
40863
13836
4447
86743
60924
6928
42349
86435
13218
59047
63570
74495
27731
55610
37265
75997
83550
73750
49158
85249
21504
98449
6231
36395
70376
80380
69865
48357
52467
80670
48015
21989
438
93394
65469
88991
62267
6686
29852
86315
70914
9582
42646
57038
67304
3598
18160
38024
27973
6497
88728
99897
54287
4832
58579
18608
49436
55666
86169
9042
74725
7972
46717
53827
3239
75078
29252
94741
88739
7106
13719
16106
25636
59097
71860
88775
42912
47644
58974
24183
75800
78884
14708
90392
10010
5998
72127
73063
46406
12855
27589
2595
44973
58543
32027
28800
87125
6493
52280
73739
54521
98319
74532
99765
86093
73788
14671
3518
34271
84697
16990
42175
56698
94196
58848
88979
92004
85104
90751
67811
93927
34845
38481
75245
35245
73875
56110
12240
4324
94443
64444
51575
41953
29018
71719
71903
8289
15339
46028
96935
74218
63544
38164
22963
85776
23429
4798
74333
50995
85465
27541
60569
28422
70969
3233
58370
75210
1539
56089
50438
2425
88164
71446
47532
51391
76246
99522
59133
43459
37050
72847
86870
54371
53262
15557
11208
65469
25931
17299
69578
26346
2173
41799
40828
83876
79296
74776
86744
45257
25043
82048
39735
84504
51132
77032
10046
40375
52472
55067
29411
82359
15005
38716
66783
61231
31886
93428
70162
4774
67898
56451
59758
6029
32849
80792
63713
5736
42180
60123
95266
56460
68472
45384
28151
2788
34342
77590
42529
36078
95539
72917
34853
86786
25287
40183
39415
15347
47820
58821
24613
41038
95013
6322
1405
76063
65832
28108
64572
70099
62298
35566
70612
20888
77477
89075
58681
96865
76536
60230
8553
59078
63195
4437
9974
50152
5294
96451
43569
93745
14045
78812
49108
79098
2946
27011
35211
52198
60215
47592
96128
70188
19350
71733
77603
25138
20335
25479
79730
18260
20357
24154
76458
47460
10501
30941
75978
14476
28388
45125
95713
71791
95188
88766
45172
36749
27395
15387
88909
35653
45073
35758
82850
30133
5355
88308
42369
94204
71017
65224
99094
30369
90048
21879
10617
63309
88164
54355
35063
12659
13598
25953
22811
30063
11046
64622
29208
52844
17534
42110
50549
18400
61482
35205
12342
65906
51439
33070
30372
93180
75847
11736
68600
29355
83198
21857
2121
83171
89165
72603
23599
18112
79473
74267
28211
66199
29190
26064
43989
36314
59813
80976
50233
12507
58327
23790
60304
6280
55221
8840
42846
84692
67582
97821
46893
56759
42260
43772
46126
16203
1843
30615
49671
39799
69455
16886
63229
37161
94153
72776
15423
30652
70701
12661
44940
27130
79947
32111
38051
46458
95920
24742
75397
40522
68737
20570
27465
82120
56468
47947
42268
93706
60331
25261
62450
69918
54125
46904
84622
39179
45698
89947
12777
66486
72490
89968
26274
4161
5691
67563
4419
61741
99126
79020
98796
27201
36677
69268
10239
46499
76243
44596
90791
53634
34151
84000
51205
13462
1183
33635
66808
69056
20837
81196
23368
29611
68848
24646
16848
70708
66842
52230
69414
1029
60345
31581
49096
60252
97949
84333
71108
39531
76229
11897
62691
60025
702
81109
94388
52198
77016
76860
30801
57739
30471
23584
47056
19008
58163
4891
40520
95511
50044
18309
60350
93189
14447
75391
5355
1601
62749
58315
42315
39269
28926
46495
49221
68338
69473
78574
5650
90512
65070
47174
82604
65138
54363
33689
37908
67480
10151
32531
28448
80430
90678
48170
96095
562
98474
32180
45866
7379
24858
69810
76330
3796
43314
24713
83520
43952
60230
69969
46292
37560
46612
70631
97245
24
23317
4829
32969
56055
63904
25489
33579
8701
56508
71963
9343
30607
76703
94176
91994
2549
90759
75780
33138
3613
50548
63484
43495
42937
47393
67234
34638
85763
83837
66785
30520
52128
23466
4399
28195
38178
5553
72635
31901
59080
3040
13628
75088
84000
26370
59337
12270
71341
30713
2215
3866
11460
69114
39165
43184
60431
40133
4899
52659
9236
98079
47385
45554
94608
53166
95188
90549
23069
85616
21203
64842
93107
84568
72432
70790
73451
34695
96241
14106
27326
57123
25886
90516
47372
31510
93486
54415
92248
50694
72762
22488
76816
84940
15635
95997
2475
83763
98575
17268
58187
81359
65662
50182
91906
73400
73050
60983
13553
74818
82365
97650
64716
24857
58222
71093
46585
28766
60915
67894
567
41817
64106
56273
50427
4409
13522
58639
43285
60400
45220
67764
46961
66148
69151
70597
84346
49235
34817
93428
65017
74790
92145
11722
3771
26160
153
90032
35504
96356
99506
954
38127
33457
86967
96049
63448
62619
86075
10075
94482
84662
24247
4328
2098
40161
4604
94236
6493
13085
7622
39860
33572
49129
7473
73783
37551
91164
31781
97531
10389
1597
79629
44720
29350
70370
9190
96141
4555
81156
73555
98069
4070
8347
32493
58309
37939
33499
93847
42110
85136
73227
10639
80969
5017
23421
94337
73740
3595
48399
11381
81479
60587
72445
90665
57931
59007
99937
60858
89912
12377
92617
89755
22385
94293
39890
20360
6975
7192
7142
82741
52926
38135
86512
54047
34088
2234
56088
1892
60028
75189
7263
36270
52075
76246
29656
21930
49247
1470
76257
27127
2824
91974
27486
79194
50564
6755
96496
8815
88425
82371
89814
30649
92850
31543
73600
67354
59717
47531
2252
60383
91293
93904
53312
65843
80665
16923
42114
12500
91744
24807
7191
61954
33487
9429
36054
23923
37504
8788
68936
68387
45432
97979
98239
72425
17422
68018
24144
88709
10739
75889
21934
70678
3042
87136
79973
42952
42214
33854
34575
91626
58594
49918
82390
57629
44545
93803
58279
49353
79995
57612
46511
49194
25568
35490
91413
90951
9220
17550
4820
79043
95079
89999
54259
5228
94624
61513
49442
88145
15781
14754
36819
71697
38106
37351
20371
55342
25331
29771
94084
10529
62472
9391
25752
11335
92020
69084
59212
29496
31209
95821
77438
33688
44565
47978
44781
20775
58217
14000
57292
61427
68491
20652
1570
64493
90074
59974
34945
75065
78809
10458
52416
77407
32059
33249
40919
20766
7049
21486
95959
16512
10546
68533
3556
98697
33712
62054
42609
49769
48275
53463
93558
66065
30220
94303
47471
49986
63256
56159
87988
21056
45703
13659
37233
20710
70504
8550
65665
60020
28019
49724
90092
79299
54418
68776
57274
68280
19181
42502
68882
81527
43920
88995
40244
50735
20955
40512
36240
35731
37799
32342
39553
57641
7632
87315
59401
25723
58915
57954
67305
8172
90533
2633
33373
2820
92573
24012
40883
21548
80095
5390
51270
60469
15318
10456
81659
2770
68877
49106
9463
52454
63387
31631
57275
58712
21769
94853
3773
41251
4800
94553
99556
17418
38740
44761
60672
11976
72007
30691
61539
91302
13627
60164
31712
41382
17592
55898
51167
41628
60982
86042
24985
72925
85864
846
52054
78447
38277
31414
73121
58400
32980
57615
98821
91602
8147
19314
13063
29843
27396
3891
57951
68363
78613
6313
91124
23407
57898
51085
9010
19827
55497
98236
22123
65149
55106
39959
74919
46708
98329
20074
85353
6294
67730
97001
68001
61353
92087
75605
27719
12201
52745
41886
6330
58080
96321
48259
45461
61172
86273
21430
71018
24091
57660
99099
49983
56265
5022
51854
23810
16458
80313
78947
80297
93963
47982
44297
80202
79410
40564
35560
85716
25326
83368
31146
76361
5065
99250
99190
9688
89241
94223
43319
86619
33014
6336
51451
75562
61575
31150
21655
9658
72341
95801
1000
83541
87393
82812
30740
37271
10673
10046
77551
55810
45349
95447
19098
13599
35528
86140
21349
67698
3586
89930
64085
16792
9546
44140
34913
24128
73337
38504
150
34275
38458
97228
53787
76065
79933
7280
28335
82809
44331
47528
88205
8709
88307
48617
74481
26608
35139
26901
89877
6357
41906
75525
16085
77685
99034
96498
6897
95604
228
90783
11120
27537
49180
71815
91904
88225
1635
43966
37756
49894
98818
56359
84391
45553
78108
80722
99125
14993
95421
4559
5673
42934
86383
39348
79289
69703
78443
81382
15374
31484
66572
26055
52071
94489
35519
78013
9500
36008
20054
15803
46624
16114
48860
49166
37760
98777
10596
43718
45545
32981
44730
74431
19238
65705
50811
99339
56230
86721
80320
82717
56188
59627
25748
41109
82400
23631
72647
53731
34419
59628
27164
99194
3744
93296
81821
80658
32989
61651
39182
9978
18673
81329
13183
45848
85296
31458
20986
57630
95457
78072
82397
87147
49440
36756
69858
46043
21312
5126
95801
97901
29704
75455
90679
42895
96414
57268
72359
32935
12226
73841
7519
36096
99761
184
2286
11919
44745
47253
30418
28290
92748
56063
86406
13412
42174
52493
88152
49167
85993
73714
77336
9358
7808
79350
85836
10830
60064
10419
20992
33505
22418
19305
34555
64398
19821
53790
68398
36440
4696
90838
56581
7081
77325
43690
896
8859
62841
83912
32411
32259
84832
67207
1096
15419
62846
28741
77119
57963
74600
4416
94604
42163
81553
63853
66758
29111
75368
5464
96416
54246
11231
29784
68856
63433
21094
13166
95021
56805
38550
7866
20398
3309
21962
54970
69006
88584
68391
59745
98675
97402
74844
10191
81805
17745
94948
5042
80836
53071
89928
62393
85418
30606
89442
48465
62415
25365
69373
99230
36212
29014
27608
65720
11671
25152
22249
32927
55917
40360
95198
33980
64557
33264
35102
31733
32009
73873
59631
59852
35384
16394
19728
28950
26415
66756
90662
57395
78382
70273
78293
23407
35286
3745
65796
53140
17688
56177
16675
6793
74665
34032
23400
69483
63185
33823
96756
1734
58403
29029
2421
52111
44103
62844
56100
99010
8403
78939
74255
41236
44536
59617
71793
87380
26393
27035
13469
11363
22646
12210
80858
90892
60454
39956
45704
35905
81635
21373
20929
916
12063
61986
55162
33935
26869
96409
19240
36657
81947
60072
12960
41990
65811
42985
7191
32033
68864
88599
12616
27160
36725
44249
54100
27901
47209
97223
44931
82868
81447
69661
53352
97589
81602
14395
12707
6912
67910
31926
17857
46840
18345
47615
16446
11678
37217
9838
42090
29131
32943
61099
62984
99689
74520
37368
7795
75119
97845
81374
80796
14359
51424
50739
12431
7101
67727
29541
29940
30134
68189
86854
83825
85354
26339
88531
96652
2096
57510
90499
93517
24197
94858
99305
10050
34281
2373
23589
28957
44374
24622
27533
69272
32765
13844
54803
38553
22463
16042
5556
34256
93381
53952
41565
85309
26076
98989
95993
63918
40400
79752
90363
98406
61092
79286
39109
99226
37708
76286
50515
87701
92103
14361
79719
83771
94364
42245
94034
17546
15823
88280
50203
26140
58912
81361
60911
69609
47393
32554
35877
35978
39890
46249
40652
51832
74139
76566
56436
27443
69317
65096
96630
1598
97653
43736
93697
52680
83494
98039
97666
67269
25570
62843
19311
13435
70301
95412
80528
33529
14254
93789
5002
26785
16746
29583
29546
26471
29246
78383
91402
75441
64713
47879
42371
18590
55285
83089
82351
44131
65488
60464
21881
29168
34411
4601
40420
15474
29870
3183
72660
54289
41045
59245
71869
77145
38188
72475
19047
71703
97986
35364
32379
55673
13421
47550
73388
27576
56282
90312
98244
96177
9231
60882
83626
55662
12959
63990
65357
19140
57640
50404
62256
17142
86573
33787
43730
21782
13067
66452
23992
10283
795
14904
32602
59151
58147
69522
68519
24047
86648
75007
75061
68790
2933
10434
45737
22627
39825
79956
79103
86550
71711
45081
67863
1642
29863
12205
96156
10780
11997
63933
95026
31017
44763
35634
37627
12246
864
45735
56423
52457
11140
38268
8118
41269
8727
13796
91402
1235
36277
28569
37582
31019
31912
19024
31165
17458
8890
83558
76112
2061
13556
63705
45480
13588
83384
47379
27092
89042
94008
16449
91519
36329
58418
48131
8218
80530
75880
10876
48034
5826
10112
73576
76205
99368
72181
36429
83894
62355
27543
94954
71298
73648
98278
93357
84110
63856
72774
89665
32727
97160
56735
82820
27526
34163
27124
57942
27286
38450
58238
4621
69667
19380
15973
80870
14641
82256
28922
73078
5270
97007
70804
10910
34757
25191
64933
83325
55256
66849
62424
13951
25401
51836
10889
66419
14061
1323
5664
9467
77469
3737
10412
14876
83235
58541
57593
20438
99629
83688
74445
58925
35057
78475
57348
12005
57518
50230
82022
39788
54042
82923
84322
31570
40045
74417
5546
19412
39913
79605
16682
29845
85541
50154
68070
38477
62549
18129
88239
77500
60375
55028
64609
74967
89724
39436
85884
41955
272
43010
77917
56352
50888
27026
43897
43644
55144
62764
63157
94505
81135
70773
24293
29640
75359
21034
57919
66212
31564
22500
4027
3964
85633
759
40618
15384
21641
27956
64207
43037
52961
65327
11486
40923
1751
91131
25680
64003
44702
53360
16160
14614
81330
57903
31429
78393
85634
77436
93676
38725
93471
40042
37330
46362
13375
83349
61371
83828
44910
94921
33874
88982
37042
60512
3389
85154
89690
37192
17147
38538
31938
2498
10461
53249
2181
96231
41823
30315
97504
17189
48898
28467
9183
743
22919
28571
23910
16211
57257
5934
57054
87277
97720
73522
21210
62041
64206
61657
50277
27614
96335
75798
17354
61062
86818
61772
73470
29793
26566
94786
17550
55689
17683
42355
99777
97024
49743
96546
14762
90357
96265
47051
25453
61894
53685
30997
45195
16575
61220
32963
61036
11777
6816
41322
8519
53918
10849
60220
62385
64993
8143
56995
17792
61226
68596
50473
31034
38583
20029
32308
77119
38206
24365
22287
35055
99574
35262
59779
73370
50678
38645
37318
259
19253
43616
44970
56944
49137
80943
74997
76912
68075
79853
27024
63817
37615
19161
35481
40157
54033
22949
31828
88632
31091
99978
66494
71897
41571
58246
81537
89146
19265
89075
51620
17022
5311
77445
26586
78423
99105
35744
70939
21233
3171
91764
6383
3678
8506
70870
19014
60958
81138
70332
52165
73194
13911
68116
96572
47773
62736
72226
66835
53761
79493
29332
34977
37874
4993
59043
49119
18832
73362
53992
99441
66950
28845
77721
62852
90194
99951
81119
74198
72977
71135
94101
86030
28008
6191
14143
31820
93425
61504
20260
12923
40448
50149
29418
78339
53905
88544
25357
10203
65041
46985
39483
6364
96453
16974
26863
10193
506
24659
28360
66091
50954
14362
89413
27600
33992
93118
38975
73907
78408
90297
68707
58943
96526
9062
58442
71213
58961
27297
18551
42965
68556
60554
14733
23296
27521
97416
28907
77948
72682
82730
99716
78249
54589
63624
88703
11057
17115
79209
32136
77589
83126
2750
12529
14946
31805
43307
54729
72578
17285
59014
59670
66094
34421
4856
97874
67649
6286
90432
18656
86088
54037
78551
86281
65334
16767
11566
10359
58612
9432
66547
31662
33878
12015
6771
67106
30216
53154
73913
43705
66183
18785
47348
35133
43276
35426
95415
92029
11651
87104
85018
25090
26106
66512
54174
84522
61012
8547
16718
93026
3134
26449
64833
98212
74777
42536
34428
35530
10006
41744
29587
96334
54624
59962
91696
52353
59186
77093
33388
3204
40041
27948
33915
34150
63316
52943
75333
39962
28265
17084
83566
49812
145
97019
38582
10624
55875
84499
34012
62398
86030
58204
31422
37214
1328
48930
96572
24533
50116
71634
61947
39833
62200
5412
31013
59871
63836
73094
44621
27790
46743
16673
56688
44607
67251
91337
55319
57428
96984
6022
48121
97682
20919
23162
73790
25916
98748
52463
25982
93773
71303
60798
72551
93682
47572
47134
5437
45570
91830
27752
91228
79514
26178
54595
68922
6553
78343
17808
38216
18997
82396
69812
44726
61561
80882
80413
83510
86108
31625
97939
82712
83358
37118
33213
6709
45793
46337
98285
94248
2306
47780
34473
49462
10067
26032
95511
89134
28246
1586
67076
50540
60119
86483
5265
66967
86631
44229
13466
11690
44401
66456
35556
39920
51867
43245
88739
91272
8507
33378
25605
86536
15763
26092
33279
81118
58251
13763
47953
56722
38569
10423
45048
2791
13199
24320
70769
39712
79313
27155
97541
49119
96849
70640
90037
15881
62009
32792
80963
71109
8884
39388
84442
27907
88522
1137
25756
55833
45878
65824
63814
95592
59270
36474
32961
91646
90127
94952
37352
40117
40394
94432
54001
78105
5294
90516
21659
13606
18571
7908
75890
38831
40896
5267
76161
10811
16154
26968
23988
55146
13770
39979
40073
18646
52514
62751
87379
12533
15596
67919
13483
61434
88422
72913
56595
11387
35837
42727
7592
23757
2853
3572
1348
96491
8083
54475
84908
29046
35192
36547
5853
54678
47514
72104
42574
46335
19472
77003
36418
67535
92857
25945
20140
24467
25882
82632
92959
36681
27155
80846
3633
59713
27164
74188
16364
99868
34977
57864
4753
97974
84791
52760
27305
77185
76314
97146
95561
42759
4356
28897
77537
32464
54444
71017
80001
62148
40921
68843
55912
64648
19170
58957
24363
35813
2147
7761
67487
30951
21822
30925
95235
40801
25803
31643
88204
41965
12541
74438
64334
71505
51379
165
75332
4798
61688
82852
18525
55537
70104
37182
12035
47900
9695
3207
18153
79647
7823
85574
68848
5840
47933
59999
27286
7866
22601
2926
9852
17857
66265
40944
34482
36323
83505
27643
44545
39706
9328
44527
62804
8351
11178
6116
47204
70728
89662
80322
13439
5746
26515
87695
50932
76250
3892
91714
59454
41860
82308
40919
64171
39871
96704
48732
583
84928
34128
22920
14826
1546
75146
85899
7034
54672
96867
9697
5758
58929
4434
92320
59841
70498
30436
78576
31199
66441
54133
67738
2607
98085
7729
50937
45421
11179
77031
48621
53379
54252
67847
59343
46131
88978
43864
41375
53732
74377
89752
55961
75814
80474
30193
66310
38659
39411
31156
16462
73541
87394
79317
8299
49534
23200
40387
82296
31928
21578
41378
25353
25465
93291
52263
8468
78706
24598
74191
96525
23460
23502
65213
66448
31728
78856
88974
37783
70106
53832
16442
15852
409
53705
41
55480
58429
89017
33615
29817
2909
14816
30726
11634
68157
60097
53478
43868
66393
32664
74724
12570
23952
55972
19236
34891
8239
48222
82556
79929
88024
40839
67207
97294
95664
59489
27491
83526
33986
70323
32104
39871
96275
74288
71940
70061
70531
63665
15320
41546
75356
50527
57577
25258
55035
60269
64291
21741
31768
43073
79473
40910
62291
91763
25361
55641
23613
75246
31928
17977
49792
77748
99746
23182
7052
41247
86515
70269
60575
61729
98735
546
53553
60845
29811
19713
22009
71118
48174
67866
97855
78805
53567
12699
39646
14704
27308
52111
42549
36438
36220
72756
29963
81823
52050
57707
55709
16784
17990
68552
97574
90868
66562
9225
29129
73862
84598
30627
33886
79756
11864
5719
91287
48573
95803
40580
81261
24866
90219
22934
16236
2074
10851
77853
24920
61272
38731
59896
51834
12679
87185
31760
62955
81454
46690
97121
63227
63183
42757
18419
44670
50025
88597
44391
36021
16541
57497
80557
18741
56045
76546
79090
18005
6912
77632
26838
46393
58851
79937
35355
42166
36970
18951
30970
93313
39508
60741
1680
82649
53483
63222
19798
81390
53194
56410
35790
18604
92858
50445
62841
55912
62773
13190
71685
52933
49068
31241
96740
27396
10468
18057
77752
3046
97562
60254
28490
28254
15272
11007
69626
17880
10783
85628
10768
44097
8596
80954
76337
10577
85016
80363
39725
58236
9023
56202
66677
87088
3937
53105
71403
96139
16447
25047
63473
68157
67614
53416
85571
84054
36815
49250
53057
19084
31823
25482
22021
61802
88265
66506
11795
78840
49178
37223
37645
35171
12973
26498
99686
45802
42724
43115
39086
52900
16888
58045
29132
2577
90968
88123
96171
23899
13997
22021
13163
10152
8958
54294
21496
22271
82127
58876
75736
31477
48708
66069
75389
95699
82116
40163
92986
17126
91737
43692
40722
97314
96595
37809
61165
8339
82060
19273
25060
55842
56518
65113
14875
73569
4849
59314
47438
86675
76233
9351
12900
15067
81851
96617
90272
45855
31464
28001
50711
93496
28994
14377
43356
58617
41268
57191
51926
29146
62111
18311
71987
27328
98814
56308
10902
87786
88203
77555
24971
14587
56954
72285
89019
14751
63779
20630
43036
92123
15997
64142
97984
34934
58086
98772
82477
92670
55967
47026
67885
86584
28148
37577
23835
61896
2554
49962
55070
30009
64848
7533
35059
73833
62824
98322
32706
24020
46975
11730
50835
5084
75144
69441
36633
17618
82855
60258
44012
80035
20376
21126
49717
79010
5488
42723
65538
94350
16924
22701
66681
13247
98790
60692
79561
58803
27733
44922
285
82671
79636
56495
80714
54324
56907
72971
90119
91424
26633
75463
33436
92734
4452
13272
91794
50315
33047
25449
28042
99046
51113
31796
26058
23379
65070
25148
37043
95499
6375
46026
36206
51780
82277
48131
69284
3609
59691
81026
99629
2710
88785
96503
66304
63938
6405
93307
55465
33928
99404
15119
31512
80164
68101
51920
90294
25063
92623
1817
29139
20455
56449
53750
23707
22247
98839
73184
24903
28254
15405
57049
27631
95238
40131
87334
15101
71619
65536
89700
8893
50349
95347
7176
96400
40636
10773
91895
69120
80240
53386
87455
75790
46394
21351
2736
51175
62251
98701
77179
50389
25463
90259
87045
27057
58116
26754
28871
8311
94325
64697
60390
18930
16398
66225
88554
66102
47651
65691
22525
73804
39265
43302
11842
13863
36345
18684
30191
97686
29092
53196
25192
33779
46872
97922
10649
85240
51878
79986
18352
2161
66444
74901
2805
18604
55166
80778
79879
32077
73036
55421
68053
91582
77328
93220
38229
2756
97206
61958
85860
85197
40072
12087
4859
10565
40405
59295
54026
19015
83454
45464
97204
75664
18173
5910
26630
95824
50385
52609
58325
54202
99402
55933
92371
51355
68910
69803
70766
62567
98118
39048
97701
35438
54921
5491
28104
59374
65282
9228
75595
24450
6464
9560
46118
76313
49562
98977
85868
86625
5277
23418
15494
32641
84819
58913
14252
80326
91186
40925
55999
62773
73694
7494
60198
75232
17276
78467
71522
87380
49044
815
15472
95982
72289
71925
39451
7309
93049
58267
90012
93411
74740
68059
8527
7654
25947
39019
979
33667
32750
31070
7709
94418
88529
79268
29306
95556
44180
18348
51967
29017
83134
72970
90446
2062
22805
51892
32232
18291
69805
91718
3433
7739
54859
12293
84612
12812
28756
69825
11132
86199
98583
41235
44061
45633
84691
71430
40053
44576
19910
14738
22546
21858
31572
31939
94552
42790
1200
75576
93919
1102
7530
41544
11303
19724
94805
88735
62233
54265
12307
10117
75516
9668
34816
91520
64433
55016
55896
48144
28875
23479
57958
44952
69230
93906
5226
77852
76003
84186
18917
7526
69109
5409
31940
54979
24683
39546
66055
69002
34882
12591
3757
55229
83847
30289
84318
79176
38574
41289
41140
61286
64145
47085
83687
59426
31657
77103
20244
81691
3362
39855
26217
54273
23358
95857
3344
30205
32008
50857
4949
70541
2579
50579
97237
91436
40399
71871
96677
24751
840
90697
75836
15116
30491
12935
83262
8918
71701
50491
38438
5411
93609
45640
55216
74062
79470
43522
79744
2520
73395
25342
59730
74250
54784
29128
40447
49973
56234
79220
67112
986
24051
35148
78755
13190
21308
80423
26079
20725
31655
76891
38997
23416
9325
32617
81005
91184
57145
75255
86666
3802
48767
56604
14707
29349
99357
96372
17823
47774
48748
27122
46140
18989
322
77397
49308
78392
36008
91123
33341
2245
43955
32755
43220
34365
21537
74839
42677
87564
86738
57334
84577
64101
61377
2375
17004
38243
93853
83033
75881
58634
74024
25952
30997
7851
15979
35913
98749
75334
99924
37519
89325
42602
28621
710
99510
29048
39802
53653
29595
46118
40847
6177
8441
84639
60555
95108
13136
77671
4630
5596
79730
74877
1106
63807
7686
73561
49792
20428
24409
69396
90835
52798
82435
23367
24009
89882
74225
44812
6059
47719
42036
53121
58242
80541
70278
89419
60116
48309
22772
85398
19226
24769
46348
79322
35423
92437
27620
67706
83543
29058
17861
2598
39097
14468
52466
29249
7163
47825
51833
27005
75849
68529
73684
72481
20225
68077
84796
11756
32077
60192
4076
14004
70206
46347
9037
25991
67778
20773
49347
64403
3202
41519
68947
62721
14267
38213
55087
571
82071
71312
6336
78862
28710
92696
62831
93483
50142
37015
25328
94024
45229
65897
25419
82916
94038
42783
54856
82055
23440
99411
65814
18087
59607
99318
67257
98183
87212
85573
14286
53018
21040
55898
85787
14629
47705
88799
81784
34083
48974
33149
35540
38658
48197
68787
10438
34026
19670
35393
97009
58398
16668
29060
14962
94939
87048
2172
83113
24285
64257
76329
39202
4577
41276
46229
31583
88549
80947
39114
51588
19564
90565
23716
4158
23326
26283
87617
54864
83659
24850
11733
54812
56144
60058
94523
72075
68818
36074
5861
98841
80872
60333
51188
0
53397
54701
90531
92607
90610
3082
8734
3750
12970
81847
70224
62753
49119
39282
33722
2239
61771
89438
38207
62941
48961
42847
22652
29236
72593
56657
34421
32124
77578
27813
86347
82587
97433
98264
79497
45231
20048
9714
73086
20115
90083
68248
82757
13841
87499
98479
34879
7749
96557
81870
58786
42985
97685
31326
98539
87362
97628
50289
81200
95174
72264
58940
74704
18729
70418
90322
89355
73571
41955
95422
62030
23519
760
22332
1350
31106
11205
24629
25686
26358
53590
9910
54372
36979
68016
21868
22029
88169
85141
7038
71417
47884
42695
27590
46377
29596
19620
67501
60269
51823
87055
64738
11410
73629
5648
90199
9784
89929
36497
47001
31778
40007
38601
71849
37319
85006
15126
16060
40709
87644
11011
5867
48181
99360
85737
70040
35737
10120
67218
94814
93394
25223
69176
59411
14831
995
15596
8541
94687
53688
36787
79630
38791
41804
69259
4701
92143
99376
36747
48450
54039
89584
