40928
13411
91931
86386
15053
57004
61558
14760
14809
2803
82831
83557
13030
59171
59826
9647
11664
60489
77923
53926
85455
3464
63568
91531
75289
5626
45982
36236
79300
31076
68453
5901
58569
42965
600
4723
4388
36091
53884
25520
63512
2978
62490
10567
97295
63753
44783
123
36191
46690
38400
83096
81129
9254
55467
15933
94490
76691
64857
901
34516
24452
4624
45521
58567
88619
12933
44787
23961
98573
31726
49594
44005
49978
1078
30485
27423
40359
69609
92389
87061
23018
55791
89027
93714
9329
43574
85387
85180
6592
56167
30724
30013
64965
83707
30381
79134
93562
28295
28486
9999
16502
8850
29048
60132
62000
44327
49698
74682
80881
45766
82113
91735
57652
32500
4955
99886
43837
43443
16456
45410
20980
50541
76925
72450
60285
21930
2038
93235
23605
15169
27616
96811
67850
60138
45472
40217
41463
914
20291
95811
13467
49416
59555
72263
85205
53652
16275
92355
48830
66471
87400
10672
64515
67918
29379
14984
99166
4608
65631
35400
38000
42071
37427
25105
96445
90139
61797
75369
55747
42361
61164
74558
40056
92563
36672
94986
83520
39378
37216
94450
32072
2486
9183
92873
8930
9390
38604
66514
89725
17986
58396
77059
33152
53965
35574
196
79043
77737
21787
61878
66217
67555
58160
68688
52670
87533
3498
76133
8745
51890
11093
81058
86639
61956
10593
79859
96644
17265
20361
42725
63726
30868
89441
30566
11736
25320
15419
45705
60847
53239
43350
73189
12765
48529
66789
18749
68383
79320
43063
34202
95909
11736
4903
98645
47654
23412
4450
62449
43518
69084
1073
2628
3173
65978
41666
85398
26604
78795
2839
90787
98167
53483
4107
50427
13938
22633
92060
27720
75761
58714
97594
12719
36008
54377
23722
75279
92483
29804
82391
74855
95395
27281
58422
90420
67510
70168
26708
71160
82801
95034
63742
87446
22349
74759
88076
4250
37052
33262
87276
69718
1862
25045
24071
53542
16708
95944
8754
93269
16760
86286
76274
44377
92839
17143
37356
79193
43125
74353
18377
56526
63419
6330
98851
43143
90726
52816
22735
20807
20367
35204
62631
4170
39763
27821
64594
4069
25103
21081
18706
53674
68346
23294
13577
3531
22367
64175
32361
40086
75221
68650
6423
38526
66397
28558
27323
48890
95319
77162
46375
28071
63360
77488
81953
809
27468
29064
93519
93230
95837
65505
60222
3443
91710
46594
41295
66176
26814
41535
55807
76815
7532
18183
61489
67755
28683
80762
37498
11954
73010
79608
80296
860
50819
21909
34672
86486
58405
89800
79411
90439
72225
53346
38124
38068
97526
1660
40056
93118
85849
44170
90819
20233
37100
10444
54987
49464
12281
41122
48499
76500
75372
75359
33190
40716
83403
88119
44966
4694
41426
13746
87280
627
45455
94626
36462
99568
59063
57745
77817
7240
71971
73012
17640
20968
58667
8732
4633
62347
79548
55979
69787
36259
70777
27395
92118
45401
36364
32506
56152
29612
90503
47850
97532
93173
39484
53861
52089
31755
31893
89925
932
85538
9360
62241
35203
18447
58715
71740
44080
36838
77544
70776
4261
86084
57101
28808
29322
38793
93915
4579
37785
90973
16760
38132
16138
79507
43195
66221
42688
18251
36868
80828
81167
95025
8213
83894
92680
9890
33713
13808
99970
51119
46224
63117
67559
78107
26844
95858
13880
2974
97291
22677
82462
71692
31961
62515
15982
64848
51777
86464
61912
41297
64535
54937
3853
7415
69221
10006
34474
28390
88833
45788
25797
35689
53928
48687
16307
87851
53529
26148
2707
39902
81040
23412
8987
50910
21629
98828
54973
92015
24544
87298
58037
39683
42820
14338
6322
43225
30837
72230
478
51775
95455
38340
96012
81176
3877
52801
92573
15768
17946
227
72879
2572
73951
83268
40771
17910
62330
71683
58025
28566
99151
92405
8778
72997
26142
23385
28562
7227
35736
77096
61784
6096
80095
55147
87755
3775
2554
58599
46458
82375
72017
48307
82368
53867
24683
95690
19531
31449
43170
18172
22984
15176
76960
6079
88812
66746
82392
64003
14145
91681
5475
35106
40587
18142
19285
2902
39190
12036
15451
86277
87454
58811
89684
13240
53850
29505
22857
54921
48934
66315
62282
14202
45132
2633
59143
44803
36975
63815
66759
52483
68659
48911
3529
61816
67436
58796
86005
69449
80993
16810
70237
65312
83133
9241
26485
44021
5170
61361
93900
44390
20714
58127
47654
54243
80107
70205
41368
67333
58054
58671
42464
14335
57725
35434
39230
61932
8206
71903
178
96936
26209
42549
94451
86779
86602
99493
78729
49072
37466
88543
40297
48195
54377
66185
67402
8057
39864
98024
40968
4842
42502
85079
8469
86041
58737
58132
41847
32580
73703
92090
79778
24886
33256
98121
49682
99610
27641
35778
4196
83819
49832
77902
74834
85382
70327
99967
97098
14497
30823
69902
31755
89557
82371
21154
53979
22038
3141
90098
10151
65923
68169
64450
48823
51929
29196
79786
54989
88834
48960
69653
7835
14411
13519
68772
16606
32723
76585
67442
62074
50398
90477
50291
98739
18058
10832
66165
87206
50617
7020
41353
32130
9325
38664
56955
93158
147
35072
37468
37624
61269
55185
14817
70751
62899
23619
39716
7934
37580
87027
85160
67598
89366
64284
71547
27543
11181
68738
14548
60106
96680
23035
79099
80189
51911
77817
36360
75012
50921
24472
73187
52872
80506
27105
66634
82567
65033
59353
50450
67017
33751
55113
40965
40506
68363
33866
44394
68424
28707
76524
5442
63611
22597
66212
22989
92843
70548
60144
22381
77091
12318
78504
64419
53201
94866
77571
13366
44102
9519
38179
93202
25008
18455
90078
89548
89521
58658
16298
17060
51356
25935
18692
83907
88012
52277
10140
38980
15553
38712
84577
23599
40056
10808
75877
41632
91941
12771
25484
35654
44496
2474
94871
95336
96937
28528
1191
82402
93385
79167
49296
53837
22887
1525
33628
70364
4787
96988
57016
6306
93458
58296
81375
15154
80471
65465
83169
39806
56154
36496
44144
46785
57720
17117
72647
55320
59079
96007
95544
28714
9556
16037
65744
95017
19579
70874
32360
43601
42498
29790
61739
17645
76083
54294
76191
83705
65652
33670
89010
51297
88740
14397
44034
37544
44340
52302
53737
42534
38143
84671
85668
92553
59784
82746
17630
89084
81487
45217
4413
48357
38863
96318
46217
3335
21111
59736
85812
14184
54531
90242
78699
21869
86902
13166
97272
14690
43734
41695
5776
63126
76100
42460
16096
20994
87191
84544
23919
88042
80180
87214
87183
81884
68652
90529
35014
54198
93778
98082
69172
92868
79063
79955
50848
48071
89860
45032
94595
5649
67795
53557
61968
26188
74123
65666
50687
57594
88342
78140
51477
47703
92480
6853
24306
56027
78574
32203
46614
52060
50873
21270
95568
52241
57062
34299
88933
83185
28451
47694
47802
60601
70624
59412
71806
90444
59335
11702
29846
37749
16825
99250
54534
9352
3207
99243
51065
54630
52714
29536
40622
66175
2111
77946
33567
48530
29218
12575
44046
95472
27494
68260
37295
4447
1455
62496
1900
78554
50796
92827
21209
34806
65588
50789
45301
35423
68092
39075
19737
66464
48466
5124
53280
22754
88825
20977
73459
50220
62145
58179
21616
67688
71938
50863
39670
16966
51829
56732
69008
55578
30063
214
89275
73601
98779
46362
88534
42913
76787
625
19269
80782
95739
78106
88930
7688
90970
14336
72289
90050
73717
44619
12030
32542
44010
44626
36901
30163
51398
65614
30717
40465
60035
43561
25810
76507
33410
61557
31037
9043
39552
69018
51251
7443
52184
7815
50727
93335
51446
75498
63260
77049
75379
69434
10763
16724
53074
66257
99886
88394
41621
44312
37255
48993
59325
922
66479
7720
84988
73242
53215
21815
74041
58785
18452
10612
54399
58991
25411
80242
61442
35443
89593
59476
20399
90677
29581
18992
56623
81105
91973
92974
49048
10750
39074
87983
75856
71500
17321
6667
12031
59501
53678
39314
1295
23690
65887
48788
57859
15926
41930
13885
64977
36063
84524
60376
18141
42112
99127
49652
41268
6132
10368
89444
34594
74502
10274
62719
14096
71364
2034
30344
77373
34737
59680
59305
56312
8441
19974
13944
89175
79807
35056
49052
4344
57747
77641
82280
88881
90975
95294
34917
91093
65952
49392
92143
95238
60050
42268
51990
96114
46596
33567
70308
6476
63659
17768
95678
58759
73427
65758
58756
88977
67823
13674
23826
21226
88145
80067
35465
50047
59990
6036
49960
52487
87129
34348
35091
54298
78823
2338
29046
8969
13010
75715
45891
29822
10431
26618
68983
81905
97819
34810
22938
65219
30058
19595
79333
47771
53824
26798
766
93947
71816
58447
51423
2686
76353
58982
41942
75184
95593
80682
86661
53226
66130
10771
19240
55016
83057
53866
22
30761
50037
84015
65921
53475
80724
23751
7320
18752
72961
85312
83244
29625
77882
82498
53104
63853
73374
30035
38585
10909
76348
455
89861
77800
48550
97187
8600
22974
94692
7692
70369
2083
91301
34097
45787
40483
83665
11026
43503
42860
25658
86731
82167
32556
75056
20576
21213
37224
36851
62567
3074
93430
81475
20077
63579
97687
20276
51526
34102
12052
56670
76053
2298
20884
97488
48083
41036
74552
35844
57184
86862
9556
27054
3139
21026
44010
55758
22752
58092
17379
4965
84245
41845
29805
22180
43824
77164
67212
90207
34897
49223
40734
37505
89847
85511
42448
24761
55050
16729
92054
3218
72421
50233
55051
65217
18526
59281
58117
29559
38771
41984
75635
87062
39474
17718
97943
45857
26565
82042
17914
28588
98264
70158
52848
49842
53736
77995
28969
31877
28266
17094
28881
38239
6197
85908
82085
29271
78574
80490
11442
29168
61198
89852
41804
82892
51538
38791
3879
4830
39614
42475
84662
11677
32238
21680
35934
92692
80763
35433
26294
13558
26855
18870
47997
67983
36933
26179
38839
405
64903
45806
9317
71549
16230
5190
69537
81931
21064
82767
22291
15681
59665
21346
98291
96440
92104
53872
83772
17837
29220
45575
31624
52178
91860
45710
2893
62021
35560
64298
49748
16766
33695
7523
3731
34242
56589
52641
38
55701
29673
98512
45710
87468
69777
26338
48229
90976
10970
18739
99613
35167
47095
27624
46869
51580
3941
92369
51735
54567
17714
35917
72753
99351
76872
20685
9870
6947
65625
83025
45840
32080
12648
43054
51564
7845
19922
43857
46241
93338
37207
70525
86966
60431
31337
52944
68240
5561
30064
42660
54574
48247
35191
6353
59393
55554
67798
82031
88682
54531
16317
1529
69170
11647
56922
28526
96160
30765
46760
98737
92859
22313
61908
44145
1212
33
11052
28898
97966
12012
82759
15434
21253
70266
21451
40088
24984
74533
42111
67022
88221
8135
57837
37247
65920
98727
98899
55475
57311
89387
85671
3592
26693
51185
52389
69907
88769
29176
49302
54948
45090
25497
17438
69736
62514
26547
78274
47175
87051
49284
48597
59597
12634
18643
38782
70342
44207
9066
96647
7074
54846
25026
94852
17593
80213
68054
8413
21064
83322
74361
65050
76473
57185
19012
42283
21633
55303
10152
65521
89858
62894
27009
2508
65553
70069
67179
59842
13394
39346
57614
38409
25919
54351
26837
18833
9352
14623
35357
10001
77524
13499
38281
24652
8965
97758
4306
47936
87514
62233
73083
15691
69870
55539
17026
39738
49469
82817
74450
44911
66727
94494
24822
90894
71853
95975
54857
49604
96537
63094
63369
53365
22394
76408
78121
89984
27244
54573
41253
37201
88118
48892
17777
67940
8653
78704
10602
42608
8086
72596
67118
92568
91433
73926
1159
31049
29681
10234
4578
8912
7823
85806
15614
62076
58462
93701
46400
14091
92338
88003
73092
70772
46330
88004
88461
43248
90020
72025
92925
31941
14399
26304
10305
46000
60156
9278
93796
5039
94126
6044
5828
95465
54288
51580
75425
51771
86438
84438
81425
97247
59739
83251
38128
96602
78409
77797
80309
89987
30328
71649
67008
98027
32797
71514
44304
76014
56388
31259
46097
52468
57513
62113
48722
4259
4895
45779
13588
71973
5011
49407
11231
23250
74379
22482
50703
15450
13576
49107
97515
86993
11083
20156
82294
79639
23156
14198
54718
49763
2469
63249
33746
6859
91045
92445
56497
25267
89664
4807
49853
50511
56332
76019
59983
88823
81574
60819
46052
75334
56091
52097
82004
66095
55427
50079
15459
34781
79495
53480
17873
12580
37987
53202
26508
95977
61510
98851
21893
48843
23287
62413
82816
31405
42354
71016
13125
13250
24688
7786
12659
54995
57445
80773
3636
94031
83394
55805
33900
90288
59482
9572
90347
4582
72162
34740
57442
51106
25234
95689
6770
1441
23720
4345
11775
33587
37548
28208
5124
90183
56877
78028
82849
59925
34826
28050
92111
55591
12941
39083
62355
50469
99442
75902
42961
41307
41350
41003
92344
83466
41099
54305
70683
53448
32983
2109
28864
33908
88827
42273
82321
7098
59681
29228
16528
21855
14159
29563
44840
28842
52329
91964
35998
19183
83731
37258
91719
29145
54995
47690
6642
51348
9877
56193
46342
57332
16584
36848
86790
89221
44550
24877
86481
68560
88273
54847
90343
96358
84824
19797
25572
30764
92985
6180
49
95427
36096
61180
67536
61139
79406
88997
95221
63572
99925
14907
78613
41561
50687
71491
84022
33689
21679
64969
15333
5371
43679
80408
79975
29309
97192
27893
24519
4033
24544
34424
17870
84245
14462
4423
35761
98526
95513
15313
73348
39072
82830
2916
75821
51179
35072
11148
94771
62342
18362
93289
52884
40369
69776
63659
82454
21466
73732
34829
23701
21374
66724
78059
7355
97497
93104
45505
23662
12524
92569
58401
61476
33610
88133
52880
57297
62399
61135
79070
65
9981
13740
72801
27649
52677
77256
65581
97015
29198
8207
4882
92978
34837
41607
43089
34843
51714
66491
44892
61227
66578
86770
72938
75607
77350
18942
43731
98759
58312
74865
80846
61732
63509
64104
76997
38767
16843
26956
8913
29614
46992
14926
78456
22113
42652
60879
8095
55571
8645
73218
67757
78988
56965
57577
50943
19779
10378
84731
77537
72049
78617
58376
84175
48417
69600
20883
46953
28291
42327
5566
72940
6943
7858
67972
53651
1767
13574
71711
42185
60710
43701
41610
83433
88340
59256
29088
79860
35051
61768
96931
61294
948
83304
73721
54166
88155
12275
75793
14240
88641
67742
28003
26737
30447
105
84822
31094
73224
32583
1243
67618
19992
73447
55414
92834
18889
447
48988
89886
48724
61204
81688
8430
42164
53865
76200
51382
5686
289
78757
6368
30700
91922
64864
33269
87009
85672
54663
65751
27048
36787
74182
39742
109
31119
73867
52717
20045
38830
79842
61296
96417
59556
53535
98068
35220
10350
73594
40131
69974
22527
33939
69019
5322
41513
82071
39114
21658
229
43804
10921
72362
38079
47238
38897
76810
64704
73740
24126
54244
16697
89844
4671
29910
83882
8123
19414
42938
15020
36657
23026
77408
49697
66657
32455
85469
40790
50894
36935
95868
89425
76600
56639
339
21533
16670
79632
71825
83055
94814
84969
19828
39029
86744
68414
63255
34106
24912
8486
42568
91832
73778
34838
8727
20378
21232
374
50826
5421
75815
78973
42477
57731
62656
42031
89383
26787
42674
80943
87273
93744
38148
35969
32831
59604
20400
84577
37352
28585
72580
2682
94947
99813
5954
82756
92703
87839
93254
81053
341
98
72648
16130
57137
91789
99543
27467
71818
92580
46886
2881
28403
36119
55203
52508
89386
38380
26626
43869
41038
76875
75320
69444
76878
22279
38627
25807
90717
36740
94663
4464
67233
23881
97203
51594
68138
74340
19906
9864
3904
66036
75774
64314
72885
73399
20575
11597
85145
79248
74256
39781
48748
35988
45395
21945
9775
58994
52091
37163
53492
26013
53238
1795
12883
41175
27982
3688
28318
41851
14085
95898
33836
73223
20798
41518
64914
16452
97467
33927
68144
51636
67968
92846
49287
57367
63990
57933
2472
1466
5100
69133
20744
85277
10328
5546
53999
56766
11995
68816
99792
7
84547
36597
42259
74577
39050
46035
55854
84596
50299
66463
61266
43436
7157
45899
42114
1001
26440
34644
21118
45779
57052
86569
36381
72024
38512
24601
70553
71092
33792
8087
77124
64668
53825
50669
26041
96071
63366
87130
14989
69145
19236
31050
21925
30477
82322
21232
39201
27678
66570
85122
93365
68434
17837
2961
61336
45860
37379
58116
30645
44972
80320
84976
23455
44333
89794
45686
56450
61595
61974
27993
8820
64807
92794
11674
36747
28265
78461
46866
50760
20009
51075
52363
86800
10793
1797
15771
83708
23635
53013
2622
61542
62810
94399
61264
57636
31727
2698
75172
98833
19331
38558
77475
15878
38420
22240
25988
67944
78518
97721
32132
96667
83487
98293
66755
88981
39118
11238
48219
91949
33401
73705
63357
4945
68786
25920
23882
7159
22422
73982
62730
53868
85682
81858
40973
89960
16466
19611
35484
89410
46887
40010
92251
83519
78195
1604
39453
96294
66036
69334
4772
98191
49260
82083
75155
18426
72585
4361
39218
77501
20565
40514
92894
45845
97660
21094
6858
97244
55221
48462
56278
19771
26544
53811
56810
19959
43130
28181
82703
69832
47600
51768
65802
88135
74077
18056
11222
61093
24337
25373
89277
19960
59073
61561
3602
65232
35669
16463
61230
98056
86291
29054
24902
98009
16485
43066
12773
54248
5896
87756
47979
65503
38004
53295
46882
73912
72291
98171
85112
25430
44640
58688
98814
17806
41518
41160
14588
90979
54738
88159
36334
88048
24638
21806
81055
21437
74874
78850
25729
13620
48529
27692
21894
85870
9205
31041
31839
38919
15984
62146
56942
69712
72841
53750
64457
52675
60111
47698
51726
34384
82373
43995
36349
33078
33770
90595
56311
93550
45220
67119
1329
96705
58696
98073
74517
84218
6184
21073
33973
51030
28217
90270
108
80248
70400
99363
89267
56569
22809
25372
27421
62717
95940
67559
64144
96224
6252
77024
47073
17871
57589
37605
6730
6099
87970
92152
49098
8583
87232
46179
51161
53323
45298
2709
53990
34194
93465
15658
51984
27766
56512
68266
86141
60748
99362
17544
27290
44017
34072
91018
24304
99779
39139
86888
63039
81164
46418
56813
36922
1785
81649
96923
30878
21290
88878
9547
71760
92194
34985
65489
83602
65021
31959
51710
67618
22977
8275
38560
26800
8333
10690
41316
29401
79887
44961
48284
1541
54642
36973
31227
9913
68468
65167
3900
43577
50389
24290
26371
5118
91595
23458
65435
62288
14739
35795
28159
2496
14594
40171
85012
57829
80345
71997
69715
74129
75383
131
75653
54446
91240
89639
68103
89307
85563
71022
83276
20701
6322
12354
7906
98596
69490
1914
65292
46427
89274
47976
94799
31307
83249
94750
3625
44045
92824
19902
88731
41162
83742
14909
74151
27665
70162
90195
66772
4787
79763
86050
8110
80927
91172
31073
47179
88085
19035
69188
96360
27913
12664
44329
29458
31991
54035
19137
30913
16669
48974
19417
41247
23289
63594
40068
95846
91743
31381
74151
78183
56983
30176
45952
2022
4690
23215
41748
92739
59879
42890
83188
51732
39918
21137
26475
43533
58167
91628
50726
98370
29064
92448
76481
30883
46866
94301
97258
47686
20239
80308
62356
30531
19482
37990
1115
73112
31530
96120
55790
31405
81228
74531
39038
86322
52188
23751
42305
23332
85953
31168
61251
87182
46818
72944
38347
5164
1225
10812
35045
46091
64498
76339
14705
46925
76911
23209
48903
57640
38428
20994
96900
5422
87642
43849
49462
18087
35306
70656
48289
37498
51399
7122
58347
5131
40672
85700
94826
45886
32209
2763
5256
53081
73982
28855
41840
85576
89963
70156
18264
85722
73659
31473
49482
27849
96419
12513
78033
28855
14345
12287
82460
98259
18494
69127
92114
65851
40470
73856
16563
75804
12736
37901
85127
42677
20294
7907
51301
51897
74467
65460
71746
87602
6235
53417
65940
85187
91388
53615
76545
17286
42447
80649
24521
57941
34011
28515
84589
21092
4534
37414
43226
76298
91945
711
52470
61409
35935
15195
68038
18659
9289
88581
57945
9364
79921
53999
78453
34463
31993
50135
26204
2393
43664
1792
39578
22817
45616
75466
96910
78985
70199
56028
77907
1230
86783
86174
90281
57474
52988
86083
22053
99819
11122
9283
68786
49093
82833
40934
69634
73090
88302
55932
46453
97426
95839
90122
86980
38717
10610
26848
3051
95437
3402
34725
62257
1769
39608
94259
9781
34812
40178
960
61366
17941
50674
68465
59807
55303
72558
22867
64014
86832
45647
90020
78688
28662
64528
10379
31035
8429
15093
61032
1238
29526
58373
96166
10665
34850
63494
63213
2893
75828
27284
11284
50351
23396
53981
20660
77174
11231
65916
36248
45710
1356
20719
11601
17489
46569
76952
88741
35058
15444
83757
99751
66533
24839
58396
63138
72334
27866
6398
68974
98692
5388
24150
7686
40546
7164
47015
58000
80394
95857
67887
84315
45974
99322
98244
12039
34973
98224
14282
22430
4478
61271
34702
95169
55563
89411
66529
3933
3349
12536
19380
63388
96464
41705
94349
4631
59555
67298
81636
61257
39055
34561
14236
26207
89625
53631
77217
53004
1718
4685
42074
7609
84338
94617
90283
78457
3357
65136
12011
51611
17586
82301
9084
45849
71908
37552
72492
32557
10792
16154
41319
32355
92570
42868
38839
76297
80557
95391
37721
21538
51762
87046
79165
31195
16547
3199
51226
99125
23277
64945
6603
2497
80312
49712
45226
90089
58069
41059
23624
95627
36579
94119
60934
23137
80157
88748
52818
6491
95171
14397
35554
49551
44164
13789
35526
80966
38949
95533
24877
7607
15408
99466
65687
72209
80636
63827
70578
4402
99413
97800
42484
4245
24808
22221
8051
94664
23150
35438
82980
38619
45714
41502
82830
99284
66752
76696
53994
3232
78731
98182
18618
77668
25211
51327
88483
63634
95698
42058
13128
65238
49818
5153
43908
26032
84621
44882
12899
3580
6463
21055
87454
92621
88012
36453
90994
94968
72922
24537
75676
78796
49290
75694
69171
59488
65345
77300
22881
27013
35597
12986
33439
80474
39927
42548
80525
56831
43620
62487
27147
88193
12390
45761
79702
41171
80869
1014
97922
40574
75078
8966
19921
62831
45206
15050
37069
68783
34934
5261
24008
97392
45474
22663
12557
62530
24895
35747
82402
79366
48705
3171
80381
65274
73686
50458
84448
34579
24467
66743
92018
63625
38425
69953
9979
26700
40675
32798
22556
6612
34702
8046
50217
40534
4677
2836
20388
14802
34216
13364
91288
76521
6681
759
14478
41036
75204
4908
30895
35888
15816
26282
36758
30654
96805
66128
44049
47335
516
46701
61108
84404
81437
57659
81754
61723
1322
53605
59226
7821
32742
82954
98562
28493
26592
13818
84850
34715
44002
63485
94231
71535
15929
21075
26818
5057
21728
46550
77412
63972
96525
88315
40393
61427
67384
72728
46031
21155
85700
84223
38689
90745
87563
15688
96020
51989
52778
81677
54045
99979
86118
3311
43596
28690
3225
88951
91818
9302
11549
67382
51851
17032
20052
12781
15087
20181
86257
79017
65563
44915
82727
90342
23918
3256
9613
63188
64963
54117
99658
72503
86819
22464
30050
62728
38340
2751
20413
68121
17185
94944
15600
64470
19799
21654
47083
96711
57594
88829
36894
77650
94290
28078
50537
18333
725
26575
86654
72241
25282
95618
28181
37530
86615
35261
49612
74731
96144
4089
40313
62942
12637
20772
65901
39993
99422
35954
36039
4364
59453
17904
58930
32055
62089
98809
14460
84297
30346
69473
23700
27906
41094
85135
71166
86266
815
77831
42551
39099
58502
51429
8800
80553
63184
69574
40041
19491
37011
4192
59835
5441
99470
54994
98945
24252
89427
74582
47156
63789
35617
71379
72930
78157
86370
17424
85851
69756
67389
67202
41367
53022
62649
6246
41287
96575
29648
3850
822
8503
55019
88997
54300
79401
13471
69927
41344
80805
93860
79403
24134
36237
11342
78858
58460
88789
48874
58953
38973
70340
30327
85554
59777
80407
29086
12032
96321
75332
78863
16755
48842
17691
40121
78500
35454
71401
98086
65363
49569
70006
50321
53148
90822
83727
35269
20936
3191
94334
14227
57311
827
30293
29167
10906
5959
32521
53672
56343
836
86427
32578
32679
68184
5810
80434
4545
45716
81924
97909
5177
10425
66836
75949
56491
41512
91637
48537
39569
17797
13836
51792
3669
57383
68723
40954
29600
16991
83546
13419
70416
68866
41256
62397
88584
54228
72928
46537
79201
90995
46399
44929
22590
52253
91041
19661
31486
40671
58371
73216
71787
11932
95331
97046
98927
27606
59363
14540
44710
72635
66637
31580
22638
75695
42224
1524
64987
65394
22441
52466
80711
21166
44733
81342
68102
33504
60162
8964
61496
37888
86814
33900
68728
31086
76135
39544
56561
2619
74601
88122
46129
50449
21254
19951
60277
72640
37431
88091
48643
24295
56977
11458
4919
48603
51779
32736
53525
88822
84860
85159
84893
14495
84873
94387
48125
32017
20892
19947
92800
90059
10536
99125
64004
9301
2761
62230
65194
22665
2528
92582
59334
10117
92156
4364
66134
64812
34068
99259
48399
78227
28241
12136
73522
67215
16937
87719
20158
2072
8134
50881
20799
92858
92741
97460
80069
12313
96121
96615
25103
96766
95344
38473
26598
33122
71534
44709
83590
58645
5717
15395
43575
44748
23846
6270
50458
76325
62529
57533
44863
49784
31081
30513
97555
64284
46691
30986
7862
82002
22684
52022
15050
5650
55914
12631
14216
84017
32107
70880
28045
50860
28714
74892
48946
91507
59520
74491
39833
45428
58582
11017
81155
23011
59529
47244
25758
11876
1735
17995
96252
23765
67413
16246
49151
8538
42803
17990
41808
49094
72887
18609
59631
46594
39670
58889
23748
83614
99809
24403
52180
7506
1740
83167
47279
31055
17866
75241
59334
61286
55956
77450
87387
50740
19336
43291
57008
8202
84014
79496
92545
65653
37558
22477
56654
18670
4605
45552
59248
85856
43439
62458
38317
35280
46854
10771
25703
28910
26064
44729
92846
19960
25519
44349
61462
62565
45017
59930
28515
90421
80544
77874
30561
77778
53036
77575
84720
12578
196
92083
94012
92492
2956
66053
62410
36101
85641
21465
48623
19958
18431
39602
78491
82476
73147
59190
54162
19835
28076
9542
3451
98736
57228
87609
4466
32402
63869
1268
25976
64051
23055
43528
14250
60153
17566
12871
90735
83843
54232
61444
4010
22682
81947
64135
70352
70327
70141
60810
62803
76235
7142
44244
60285
35374
15287
89903
29753
41127
89838
34983
63147
52789
90881
66785
19455
14584
57320
45781
52446
68031
2647
58378
11582
23119
66697
26317
81777
46060
53880
53326
37725
40967
12553
74423
51660
1252
1349
26345
39065
84231
95745
97044
90987
5243
73535
29651
42303
60510
73069
82402
97821
30924
27755
4734
68365
87559
17771
2871
22850
45504
18865
39956
98868
95076
54330
81027
20844
25670
27225
25659
78648
62181
84411
26480
33470
49914
32332
17650
13709
34528
8851
58339
95791
5472
33560
92659
78652
99351
15750
4538
79912
17063
54188
85681
53947
23607
21469
50669
48513
53320
36983
54809
21720
5685
36449
75982
21095
85221
3725
16018
399
75569
92733
98731
28953
6636
58753
3870
39086
19476
82047
26825
77062
13684
96300
10297
23576
85299
85334
60904
47792
86397
61252
75894
28030
2443
87701
48675
22987
20017
11333
27591
56807
71109
2670
58062
60574
88999
42283
32851
73545
20273
82136
79000
30656
24604
30101
10303
18925
63532
98025
49961
73276
51321
2467
61992
38574
13244
88060
80258
73709
43026
36825
57733
45722
6480
81900
35457
99074
96099
94553
66951
23151
14018
75414
35036
51194
57875
70732
96729
60926
38454
9307
56771
76425
22450
87226
69730
49196
72058
30651
52384
71217
95740
68204
65983
56907
71686
94746
43767
20041
72277
4752
65196
20677
99931
26462
46440
5497
33740
59093
8954
82833
25893
29454
29098
76827
82970
2410
99735
84763
59131
80628
98576
69531
92482
27075
68395
80000
87675
15612
37797
49240
80720
51924
26711
52783
58864
17650
58801
58976
74076
9139
97301
8904
82734
45255
81843
79831
46566
98425
52189
52224
25362
23405
41382
75248
45817
69537
94011
8091
42948
89206
78078
37745
6025
90536
43387
4752
64534
53976
24810
78195
55510
46891
96096
67400
33795
30987
76273
40864
14377
7019
33766
47071
55091
10600
91254
73363
2644
35243
2725
11937
13139
76779
4726
65371
77428
1424
40270
96845
27967
18290
35463
31767
74960
88640
49133
77813
63290
94300
33081
63546
92728
13635
61575
36796
12882
78251
56534
22344
85640
2789
61051
26614
7294
57249
30498
36215
40068
51825
49251
99371
7553
71590
51517
65999
93308
58038
76561
57939
93190
53568
31774
57066
80743
40582
34836
44922
48835
79096
18935
29460
49161
25970
95634
10685
888
28795
25685
67915
52590
6318
57901
24907
99471
34518
49343
13471
62574
76979
77825
52358
79003
80953
9300
47475
489
52023
83425
17695
67771
1589
32719
77113
20362
60022
86430
68764
8117
32637
24100
56666
12646
28620
71490
50196
66685
64872
36226
92715
60155
80888
25071
17233
88685
60588
65136
79065
15251
38971
89826
87565
24236
37572
9489
82269
38432
85078
55859
77397
26474
28235
86306
37832
74143
83343
66484
60457
91711
16319
45465
24472
24791
2156
7088
73689
20977
98014
96421
69664
72089
91509
35115
19337
83276
5867
8434
21348
97279
5142
63045
74349
71529
90665
67588
36793
28878
79546
26425
12685
55370
44062
84568
55401
34198
99985
53015
52098
17561
75538
55912
8845
16174
14538
112
38646
86894
69805
28549
37264
794
24153
28616
87688
80232
73883
45052
15378
96263
65202
99
68549
4720
89835
14196
14722
66187
23787
17274
90479
34779
42507
9164
24515
47655
85469
27044
73914
40998
96205
57247
83015
58054
83107
97296
42729
57241
16293
78401
77718
91901
96154
94919
44373
46983
97481
60064
29256
1451
70175
29804
1798
60106
18799
78053
25126
48408
4499
34493
33463
4264
10193
53651
58093
38263
90618
47409
90549
24370
75724
33604
51562
87909
70454
56121
34496
16290
60699
28561
36798
11721
77264
93057
1033
84410
512
52712
93915
85908
32112
25549
75986
13833
22268
22869
68868
81984
47231
38174
34480
76582
75890
56603
30896
88563
57324
50349
49836
48181
46663
82362
8840
36763
61635
40524
13725
55455
95236
38856
60644
36048
26711
18442
85358
16699
18514
4826
16402
75894
14136
54861
92638
75690
96732
40730
79566
77562
40541
16822
11579
30708
55568
88943
22570
97682
56124
43906
46181
87181
41278
22586
25383
66720
96524
68486
55153
1460
39415
25141
35258
63693
24681
91728
91139
17904
10830
64276
90536
64271
3632
6538
63858
92211
88762
80037
5737
35557
77694
65464
71751
97401
7410
5169
72360
7639
88116
96150
10205
86695
40046
42330
32704
53240
7574
47292
46178
71790
30988
36253
77216
70758
550
56348
88724
67591
34569
16687
16328
15302
61549
75360
58629
21397
78467
22594
88681
46346
5523
39150
21527
58760
20637
87870
77033
63628
85601
42917
58560
41014
51067
77706
4092
64978
15334
67423
40103
35842
46337
97954
29707
5802
74382
30543
15620
68407
84983
512
93264
61389
64108
28898
7331
84459
38503
39061
68024
99293
71569
70080
27905
44670
85405
14990
12927
87592
7250
85897
98285
17850
40070
7921
75031
10820
61157
51321
97672
86706
20561
59359
14017
32627
62467
40038
63877
56773
24944
1106
74769
29470
68680
60959
50377
9817
65015
39421
90157
21148
95854
35052
25163
45442
16988
91889
95471
74281
20085
77714
43829
59002
70581
24052
28062
19537
83390
97038
27712
78984
81628
71049
4696
14820
88266
53110
17852
12411
66958
78892
80811
5729
98847
37117
25541
74350
85543
36276
43255
70925
63971
23502
7662
51715
59463
83858
3053
34874
83934
39405
87866
18346
67471
9038
25490
70211
6556
12059
64125
79513
33188
35855
41724
47916
7944
84721
5407
52082
46731
77713
96627
2148
89618
57217
56600
29154
27499
54957
14097
2692
47273
91129
78485
14494
14061
29814
81730
91022
84065
31617
34577
76357
73535
71864
24932
56080
84846
58
40060
13347
60620
97593
46216
97345
19143
84606
10903
23465
77189
93178
12718
62656
38115
6981
37781
39160
13338
14101
31724
68442
60510
41180
66396
52821
90849
74845
34952
54530
48053
96557
88257
95795
6990
33251
52377
34904
82053
72507
2479
34894
98201
62253
73321
7781
72719
55748
65664
94284
3003
56574
31893
31803
63287
90751
8609
23804
55696
87378
97994
40342
6816
11901
97970
66968
96373
54464
71946
85055
34641
41482
73347
36868
27243
83064
73445
33861
6962
65867
60248
79662
73234
37509
55808
98148
38639
42943
3622
59950
23342
54186
23313
86336
58899
23424
9107
6149
91557
56582
90559
74248
40270
48929
61241
13279
21151
3825
582
75157
6288
87855
75074
31699
36548
94526
9841
81546
14635
60945
24909
97823
31105
61465
92830
68499
33587
54985
15143
79182
95842
71816
89789
36808
83201
75538
73907
82355
83129
38668
45616
49896
1003
37378
51426
62509
37205
18014
85356
44224
86830
34279
94459
56643
3403
64596
6422
74148
62020
80683
54420
86439
51761
93371
36199
88114
94253
85874
83254
20021
98429
57980
88232
8372
72522
73369
5948
24850
58345
48537
5622
89211
19388
86070
3540
25423
6354
22158
93854
50886
63849
38300
76700
69156
22900
37874
23457
17755
95543
6773
77381
53495
59663
63509
16113
92746
10479
53000
60660
22677
13957
79682
45746
78447
67003
99858
47803
60437
93721
67388
80474
36302
26631
88622
41284
21626
69840
18754
52720
89751
87875
49039
30566
70735
85203
98860
74480
81217
97022
76419
10029
67658
93291
46541
94500
26992
65100
62511
51254
47435
33219
40657
34028
28464
32353
84503
2959
30939
9194
74270
29591
60857
75444
79668
96539
112
56141
12052
45639
27531
31164
4573
65036
79429
71872
54223
89169
4465
55318
8449
66183
43364
75126
4673
67130
53504
29532
20393
67875
53405
34052
41082
5018
73238
47662
84536
7145
71342
84706
37122
9820
1213
63949
85036
50645
31803
24009
90107
94172
47175
46554
14556
83987
52020
86773
38945
4487
6705
85147
38777
17122
53107
82947
31531
78046
30626
34774
36335
23220
66781
82996
25897
54258
74090
22740
83619
80267
44606
36488
76133
34473
91941
62239
14644
52765
91791
92868
51556
5783
10808
14851
37211
67537
28081
37516
74692
93445
34384
18704
140
92735
17489
12232
51645
61678
7527
62677
74933
99988
52292
89187
90370
23708
24384
21286
26236
87563
31913
48998
33727
35087
9448
27607
63075
18452
78508
35969
24666
54037
35765
83103
60581
63056
38718
48675
42771
30674
84072
41846
22391
93426
3712
73340
61317
96154
12428
23510
51626
91167
6359
73793
2757
87793
30646
12124
43525
50126
98998
13384
85472
24114
97125
89704
21228
63977
48537
80999
41214
91844
8992
21720
80670
56362
85830
54713
95011
84358
21565
1425
56656
63774
76108
94136
83978
96804
70966
25142
19509
26373
47493
43331
3178
49438
2035
88206
41943
28527
71157
93529
39955
41352
54340
60513
91388
31999
98730
94556
94991
49668
66278
60155
23779
26988
38235
99983
15683
94345
9467
70568
47686
97915
48939
55384
89101
68351
59892
56245
64792
70085
74342
75262
45221
1056
7496
13557
66662
15991
19968
1003
15070
76664
8635
67385
80952
49260
83386
46826
27651
24102
49882
60342
24654
28181
99486
21257
12124
72152
26715
56547
77924
13617
9760
18520
17800
47026
62240
41047
98576
22100
51037
99880
35779
18599
27634
45871
57633
5796
14525
16813
6175
70622
72455
69925
42591
99702
83441
31292
87500
91182
14782
36729
18959
63093
52823
27053
71761
80961
45119
28492
40174
66683
56947
37849
42802
90388
1117
52480
82035
21654
48662
60220
3754
75509
95765
24569
89231
14020
92633
74164
20304
11939
75054
51966
14445
94102
12767
11871
86867
88242
4473
10743
96020
99344
2392
23200
27200
81796
76689
25200
87234
14727
98106
13819
15160
54544
19289
12917
57232
70305
27720
43412
92540
19901
50210
42868
77074
97112
91277
14772
43811
2407
67460
23197
49686
66871
31967
98979
54912
47097
20609
31140
13249
42042
49150
65006
81822
81457
37575
98685
48823
84658
12596
25186
39493
91616
29388
36223
71666
29567
29588
17710
91380
92742
6898
45890
69991
57939
96028
17285
27238
18713
72034
20864
12326
9461
71221
92825
97167
60062
55282
76023
28216
26491
96399
32929
37022
96142
62849
21092
57153
67694
67656
81747
34555
7346
12599
36393
19581
97449
87907
31434
88583
30023
93480
78055
52068
19290
56179
89344
23936
44795
57487
55652
29031
26399
83087
72340
94460
41997
90933
11270
93554
36330
30173
71846
21834
53776
5225
90198
56714
54333
26761
7541
12598
9320
24742
79294
41902
64942
39020
39687
77860
31371
44370
12938
78680
82884
48615
35041
91154
69920
18459
83114
28731
52919
4519
93002
55384
22595
69082
42734
8580
33587
51776
33836
51944
3071
2225
98216
86330
28917
81428
33363
39664
81393
23054
48493
81535
60684
51083
77227
84020
76684
87080
17972
15534
49529
43674
95877
63926
44719
96638
27796
39709
63535
45662
18578
31856
35728
61597
85194
45146
62419
69439
50598
51671
17076
98424
61648
97040
35132
64976
5014
97111
11763
89295
19975
74144
27283
99434
11994
347
60856
19274
30445
69898
36500
51254
2059
41923
98847
75037
27879
7875
84651
94082
79973
91789
97077
19204
36472
11198
79064
55528
46662
92878
76123
67845
87495
37638
54219
11404
7500
2040
39203
62322
78077
91007
8231
2940
88027
18836
42161
90054
32548
53162
80098
89520
62004
48455
49882
55717
57001
55839
30339
11785
33375
94638
12103
73118
92665
22610
95555
75347
99201
25027
58067
73770
95143
49616
68972
16612
76614
14775
12200
13580
90084
26145
15484
94428
94840
56600
84518
53040
84069
52069
32738
19781
30501
92618
22460
53101
98209
35865
54687
67315
89148
26351
67564
9957
43216
61265
40583
78083
31152
87585
27467
54242
62764
49853
22013
83453
18739
36468
95293
28408
79603
1510
59353
43474
30140
81079
53469
70536
69762
4271
46597
83616
47041
32817
83539
58456
75643
23254
10715
55435
62845
60229
13723
6141
86496
36338
46344
5540
95370
89680
41988
13203
59797
69012
9356
96739
92264
48200
5294
52608
85249
75272
31031
78
58356
29084
95146
21719
44845
77266
94925
46322
49329
85688
95966
25392
12098
1011
50499
12486
96706
31
40414
39187
42927
96804
69023
6765
14541
27857
86291
82316
59873
7863
96347
30802
3929
79269
2775
86965
56905
35963
99361
12715
38384
81133
34167
64529
62041
91190
82384
21400
76157
77078
63023
140
44294
10122
48021
84866
34319
91591
32945
24254
4647
14098
1235
24446
25396
86142
87870
22247
29748
59395
13275
17898
52830
248
28266
48722
75271
52430
7828
40332
78241
680
49884
94227
84030
36026
45363
3160
8370
98685
39147
92075
60278
78476
18051
90824
67369
49246
94849
58752
13073
46336
3999
52803
62335
9422
70716
79047
20336
76366
66066
40408
68848
26570
46055
90812
89210
15592
57917
66081
59386
53735
14629
50374
70259
58680
1329
68803
7356
27895
97766
1173
81061
8132
21616
62698
58295
34786
19215
8389
92826
33516
88624
76655
49328
94767
47447
27067
76126
45640
18583
34931
32939
7866
21924
56356
43777
98795
74239
88035
31601
70397
7985
6074
19539
8420
24339
46868
59146
11241
45930
46272
48390
91354
19632
71685
9411
11595
9549
12675
63343
95597
75141
63617
53897
14601
28010
5113
57829
7514
5650
88348
43948
46276
54020
71971
67680
65237
13580
74995
89821
89750
76078
83500
23866
64525
86967
11598
431
54675
46414
31625
10193
6733
86186
40255
11545
14921
28829
96440
83746
28695
23374
2146
24401
64833
67813
32003
5103
24649
73375
78429
4210
26493
21249
49500
6554
17625
58473
10399
58071
51514
76159
84800
6183
30042
4907
87138
42269
91437
26849
39862
83741
82583
67063
27178
2468
91048
57623
38191
28101
42069
19503
72613
83662
64883
32902
87589
58889
18354
28873
82858
16478
60949
22116
96957
16662
99338
61708
66556
91898
71882
46904
79303
1050
11950
60944
93127
12905
20779
7486
68410
3974
86028
67425
21695
29429
83084
66945
11994
76812
6764
60956
85893
88266
15607
62399
13556
64929
6511
54800
48771
93844
97939
52264
90558
1852
82544
77150
38700
35429
16833
28703
92249
28949
69764
97337
68895
12908
32506
54038
33745
34342
2299
41095
2979
17630
81684
18774
80217
54253
32126
88701
47466
55824
61628
2740
304
29031
6705
33349
64303
80346
69723
19645
21216
33398
83248
34267
7162
19829
61939
80970
35611
12796
6803
89035
62488
50301
12449
90156
93791
22557
43595
18805
35589
51696
41626
78433
39537
22176
70340
15561
9667
27341
55791
44892
56195
90638
5859
27179
66530
35894
96171
92224
48623
1745
28968
61903
51896
42029
71889
96485
36058
40790
12202
29405
48808
83514
70656
61874
56916
34955
17663
37166
61789
8290
83537
42816
51957
22081
37747
10412
74477
77297
18485
18973
77631
46250
24877
99894
94840
69425
50201
48998
13632
43963
3375
50489
98279
83280
6595
34859
13710
84139
2805
35671
34991
77822
90131
46830
75146
71378
8050
27651
34862
28107
40357
15683
44800
53258
56216
49827
44170
28397
80236
96273
13187
18449
98382
73388
21975
5048
32758
68272
56883
28709
35673
58505
46703
11555
75212
38857
83096
44102
21942
9300
77977
89833
7728
71320
49445
44278
97275
75675
70564
16709
35102
82221
79256
27612
91163
90748
98154
83764
27309
10245
71894
66140
60096
53864
18192
6550
32013
16469
96113
64
15345
8611
12834
21485
47305
26272
62147
98034
81643
85314
65241
22365
55652
94299
90994
6271
31050
66155
9974
73770
80093
83663
15532
40533
93503
97752
69125
94972
37804
72119
37770
91044
99416
9460
50557
89949
45668
83997
51566
41281
92029
58715
91069
14361
8177
92865
45158
28094
26158
64574
74126
50268
29529
14705
61160
84275
31592
95260
55333
43607
37885
91698
37846
69400
47295
27466
30015
63676
37590
77461
96473
62311
42595
74124
62244
19133
94010
77922
3464
92766
59965
59608
6150
8688
94102
3440
73056
22491
30896
99802
82145
97421
5234
10474
35978
78557
85082
13578
16442
31149
76210
12043
95897
88969
37138
6743
23298
66669
83666
87938
80747
33251
32073
85215
95058
94312
60391
10991
78694
43728
39979
24820
93646
43552
62914
88355
13370
10618
43325
69240
14884
13622
79725
32419
82722
91243
52478
70689
89388
9741
55725
5254
48452
46608
81351
82485
85702
93322
96512
70514
17294
84375
59469
4270
73985
88534
14814
46306
43449
78545
78139
96727
11344
69914
8986
80386
17160
11888
99579
69933
20500
90785
27552
24368
42439
59369
65964
7231
68567
57881
56694
49341
4557
44723
99786
65710
39052
68530
2684
20202
37884
26534
87434
77421
92274
26300
5262
60299
67326
23517
24348
41569
6000
67437
86974
24934
71655
32819
9418
65345
75416
25337
11260
82100
24599
69705
51349
82966
56581
23735
26224
90303
58711
34846
80413
21724
24478
2242
9852
13698
53336
15605
20759
22527
99443
20309
21468
62348
14777
4722
1622
90719
53437
51341
49511
75132
19840
10332
17892
57771
23903
42283
36621
97350
95005
28220
5703
41257
33481
73775
9272
66956
80396
69596
32703
46988
14673
1181
77229
93861
50417
34473
86084
3772
74170
40859
95434
63640
8091
753
64137
66513
57774
80880
93159
50625
71075
17125
20189
96472
56773
20167
80535
88107
31628
35000
53703
12524
21246
79785
66693
87700
24354
21181
32935
28893
24707
93094
90649
89197
15837
83308
26586
17708
90919
75084
95155
55350
86493
6109
65524
52076
11880
71758
41868
33061
84492
42634
62532
78819
1135
65598
56889
36896
68577
57873
79861
90598
64492
40530
10313
15517
85881
12720
53129
7296
82524
6178
56836
99337
38590
98503
97918
16683
55653
57415
58252
2878
7074
84281
7627
18772
57590
11870
55293
21514
6402
56746
64513
19547
13449
56611
80845
62702
54020
28417
91307
70192
49923
10518
95918
58972
73019
92135
31280
32407
43920
24248
83209
37592
55936
96774
29294
51236
63273
9134
45699
91960
93048
96075
19166
88223
93135
21053
10490
63396
83730
22340
38100
78721
65167
78187
43110
29877
55143
49378
15390
77621
98717
85860
37178
90297
90330
12504
10594
60727
47963
11890
83233
51629
25944
3577
75106
87287
11793
70148
39939
55649
82455
89341
87416
35415
89140
8583
85439
44184
49368
25500
23644
1416
4801
42863
42257
86820
38918
48945
2491
13233
25536
40303
26795
9677
55893
45080
82079
35367
38915
8476
73085
12171
46982
89423
41003
98229
88806
26381
63214
47079
86591
89592
46910
93238
19406
19357
8002
63774
79061
79061
26733
11829
91340
78599
46996
84093
37157
65994
66410
76691
87225
85481
93243
40869
88531
63647
98817
67425
39161
83361
33510
76328
41491
36507
64247
11265
76698
594
24545
95978
5118
91689
34764
30153
44371
50368
86000
7584
90969
72694
73367
61215
69703
66159
61393
21779
19636
25392
78222
68381
61153
38855
87292
15518
28742
75016
46781
84334
34392
4850
72163
364
9299
83729
46251
18383
77962
6908
45684
16474
62696
32094
82778
14
47682
54034
81652
80698
22619
3399
18310
32558
26067
44291
49411
84877
60013
21444
78690
70721
88028
91073
72764
11016
98697
7728
60000
88971
80803
90592
25811
27952
55940
11142
5127
66693
68444
37174
46871
35677
61629
96647
5500
7096
77634
4473
68719
58650
36252
40594
74876
72221
7290
98851
57823
65282
45012
34922
77181
5699
55540
31409
39586
47492
27586
18163
87378
74056
63083
72031
57134
9152
43565
64661
6278
58782
26274
42957
52693
81672
86278
70135
99389
90632
56326
75101
76352
30207
35847
57316
96952
5306
29456
274
15700
33821
10742
67753
64687
31387
64674
41265
47310
33064
71616
93172
35670
14214
4455
78755
77704
65339
87840
96054
96890
6820
87060
33073
39443
36258
89527
37922
58979
36915
35563
93638
92221
8508
80371
47531
89138
58754
55893
80208
52906
34072
49578
48041
32865
86770
79717
72543
29341
1015
18621
62516
8520
65718
83801
14436
52014
18672
42551
50983
40115
68627
67546
60403
13330
57702
48718
24798
4366
2048
18712
28257
56055
80948
95134
53591
41756
27207
32592
2437
49191
65409
7954
27125
2681
53089
13544
67322
97474
35275
15037
3064
81629
44605
86863
43771
19782
80384
85178
4101
44377
17626
97183
83494
35208
42880
83793
75555
60249
77416
19229
40089
11674
12572
67539
56251
51874
94571
9333
43800
46085
39097
46906
11416
37875
25687
91136
47172
40333
74030
16908
42949
261
24980
78655
14948
91186
44545
89207
95729
32877
29563
53630
41888
74635
25165
6516
98477
97398
11894
95796
29664
79754
29342
99493
61323
55530
15075
98207
82417
76892
35986
35640
2081
90984
49138
39018
59839
48008
64793
21443
5700
93932
22978
40009
73180
43629
17750
58248
27021
38091
86919
62201
95543
91462
22556
24112
22615
74261
32966
40546
25573
59815
71442
38065
35646
34772
43671
6390
80348
46430
15759
39626
30656
1065
46434
39217
47602
9972
99357
75107
47711
94356
30018
94040
27490
52076
69465
65232
12445
56074
94500
46396
38726
78689
80625
70540
32287
26462
88968
19638
5373
75785
67460
84544
33898
23194
78175
56362
66726
84245
4421
2267
26889
94340
25451
21318
80771
33552
75640
79672
15364
56220
16513
60193
13911
46782
34355
72765
14377
80858
3817
9118
29928
67708
14462
49144
86022
35218
13084
24137
21981
56388
68531
35842
30124
82577
62853
72534
29503
34119
16894
23102
49646
86302
98688
18918
35772
62994
50845
62264
39103
83932
99550
3075
34111
44524
93696
38183
16695
14212
80446
62048
17017
65716
3369
41805
68302
91021
63957
12668
55835
27140
9453
70803
41855
37190
31623
33117
66393
5586
57073
99600
4870
57208
45611
23543
45256
45868
7854
80225
29218
95270
96010
94885
68703
46585
32813
28431
19923
26894
9887
72396
18617
59132
7563
20206
49564
45062
61048
23868
77777
37874
84118
43449
75905
15521
63219
58864
48581
42672
67245
28793
64970
75978
22882
96138
92084
87751
32003
28573
26174
90214
98279
92122
10687
40642
88571
80513
53928
29844
64504
82646
63114
14885
16237
70057
99605
5261
81403
56512
59260
98573
20864
68708
46996
67973
50378
12677
84090
14547
23789
84523
31412
10026
51920
40890
64815
18987
18274
58561
71496
98786
33226
68895
73671
67391
39324
51730
56550
81263
31815
45373
46767
31254
71339
40501
24419
60652
98056
59657
40279
1105
61809
77292
27224
26670
38975
84705
28143
60202
67267
48129
17632
85957
17427
14155
36364
5140
26758
79593
34071
37146
97115
43738
31332
41344
64626
24738
28700
48305
68510
13035
1133
7284
72818
23893
60143
25446
28377
78785
87170
80147
74850
1014
89171
24177
74904
63886
98845
95577
8271
47265
68972
37827
27066
13100
69149
90302
45338
56989
12482
71305
63729
41501
2466
43760
2005
53626
93884
81734
24095
76528
79467
33883
14883
34260
49637
69210
17626
9501
84190
94466
7036
46095
30154
3583
6313
48613
44288
43972
70470
88250
36762
20711
79141
36020
2552
63706
15676
52366
47812
93985
67288
11457
68528
5141
25547
66318
64508
72756
12608
25386
27827
72130
63535
68487
19445
18304
30124
13467
80176
68903
5114
59662
6055
38689
12157
93253
13365
15333
25165
67622
93706
91693
17318
28584
76404
3125
59293
9497
75513
76882
62509
10603
3937
73357
9422
75612
79632
99995
7911
46400
25073
41498
43867
20781
99054
98698
68543
82115
8539
68197
51755
99830
63347
65821
35247
76185
75707
10352
74685
7689
55810
37130
89572
70163
86922
36440
26269
5923
86112
15588
43902
76650
57126
58994
81516
47691
85650
68918
93965
45986
4624
22383
94587
70769
25091
76100
27957
59561
24936
54170
37743
28497
73371
52591
52138
37462
82227
33302
58079
97104
47624
92591
98420
30284
98005
99746
7537
70075
2968
98840
90796
4406
15287
4022
74176
10924
9629
77015
11100
20618
81409
62021
14232
84294
98759
73716
97187
12392
12352
17819
72215
16118
39661
69392
38894
94906
78817
1694
49870
79890
34116
45701
43744
10547
80691
27343
78910
7611
72037
73483
34570
85106
51849
7687
33083
93212
23019
51694
59922
80862
53973
60636
8684
69994
46962
82650
73360
55625
80014
19067
78984
36419
80537
36658
12492
20750
88074
46829
3513
6641
48288
27922
26785
64596
93540
24916
81020
16230
5482
96370
33981
64458
12022
26764
59583
55519
55036
89571
90046
60459
7232
2924
92034
83747
37083
54449
14933
19834
31007
86597
23190
5571
68178
62433
81382
93412
16662
28383
97248
68793
26025
44914
6918
64098
15944
21440
7990
44395
67118
9022
63099
36886
93947
7110
6368
62726
44336
77047
81183
96842
61750
80009
27032
51429
79070
14252
99197
54902
53539
34748
66634
94057
5611
71747
97138
25017
47245
31595
58644
1632
22989
52254
15341
56060
85347
83452
51366
22784
90809
57144
96302
87252
47699
72048
70755
66506
58760
86311
90890
8063
63663
91040
47550
88649
62101
58265
7045
73731
27594
99106
62653
43186
39452
35992
59734
15475
3740
73443
4217
59044
79836
88328
62854
34795
73753
60843
55996
89319
6454
30950
63792
21745
38334
21374
79969
44782
36235
54760
79522
74452
69028
24248
54134
77782
3616
34177
3546
67406
91402
50798
87548
49287
44445
76507
54058
5284
28654
52913
76101
81999
88265
67100
3989
56386
92020
30059
97397
77580
34640
18500
50510
14080
1053
35521
58850
98656
40669
97611
11103
386
20497
29681
96532
67164
41375
50853
17599
81681
71829
10387
41316
18264
11783
94143
62747
89797
35093
72090
66240
83222
24776
60352
23150
51932
27163
71442
18565
67044
14326
46859
61927
66465
80437
91105
87843
44312
31463
45401
57449
82248
69746
42759
19517
68627
6100
39233
34406
39534
33285
14623
12646
16897
1624
18514
56259
98043
9184
28702
36452
90869
85423
94677
54904
77857
95834
40401
96207
26959
792
52877
62572
41691
41705
23328
89042
86327
45363
3192
38620
27441
17704
31247
78665
68864
53476
6189
56148
92688
30098
89593
54561
62472
56013
80061
2164
98420
62148
66517
81980
79540
88343
65523
29996
64448
11614
86643
92617
4950
28745
54326
97823
26306
12386
40061
65903
42089
13935
37316
64515
76113
33747
32152
52355
9776
86068
46294
56415
24656
69783
48738
88076
50108
36167
73697
5836
26506
20149
97811
83238
5957
38522
22704
80692
81397
96055
70782
88347
80813
445
9900
37110
65138
44905
70511
77291
88259
44743
63318
95295
23176
35191
16171
11589
50043
95117
65929
65969
80173
55474
86453
56683
10487
52680
56826
44607
65055
83307
93893
83762
47875
20787
14554
98351
83493
98934
59728
96478
53650
3435
79632
17142
94160
87720
20069
1098
44612
5933
21344
51135
92926
15417
70764
94238
10242
37530
872
9508
86035
36227
48006
81430
85661
47861
22656
3058
31743
17216
30834
47681
91796
28803
98391
66761
93181
74159
77155
35967
92428
50345
52602
72506
54607
68079
27980
53666
40887
25650
46926
12518
19333
50145
90902
12109
29584
31622
77715
28869
29173
10410
26822
11384
63835
66643
5057
19772
6049
24686
7546
14985
44807
44840
24843
73573
18710
13078
89546
92411
58061
75732
60608
81387
88873
82410
52553
43514
36016
44715
19175
86442
27962
94775
97794
63973
6652
11265
13568
27763
54994
85578
10973
76043
10376
37132
59751
62501
79302
22995
48089
37166
74134
85061
98034
33973
54323
91779
28177
19650
62736
65255
42128
96838
1217
48909
15290
19278
99594
47470
49609
94993
5027
27784
88544
41513
30532
47193
46434
82558
31091
36394
72750
32830
97575
14697
27000
49385
50775
18926
87748
31336
96549
26015
89473
37629
48576
72847
31296
36758
53754
27105
54288
42939
85288
89546
33624
80199
69199
74516
39312
87604
50673
63743
70908
76207
49427
36483
94213
97866
14314
10288
45654
37744
2594
2646
79984
3347
30379
16513
70922
48865
98336
38332
55721
42869
43285
64086
4728
74858
80732
53697
97412
72011
40788
44919
56375
8965
82383
90871
9327
42334
47871
52206
59386
894
51644
66417
52464
36555
1172
10534
86092
71412
44303
72995
11976
3555
48702
17550
65653
42773
43072
7075
55956
72934
32241
86900
98580
78981
93327
84811
7720
31367
18250
62858
24868
7639
54631
10580
78516
38667
4497
53828
10201
85937
74045
3067
5569
57833
97400
88503
23970
94604
83503
11103
10418
8778
46938
85755
78214
79186
56710
65856
35749
65738
62623
96394
49865
2718
38678
90305
91409
20565
34292
16126
75686
68607
41019
58951
74728
6186
77557
83094
71347
77108
20604
98136
16532
91899
18597
63409
56578
3856
33162
3644
92731
3562
93490
35664
73084
43895
66846
19903
18140
47437
6643
97272
28773
60287
35680
45804
47152
40939
25323
17166
38589
57904
66108
49939
48044
91965
60101
84920
35035
80516
98924
47587
62684
24525
11223
48098
46897
17223
48435
18192
58407
88825
16385
21590
9037
81271
19230
47246
28783
31248
4237
23234
1555
92228
10243
28499
57839
42739
70286
79862
77221
74001
50531
91928
4701
49077
15075
83011
96573
39792
42057
74680
86919
50299
20402
19836
78959
54474
62025
1680
58584
66685
59695
69816
85450
80788
63204
67741
96817
81282
1844
5837
90549
78715
48545
66080
33074
98471
58248
95574
61363
10041
32915
67676
49776
90232
87547
95278
96289
24220
759
29526
69278
30805
31781
94674
89173
93253
2132
64180
34246
30574
72428
85283
84926
15750
18298
34206
54159
46247
97660
77633
77512
7171
53797
17664
18774
18196
77134
62896
72887
48914
61914
67653
15990
69789
72067
85014
86024
19322
54086
66845
35874
65499
18632
66170
7125
72919
6052
69143
60295
39481
71410
18950
12303
41907
47573
8967
5197
82227
65825
72710
60004
5646
9670
72961
76244
50809
91742
38887
33784
98007
879
13307
29049
4013
25886
90584
5197
45873
77681
33679
82352
66208
74718
24363
54493
21774
18677
64918
33417
66649
54022
37044
1820
37878
72657
82221
83276
4781
8041
4360
41016
25441
72739
46739
23711
99911
86753
54496
13818
89432
19957
56297
46492
72481
76148
75827
4837
65816
66362
40368
23037
97001
71603
27454
66355
78574
97037
22830
32594
40605
23896
36383
8157
61019
94646
84745
53095
77134
31365
6229
91697
86353
69894
96041
91457
76544
50537
1314
92187
72211
35863
410
30847
22824
93979
10185
44639
51001
62094
98055
54554
74604
42367
62223
95898
22761
88795
14495
23143
82022
39102
88957
27078
77246
44790
67252
6417
83585
68559
74140
22388
95077
51329
34679
17665
91194
43027
29271
10897
46874
20266
90493
43832
35231
24978
15548
64579
52079
29735
72348
12433
42515
6048
85403
60715
26181
85881
88013
62050
30312
37596
49956
69091
47121
1260
90572
75001
79874
47405
17485
32767
94744
52499
38131
53024
13786
6853
95434
10061
84114
90221
69890
64474
14488
42752
43058
29782
92714
51748
23065
78534
30104
13699
17824
62781
75003
40299
91100
27545
70278
20447
36687
93468
25844
27933
46862
95973
90401
2924
79549
17772
85589
37858
37174
48759
84091
25872
50664
76411
27023
7083
13948
39602
13398
15800
56243
56309
9608
23411
38956
28182
85704
15675
25889
14941
62900
31742
8305
80637
42519
54588
91193
98770
124
89754
8603
28634
38974
16614
76960
31885
4186
46754
56441
23386
54182
80207
54209
6879
92795
9239
56159
96132
12781
83543
98856
25653
55451
29991
86785
68026
6626
18376
24289
43989
91884
85257
31669
32536
48358
16693
46238
92512
12367
64284
30645
79314
40779
62621
68046
30768
91640
61261
58970
11127
57369
2022
16710
45721
5421
68079
13505
9746
42596
27780
54939
25897
49512
16706
63625
33925
8214
36369
57926
74921
83920
39278
78355
25581
32747
33268
77854
94619
74691
1767
33792
72739
69199
79484
73601
82107
20975
57128
97046
80791
36834
13444
25386
36577
4756
60026
76539
12565
66356
38382
75675
30331
78531
18316
16728
39841
94760
86858
65269
77588
43009
98233
84822
11964
29908
96846
42907
61266
80740
28551
10244
23646
18719
80156
83731
4049
74900
81572
17582
79227
43458
8417
47907
85418
40075
329
99239
35873
83911
43762
3415
70064
37685
66041
80800
51606
97228
52814
69209
51727
89840
7392
60686
34811
70561
60449
61464
81486
7309
44821
92167
49037
99397
85116
75841
94987
43884
62618
12932
2656
64940
16960
37352
45123
53091
56408
38913
37156
76091
35826
20800
42377
80888
53830
82872
82754
16266
4869
41342
96427
62242
42369
36905
56222
15648
16629
82169
35698
48555
42290
72021
96724
93339
53864
60364
64672
61200
9741
26045
30940
66021
62605
38898
94321
90430
61838
52359
17351
1631
18046
77545
38300
63191
95067
66361
72225
86521
9407
12751
62545
68971
60231
66012
9487
77335
76606
95208
91035
23391
77834
99065
29584
48013
61651
94581
30205
11177
18443
3327
76158
40771
47775
8061
91478
56560
43768
75034
81579
44690
72718
583
73695
92240
65898
36893
75270
42341
97206
7678
51465
96980
60548
7737
26517
84185
72408
46187
17248
58042
74866
33539
65819
50396
3548
84766
22989
51442
39020
78545
8305
46512
33398
50214
87117
78367
39122
43549
3373
74281
82149
88659
9981
12883
29583
24096
28608
22315
73008
2554
65711
55254
61911
14615
25841
84812
26217
13968
13875
68736
59850
30178
69253
38807
86572
49838
41937
3834
32849
6175
32600
45255
22654
70379
86475
15297
48478
16211
56195
13159
58287
19429
92157
71874
64398
55105
81974
58776
56282
80056
14398
6846
95911
74736
10684
20011
45538
69252
29822
57223
38300
86984
44411
87266
58133
78442
21512
37921
79718
64757
28083
99955
60842
1711
47199
80258
25386
52514
98300
38372
51428
12312
73698
14833
7767
59519
88138
51983
93038
21964
65545
28682
89190
18204
47594
84767
87102
30645
37447
74903
89946
91275
78980
18801
24244
8062
6152
26456
42144
79905
37176
3380
37273
4021
78834
31196
1485
852
13187
78761
70051
60330
40421
82245
59428
33662
90745
42306
94797
44526
8765
24808
7695
61944
45546
42310
17409
24853
93356
43690
91907
83455
17887
24843
89135
5556
84642
97411
65022
93267
8891
81499
62197
83906
62087
58494
94218
13074
93436
91119
22966
20634
67101
43767
44633
88577
86777
61174
19365
44376
34816
8571
31144
41635
13955
99662
32537
20695
67431
89931
67966
3167
84965
91305
90968
51897
95394
74520
5708
46269
88838
5418
38126
67230
28059
2472
22156
34057
89348
63717
28820
12394
77207
24047
79331
69934
2009
18625
40139
60579
89620
88566
57664
74332
36119
18137
35264
39633
89642
54232
2045
95651
70573
70198
56456
71772
87308
41663
92315
69717
19873
69718
25890
27121
37094
12395
3271
58279
49301
22280
45530
49949
84446
16170
473
85199
9156
8653
77889
46319
5044
74208
9905
76711
81827
97112
87288
42778
40355
27681
98683
17032
67778
9390
93220
45904
30976
18577
57001
66576
83594
22951
91800
9255
4440
235
86685
48796
29727
83658
27632
17880
96595
54358
17854
69486
75997
55380
47698
67642
84181
71921
64255
26791
82269
42161
87372
39563
70137
40008
71293
69293
3598
51073
91323
70823
89974
83771
66111
17286
95965
71796
19136
37422
75164
33310
29526
84539
21488
81582
79338
6242
13621
54131
70236
75285
99908
87907
6096
38086
87270
32081
64151
60067
88116
31195
7733
38175
99693
78240
8980
94578
80819
73775
21061
27030
78818
37658
35758
23410
8846
12041
36372
84148
79480
5835
94566
79735
82636
45160
20323
58565
7770
25650
19146
88981
62095
67833
47228
30357
28304
33053
52208
35299
3155
55550
5683
88245
55962
66768
65721
11833
20300
37483
42949
56214
77873
50430
57680
50865
81001
41891
34745
40844
74826
34734
66506
74344
79637
10047
88419
32940
20852
28887
36390
71966
56626
21095
43134
33741
38582
75203
36876
9169
67038
98518
5423
84235
64820
3407
28015
60934
91471
20441
49607
98111
64457
78057
17581
16320
11064
42224
56095
5095
23404
20272
93579
75686
7300
99660
22490
59588
96493
36120
36763
76161
56183
5295
8584
35926
53014
92771
2039
67163
86130
5966
47295
26146
37995
23528
83813
50464
81550
20882
17186
40524
95628
54830
93074
45056
67293
78034
33980
75997
81680
67697
3609
35243
60109
61497
35811
48925
37610
8764
94971
52499
40230
10918
14743
60217
55589
11949
98150
17581
48393
37671
35105
798
96265
54357
5297
14127
49745
12700
57911
93115
35413
58772
53243
36339
13555
67226
87700
65155
96644
41088
85904
1650
28351
19268
43458
88744
5131
89214
39206
95498
46206
61107
97233
39040
77654
25383
56377
37624
87219
56175
83902
83556
52752
55621
74005
2654
96732
87860
61103
13867
44377
94482
77386
96349
54896
92302
77940
69331
28687
99487
92439
8795
1569
55452
69957
74008
20456
17130
84481
76991
98745
61360
2247
32666
11700
84422
66074
78159
97182
36396
90153
14107
71837
57207
7516
64120
18607
39686
76321
65086
48007
70515
10317
69638
17478
43716
23089
92873
95666
68673
37787
98279
47317
51009
9222
16483
6933
14749
16095
7915
57611
25542
31348
60438
58530
98834
60155
75206
60462
57393
72221
65069
51047
43581
29630
12908
12801
98768
16425
37111
81288
60113
86780
21812
53597
81574
877
32834
15464
60621
67160
20086
33304
78565
96166
44448
20415
6471
27643
13132
98435
82
43164
28805
63106
11940
36827
60564
93157
13156
73921
96966
40895
83772
83863
81803
96291
88517
48081
60122
52416
57178
89496
53363
22938
44494
25842
8573
79973
46522
87983
44365
25504
54927
85875
29384
13580
87529
4987
51359
31528
25956
85422
74554
5899
84808
68098
55984
50492
76928
9095
87505
73201
3849
62868
91750
23427
41254
64620
88529
72554
83120
85484
57838
61818
97066
28949
36987
85434
8882
31632
28724
11100
34004
28707
6486
5246
74680
31726
70598
51068
42684
92578
5450
65808
70557
45215
91924
89000
99374
24232
16992
40225
91275
74918
72755
90245
82984
17813
35586
60287
79202
48175
94005
26903
89079
70035
55136
13294
12145
35602
26353
39287
55261
54358
98505
40432
70426
175
16065
3613
2829
97787
