96364
49856
9331
42608
68327
65993
37315
16939
71969
34782
4564
57046
78335
19177
44266
22456
16350
70901
542
8768
43955
2886
26054
14855
7716
87459
62499
91410
37948
19790
17894
12307
88239
54740
94303
69614
19434
95551
33860
9401
91189
72712
64667
14269
77065
47082
38564
32378
6280
17139
23078
72454
76253
22739
58804
34070
60081
30999
18044
74741
63399
28943
7596
87857
16053
10411
385
41205
83871
30981
1837
96017
20081
81495
15908
67510
29369
34317
63844
6525
50079
50613
19454
32199
33443
56307
62085
19071
63985
87985
42162
8156
17922
63444
17970
73475
1426
66889
5068
1897
11866
83774
16179
18453
73450
23118
4356
84100
99493
68212
70620
55814
91576
75521
27450
13414
84344
58152
47980
90535
86039
81622
77785
25290
58403
31327
58154
43052
54107
74163
68662
83468
23311
35088
55304
51115
13779
26257
1359
68171
7231
67428
91426
12346
19718
88090
19245
38472
15761
42423
88989
29107
54040
29993
7300
17124
27772
29269
9578
88018
94884
69260
10352
26981
50034
37501
76386
7317
49728
5413
21912
67793
33276
72961
5225
11771
30686
40100
68205
13520
69122
31716
46572
9957
1543
8430
77640
85486
59715
31130
37637
53048
15936
4505
95825
73622
58550
48330
59987
54041
82054
18317
31860
63127
71633
16847
77412
50510
29171
14500
87435
95299
79455
42994
76462
35075
41464
55657
37945
46602
68650
47121
8367
70370
65731
87709
49323
59299
15249
54555
497
62617
18648
76397
93303
4484
65264
39953
75721
32600
8761
18460
76286
81668
7581
85094
65141
52272
67136
87551
66219
24639
8326
11776
44380
83540
55009
12604
48338
83729
48405
76468
67823
699
4299
42569
66132
60313
81262
87469
30892
24091
24325
35699
54968
11064
60173
91397
8503
90159
18867
69139
23025
91503
60971
9833
34848
73586
3663
54042
89916
61252
52632
64824
27458
76513
84978
82086
25760
4413
58559
16997
87711
15325
10795
65418
58061
67426
37638
15024
54374
79846
92419
92330
96063
14879
98829
51057
4879
54496
41409
51547
88635
66271
73804
45901
51932
8049
19553
86247
91694
58353
76919
73661
35416
58048
90173
2279
30611
48775
35259
6382
54520
58008
12999
32006
4491
68882
74368
46491
67870
22018
67594
39396
49987
58534
1830
70741
23346
95470
27917
94448
5011
40412
29290
55803
12105
22986
79665
4877
3228
23018
86624
89697
82401
74920
18448
71373
10471
3884
1111
33645
57376
40988
64798
17880
22602
86687
27546
48789
25401
16572
2889
43814
65731
38912
2859
98625
37576
86974
51547
36064
51548
27280
29512
89199
23923
49276
75252
42146
8711
77074
28552
5001
56425
47602
35090
20156
74914
89899
43932
22192
28388
92766
56650
66220
850
22881
10640
52213
1928
87711
77806
26372
105
41885
32297
50522
19491
95255
85510
64810
19457
60424
24038
67220
22701
95881
77497
36626
19871
75888
40384
86123
96391
12698
65539
9126
96051
95364
99051
39129
20957
26323
95710
60222
61493
24212
20789
31878
95398
12733
77659
36424
97831
25745
99684
87314
47648
80707
86247
2208
64087
47954
24954
715
38390
24499
67625
25816
72539
82157
6034
8273
8956
2941
87072
16049
19956
80729
71265
4921
44623
49745
55462
73216
93805
56210
46263
53159
25911
8837
6577
55594
3132
90164
94366
85490
12389
87565
5806
20263
25661
16031
62455
21155
3831
67392
65863
49346
35803
35377
51105
9013
98865
11737
12508
95062
77577
20494
28468
37334
24100
11891
62250
14226
41282
54395
60927
52580
26281
42028
92873
59510
47022
87198
27695
79697
42340
86562
77639
93139
39518
52480
7369
51679
68226
10360
23216
50287
33805
69610
3501
42596
94493
54482
55111
37630
42942
3627
43571
22439
73493
86804
85611
28105
53666
5615
32047
39296
71286
8614
7317
35978
66833
21417
41357
24091
84694
57170
97462
67886
4909
67434
68343
34325
73589
73636
91067
4561
90276
40742
68620
12925
16316
26281
17354
46277
18989
16950
8009
28820
10721
96720
33348
17354
50791
61232
92737
15565
31519
47819
29955
29943
54175
74736
79398
18125
38176
74990
72443
29455
88872
9939
67392
10891
2132
43823
55930
82988
45314
75670
91921
25041
31097
90468
37417
67928
53
90778
11545
94040
80179
9383
47818
89710
55893
15971
35406
24527
82738
94869
20538
10941
14205
67284
30689
82549
96496
23786
83566
14500
36310
6388
30845
97530
88082
4070
13367
48951
90799
84203
41641
32738
72964
85354
49152
26232
78275
86981
32739
89793
87071
53723
29964
32222
38840
7533
14852
33631
98181
69534
89626
10513
62012
40563
96256
75284
36736
19545
48003
22027
73800
71846
20964
88333
51528
2008
25336
79224
7870
39802
98424
89093
68764
40869
69542
15542
65837
43747
49981
59276
1893
53615
67059
2293
23689
41464
82862
69347
83224
65763
33824
32536
95093
64848
64320
41661
98354
90677
8902
2258
32154
95815
81091
18624
15195
74232
16859
24746
79375
8570
68896
58177
64966
45697
36140
74614
78609
51654
16122
80683
52365
94343
19042
39747
17353
21388
44719
71704
69462
20325
35967
79851
14571
35984
3286
15637
62034
75030
35615
5564
81459
41013
56513
89282
34298
89016
41113
6968
95463
30626
93946
33231
10962
88585
56830
64367
2041
38527
39015
61280
92872
57101
68822
46502
95044
82968
69831
72682
85844
33829
41351
43186
80428
65976
81588
90867
42679
72824
8719
26013
22528
33199
38976
92213
68605
54798
11975
46304
46969
52973
73978
50490
60189
15951
84032
2343
15642
47747
4840
58945
28725
91528
38887
37424
67439
37256
70892
74871
87376
20645
59490
68939
2832
41586
64929
87487
38018
63000
12049
68922
62621
98264
69373
72810
31112
53680
51504
32626
37121
64343
63022
4991
84233
28066
977
31640
91920
91529
45631
69140
74329
38052
15524
76293
32874
74702
6354
76882
72883
844
74225
79042
89432
72775
99716
73524
31068
8788
80954
54636
748
74581
67758
88936
15333
67961
2332
39152
26883
2302
85823
16684
26375
29079
79276
46671
4835
31016
13381
45393
63334
98926
43899
57083
88415
96828
32899
90683
63663
78976
26643
3032
77232
17315
72506
22495
70107
89775
58361
10811
98619
57420
38690
73796
95436
4867
39627
53582
6799
94180
22479
93410
59853
14594
92609
48361
70853
98875
5742
38533
14356
12726
57614
26266
79168
67685
20071
24009
60321
23498
39422
98174
89901
54774
71354
63295
85918
59052
85463
42405
24705
23141
45028
13639
54846
87148
93178
60881
35935
54313
29241
18868
70848
5851
86208
21431
78833
46238
5064
20267
3146
31725
4255
88668
74860
5217
36732
12163
12880
55511
26403
51160
51374
19503
82839
4229
92620
55312
54135
40630
29217
71594
10615
83917
49157
44820
80316
78289
85719
30931
32339
88134
29514
96988
59854
23769
78317
53680
14556
27954
42486
97318
55620
51627
62666
63015
8670
23424
4331
25971
558
17148
45503
161
54110
45395
38296
7875
1207
98223
16838
2504
635
74049
2805
76538
40546
3641
30308
40200
16526
55825
32644
89823
72653
75907
20840
93489
91916
43931
36751
39767
26771
71880
81484
81906
16960
35083
83342
58221
88611
69522
57585
43679
78419
53311
71456
12333
29836
25728
63300
62796
99302
96356
37678
39652
93587
81571
75869
89776
40244
50716
5997
38913
48280
44092
85628
24450
89395
26042
87098
96887
89623
84896
31724
40927
72241
1827
99197
92120
85122
42515
73794
31201
27160
49262
47784
9467
6761
36848
93949
82600
33580
5797
30615
62678
92884
63358
8773
89013
31689
7234
99216
60483
69444
51804
14765
68970
38215
71186
94626
82079
37880
34997
55538
53259
38712
3444
41575
61478
34083
7916
67611
62559
10502
21883
4099
63320
54520
99474
99129
78094
67959
86087
58500
58519
98656
22986
87270
48932
51435
79952
85698
96102
64000
60043
33608
81357
67066
71163
58942
24011
68694
53661
36684
54678
12407
35713
95812
84301
22778
22586
48941
57874
87953
26223
6315
55605
20447
7246
47916
18162
69455
90048
79089
65553
96913
91448
51863
24235
62161
97476
1473
59404
69173
35110
41796
8276
61844
92125
95118
57047
89614
31708
71092
96772
89227
62172
34935
62403
96244
98541
17426
77464
86408
97480
93411
33092
58012
71360
79507
67882
15603
35830
85892
60623
97397
36108
3190
80410
495
60529
14741
59996
33607
93435
74531
2249
74489
20339
74302
53220
98611
68970
87789
66361
15786
28266
30124
45091
33655
88103
52786
96398
40498
76884
28827
61782
78345
78545
83031
91247
95933
43874
35438
79838
63193
81755
85998
12132
25807
45880
64658
25051
97009
14665
58577
95641
29257
63179
1953
70002
34870
13425
52134
54650
33667
63617
64474
11975
70853
50715
91258
69237
20594
5556
80971
69635
53784
11713
41640
13114
99393
19471
51241
85166
9057
47343
2193
77117
73209
84046
31700
27893
67148
68035
83651
59954
96634
10626
42646
30309
94910
32110
38453
35504
52353
88810
32514
74541
63994
6864
2918
66607
80899
123
77431
10944
93720
55103
20002
28905
26862
34393
6683
66064
4973
28320
43199
24731
69804
22267
98082
38708
84360
92972
85081
45349
49216
33930
71462
70754
91024
46124
11580
59877
10344
54113
21966
91093
44585
10781
74552
92384
54459
32462
23689
13127
56301
61357
86700
42649
90827
51471
45425
96055
96149
94075
86813
1655
39938
75382
79915
6660
7056
91578
19869
99139
2150
11845
32739
53584
25064
98606
94438
6439
48086
16818
87666
42686
97186
84748
48478
34799
69931
6468
31001
73620
65115
77598
1619
92715
27130
69459
4165
38969
20333
46621
90622
44267
67503
78123
19115
58615
83562
37460
8097
80801
80913
77033
82698
68313
18365
89347
395
14082
71202
81820
75662
33710
27886
58233
45776
51013
71709
32645
90312
21988
80764
96953
9075
18177
31832
33879
93656
63821
32578
73397
33885
57491
51074
67895
84134
95293
19988
1270
91716
87605
92579
37372
58082
49609
43265
36209
75175
54664
20640
12399
33833
10121
61168
61778
93487
76074
38261
11436
54144
18038
71300
3349
13549
71360
88795
23167
55576
40140
3834
25031
27904
13773
51810
66919
25610
92265
50920
47017
17422
31576
87093
52310
35867
26091
84925
97037
72199
80170
62522
61231
16886
78262
21189
47958
85638
49677
17681
71110
56214
21355
13668
42332
1201
79149
42194
83971
56251
96626
57367
49413
29238
6266
21073
55070
53329
46160
41848
25197
73966
19812
62907
37348
37487
57041
41529
92094
4188
92573
79256
2384
82067
52543
5797
24664
56364
80954
72265
44402
51976
41896
60260
97290
53718
83986
81512
74411
75873
67419
5173
726
33786
53437
94508
47470
1149
91179
88786
58128
11810
78069
46244
15809
33923
23114
86002
52511
59141
96632
9849
88089
1413
60494
50912
86299
2880
77507
84366
70273
96670
4656
16646
236
13884
61336
89313
68819
35030
57224
90535
43121
59949
97016
33705
89468
37434
12177
58429
46486
67183
6218
13847
17436
2790
30123
55137
66108
41961
18386
68535
27523
38973
58611
7329
99252
38315
71193
16942
59317
20940
93804
79529
25252
98001
10731
78779
95079
4364
12025
57213
25184
20063
72852
15671
76639
76383
8992
52314
94705
29828
65602
70487
70615
82160
93672
21082
75537
79193
45382
47718
22169
13749
1563
7758
17805
78785
42322
87469
68516
80590
13732
73699
5793
15368
54075
55693
53381
51684
88754
65472
58335
79366
62200
33057
23550
7085
68723
37284
62568
85467
71840
41663
14723
80260
17241
22538
74160
98290
54224
50037
60087
35251
86008
2886
29534
18368
93282
89485
28435
29610
74245
29606
98889
73987
3767
57547
53215
40902
99448
16371
98747
83461
18606
10891
25206
89069
50890
73519
56689
824
59433
21542
22726
36654
52631
63447
35513
12473
21839
79883
51469
1188
79037
98305
25171
18574
11524
71751
21533
39441
51771
8124
59472
85354
75569
73344
79288
6436
60754
59732
42197
36678
39074
40179
45332
36629
75719
57100
37400
12199
8643
56955
28279
90342
638
79555
47969
50332
78882
8587
70043
50817
52288
51954
83050
69439
25296
43440
14507
61374
93173
64138
54783
17905
89887
76177
60516
5147
90410
34264
17695
33279
71300
18513
50580
73284
42316
89731
82648
31233
38966
35241
98846
234
80779
56298
48654
51959
33773
19728
98996
29325
76503
91751
22676
42956
61699
67541
95611
60821
61734
48112
57520
47285
150
27456
8298
69170
30923
56883
22715
34960
42083
74678
12554
6977
10528
84471
80831
79783
90348
87444
19959
39783
12765
60671
42359
37676
61299
70001
30780
33429
58301
51399
67665
38685
45788
18846
22395
7364
68768
58567
51983
13566
52270
77670
89539
38936
34499
5165
38753
83843
63826
70896
34679
82367
57897
82213
66668
12325
60754
13946
67693
87729
31829
92370
22437
95466
50267
87453
78444
65967
10413
72499
42166
27807
86491
54477
89260
64741
68248
65761
15672
98687
58690
35352
36569
4137
81504
43021
53015
20491
86597
53540
56240
32123
64433
59108
58289
40560
43670
48562
84512
39781
24471
49164
3542
40838
25741
24351
46410
94363
24227
62982
72169
48462
73025
384
54817
23609
82503
94508
50044
50385
879
59299
31818
17545
21749
72017
46328
25765
33426
15730
75069
94012
98563
95366
26706
88168
81384
6448
21377
84622
81065
20017
81494
46180
36435
92027
67187
85060
35200
24149
95360
67084
12149
2858
74175
75918
39236
53678
11358
84699
77234
51791
55557
78215
94675
45139
88079
98393
86225
12212
72117
65874
71404
60981
8710
22935
2491
2623
79123
62236
56688
54236
17094
72687
41818
50607
64243
30591
14308
36142
88327
99207
28603
67646
98653
13402
14989
78089
82991
55596
8108
64702
27626
49947
99313
40902
49082
10649
70238
89470
68836
18711
55612
4246
13843
13647
40579
453
27945
26222
49880
76422
63671
39260
53424
12531
75529
39402
34451
37660
38872
61590
35420
66564
72131
75614
8957
25881
2168
67359
92927
84942
94923
70472
34950
29718
56681
93440
27507
76511
92455
3601
54692
56585
1235
18191
918
30306
89740
31593
9226
607
23310
41707
70662
78584
10757
53549
68370
75937
7043
37788
32162
39745
71852
52323
41588
61233
84014
79574
24495
1523
65903
22842
5740
46763
18494
3188
9136
70750
33548
14381
72023
11814
79379
99486
94029
32432
78612
81534
35317
10739
9439
9285
35757
65068
58923
2876
90024
99770
69446
83236
17147
10835
27654
47871
91380
67233
18429
93950
5091
34173
73899
9448
99517
52070
8685
13028
38837
52094
84180
40900
3659
65442
42865
19406
6273
7875
49803
89831
80040
30406
66131
51518
94650
7636
58383
32115
63712
13406
627
52834
66483
74802
66510
98992
1247
7666
32607
33073
98596
76791
26952
48755
88406
58338
23387
91562
97061
21306
90002
50073
55799
43335
38619
14042
14224
79882
847
30890
18803
12599
29924
21396
45347
15472
12184
38200
98851
18239
11950
39096
66043
25295
67605
5919
16444
68744
9348
89614
48026
22949
47746
22885
26200
87700
74945
58506
95490
91177
54795
47704
40915
78303
67924
24903
91671
57580
10415
66356
8523
32096
19645
95246
87489
29018
5119
53469
27007
90215
42029
31342
96071
46328
45504
47038
41137
50974
51625
60643
88468
31461
6340
7250
89028
79882
27463
90288
565
85979
55221
36377
30173
86953
49840
66182
94392
22860
55498
23103
45125
12244
14780
24637
47277
94727
10319
67354
68
3868
91480
79576
6089
10834
42433
13259
80072
24237
8194
39491
93982
65359
24495
73785
7100
61679
96395
30870
6852
39417
22970
28827
79280
79170
43220
60688
1747
24709
53973
5132
29079
54431
47313
36510
81285
93060
45061
49398
81764
54780
36872
14483
76952
37245
897
86826
26955
93702
55186
25456
10570
75413
3602
70692
75686
6501
12953
62587
11259
81032
84532
54409
57549
67677
25592
60713
17518
26926
43507
97737
36732
78729
90654
73909
26471
71993
82478
75199
40400
45408
92042
82216
54765
12435
17879
28910
31370
45522
61071
25521
53097
77602
18801
43971
32490
45353
32209
53420
18597
48102
91632
51191
76116
79018
23206
21405
58670
35863
24860
6284
90222
70803
85430
97587
60050
28137
55565
20973
96575
52476
51515
77799
20354
62537
40624
23312
79666
51096
16737
82556
61009
9662
35904
76245
19184
18035
90182
9310
24882
67819
40429
4453
23561
82099
20315
47205
78077
41609
84120
14549
85035
89688
18816
2641
48522
63855
9140
97986
36968
15869
98507
82797
9043
54188
30470
69653
42292
97047
13986
72173
35030
85864
96390
58814
98245
49267
85691
79090
79377
36648
38587
87035
42737
441
22051
77026
36548
19273
98434
88911
50930
56077
58484
49970
43506
96290
71912
81773
33861
5578
95068
99166
82879
17572
86187
62284
72230
83175
94364
23021
58386
99067
20316
75473
88085
12020
48934
73199
24308
52043
19839
24714
12787
891
16734
57152
96751
44821
48328
35759
38821
57281
29818
91012
92944
47570
48831
50849
3503
17091
88162
56042
33957
33780
80925
5837
45146
98044
32015
30060
48191
14537
41036
25320
90383
70619
55567
85227
35889
71993
8107
76913
18009
3183
7679
4884
85614
70981
79847
74163
51334
57309
79855
6175
17998
12296
31459
43490
82886
3557
98657
65196
51209
12471
55120
67643
99626
76866
46506
22310
68666
36642
44917
70726
15270
64136
49455
47330
35004
10994
39175
917
35150
62950
649
94014
26768
99979
305
26788
63836
58340
63937
9636
5813
78633
15630
58872
71784
59267
55636
10342
48462
38052
84137
96482
92334
20513
59439
57057
24895
97102
48803
86363
96651
47732
66131
77948
96784
30065
20077
87271
45920
7692
42866
17831
89352
29139
48585
91860
11277
62259
20079
97022
16434
58515
67276
22266
33046
22990
31298
55878
31995
54635
25727
94746
54145
41722
31441
4556
76081
22861
12313
85696
13846
80497
38232
80235
8709
67304
5350
9986
31069
26405
961
14788
44649
67267
41603
44704
35491
31649
20620
16548
56339
87678
33566
14692
56341
9645
79368
62627
50904
22773
81018
51009
61762
70984
31415
98529
75697
19102
35881
19542
78556
25421
27630
1610
67320
33287
94927
22698
40759
1328
87570
86193
97259
26107
53157
13167
97545
78240
68731
60597
33288
58492
9684
18816
56424
28836
97876
26976
80687
54599
55637
60644
91886
64928
49176
96004
25603
62997
62903
63307
45848
17295
57142
59326
25544
64118
40984
33325
17858
22056
95566
71125
2310
73845
14314
58320
35276
44762
76562
27354
69828
35321
83823
25664
93944
26897
26277
24807
55213
97759
48765
83383
89672
11761
80350
71874
82926
11938
88347
29044
59108
40055
14598
35576
86101
65461
14401
78629
99506
60765
13045
90020
16723
33126
71516
89023
412
10421
34104
17991
34779
5467
48295
54178
6861
25066
63950
13967
81536
24565
17426
47127
9555
39716
93637
33746
48474
72849
80030
25427
60254
26818
58465
68562
85121
76899
55838
15315
81855
67231
18134
77880
44304
93563
3575
43712
34538
18767
70280
59962
77859
9090
79968
58762
6227
15713
6257
97143
50904
42587
96930
6062
14388
96700
40315
82455
49585
16036
83897
27858
9061
17187
62913
11885
84368
70868
12913
54693
7010
49747
65522
21014
79354
41756
41930
89602
20361
81378
12110
3866
19124
79528
71188
23243
71544
23071
21734
78599
58120
1053
48307
92047
50514
40278
48319
35995
89089
45306
85915
92902
70747
45291
89007
29336
78410
67385
3444
51921
71543
31227
73630
18927
34130
70220
53782
53501
27086
40768
69126
82872
87370
9922
39630
57246
34891
68715
16884
41781
34404
3137
38359
34902
81592
4586
89188
28660
84374
68267
73921
4333
57666
21665
93095
14284
76853
60635
90318
48727
71867
31090
39104
57724
37882
91527
97839
29843
69458
86359
94018
66864
85408
25981
63050
24329
78876
70372
62420
47326
13731
72039
78711
84649
11695
1000
53356
83363
66433
73417
35870
719
78721
8906
6455
47912
56540
9567
76922
88483
3372
95533
6735
96192
28310
22050
11544
49267
72589
92430
58403
26633
49428
59841
90072
66521
76128
4802
29874
55432
33915
28490
98794
79737
60357
25339
31567
37935
64469
79680
59442
81408
48766
72930
86078
15833
21325
60579
82661
66440
54606
44859
23029
48170
5518
11565
73353
7473
20634
69766
71836
67985
89543
21425
66008
68775
22219
91385
81453
42886
13993
79964
88029
98688
46730
62088
49811
64878
13830
38710
52692
24732
28643
84256
56942
34644
11892
87871
55598
6245
77378
45605
3630
40847
92776
68692
37098
53614
82968
49817
92115
94657
32827
69193
6557
91958
56502
22262
72595
90804
35400
16973
18059
31748
9551
79920
44211
47804
53387
81995
27594
96809
50330
7221
15532
73721
64963
81733
27333
43171
42766
20846
53703
47091
64624
92889
89335
38230
24132
75485
99937
35646
85813
38174
26828
5234
75928
17663
31303
10806
28982
6437
68355
39122
80648
1385
21915
61793
55675
87801
95853
80217
86483
77837
47693
25554
13099
17217
81871
32980
23418
32052
67873
56449
94929
49467
86203
18492
10305
6466
76175
78613
85498
49440
84795
61011
31310
6262
8669
36668
35349
63269
55334
64164
47273
62185
28871
28143
82513
48853
7624
92708
10906
95948
15480
63953
99905
36761
80894
79701
90766
48044
29422
14606
33019
53778
24791
47744
97010
96527
64505
41726
56052
99227
45204
29624
43445
30134
6523
20385
56325
33609
90119
90555
2218
14107
21353
60961
10505
33388
49207
3345
37443
19954
71080
31573
69404
61549
56378
66381
33303
52137
72528
63610
58685
10384
794
57161
90172
71465
39596
52634
3020
6449
73744
13964
11501
72916
98328
46118
6220
22856
82603
68389
61380
7143
77601
40797
6657
30343
36682
86862
41824
21751
96392
83685
44531
45432
16861
86987
66240
43765
78238
48942
21993
3905
41671
40938
14086
54892
93929
21140
39726
15873
39582
1251
50037
97983
95421
81883
37199
68242
77801
86935
29491
64398
95908
52915
62427
87879
96353
15795
73895
60335
70262
20531
51201
29773
68944
5643
88635
79094
36481
45215
88500
5099
11956
94593
55162
61455
28353
7843
16458
7491
38908
90301
18099
14976
88168
17527
43928
76593
55177
63828
71956
46506
64919
87195
27447
46728
68910
80706
31535
96039
34115
25562
78178
92282
56401
83602
2839
21514
96976
54696
38197
25934
31655
86707
15331
56932
3545
37286
17615
67753
79515
6849
49194
96763
30661
1306
44912
41352
44007
16164
1733
21074
52147
6105
55963
13249
94744
27273
36721
12613
62799
15391
44405
61831
82606
67020
68873
86059
21785
3603
26115
63685
91961
12944
54639
2164
21157
16230
99024
94943
62588
27811
52291
4011
45237
59602
35780
82454
46830
12605
1674
66995
24416
61756
73197
74562
61812
27678
80040
36203
66511
48371
18489
86871
50088
27861
88262
11276
37050
24625
79513
45987
72820
29621
12492
68039
67918
41399
24288
69964
34007
45535
9671
48553
78441
25490
28706
13171
50174
68093
53348
74072
18172
56410
45333
68021
6667
46946
10226
26804
86920
39279
79634
11238
28146
42604
5732
74201
21665
1372
4180
30710
27766
66692
13388
85753
68782
7062
87095
1870
89296
95803
1825
6885
47046
83100
82074
12017
16776
53868
47001
72226
78579
76534
89149
41853
46041
574
14191
33141
31282
53719
65635
33481
19953
4833
78397
67482
84337
78236
73617
80550
22958
55405
24739
28326
52112
73740
36748
14400
8449
78632
32382
41290
40384
53303
5375
94748
98478
36126
17649
77008
74182
72218
42226
42169
41898
2248
63071
54301
94104
14391
79571
78609
33659
65224
75661
75440
99838
59167
18672
53846
81979
71433
94437
84799
23826
48329
7867
35223
1077
55969
44494
29566
22624
28889
80516
78522
68646
45167
29780
87225
97990
14812
95586
45665
89020
28703
80933
74774
38036
264
42538
67880
72762
97699
95601
63925
38029
44318
71285
22114
99378
2137
44042
20114
6148
56233
48702
6336
88457
35305
16641
11903
84223
76671
72225
13708
3381
84358
52238
81228
42327
41436
91517
39175
11970
98026
49512
24449
45397
56331
21778
9745
22984
51611
23881
61024
52374
85566
91524
29855
73750
80875
20427
12901
64104
34963
93141
1668
36298
85169
16876
6151
3082
65807
3214
65098
63350
85650
60173
70230
25647
49860
726
61336
34940
32636
24879
85436
15291
59884
93400
77131
37458
12391
56372
36350
66180
74381
44738
14942
10015
80052
40259
9210
30514
55604
27200
3236
12571
8815
3268
92201
82750
50812
72004
50282
16274
66863
77568
50459
63670
8358
55137
85016
21633
66994
226
2559
9655
59968
16619
7470
49367
55587
33400
22906
31057
58048
39992
67465
77973
85270
97105
43756
87559
94248
51073
71005
29422
57128
61600
33233
28043
56993
78849
69113
18631
50401
3415
23355
33446
83105
60180
69576
67703
85491
85325
28282
54733
38183
33497
50956
43048
32474
97464
91798
45100
61243
30416
54019
82228
53883
64819
74257
53087
71985
97277
56996
64808
65479
74105
60327
39059
50180
30818
78368
97251
54807
82375
46927
60969
51677
89832
48771
12216
22767
317
95929
99443
60171
8566
90577
21767
67260
45405
64527
75861
71945
13208
79339
93831
16568
16906
20502
58308
66461
24761
44970
63615
71715
50538
47692
73642
75637
18920
91040
49960
66953
70340
94121
46879
26921
97238
28828
63340
23200
42690
81823
80529
69054
50582
4196
98986
51496
85648
94812
47421
77119
10204
49466
37423
92427
17370
89829
21875
39267
11390
41144
47037
70012
87985
5850
68437
364
19477
30486
47399
81561
58342
50678
5975
1091
48412
78241
4146
59211
62093
97518
58816
41823
89551
12931
15638
48163
17083
11663
51816
30781
19661
73664
53691
35356
11656
19681
3416
36870
49431
62548
80700
67485
2574
4328
33676
39566
31790
14935
60102
56054
51495
84895
55635
13648
74200
22587
10841
66975
62386
90269
24173
85909
94586
15434
87109
73918
5613
83858
27788
16428
43135
53290
58222
11903
61660
52104
63059
54128
76655
69530
51433
78587
31137
89348
85689
16967
86648
24852
37468
68724
24897
13987
84615
21855
10025
99083
58721
59892
66629
30399
40917
2289
80113
46828
69315
56243
44949
83402
96048
73216
53540
79230
75902
63184
86782
16432
55
98840
77046
89763
73315
32884
37037
24054
85337
34609
93917
99799
90193
76852
34610
53151
86072
61386
92210
23853
80829
68173
38718
75203
78280
99088
61296
73847
36298
17704
69412
8247
80144
12087
68947
43293
85297
59637
15067
52714
28551
58045
85658
46209
218
92273
98201
70275
83031
52747
39718
20931
57312
17762
88569
38054
51390
17205
59928
66073
4785
94391
34198
53390
93064
20919
83030
21972
79531
3786
3597
83281
95733
70039
77957
69215
30944
89727
39070
36929
61785
94920
58384
14081
76434
84804
39627
98311
74550
63778
24223
81431
48759
40401
40023
77736
37219
21900
73664
9885
64725
32775
77736
19266
17032
44021
19586
23044
59654
96787
67398
13452
88191
17748
49940
37402
94037
24681
87033
51547
77204
18477
31082
35143
12863
47658
27469
67321
36325
38412
47224
16204
74483
94016
97521
28270
88067
98473
20852
7779
70226
68703
65235
81849
76271
93155
79991
62212
57263
16324
84229
3157
46461
55303
34940
93947
13454
47639
24635
37462
87187
79497
71232
51444
37513
20778
3626
60363
32554
39047
1728
37074
71462
20633
2826
83196
92460
15691
19421
64049
18241
1417
30741
12842
76500
87815
42298
39561
70984
56427
80485
17619
6832
39512
18076
60619
2970
14680
32665
41229
59490
18756
77289
87203
46279
46451
46448
21575
79194
96670
58569
1142
57490
89356
48555
77229
58301
52383
7048
17091
5777
30105
95215
739
84353
60268
17809
6052
1131
66749
90112
8966
31566
37940
18516
38475
96824
20707
90151
72592
5054
26321
99520
42375
97189
86145
37997
79891
76669
20388
94089
14014
6317
37719
76253
71866
46569
37754
25379
72498
73664
6031
75525
87309
15570
29611
15812
70943
34911
52572
60789
23819
65050
94807
84677
61432
71325
39997
91389
1519
82166
33993
45505
78830
73503
9977
40339
19469
97580
87574
47893
38283
39229
1217
50923
22611
23890
53756
19774
81393
4862
24819
48828
21706
43957
3269
25469
13149
2079
10867
82433
61013
53998
50723
80437
17448
24844
25649
28661
60623
21198
73203
22795
21569
95973
91719
24981
75502
87059
40540
51973
70998
31546
84794
94210
63012
93296
64559
63563
74154
367
89398
33500
80250
54153
29862
33993
63837
41912
35348
29703
97972
6323
43910
68650
39818
92061
71766
14985
88882
55768
42463
56510
90721
88247
16647
81641
14698
56913
24808
13972
16659
88977
56156
7697
3665
58025
45893
9728
95716
72071
94071
33389
39601
2496
49955
54134
77080
34985
36640
26474
28817
46501
20952
39820
39144
53241
87564
74583
25522
93851
64005
13627
13835
84456
41208
42374
35854
54292
7285
91295
22608
95484
29229
96715
17977
32984
69341
92466
51904
65133
63707
8763
3682
49343
25564
4084
83454
86211
38783
58670
47856
80626
95386
95237
11048
16057
40351
80350
52230
43277
87850
14825
35285
95453
82858
2309
71809
19808
44553
68515
5654
55565
92058
44514
86998
99529
20190
14169
51095
46202
83315
7476
5911
79994
29370
3094
61372
21672
64387
53277
62284
37273
79799
84130
31366
8492
93090
95775
94268
15354
14491
7692
9678
57804
53297
98818
20419
25639
89299
60064
60934
9282
84924
74060
35835
3576
70906
1457
96157
48121
46938
64614
60373
20987
92081
32176
65817
30574
11433
37982
44126
82412
87206
44817
92892
4655
29876
53279
51229
45181
7535
54733
90496
96927
90991
53913
90449
28399
93934
23002
88797
42895
16118
61215
30996
70551
86764
23476
59360
66630
81331
61284
88668
95258
62559
85720
55507
30106
70231
32317
19159
85872
1926
25571
2842
2228
46622
24641
35980
34340
87625
93494
8273
1200
92045
98859
90654
12529
62587
70069
37456
56346
14165
13654
76810
72806
42842
50563
17641
28017
78639
14463
45029
7139
50411
90342
22086
96007
99135
40679
58720
17497
43264
14761
29421
39038
50098
51118
84198
41486
41971
53812
37885
57676
79362
37560
43994
16470
42378
9910
6896
75063
10926
19531
81276
27194
34611
61307
3161
61562
96356
72047
98274
22580
61958
22006
67557
70654
24474
77580
1408
44849
86952
80504
18076
72065
10190
36751
81890
29133
52388
38998
13534
28946
81386
78884
783
3162
30801
35718
35751
25681
60835
45309
92613
16633
74065
17666
20781
61075
79383
82569
99009
2686
22349
7619
223
49404
52589
96029
37974
57071
41307
59078
80837
74500
6358
18062
82194
14885
55130
27082
5988
89362
25168
14100
47838
18250
59315
28656
49209
17603
51358
87945
6428
45721
84087
34681
10490
78083
66163
87047
63561
78401
39301
68043
52378
59537
42662
71565
13402
1794
63394
86572
77860
49119
57693
82810
54336
64365
60416
89220
67548
89104
28388
59920
57126
53671
9338
69151
78019
7608
33620
59794
59023
49062
9171
41768
34354
13183
62703
73509
26106
39922
6940
12367
97787
87198
51199
6994
42112
85349
19373
67300
38124
55199
81916
33602
69074
46411
21001
20345
91533
92800
40613
56576
18397
60738
88892
88258
31167
53936
26307
67866
66791
66331
4766
83736
69852
54257
34699
65184
35345
83094
19854
78129
42652
39604
86618
42499
99860
62633
33881
70762
83052
64895
45784
93463
85638
5370
31218
74397
14326
29290
3703
27281
13236
82047
61049
84938
86909
84476
99155
58376
78823
52005
52279
96082
74591
60530
9394
78455
69185
2406
22493
8150
71091
77049
53923
78681
93919
88080
51402
70908
13642
79663
27936
54988
12982
51461
29700
15498
48688
70437
42509
62670
10775
66485
86843
84552
24714
27263
51544
40194
5036
71685
77867
82146
27192
78641
48505
2252
69402
95754
55640
22756
58097
50243
34897
15440
81792
27406
55153
95963
86731
55950
50668
93238
94996
82410
69263
40442
19954
86365
80289
28649
57258
5194
27860
25426
89357
76556
25454
26098
97934
93900
10319
35864
40894
43500
14558
80737
7718
41888
47604
39906
9024
35836
44965
88740
46547
52264
38918
42218
57353
14065
58751
98190
2094
27737
26351
64841
62343
27150
69942
81873
90797
82936
8356
87388
15941
52300
96987
87523
67997
38846
67203
5059
2404
42835
98282
72476
390
3316
87957
59740
7652
45694
85416
36406
79532
10231
7822
29772
34042
68027
34406
65484
64331
66420
59978
88789
16633
35592
4285
9691
47768
56204
22544
45280
52779
55927
3184
35875
93732
529
77392
4149
12087
45642
48399
18021
23513
45927
94470
85054
93178
58487
59600
8518
84028
91267
13302
72455
44431
56452
19062
78027
6219
31727
98255
74368
41353
79435
4940
15067
51039
83203
6731
19384
18006
18135
87304
54656
6697
23245
99531
8291
46747
79909
98762
30021
55189
38282
50300
60053
92316
11748
66012
11896
13739
9098
13238
97989
91378
96372
75857
53321
55723
8367
78969
82954
89460
91242
88135
33193
78094
65966
21488
11873
75249
77514
13735
46924
81834
48204
47151
60100
38034
44299
81090
83399
98124
2401
38807
20979
90906
21494
65203
76689
89916
66008
98991
48335
89319
74407
18497
17285
49854
55564
45194
25721
82000
45706
61627
15774
17453
98061
38917
45367
8710
26526
73660
9914
160
75288
67622
77487
17013
48725
26918
90104
8071
64578
18272
11082
89186
56498
14088
39353
9613
22798
4940
20978
18604
3849
2490
65825
18613
31281
52367
6675
62412
95777
10846
77238
69086
13140
73337
34589
85078
47349
90206
97376
64192
10354
96641
53056
81656
91854
85362
86535
98350
66709
19851
65486
86264
15626
11993
47064
59571
19868
94084
39356
92024
91960
29436
27584
16471
26264
55618
49568
64947
50681
53200
30958
89242
87882
26694
6580
4030
14272
11954
28085
30165
12071
22043
34673
78666
722
86186
36903
15165
65875
68342
40692
78782
65095
68106
59930
46465
62441
24949
71741
25918
46342
27054
36423
73129
48752
9858
490
48009
86156
57276
38597
28503
61543
79119
37888
67988
69957
45603
61810
68231
65753
21338
68962
2706
36113
10845
11594
91632
52393
72808
26871
77549
24416
81102
15757
78625
72520
74986
7880
31787
59254
50756
58909
20647
2617
20124
16478
50731
23815
18871
92061
56356
81299
82499
872
19047
42043
1640
33906
76086
60830
83500
33555
92114
59915
20195
29157
76215
83124
52370
73839
23545
19617
61310
22015
81369
58337
94198
59216
51140
70652
76602
4268
92232
91716
26470
32362
73395
69033
86719
71128
586
74187
45848
49364
22882
55018
36065
82676
80063
53818
55693
81382
60039
80627
36575
305
53090
9156
12561
36634
19025
59239
22784
98787
86855
50384
5143
59565
84680
86111
26166
27807
56797
59349
57470
32607
51217
62787
87100
30972
52076
36765
35760
62766
69417
74702
98778
66869
96949
27749
25088
70943
68839
173
91165
52198
50102
57339
14825
41493
32252
34080
36865
24906
27045
57182
28915
3031
84211
56184
50249
45795
41682
77377
74863
98062
19955
74839
57314
10833
53095
48488
96567
92163
60314
30546
31846
41017
43209
52809
64273
2629
96385
80561
51988
95327
98774
50828
13099
47073
10076
62221
5114
32267
28294
91691
20221
44647
89369
18609
96205
85000
17419
35410
48364
44300
26013
54906
84621
49536
74035
24575
14339
88322
82732
81110
44516
49953
64482
81379
1881
9472
55008
72232
88293
80090
63003
6462
92655
50176
12878
76450
60014
72926
27510
84838
89073
30555
51142
11240
26184
69023
44232
7456
34834
43727
2097
90131
71076
50387
18144
23845
15250
94841
17939
70091
47197
93363
16741
15134
32441
67547
48072
55116
47354
71958
95867
73672
70330
55766
85800
60418
55018
42682
41085
41905
65715
60016
36036
43276
25095
52219
71681
96056
23049
53711
35688
34684
29526
8153
91193
82064
38638
51452
22297
12724
70147
30294
3278
62461
19037
77057
95030
89962
33799
73045
30309
93908
60890
78731
35769
24228
63107
22268
35227
38527
42964
80423
93301
11260
74116
84914
19818
89655
76419
71400
11319
10846
22367
14465
24996
60487
45676
17119
55782
53860
307
38644
26228
33999
70938
79745
14468
52032
91308
8122
48258
65630
71044
13733
35852
73394
86491
92417
51757
6711
47052
28323
49556
92653
45344
98139
80592
92813
90684
18421
73418
59414
72323
58651
95615
42982
43048
27385
65305
3748
88788
16249
43689
71386
39440
94540
68834
53825
81200
64649
5717
63220
25884
31056
40773
14470
2556
66888
53094
47568
85280
10982
32567
75650
19145
15855
91737
78651
41623
32852
76651
39412
25616
26044
13796
84534
4778
13760
14732
65900
45333
14640
4855
46355
44744
31123
49406
70669
85574
91435
11675
94389
32109
21079
47394
5134
10747
60306
36535
16404
51517
60345
9520
47859
3125
94217
19784
83894
32935
50023
74524
42968
65056
8665
5541
21143
25988
33745
92339
57510
96787
51466
72803
28385
98454
77163
64445
77340
17196
40489
82060
70964
38412
63946
13658
43911
36214
13347
43432
61119
96218
62914
41607
4841
26148
42664
66870
70468
11907
81614
42136
26549
45045
60616
97649
5367
16689
22119
32221
36240
34768
76793
56525
39167
6296
17259
46143
33586
8807
93486
80504
9140
48696
76055
59009
38434
10261
64577
99579
61631
62138
82189
1793
29821
34433
76617
44313
35324
75280
57327
86838
36880
31515
19108
20429
42106
95734
77601
95921
19993
71324
63342
56109
92601
50421
83018
92542
56425
30599
33480
90315
13994
95484
42355
56353
3652
84204
45329
7247
16211
88103
74822
91835
50622
66689
92016
41888
37384
30170
57391
70597
6175
11305
14631
85594
27634
2501
61310
98193
90208
48847
6400
70711
93195
17983
46595
59566
42348
74537
28036
42312
42336
87019
6800
75842
93855
13271
24095
80155
81677
52088
79162
13071
54986
16994
45885
22804
25380
29179
89080
54512
87916
78687
10991
96405
91974
60789
56994
66587
81593
23468
50055
82808
38599
56272
95922
38846
54679
23535
84950
57521
96110
39907
54118
76643
31452
28540
373
37518
79442
54411
39067
7470
68753
39757
80472
99800
68381
87954
42291
36315
67953
22345
28828
4658
2029
93930
30128
92802
53738
61247
53530
39414
98285
32976
15382
13621
85818
34986
70769
80253
35328
61931
7980
13022
31442
47244
9023
43957
86966
97675
94171
61539
89014
53396
41576
810
65396
13260
52973
3556
55867
78778
94157
31807
88080
4594
87374
91577
82599
89696
97942
74356
49106
46029
23118
8501
15221
51920
67560
77279
4756
9780
7197
50472
73293
98530
88783
53844
6499
38443
18349
30614
15887
93556
98453
76128
16443
23007
7987
84738
39497
55218
52840
31943
15469
29478
84422
98056
4252
48525
23608
72971
38204
46689
62334
88924
18074
13893
48181
36038
12219
38331
88021
57549
56970
76738
67669
92299
40656
96904
27145
98694
46914
35764
45195
46187
85012
75945
83768
50569
46220
85528
37905
89420
11409
67909
21281
35636
52417
79315
89983
22097
84482
41967
59081
14589
19632
57558
44560
66455
62613
57956
52499
33751
9911
86298
66276
87315
14444
82123
8742
29869
32584
26883
99704
29814
36247
96117
79115
16484
11750
95263
98959
63947
70171
72028
63148
93722
39525
38022
85676
92437
39085
76901
71510
97963
90892
92889
58453
64275
26135
31648
92855
68232
78550
80580
38801
6334
2706
548
42208
99007
98572
7517
10602
29127
34826
92725
82915
41528
97740
27044
64940
86907
71229
53152
8085
93396
56485
98851
18819
2688
47771
97915
97389
23118
28216
79182
23424
52631
55847
903
11619
84059
87448
42881
66708
15706
40179
79407
56785
57099
67210
15750
86835
58236
35272
83240
35477
52071
25157
65678
95026
4814
30523
88561
74284
44499
94035
12693
5929
42774
97432
63154
48376
30603
97870
58144
86930
32695
83707
82494
64379
71463
13379
37631
63591
20077
43378
22898
74681
61496
4562
30701
98823
45935
29084
26262
11610
58123
21451
60589
17873
40238
41484
86936
20324
24675
47889
32780
45286
6034
42021
82294
52964
97504
76507
73636
65483
20353
92863
93394
65446
72572
9485
1428
80996
81690
92928
125
90872
10313
71491
43466
45594
20659
92612
77294
1931
3510
41031
7611
26166
50080
92630
68970
77457
43145
55413
40231
24451
461
80179
16092
6431
64388
4125
10135
22127
79232
72269
55291
63404
26819
12193
77633
26249
75578
31110
46376
6608
89241
48434
85440
36228
81012
57776
47983
30406
29624
40150
53213
88819
53540
54195
5731
18921
58695
26853
57963
99210
57463
82407
22307
69402
16843
26087
25412
18691
88054
53525
83130
49976
75873
93463
24815
95798
97635
90169
88920
3781
40319
49890
45563
82270
94714
16002
10171
12392
89368
21064
68322
88219
32851
82768
13643
43333
11254
44762
5001
49514
56572
34453
16471
358
11360
31545
15900
2510
2208
66325
63322
73461
74675
65021
75508
68650
50532
76261
25210
88095
7083
13931
27922
42532
27142
83534
45509
12946
58553
50429
59555
64772
74463
29355
31987
76575
31083
81534
47579
27282
21376
72742
95081
97272
47145
48107
54044
29818
38358
91775
39506
13682
4403
70418
6286
70827
62439
32356
94117
33700
38662
51734
69478
5907
75859
14937
82116
14726
39254
52296
89377
44164
3606
12274
97944
88562
11347
46479
82791
22290
19682
57716
87288
54086
59718
93313
46538
76370
69095
10423
93600
448
87314
12103
58534
78781
685
19622
47964
47680
5237
37180
99201
12650
80246
92636
27484
1448
25478
79918
7529
28694
41502
99208
80223
18719
34294
411
81850
79423
30044
43210
82826
78185
52721
52341
73975
75844
77120
75219
47439
24624
58748
5598
29550
61159
19445
80392
52873
40638
12118
93612
311
35178
670
65727
50844
1408
71832
62182
25043
17397
54298
22465
14007
75460
95543
3876
96974
93294
92289
11526
93139
55899
69150
76946
57662
19198
14758
53435
24882
3063
26583
14445
10083
25650
32788
26750
20419
3949
20321
16580
67495
9879
21459
39104
41018
71444
73976
21783
57886
52317
60291
15522
12890
48836
85265
58939
32356
21781
62845
73656
65580
58552
66844
72564
68931
12658
36663
2920
14855
83212
1667
15417
16620
19659
55422
96523
53160
85662
86599
97524
49115
13431
47642
57387
21944
54416
81288
86526
28469
58735
41263
70691
21547
44068
61179
8038
88842
56175
76120
96578
70461
16446
89171
91275
11829
13204
34476
18471
90516
1382
65754
47805
44697
78558
61467
93701
55939
84802
43094
72383
16099
32752
46416
13152
2306
66176
28199
75496
30444
84427
99149
45230
20440
41097
85605
43388
7990
80662
30611
68151
2868
97070
99747
70455
97356
39032
27802
53813
39149
78175
27952
59874
6628
60443
78770
25524
51462
49775
85683
37627
91197
68043
3594
3314
40430
10929
38060
95025
41155
6261
54407
98368
6553
82461
1816
25478
95112
40264
1833
7166
15402
48907
99211
71243
44362
49430
4587
57954
35755
27766
93428
71142
3922
81779
50978
83378
56529
95833
4350
15118
94480
67412
8987
11012
52186
42677
24267
1357
28066
77874
15422
42725
77808
35977
83449
74621
25899
67492
83151
52655
17764
62520
30431
8747
18301
50375
8649
7312
43189
61478
76302
66103
11826
31385
35107
63945
59497
21563
23153
71953
80140
77785
7501
47596
13968
87678
2607
93437
83354
55049
3217
95901
95590
20858
24326
48303
61908
83884
45716
17010
21968
27227
99887
97776
95195
47975
98004
54515
91963
43890
80702
71350
65596
40483
60937
32345
99073
24429
10337
89359
9772
82537
17669
66642
73349
82719
78686
63414
31370
64420
69878
31547
13651
40381
5079
49116
68097
7042
49025
85060
16803
44062
14759
12128
90501
69235
51206
71856
18933
8954
74403
85751
99347
61800
71040
21649
22548
7116
21755
61060
97651
69556
34403
23535
40309
39376
81592
48960
4503
92046
78078
70466
90294
51940
60445
1459
42619
27885
3417
7347
95617
76330
43177
11832
29828
73450
27125
59039
66728
42468
18449
95389
10659
49025
53296
98611
68136
88023
98951
22752
72785
14799
75456
25808
10216
50568
71543
86162
53426
19093
46677
65832
88313
18561
7238
58423
76084
64595
2041
36574
77109
79756
3796
43012
28655
89005
88497
75850
45505
64118
3256
47199
98083
11625
826
16178
8077
9261
48808
11938
59615
21071
56686
8018
65968
98
14256
52504
16790
27943
1151
50100
93390
19240
46935
50814
36297
93246
10680
2136
34644
17202
43807
63843
37762
57216
27009
19309
44952
84824
82340
76967
16596
99487
81209
91765
22459
42354
46265
8767
86750
34922
10491
84997
68136
43515
20208
96207
69255
39190
97500
52994
38516
68111
76432
89582
42592
3416
76456
30244
47101
18252
22782
85221
13383
74089
86474
14934
27053
88212
46455
69168
91520
66528
90178
60467
38199
55081
64209
85307
40027
98107
56366
67370
19446
22960
11135
581
80083
53942
96036
17179
59666
83214
3052
24960
72171
46033
86451
41080
37532
4717
12124
66638
34960
16429
58791
95908
3374
52951
57936
81797
43291
62927
35620
17942
82125
32697
72928
15020
10830
80380
62888
15575
91081
93537
50528
32475
14708
12635
9419
69951
63065
80224
18909
45982
3427
89909
59615
4699
15746
59305
86783
39122
25979
92920
25649
15370
11886
97903
70503
166
61605
90479
55624
8026
26519
15306
35311
30075
49846
91883
96451
25423
40699
43378
76591
25284
19499
58717
37981
26429
8966
50594
46451
97958
67693
47832
99338
49960
64781
86454
63623
27352
65932
88659
11321
44298
13807
87021
94478
65668
91397
36261
24625
2701
45236
62087
36292
45316
34110
64583
31285
53836
87279
36807
97537
68773
64230
71573
7874
14454
76446
98321
71062
98438
35992
5164
80558
25099
36614
77069
72271
10234
82710
38093
7432
20380
61785
11490
25489
95937
84431
72984
70108
96302
72721
14363
86843
30610
3195
16306
99534
49751
88180
90405
44550
58548
34715
99199
31771
82623
9168
83854
38183
56896
82364
91495
21789
77056
8061
5575
36297
12256
61234
81237
28486
5351
12064
99875
19382
14963
38943
16082
30305
37168
48420
17685
14093
78406
13803
48942
41077
88364
90944
22293
86378
77883
9418
62199
95907
98334
37589
34267
25218
47781
7419
24000
30565
89529
89103
53890
33573
5866
14341
84539
91823
80932
72929
81574
35773
86463
17339
15550
78576
88502
75723
52966
31243
83087
31542
64930
40111
57561
9013
93090
82511
84628
56831
98526
10191
3882
2355
52797
7006
25084
30916
76592
83981
69911
2400
96475
9035
58053
84031
77684
98366
21279
45893
64932
640
71104
96339
97706
71220
64949
50769
87487
62083
69777
91664
25684
8632
63389
58783
32471
49044
82572
96621
27029
41326
47821
18773
65433
31051
3386
67883
89074
57750
92781
72193
33907
39740
45394
89206
16404
98118
83255
79292
97014
48308
55679
38276
41412
57939
67478
85768
31029
60474
46624
74837
18509
65767
77131
6131
19267
53265
61634
21011
88382
56489
1987
44116
34104
32690
8456
32497
84485
49946
81025
90571
61356
66996
85155
63342
60436
4340
42842
10050
21562
76230
79290
9105
42814
80363
46035
4911
1278
5841
10211
80427
70458
5261
22341
76561
10967
32984
72071
98650
62975
79939
57689
27249
29989
601
9569
77602
70406
49968
35692
18433
25739
93386
40543
67315
9739
60494
36428
28925
99086
80894
98367
15080
87884
99702
36376
18222
69203
60704
76371
60836
22791
33910
59043
98947
29892
29333
89661
21716
81952
49082
53136
40184
15499
84124
41363
94353
29112
47749
49399
41105
20149
92430
94107
27805
15798
52566
74015
16093
76433
26719
77808
90275
68386
72358
80929
12725
33390
9213
9531
94296
56324
8166
86699
38235
32095
71950
83801
82302
95177
26723
28218
39230
99962
17076
24603
3070
67134
2564
20286
65362
65780
7402
25825
13099
14546
93703
61433
73114
74854
96165
24222
27459
25432
58761
72384
27744
93227
33141
78903
52878
40322
19133
18712
40632
1087
44227
28035
54911
63590
95761
28601
84611
64769
44403
93963
91856
72637
9262
65038
8647
85777
21505
89643
88200
89470
46742
43571
52505
15634
23077
40911
4598
42119
4358
96309
20277
14057
19568
15286
24436
64564
76371
52501
7201
79771
96847
85202
17510
93765
4879
2468
37136
62354
78885
4070
61882
70460
63522
7880
50363
58489
62386
39206
88520
17948
91890
79541
49703
98171
70960
10362
26577
48043
19294
66613
65283
37575
51281
86074
29858
70448
85116
7904
68136
65902
80868
86706
92367
79861
93696
33220
16729
35075
82576
91936
1562
87397
73046
61149
42178
24153
56629
51601
28171
98510
2853
55133
73627
31560
49455
98791
75478
26016
22347
22949
35364
8616
10612
33237
89786
74796
37317
72266
53320
27028
29587
70208
39198
75078
4454
56464
11292
40360
12084
87967
95412
34243
57884
40466
6078
26883
75740
73084
67064
15355
39344
34199
76984
19333
43176
90193
62256
10119
64964
83550
15004
66865
12366
43979
330
10147
3508
22227
37639
73548
23105
99658
68866
54189
89719
95734
88192
84732
27788
14174
92859
46084
9342
84859
80439
98409
43699
91851
27811
46377
49329
18020
76456
6718
56535
52965
33297
2720
79382
9032
83543
69544
28272
35796
42440
58832
11115
32048
49780
47478
32370
39505
94771
9182
95273
25492
27990
14231
2506
97703
5001
90102
44065
75169
62337
53470
55904
19250
85000
2530
6816
47733
13986
86721
45685
39971
55450
41584
29836
65857
42703
59253
40675
46201
82133
82895
19046
2342
86665
8979
32610
59752
98164
51634
55495
39096
15515
28470
27199
5046
76705
28811
19109
7838
81914
45722
291
74616
52173
54160
30829
99439
2212
12830
70676
45529
61299
95130
37288
21269
803
47906
67661
74036
10426
20800
14424
47661
10569
37033
97222
8372
46482
35264
76601
51493
38003
30104
55280
4314
72723
24246
47650
61341
24488
33813
98135
38903
86435
89955
65379
29126
94425
21256
73248
78317
87854
62022
6215
79941
56288
17244
42282
22129
34669
64485
39889
95952
88450
61470
29615
90508
11426
81733
93888
27247
69487
72893
39969
95477
56952
40013
57004
90876
10782
95368
60527
99416
87556
58087
64488
40291
92500
63955
92767
14737
56104
19231
49344
38914
57083
25521
1395
97969
55565
69953
83834
19049
65516
19066
22726
20344
88966
93854
81046
14971
94440
16423
44014
32248
29777
6055
28752
78955
94136
97488
75513
23224
78902
39504
76666
55871
33874
56245
62769
10798
77160
32782
80452
47856
86293
55505
27066
42563
66113
52825
88598
25416
61481
92296
36305
68499
72039
81962
78226
74689
2337
27674
70380
51530
24587
29181
68276
78572
23994
85484
99038
43815
84999
19440
16243
22631
13371
67206
64529
59196
78845
66530
28255
16677
26709
47183
3307
20523
1884
88468
29602
70282
60898
73267
19084
99498
74780
73995
40609
96428
50568
70781
31884
49023
66174
99755
23162
82643
9429
11420
15839
48229
44974
57853
31398
18808
20865
21634
56402
64069
18947
87657
47477
88329
48945
49663
35660
76957
15579
41756
20086
71747
43504
52106
52208
13692
20577
78883
86382
13782
20309
87032
68791
41283
85993
50190
82238
30949
81185
76162
72408
78117
66448
51373
65887
50850
51648
91875
49058
52263
72158
88406
16742
10614
61893
37815
20862
22688
48421
38844
8994
88694
22512
99421
48495
10490
66401
22361
57851
99630
31977
91222
99539
48814
53911
13061
6163
40794
27171
45795
98305
16747
97400
31835
91590
31239
6268
72329
75338
79728
3677
65051
13131
39830
37817
95344
16377
35277
5162
2210
67442
12633
87596
38047
74805
23366
45644
69843
56837
56692
93423
63906
45340
83631
50749
82481
12361
55260
44296
27364
583
40048
27580
81410
4860
41851
71333
38580
59659
65089
19352
53293
79830
88585
96383
78564
43763
78959
24100
53404
49866
89076
12920
49156
85704
22965
14753
21562
30019
61913
60926
13259
74955
54819
17241
21366
75497
6824
83976
73838
84183
45658
21695
63774
99227
16707
57941
19815
93601
88814
84401
2052
80661
57342
81106
5167
82554
9026
1816
5276
63785
99744
23858
79267
65833
8751
59845
38331
66695
25249
24853
16962
14066
41212
32051
34073
14774
6762
77603
81100
35732
72454
21993
65103
77274
35671
27248
1892
60164
40218
31350
32986
41518
28503
87928
13807
96596
69430
63605
88533
2761
52586
61601
62323
60112
52939
44681
79298
61883
74690
83549
81048
52669
24861
67807
28578
76910
88450
53383
13033
40891
38720
15376
25015
93895
14785
47523
6644
14210
48092
76318
53257
23235
21480
5216
3941
80581
35274
11347
97725
59228
71151
75447
71982
47251
13493
31015
71327
53476
12995
4074
68898
74323
88058
61689
62553
9607
12579
97096
89013
13701
2951
64178
13369
15402
56094
32837
22845
27077
6559
41831
55951
41200
27510
37636
26931
50473
56083
93077
77067
52465
38943
21391
15602
73408
99466
54661
89987
24226
95680
5114
37559
43122
55834
27271
48778
45170
90128
5029
68031
13604
8460
40408
3610
64104
30265
3961
57579
70035
46171
56542
91307
42280
71417
81639
55134
81141
85365
53608
26520
86445
89468
77870
90813
18237
35032
62736
92065
89774
37890
13716
42030
5334
25173
61626
8547
60666
61983
30537
52153
30212
77649
28788
19713
74781
23573
35561
75401
40456
8798
50550
74814
43515
41979
56856
93004
66746
29574
28129
37856
85202
3641
75557
61838
50670
36928
12738
85070
99098
52425
42185
91426
65010
53528
78765
4083
60389
7383
44743
44792
80204
25515
29187
91736
69473
57858
53163
37831
82237
53352
1518
39085
8146
43992
39629
4324
43714
15023
46498
77248
74106
99965
52205
39369
73711
37109
10428
56099
86995
81092
56086
29423
18804
69310
34212
99530
77970
73491
66396
35795
40378
73505
12844
44522
39971
33987
4064
65364
84740
231
84272
18939
4369
50366
53928
57202
62416
9388
60117
52343
86140
91391
56137
93137
85878
58940
9132
64760
65314
93141
89663
34323
92133
95830
66349
72253
14265
53535
1713
17921
85546
42860
11262
65221
76400
11248
3855
44931
29738
52513
92396
52497
59347
3084
45237
51010
45188
86665
24302
83078
83398
68137
68263
75916
19218
63500
5351
8072
80998
44815
41941
81968
72806
6050
51106
49600
62189
95000
11158
89917
54831
17463
89013
15287
53613
5232
42478
23847
66387
59176
60896
97176
61073
69781
26218
92738
50228
32932
68077
88881
21569
55447
37791
97124
70893
81676
14479
63569
68764
93592
65936
6470
82420
56148
1733
50187
11517
90317
45063
97124
83607
71103
83190
4210
24600
3420
93657
92056
39009
44741
31123
11002
93019
87227
91173
87010
64467
20432
27066
96541
74096
87
41138
35298
73677
19482
96398
3347
54135
11785
32949
79036
51908
63600
83138
14648
79118
20002
7723
41650
1803
2642
82349
92681
77866
79680
94233
62797
42412
90864
13301
79878
80477
94742
69712
84917
72334
36237
64646
11985
40464
76232
78828
30291
76110
97280
80569
31406
9319
50571
77842
29717
85831
53102
79504
92321
12162
33769
57935
49290
52364
85297
61365
73074
39767
10523
40701
29153
3946
8819
74016
23819
23163
50444
70688
9358
50057
48594
44720
65944
71960
34460
57218
92037
62057
67294
38286
62661
99030
1242
89532
50204
5767
3766
42063
23204
8692
83337
74350
32141
88503
71566
53008
39684
17292
54043
5124
24049
86505
14892
56922
91002
25812
76088
62353
31877
325
58374
73437
82715
55162
99672
78996
88808
42577
72260
59894
84767
94245
94244
97911
63995
20775
33284
81835
66464
14424
65081
60524
47615
61217
12112
76395
93816
37104
60868
17009
70682
83151
55785
80
54566
89954
44070
36235
51282
95549
33312
92606
7145
47392
96400
82219
91151
31312
33239
34467
62402
40563
27592
24654
41181
9319
32099
12599
71638
85919
44994
44214
77031
71067
58285
91867
61578
84899
51368
19028
23677
14177
41964
10107
71749
61336
5042
15455
10222
96932
81387
26382
43664
79567
90350
69404
24334
70445
7017
2578
56664
19158
11896
29877
59089
90269
80468
81138
93355
21969
61474
13636
13357
8335
99500
67393
9366
52674
68429
54023
70972
64569
42886
95358
95853
73091
63918
10762
33815
37097
18918
13104
1507
2567
62314
69026
18971
745
12611
46697
48460
95903
18617
71534
67815
80508
74310
93189
1794
30769
1830
6838
26460
12033
43306
8105
1501
67776
90668
1486
34139
70029
30877
9446
26777
33801
58458
3793
70602
57779
37533
98325
2003
93729
98192
96935
90543
45021
62396
85306
49196
64473
37055
513
23250
51057
99900
14402
70628
55324
51341
8986
45247
29422
65171
36359
45567
58317
34510
89301
33953
21230
13608
96072
85571
5356
12139
12451
37928
23268
51379
85363
17976
6255
35038
77948
69731
52797
57216
8829
69030
96298
68212
24034
7622
25920
35724
82054
2873
60778
26601
2243
63845
87119
80198
31704
66624
52339
94415
4470
33334
36646
40495
76582
39913
79079
97607
41338
8019
81017
81466
11087
35175
83967
10213
23868
66325
87447
93004
36153
71788
42929
87375
13839
51353
52523
61948
97752
38350
31370
28510
95731
42079
30199
13140
11878
8165
71635
40412
48720
98565
15032
10189
31882
43883
75534
78308
31513
21423
44007
25078
65204
99226
93336
50853
85356
94370
71956
30094
67772
8977
77830
58847
52334
65476
92075
67301
63144
8175
61737
83299
69393
44830
82224
44319
12132
42262
81644
60118
78576
66521
64740
38416
31241
24777
94546
1998
28015
91716
26943
95328
96920
52493
7578
7731
14173
77547
36405
14887
20958
94507
48061
18175
60179
75937
43828
77298
45840
48780
37740
13854
82483
77335
92834
40124
44269
34619
89396
94702
5579
37218
54368
74037
33729
42470
78811
78080
10738
99032
83883
53406
11710
53533
95586
45268
51496
71283
73943
33898
7106
8241
19234
72448
76247
72012
50932
89247
26965
84790
80977
7178
64854
73824
55307
20690
86793
96352
35932
29000
51298
63118
3872
92078
48794
61097
36556
17703
36036
45015
44655
97037
66478
9897
3939
93345
87280
86908
95344
63964
27764
28700
46462
13060
76161
45795
13588
66299
84422
35551
37010
17010
65856
2130
88807
33946
55944
93331
19728
39995
18204
35986
18830
60637
73064
10520
43714
44836
50481
5868
73448
10425
62526
97651
48110
40866
1731
43631
76591
21140
40139
25192
12304
46591
4129
93224
71893
59592
51675
67039
15137
58516
66148
75815
81737
52255
44229
38850
87156
38061
86735
59680
44370
15032
71879
61
43669
98216
25006
99911
29424
52736
27500
44125
42858
2741
68953
39506
13567
54266
58696
80401
1748
53046
73616
29723
33172
99991
55639
70412
7724
62848
68509
42555
22976
3646
25379
26528
75720
17112
56919
57744
82282
28101
93469
67299
35573
58263
7707
62999
43831
16501
76321
17837
90492
73126
42643
64529
30979
36457
53364
51000
84799
85570
81681
96898
85255
45999
72167
37118
42170
65880
3089
41069
65651
12997
33939
14878
100
81289
38172
98425
93490
44732
25019
73431
66669
75495
8770
89422
66154
28792
51855
41483
22879
32598
58108
37112
13371
25390
22085
23677
51359
96619
26226
1346
91517
19109
20384
28179
24107
15664
32400
80604
63012
89045
37611
36628
2332
20798
68848
56598
20157
78442
3036
91145
23715
6848
37141
3330
71280
77121
93427
70720
69004
77558
65675
76789
55133
59176
90554
61412
34015
12495
67722
20101
62049
97282
6244
96486
31420
55021
4210
20204
51920
32513
16687
52471
14812
84261
34350
7011
32602
73962
85476
56746
18933
60924
23251
48103
66312
50036
41235
85782
68564
52810
35775
34104
57661
26280
45210
59154
51490
53978
53596
36916
89079
81250
70173
75415
27104
63495
2716
39168
8237
18734
88748
54145
92013
17473
20668
57727
75984
21739
34113
74798
23389
1254
4195
18392
22124
47467
54817
252
88193
30504
34273
73875
45125
16144
36760
53807
83715
79213
84690
35868
77180
12848
69087
38696
59816
75721
39611
38143
95818
60114
87352
69230
6542
3717
99849
27369
58625
17582
4877
30473
13389
57532
27382
43789
73488
39569
85046
91489
1400
99384
74950
24604
98845
99254
71218
61187
29178
24057
68003
74763
96746
4461
78378
6940
99611
32365
46630
20336
8306
43767
35603
96091
15323
88472
11471
96453
65770
87879
62378
84114
35795
39022
55785
95235
28578
83234
30743
46870
15960
55923
10665
59656
2436
62335
19820
63162
31673
40002
41134
90673
53425
97416
90693
25399
71486
56994
29440
2848
21512
71447
4104
35143
94057
88754
94130
49910
80097
43961
72900
73381
30774
90462
8065
77945
8843
79470
91923
92142
53180
61830
99252
41135
67283
87814
40793
60994
20715
43294
67196
97537
60223
60868
23044
42210
1997
78056
11219
59321
62188
71071
85164
76499
47431
70811
17566
70595
51541
24892
51890
44634
61046
28447
40653
91119
27565
70068
68066
70686
74453
66926
33015
13645
70337
41044
6546
64873
24147
86036
30241
70895
58552
44823
92963
52614
32415
88816
4661
97162
97236
67662
97821
3108
90974
42576
11468
66516
60081
78232
92084
11569
41712
33560
85095
90599
53283
44137
83079
46367
25744
88763
45679
50364
98265
8583
94781
68897
11795
1856
94810
22097
66718
85159
25928
43758
71653
79614
61223
50467
27700
74484
91427
89053
11441
55455
72382
59988
20825
1352
58037
65799
47384
66720
88882
44453
5859
32049
14830
72072
77142
12559
18912
70204
81989
91917
27879
97982
68225
73931
7024
71423
51562
59981
81060
1768
81291
9512
58192
53239
85622
88053
35442
13543
25373
1640
15326
60590
21898
1402
82411
23135
65372
4161
55868
71056
79423
5666
77646
58903
54918
78045
86587
48333
93831
99879
87305
97780
92851
69045
9939
38357
88720
7828
79921
78818
26645
51701
20806
33146
5058
51141
28838
28778
93946
7931
14050
72561
28862
48395
13202
36412
22215
20120
98525
58672
21791
42726
94952
36807
66108
56780
82329
76593
5786
33416
11750
60475
90996
28685
12031
8589
71999
71896
62005
98766
84451
40704
28101
61730
69687
99084
3941
40915
31448
72702
80522
63597
82533
6861
24660
76323
52954
22512
23286
42768
72039
86582
7590
6328
8013
39027
38845
47981
500
76277
23915
83661
45324
9077
80186
85416
34590
1576
63901
99231
42285
50613
74774
70408
62767
24705
66145
30958
59106
40102
18624
32821
51341
29570
19811
75676
68628
12364
51923
33915
37687
42593
93148
71212
22824
18300
34677
80134
75847
89541
36237
15556
47388
85472
33204
21316
22735
4998
58019
57675
19655
63729
28617
67717
25854
55248
34227
15915
82174
71963
83734
27517
87866
80128
86652
32271
29387
27707
80937
1857
28358
31973
36073
13637
65494
33155
40761
84933
15259
3872
74350
79645
90206
19829
96037
33636
97167
43556
79112
76808
35358
63716
73210
62583
56403
90518
39168
56186
74826
63670
38603
95708
91534
30381
17446
76840
78161
5059
13080
41360
97125
30226
39639
70506
9882
74646
44202
2165
22453
32993
41816
87897
51337
59723
15570
57069
5908
3526
67514
52082
54777
62735
21903
69404
47957
87456
33206
65648
53856
15939
12230
2697
7362
8993
68752
24469
28976
37465
33898
55964
29378
54636
65590
59105
7058
2196
35731
10785
84818
54197
10624
8793
27530
52172
17416
21060
877
58244
15247
18593
68536
22855
4119
43507
23398
13298
18927
72354
75763
57697
71961
90655
17003
86857
23190
44484
16109
5604
23345
22330
68289
1703
87141
67860
82707
64464
2635
70745
34028
91035
16868
65215
46284
97044
32095
84946
98566
19910
30247
18069
22551
72114
748
75007
19076
68796
88941
94566
4431
1023
24127
73978
38773
95232
81597
73415
12776
89215
28908
13694
68260
50762
91817
2318
61840
86893
66801
37900
77491
84548
98316
881
89009
96881
84535
85474
480
67240
85677
71851
587
53191
23634
3109
62562
6723
78972
53367
60060
4286
77886
42680
13450
99413
882
35090
14137
13846
55874
81538
78372
56814
84466
80028
77428
53376
45998
82668
52565
6034
79212
54903
37142
19778
40158
7008
87772
32662
44182
90054
33891
50000
15062
61227
97107
89760
7987
63279
79963
59411
66245
4666
67596
98634
90862
79705
30804
4229
83268
82304
5270
12414
82269
7470
48355
87123
77366
52430
23831
95419
2784
75034
86898
46105
2343
96794
37297
68942
67360
50473
85800
36041
26287
95064
1247
58682
22194
70860
55558
25028
51534
95139
83414
58576
56884
1620
28038
91582
82287
20436
22278
95415
97420
69685
77788
19102
56774
23049
45113
44420
18446
36548
78038
30875
42324
77151
79088
32066
32404
80665
