26811
14545
10651
11482
50875
69765
65764
65969
2040
81650
60828
51082
51739
97269
78252
13914
98143
49624
62799
57022
56925
97004
52901
2305
59458
14463
77799
40163
70299
69721
31349
29452
10259
52281
49098
44877
39283
14119
15569
63182
67176
2518
9617
60698
53507
84536
88132
34276
13529
701
65125
46772
16619
43594
6088
32657
84224
90738
39427
64109
44333
19924
93066
17832
84055
91408
24633
14241
63216
9575
62378
14272
88573
52814
2118
20249
60408
31822
27320
1118
34321
71260
28925
36517
80239
43920
73912
76976
52757
14084
47842
66591
99551
21611
13662
18894
72203
65067
64651
22316
7541
90904
96530
11226
50043
11087
39263
77115
45951
2636
93517
4542
59659
58568
29114
56229
12046
44498
63770
41810
8773
90217
17095
63789
48469
16371
55509
85076
82004
5789
87716
76448
65319
41296
17038
7343
63110
44620
99137
29619
892
18692
22343
9975
69995
64245
67968
84585
17100
19428
46001
94793
41395
51827
11222
17292
4753
76704
41075
75725
78388
1531
14504
23345
72073
86337
63075
33621
18658
45529
42639
43159
35410
8875
87081
97117
68532
33048
44436
74597
71308
71482
48995
77867
61573
35256
7763
4272
80986
36262
66715
61709
93328
12727
94460
57332
19904
93952
88018
22559
72627
90699
55853
20888
4134
94260
60089
91140
57580
41828
8184
19885
75187
44647
80338
6378
83454
33676
32419
29485
5330
54105
43379
91305
90125
8552
4451
60285
47984
25890
32354
23362
76765
79958
77855
46893
88283
65493
39321
55009
11766
23886
21970
12852
32900
4417
1379
6588
19843
30242
88425
11478
6493
80588
62653
71763
28173
60416
46785
47776
33020
76921
35349
75504
23300
77964
50762
12840
64182
76097
50990
21222
53462
29032
43334
7023
71364
98715
29722
71764
49910
75054
6121
10624
3136
91861
55134
77569
2742
40211
82746
48784
72456
14650
12881
86271
1964
17987
38865
6430
83610
13675
70172
55753
72240
86345
150
3986
22998
51976
60538
5734
48156
94917
56424
18783
57791
89511
41433
78150
30506
77685
83731
71490
98457
90680
41335
39617
74713
43983
84472
12258
71340
3401
50246
24925
99368
66147
99976
13680
8287
23517
99465
3270
22105
26779
31657
3366
20765
36117
40916
24982
11983
20667
68847
4521
19219
54281
24014
54284
8079
14563
87555
25417
50863
73037
33810
61782
75394
13866
33248
19166
69410
49999
30665
50633
27601
34914
41232
13034
89503
6900
7665
38021
8903
3481
76466
22523
92953
86464
14553
22291
57811
94323
16439
79399
70952
48365
10786
19048
21826
15826
28512
69455
38276
82992
80127
12001
58248
88272
41985
90622
39688
79161
56885
4359
62008
69153
20353
23401
94608
67376
71899
53290
80327
39764
44183
84847
11354
79323
21531
39816
7789
20560
66926
54808
84552
47125
14126
37956
61507
99545
99713
96760
55452
32150
85828
78096
74725
50761
65279
73674
46075
67887
86777
59046
59984
74457
36135
15318
22026
45612
23488
94696
2533
24760
65133
97517
34579
75090
220
41605
81764
44527
69011
4233
64032
23104
34209
3125
69969
55621
3568
50896
10206
72591
61719
78361
65042
75159
59404
56720
90556
9364
72023
54942
90223
14748
35649
90561
86633
95931
17867
47704
46416
10505
86075
41416
71416
73707
39153
42793
14722
92264
81945
41360
11839
59718
7865
13209
84850
28928
76201
18224
45011
79975
11970
84861
54223
23539
30095
82570
29773
83843
768
7537
7852
88440
14398
69959
67847
77995
15161
97888
50427
82022
84028
89597
6271
81638
80866
34233
63026
52139
79234
55915
17683
76953
17958
31832
5417
25166
45466
16313
75395
45792
45183
6917
17754
79730
38015
76955
83378
26355
24826
78670
54687
17172
75711
50316
11237
16740
49911
81101
62807
47786
41788
61685
75073
6813
96391
55750
32866
46499
13254
58789
10608
49509
13484
54406
88127
30411
5762
7031
15165
14489
78363
18055
63508
32613
57126
75793
64307
3668
20316
1417
10150
41041
44441
77441
63489
83273
1608
5112
45660
14437
64183
84832
95128
59493
25706
44426
15456
61686
39435
68656
37514
52112
87391
38847
39293
42350
28435
72992
47565
85290
78549
98945
68993
51220
98239
27396
33462
65263
13711
99843
88060
22473
48754
37855
49182
78805
75262
20708
62655
29799
60255
506
32
72971
361
43883
15742
93282
45868
61548
21368
31258
15974
4041
12526
45768
79090
90130
81669
87301
97854
91580
47719
30755
78682
11413
17639
15210
50892
12744
2274
13043
64769
13929
24865
62847
6718
43869
21211
27189
89684
54313
23479
3000
31634
87990
75663
10529
25908
74270
38961
7677
74266
50806
84351
20101
42387
55063
39606
89590
82776
5290
31947
29997
98933
8048
42993
72513
39042
10027
48152
96508
73328
51341
42703
68375
44574
32251
52586
36626
64459
99357
88478
81709
55270
96869
51497
46821
92322
51993
14384
30350
94885
50047
38528
3145
48927
46500
27733
77603
31352
11592
66425
24778
15458
92906
96260
36749
83310
56076
77377
58223
31418
13026
37426
52807
72904
52957
75210
47703
37162
55534
3704
30214
48793
90265
14339
15356
33924
6808
3761
45466
69733
63656
80802
31572
2224
7732
10585
45612
39558
19165
98778
86764
20358
31619
95022
70496
10018
96786
23940
2413
42319
79211
81267
5362
8182
29422
74938
66458
58983
7745
35112
47034
2894
41632
17879
56813
12414
22145
5874
71402
11689
99042
3448
67166
13489
49810
6009
24364
3737
67064
765
89470
66133
47556
2212
66022
47648
14704
27112
37141
42861
25683
70462
90135
10453
91586
57180
96746
49198
78883
4180
69849
63388
56047
2526
77657
53569
6371
77749
37663
52401
2148
94103
52443
55329
65868
68944
89398
80317
93493
20144
20259
53112
7169
18328
1605
14814
54372
75317
90237
2054
495
37475
75118
6627
44121
83058
18864
30490
69899
40870
29676
29453
14345
52664
28922
76150
32504
538
38645
97039
55728
69336
94040
97870
34016
97786
94360
67119
20217
81510
18621
82569
47928
64802
81309
48898
25555
35287
79255
46398
46078
21745
33961
15283
14650
51587
67695
72056
22940
82151
33241
24412
96438
24419
75271
28690
37444
2759
85155
93130
66292
51699
52091
72187
19923
73046
46266
46525
11408
34129
8067
24435
23152
17689
72777
5189
75021
13627
12461
38860
49067
52602
63508
94374
96857
28469
69124
79945
64736
3460
13660
98740
86380
4960
46125
11137
51379
33954
79641
76951
26022
9091
13639
48828
55284
31171
18207
49768
19062
23430
73768
28308
72026
35480
94907
16273
13135
5361
13412
55766
9417
34356
93973
31633
72690
11217
82567
50238
34286
97611
18670
78741
46249
86611
1943
64958
14943
90387
74881
22368
6855
64135
14645
99926
75805
26661
45411
42275
63498
54077
84890
17053
12179
82812
3940
22692
58971
21131
95324
58358
3030
25812
71853
28795
13835
37188
58760
41595
37892
47084
20449
37200
44437
14369
44583
21430
92487
10884
52638
53470
6656
73436
87419
50626
41681
46015
3131
98035
79292
49296
40736
45582
44159
25410
52233
89165
57121
11290
53805
80537
33432
42514
29300
74397
69173
80154
58034
64566
4621
30969
17857
90279
2308
22610
80154
7626
97048
94242
41455
21728
37159
10437
67016
7433
70527
74392
7512
38254
34944
81945
55803
51931
54543
17930
41454
41259
98138
74613
48555
49532
19363
71626
85024
1666
46539
15843
42315
18391
88348
29448
29140
92784
26802
74318
32135
99275
1639
96987
78124
24452
57147
37733
36805
27942
16925
9560
29155
91390
48632
81654
36645
4940
15964
95896
67759
87699
23911
36595
57859
65904
38768
19382
30046
5543
13840
42832
67953
51896
75694
31502
82971
67665
43654
39074
36511
25757
96181
90015
24999
94490
21699
161
18517
70696
65037
45257
91234
13757
48909
82118
89557
99222
68553
94319
32705
80680
82582
43917
58203
49973
35110
30838
82167
3417
92853
72084
99486
81636
88363
90404
82350
98626
8719
4858
30446
54806
75881
43297
32940
83494
40434
47584
87446
54543
62267
53912
79281
94200
62838
65899
68377
82533
94692
21143
36629
71074
90428
61951
56022
68895
32309
38058
80940
92219
46544
89572
21477
14841
26277
95747
63907
99792
54825
73349
86681
20030
87001
81941
72258
42460
54181
90412
157
25484
79516
78676
59145
97454
92911
56839
41305
45043
97221
76854
46517
9449
8283
76229
68749
75093
5877
26804
68665
51775
998
80825
76242
88135
61208
25897
37159
88821
97016
82101
83293
45198
16513
46577
45927
75523
17091
85776
94717
77443
28272
64779
99324
69968
9923
55296
70362
2991
78541
80983
67556
71577
12221
71488
69622
68047
88939
66232
81238
29994
8386
97035
10253
85104
26600
86195
85187
99
73323
83294
42710
81779
79465
74222
2167
58260
23676
26553
17345
55786
87200
92081
68726
69984
52834
65438
48248
56697
97544
64903
75489
27645
46359
44112
55488
20501
3204
19262
44305
20658
86459
93717
32887
37160
33445
20450
33528
6488
36090
87669
53845
84618
61315
34021
36932
89017
28778
19448
74189
15177
87936
58298
98045
59700
75627
32490
55722
83809
95114
71925
15780
65622
27975
73018
82484
50500
92216
72684
80404
51585
78289
23094
87499
57908
86985
91640
59331
84328
69543
68208
41000
21955
6570
74740
82655
67729
90610
57532
42144
56153
88302
91388
45554
16433
68419
68431
61698
44717
7637
78895
54303
42995
57589
57121
20725
29546
45064
27822
62661
26417
28399
59531
93853
66092
29976
49210
66905
60504
59905
36297
66325
25600
75716
80761
83629
20424
24707
15769
93300
79847
97297
7792
43310
26546
71931
74554
30314
6290
24497
37866
76479
78839
86741
81933
73345
15367
3711
78991
39872
80943
44586
1687
92510
70234
46175
59341
18955
4415
95036
79900
99679
99860
67456
17107
23795
77089
25685
54597
86172
76304
42043
49264
31428
29824
29549
20763
8455
42648
28466
74648
93288
41784
35971
9641
71054
67628
41108
4638
52958
59802
37696
11037
37238
77818
54069
59195
37122
43749
66649
39654
18367
89734
86264
43301
85322
84526
72139
68343
86020
92580
98695
53816
21189
93848
18175
23234
25401
61848
64982
38064
88155
10140
21157
97022
59981
52124
38181
12940
44241
91106
36986
993
90631
31258
49661
22061
20740
8806
43556
50086
51115
6509
88399
13972
37547
64915
17426
77128
3860
80772
14522
59655
93782
52106
85342
96836
52217
30303
63044
51083
30803
36636
61708
55675
18377
62895
1437
13611
17605
88363
52074
53677
51248
89625
76865
46127
29805
43757
92528
33374
46802
70676
25140
57285
31779
11656
72287
68212
59629
32934
58309
84796
4636
53271
52996
13046
64249
7850
33933
71651
80931
66435
27475
90574
78760
1740
32239
29390
10273
87625
28429
3112
98536
32074
7223
50449
94390
75450
37181
31184
20285
86869
15005
76386
27391
80790
52052
39799
45482
20973
82401
80634
12720
84272
25298
78831
87847
53801
55182
31860
88953
74893
3646
41386
54729
43916
63160
92173
22243
82756
45130
21982
63198
11440
71360
98434
71250
22462
52210
38243
62192
18494
32908
73588
69858
83831
75163
70802
13567
84659
47665
76038
75051
28315
62678
77031
36265
1597
61515
3613
61086
47337
28188
31904
88580
17468
11041
89983
95335
83219
10512
92188
61375
59777
40067
69876
49803
25819
78498
89597
28998
72497
56301
26920
36393
70871
11337
28261
31357
92386
75588
85030
37371
21582
31877
23964
48354
52091
41429
46589
94355
7545
73252
44296
85356
88344
14650
60255
78624
91970
77371
43122
55312
26500
24470
30141
85640
83047
82474
38855
98680
55741
79126
8491
54253
5079
5627
65332
28492
89108
18895
72834
19786
60787
57281
39145
5003
92233
2789
26328
79669
66190
76507
94039
28240
64146
37216
36329
57116
25389
75568
3825
71471
11860
57365
19665
39146
50152
78929
70254
9590
28648
52229
15855
87744
12070
94332
97765
57519
72663
38839
11076
57150
65348
87349
94734
64634
1438
74942
59153
79609
15342
17644
57191
73589
24171
89687
57820
13572
57124
85179
77005
341
48029
85769
67019
26697
38614
49351
94366
30636
66631
53348
5542
96847
20008
54236
9021
87299
65228
23396
39705
3315
16526
81715
89485
51006
48292
31246
32079
10800
19376
2062
68020
47357
23574
29871
6232
79161
86375
16312
93466
89751
77819
72930
33763
30779
1022
73702
47911
49918
96481
79880
24452
91934
33233
22778
60071
33503
64005
53646
64943
70498
7184
57852
56777
85185
21847
52844
99930
92292
68445
57217
92987
31331
92249
24291
24926
49816
96073
44934
28591
52959
28448
62908
16822
17966
84667
42388
68121
30027
11921
11629
44895
61039
17704
54267
36079
46325
98341
69268
90774
64350
32347
83992
74919
81156
55077
62875
63644
34969
19502
27825
11003
59675
41325
52692
26005
55862
51695
68917
40424
66839
94924
56221
78979
13417
47388
69694
25802
42254
76258
75323
59247
92634
19814
98032
12896
84239
48481
93088
96641
51089
50065
34073
94094
3078
37101
84134
56674
96620
66866
66385
6774
95798
17019
90258
36225
17412
65135
99097
80157
8223
87476
45908
93322
32014
60866
27357
56524
74167
96115
23811
17552
57365
54806
74932
69548
60307
27362
56164
63236
41986
29768
91676
12328
29085
72481
35778
41978
9238
89638
70528
96302
33532
59007
29716
9899
36684
91187
68596
66958
66833
84990
19291
20717
14810
91809
43892
20729
17974
41298
8066
8508
3758
49300
82218
15650
58527
54178
11071
30389
41554
49221
69383
33408
88282
43398
85966
6325
26986
56636
75623
51242
15344
66758
85306
71453
63378
46229
21423
13689
70307
12065
44854
56113
33634
58460
24752
72776
68656
46787
68669
47795
10380
592
68195
31191
53836
63821
8407
43564
8634
57411
71276
13315
76745
23600
65173
43428
8658
63447
29112
11375
59215
50641
66098
83652
90867
8866
1729
94399
85317
37287
79473
28731
13431
26314
49702
22551
17063
35800
52611
26741
66065
93802
89366
1887
85198
97151
23872
37925
96430
1035
9636
20161
30798
63464
40042
13244
40469
3211
6225
34345
1649
28594
23087
41071
83593
42137
70054
45668
99102
1739
68774
19220
59139
39030
72472
42273
6166
16631
72814
23044
64090
72181
37893
88498
99186
94025
52244
95547
89212
74747
16244
85771
54088
3176
28075
89331
70164
99391
27862
68450
47909
42091
39699
82988
43012
75306
32745
83341
15282
39069
33684
51015
12650
97240
7024
5190
96018
55417
28418
43845
1244
86453
53886
77834
44927
89806
83832
99692
77005
48193
11754
43253
36401
37691
53215
23650
89480
93452
52122
44775
87161
39667
61158
99215
39249
42969
80186
84385
7103
86843
33704
72575
37033
79134
36611
78184
96649
14887
86027
32349
50344
12066
50007
75841
53302
3072
1789
78073
86211
6686
63808
59315
12668
79680
68215
3779
39301
4476
854
48295
96623
70259
64379
53196
53687
4602
80664
94059
85531
20439
84472
91947
56185
88776
56911
57322
32294
54588
29154
2870
17320
75141
38576
4629
24241
75365
12220
49604
52792
25797
99704
65821
4054
34501
28559
72625
44953
58733
31183
50261
59848
70434
35634
14394
23732
15413
81224
10324
12247
20597
38722
42012
5485
11845
83133
91793
84267
9863
67240
56729
16704
10360
96500
36069
6598
37781
41368
43602
44485
66907
93534
78316
35461
38253
88398
86349
45709
55918
84052
47203
97373
99022
83600
62576
2692
17665
81690
45291
14207
15339
24432
17443
72271
73848
14910
96964
25430
88616
5321
52210
66893
65543
73080
754
57765
15195
39871
6504
93752
72982
69769
11675
33995
7916
161
84085
58883
30430
47709
90567
68544
61557
91240
68137
49434
50474
4907
27806
79191
26881
37879
37206
61127
23447
18065
28461
61148
52944
44570
97777
41641
20499
95418
46944
54549
18002
23209
59632
22876
35712
31418
96617
36899
83911
40676
26349
22486
59890
83757
75031
32255
43301
71638
75681
89061
75597
54589
33023
41983
74257
57171
26697
36307
85799
49499
96311
52656
43620
11995
1540
88484
91787
94115
97205
19899
66951
73879
60659
57365
92916
48122
8403
39298
77303
30617
535
63580
27565
39153
50382
63713
68545
30526
90070
60332
7159
11137
52290
94607
15654
92428
93398
38319
99907
67181
14287
35100
16408
96278
15104
15692
94387
53797
65815
82739
67770
32021
40638
77280
74269
23423
10429
10071
6628
61710
27068
25862
53671
27678
63366
92743
63805
90000
26506
98193
72395
12461
60059
47611
72254
63636
26167
99502
93748
86690
61221
28518
405
13149
41847
92549
22047
16445
63311
99316
22143
97112
47646
9079
45787
70792
13160
84427
13547
99034
89987
60286
46057
18294
57565
28875
41086
68742
63485
69073
18299
99557
64834
36367
75273
134
45321
56863
8728
42718
15338
68620
30356
65423
19105
50673
92950
80178
37098
54671
41495
57119
56389
80426
26111
44092
76410
74753
71419
85408
66902
68744
72428
54435
13747
23012
18140
69124
95733
26626
10668
34198
12529
50292
11753
53320
52616
94985
86366
2128
27857
80712
98274
74099
17173
25897
8145
37043
99604
2704
64665
51221
34277
42182
79371
83662
60218
98102
64817
98347
74082
50817
13183
32633
80936
67199
51266
45527
33432
80691
90613
97462
14786
5769
53330
98953
11799
84782
50725
62767
91056
20844
78076
40315
93071
22945
92731
91196
84989
2139
89293
65454
27698
30482
2548
74876
18386
38274
42273
3791
14581
35555
8639
46200
77375
81926
41834
55702
10478
56655
87645
8101
45139
47178
30665
95011
55383
63531
99457
1440
31902
49830
33810
13729
72009
3431
86801
39473
57461
19568
78956
28485
37889
22733
45602
70666
69198
9492
84462
55566
74175
4798
43678
14183
33119
17053
84739
92772
5825
88794
96353
68494
5667
75436
22982
34650
93292
55734
7288
27182
12596
4445
62470
91821
22275
42084
13376
4385
10481
31015
91043
90724
48141
57073
75500
81675
35449
37018
79470
24848
56498
75264
25343
49274
41870
1792
8780
70251
88574
91121
93485
2758
51251
44862
64660
39226
73693
81150
48382
97648
87374
54482
20716
53389
34589
35610
10443
40868
36326
30676
41967
77532
18446
83762
92959
568
74725
93078
81321
26185
2756
29069
6678
17837
29078
78950
20056
60449
49779
90318
88320
68875
70791
27401
76909
42141
66194
558
65150
8390
55048
63647
97545
72283
91160
36164
5188
45629
91530
14915
16192
26599
26786
89726
65269
31575
1985
97930
59064
10582
78858
22119
96810
25350
29378
43840
26122
4263
91441
55361
27467
10693
3173
7696
10336
44930
32085
29098
17363
42684
86755
12795
32853
45114
3739
62232
73423
28728
33016
53917
54968
88237
99046
45662
26815
78805
23682
20588
15048
18176
60797
18919
16340
61430
80351
71386
53912
65509
31593
24504
48464
57576
51891
12304
40524
92086
30547
8943
94856
99013
61663
3283
24698
59865
35370
41544
68453
32268
61738
84257
13386
11867
6491
22804
8734
1835
32444
35314
14134
95287
15126
62657
28702
93047
64925
88632
97034
30798
20463
32919
17380
68624
67994
94689
47204
43118
80634
6487
33694
27168
39648
47634
89588
70477
26894
11836
8076
82426
77246
33739
89309
55501
34467
64635
25987
63644
15591
76103
2322
64407
73747
1444
95302
56559
30029
58074
68281
20002
16188
3872
43694
45348
23431
80627
77707
30826
44379
33234
12420
5814
25195
11865
18801
80443
20754
10073
9441
34828
46580
10512
74088
70053
29218
83754
64340
34037
45116
71027
86525
74471
49009
89399
85723
5931
15874
52217
93522
30502
86021
63724
95208
78131
89702
45873
12727
64020
8391
22606
71677
87577
32423
98919
7152
87371
22145
57372
1680
6838
9963
42463
29525
43473
57887
2768
3527
80619
66551
17943
41773
29428
86833
76157
14685
86981
5042
18471
59153
45389
89895
24943
39067
96249
56102
51169
96719
34046
22995
30544
58559
88166
31967
42866
76580
76085
6858
98015
62967
40312
99529
94753
23616
33161
66787
76792
3206
6240
99285
26381
65093
633
5142
90929
24414
19358
21428
24401
49128
30482
49821
2456
56228
25242
99194
31713
20718
57031
49493
41751
61775
85572
82364
65036
592
41496
97662
14802
72617
27385
29490
94297
91351
24462
12503
81702
18572
16190
66933
14828
85439
82330
94210
35785
1605
47236
81665
640
79128
36411
33157
31822
34707
8420
16564
33419
60704
29623
7206
62431
42920
15778
19117
35231
39402
19838
79918
93315
22567
59980
64589
40485
68985
88491
6407
68919
68196
56250
5752
46497
57349
74756
95998
18455
2823
54317
65557
30995
71828
21879
27840
69268
92680
79025
39465
68274
97537
73853
5024
92220
18675
13405
99904
25968
74809
25209
57519
40503
45766
33967
14596
25562
12825
94295
29314
80421
81678
82770
22371
39607
55473
67247
27952
34339
79885
91097
62508
66406
88099
12609
89809
9381
2134
98755
42514
59906
48483
70103
60895
2714
57166
95127
30567
74111
6808
45544
99960
48973
39309
11783
33058
27083
49753
70961
56921
37857
84539
32302
8697
10768
94097
56795
11620
24145
97075
77587
59783
19822
43292
4186
58011
81463
91074
38438
89286
71779
70087
96458
54466
41508
23816
42688
88758
71716
3410
11506
90976
23489
7253
48549
46036
42275
50449
5346
46814
72150
34989
98018
22787
55273
26662
53814
43398
74369
3780
9712
24742
76954
58953
87858
15908
8412
26274
70705
79171
81334
48352
82917
5352
5689
20384
93744
69665
54291
63654
54376
8994
75687
2953
29475
57194
71078
99559
59678
3140
46604
20537
31626
25961
84825
90402
44115
97091
5994
33377
90350
27245
16083
52293
2335
32822
29436
58816
7845
49060
29813
34452
60546
23541
50935
34251
16042
33696
83289
3363
69383
28890
78988
36773
78406
13973
6515
51222
31875
90115
64354
9735
6700
36216
74993
13447
95700
50413
22333
14233
79926
55745
21597
70560
74308
14842
68476
86998
70091
21577
11735
3228
89765
78156
34068
38988
66202
35596
58301
37258
10515
3079
50520
6393
5022
36104
68004
20842
65047
48722
11698
87278
95961
58620
60445
20621
32033
64406
74312
99760
48026
63593
27059
79064
30091
73629
5273
56337
21081
14004
51786
64673
12410
7763
26527
31707
75320
22433
84479
73040
97469
31304
37773
39429
86081
16153
71852
16479
36270
99916
64176
82331
33612
32228
67042
74746
90542
52561
16752
66489
15543
83407
61454
45983
29386
3628
66285
15728
33614
65479
49078
80735
43098
31252
48292
37344
76674
3484
88091
34779
92990
51393
20232
1756
88947
41855
76599
2119
70497
4237
26411
81224
97129
29571
95070
72681
83704
39958
87509
20605
27060
58911
90462
74906
67457
39609
70921
66116
72785
85449
68672
66883
73446
40184
99172
70806
43845
54844
80582
92545
23993
39253
75871
86306
50945
45267
88621
58850
52407
3380
24202
8007
54046
38955
11818
66149
1767
28
1649
49460
63584
75460
67182
26365
14778
71542
48120
48047
36501
96416
65796
15822
20522
97836
29152
79339
41717
78978
87759
78798
7005
16363
97858
72687
33537
93904
10703
78757
24224
49857
36464
71510
90853
73009
86362
30221
76046
87071
75704
5769
59863
14384
61220
95698
67464
40919
23682
94598
53271
13014
92153
63794
95835
50142
29199
82140
7631
76851
98816
15837
863
29355
37210
56492
40531
70677
85239
50357
36789
91830
14456
44105
10239
27502
11099
12879
19622
45657
28281
23960
7549
18514
95135
41872
37992
14034
64998
66032
44318
94294
87441
35665
42937
862
6147
955
79038
39762
52474
75291
67
92255
5676
38419
39714
89791
80828
86411
54169
67351
95225
75749
82938
39866
8276
38638
8982
44714
45435
93489
86017
26910
7415
22597
40226
3391
29278
12935
16442
85421
33654
3746
87086
3071
61159
2058
45394
88744
53820
42537
14452
40404
70230
98865
42947
23313
97612
53840
23482
53643
53826
83809
53036
95376
76517
54750
43565
68114
10145
20019
28859
96778
77631
86831
52648
21626
59967
96852
11525
79627
63053
60045
972
41909
96515
59295
682
56733
17371
15288
77127
7160
6895
25156
39987
11182
21519
831
25199
36570
72382
17061
54870
33838
98442
65636
94086
67443
42182
91667
72078
70030
77126
39580
65813
32637
74902
96372
57188
71841
44662
57612
48914
82966
60118
4672
99819
50494
9290
75372
924
54236
72875
51967
40477
74779
9098
41063
11835
89199
3121
21548
11745
54963
41112
65785
21538
58769
38113
86132
61126
57569
40593
31183
64527
75625
35371
83031
73639
49474
69034
77834
19367
1403
45306
65606
19718
34647
38260
8252
32668
55153
51829
42083
99986
20448
88281
73288
53545
27253
28281
47939
7715
1281
14239
83046
73105
78452
85665
31374
24506
71712
74530
90108
7397
1308
7137
69789
80292
11716
84187
35813
49981
60062
51780
69883
49013
81303
70141
92942
12283
14860
6898
9157
26319
92101
11156
2611
44685
79835
92878
59849
29594
31706
30086
54118
35498
10850
13330
48554
79307
19719
84275
46152
75793
50137
93171
57
39423
38366
93815
83661
8943
63450
17025
45789
90942
17489
24868
55708
86743
21475
20804
59468
80090
72214
71210
60652
90217
92338
40802
26447
27695
82341
23761
56936
46285
28007
83894
9793
579
82487
26811
26284
9239
76228
27000
32112
17476
42057
80068
50693
48706
18224
55929
53818
6766
97655
16163
34643
13751
51471
1381
14833
61220
80864
9065
5418
67973
12203
82785
40823
60532
54440
25470
39500
96072
18446
30188
33570
36694
41265
20552
9264
56259
9029
12319
29497
44107
14208
15877
48030
85191
19870
85487
5076
41791
45854
80301
84848
70252
93002
38983
98815
16104
86196
30803
88627
13941
33563
55152
37591
52102
4781
25475
83811
55630
53126
46251
41803
71043
3959
5699
63665
3503
40322
87155
74332
98195
69282
86547
31040
49527
40903
8158
17180
23442
12574
88015
83747
49523
82096
17402
67922
24490
60129
90089
34177
4022
53560
51313
2933
39308
27743
20913
70321
93920
61984
39655
56460
31732
62575
54991
2782
50522
29703
3768
19572
57799
46028
84357
37987
92118
28624
48861
65817
39445
96817
36687
30830
33552
64319
61349
23418
98521
92859
48676
50625
99729
3707
34334
21769
8438
49579
51764
14284
6472
44909
43435
63145
28377
76513
43369
15156
99441
51487
83372
36494
87099
49121
93800
66511
79568
70078
84827
74431
21470
82193
9135
41989
48404
61912
31819
25655
99853
70841
87606
26896
67446
41342
50473
16991
11454
63425
70160
2940
25049
16995
89117
821
92145
42869
49000
65351
51657
36986
79751
17801
60719
1028
58502
77633
17598
4827
25636
80538
30509
59292
746
25549
20248
49598
30407
33916
71272
38160
69421
42750
34754
78205
4226
92148
1353
66290
75620
78458
65264
66870
61885
22298
40000
97848
1182
87898
28322
9383
47227
47637
70187
43610
31779
40007
63745
35472
68058
59266
68397
82385
20
87006
33727
85396
88496
25645
77976
6746
82127
31693
83289
55191
51632
470
25990
39313
93034
16243
19734
82592
37861
68397
65593
53782
77653
32611
41190
90008
52436
84054
35712
31402
84090
9313
68133
22986
45596
80102
82579
29778
47998
90723
3831
56192
86934
78915
2163
91923
20991
77296
16523
96652
47478
64807
71533
72596
19413
30820
11611
86972
56810
16892
62006
38750
69043
45834
53800
74499
90296
66689
9805
71198
36964
60032
90623
31670
27649
41923
70205
90562
4624
13238
65336
55692
84066
15844
1370
23927
81878
42606
63731
9309
91856
67512
6721
98609
11377
36733
75643
63044
6329
97602
33594
55139
11222
4872
80421
23293
40423
55739
8215
97378
75953
26824
41775
92614
22685
31755
93332
3173
96013
2182
48835
21025
34105
98157
24182
62151
13419
17054
68851
70768
211
88847
69966
59747
41255
34208
85916
94072
58682
51727
3637
31191
62967
29098
30213
83102
63131
40926
47055
82849
97005
45742
25342
11820
43835
55744
53578
62628
49138
74962
52579
84780
76505
95594
82846
8836
63787
75787
8313
77035
6767
39202
24747
36293
53270
10912
74189
87831
67376
23651
59616
56559
41387
84845
4090
85249
56361
2709
47344
99820
57372
39292
94465
20156
43649
99928
42044
92936
20887
14093
27183
89275
15546
9882
54286
72720
28736
16559
30428
79158
27408
42140
82745
25427
23386
46276
23560
19653
82902
79568
36380
18755
26013
89184
94943
18467
6622
63869
56990
1845
47198
67594
85523
75211
20399
73881
76112
62268
41931
22970
78982
28702
27310
66477
75760
24785
97742
54840
91231
74491
97432
66165
31778
94958
27239
56547
35089
61765
24771
20317
95319
17389
54676
63463
1145
60513
81506
69092
89415
55981
52843
35493
67806
48596
39520
64124
50744
40493
81628
68174
38513
264
2273
23687
47030
64911
60081
50600
97100
72775
7430
7259
93562
86870
14510
67943
89621
37118
86503
51167
77830
8327
54547
76660
68185
55259
97080
3595
27909
34699
32215
21770
92755
61135
79686
71851
73101
50475
58476
28083
60868
50669
72793
61916
5534
71186
36544
14190
46266
77160
79218
77005
22465
69070
75543
87756
77163
92504
32779
34271
99563
26639
52403
42382
93656
30325
71259
75781
90329
86374
75854
98120
75085
9402
77297
72612
6324
75527
49660
69409
8861
25155
50646
32372
86188
54791
72908
76208
63527
24335
10637
51452
55198
33821
72197
4352
46870
94430
10580
37241
51440
132
67915
25580
71738
33395
93794
90583
66705
3799
23065
83107
26577
4626
72361
3958
9116
99732
49285
41188
80931
52482
26163
68358
47891
99065
7297
87011
1886
99693
69
79210
66789
58602
2870
3682
38784
37659
27520
99513
21514
61032
94184
7352
27883
66522
61341
79224
89827
69946
97175
43149
89968
40120
80719
24320
40061
47112
27929
60539
87239
56262
6498
83870
93420
81402
84355
35790
67026
10678
26143
45005
86418
66941
35583
30853
78303
74078
34407
90685
46967
60541
30581
22638
29157
7475
75605
48975
37711
78028
72196
54669
803
17102
88095
23927
28249
41081
85447
43061
73413
12682
49619
40024
86909
44505
26610
52332
51617
42051
81500
20683
33867
85154
64083
10219
29460
86455
29307
97239
89567
53706
51411
72188
73767
35017
52912
31001
54113
79244
80885
46682
84077
89369
32240
42846
21215
92674
84179
85971
27396
45100
73838
66948
46131
17707
42790
34729
77713
27049
98100
40284
23745
4806
16316
36236
58886
88666
65128
24650
4406
7509
72161
37601
55422
90087
35306
16643
15308
13947
45465
36958
16445
33374
92818
72429
69667
42750
5249
57226
7249
31917
87124
74466
263
34565
17171
82401
23221
74117
70045
92908
18958
26330
45408
42862
42379
3353
63060
23210
64664
9736
11605
27343
61631
33596
95676
92010
3439
90781
95353
88820
70120
42758
64814
73676
50150
39273
41066
960
34344
98095
14177
86309
47420
44989
34725
63078
88361
64114
32772
51160
17176
30605
57789
41068
37695
88171
16351
80094
55371
82158
41793
30411
69226
20281
82264
8703
14035
9271
73944
5676
14546
69468
65801
12471
78484
86755
73029
51788
58603
90935
59020
10961
24574
12526
40837
19288
4433
81678
35825
96846
31212
23283
53805
14545
57578
43241
32420
22591
33
32148
43598
40169
74056
43375
85322
74982
67562
76977
15635
2436
64390
31403
59425
97145
87840
33422
3967
44056
78984
39978
73189
47871
45605
44082
98930
69196
11933
33787
46919
78672
59364
74562
67266
23420
28606
10765
92310
16632
55698
49034
94756
28178
14318
55699
72696
68308
52881
86547
11778
17582
61497
96579
46190
82802
75178
5997
49891
50943
57207
87410
96277
28117
46672
33575
82088
83784
79656
77049
47778
55983
54241
20657
70634
96475
56438
54611
3
10629
65605
14400
37119
17280
43416
17148
32386
21678
52079
82090
93365
83727
16203
92723
31490
17459
30777
99301
47443
68625
28025
53464
89730
59120
4394
84332
93468
9346
29203
20302
9623
68241
30097
51929
37932
95442
89272
58585
87187
74806
83176
74955
44347
30526
61070
90433
78050
99279
26611
5314
95575
36795
15589
50125
92745
41215
35232
19005
27371
52876
54233
49768
93832
24412
75239
34050
24349
36454
82862
2592
44279
59597
56873
92278
38761
7090
69939
74977
20425
80970
39219
4832
19496
81451
55106
50973
19213
1376
29305
81290
90798
76027
88828
12807
43786
35114
87965
63391
15749
25954
81518
54610
89280
25368
46663
58318
78836
79535
70832
13334
55307
64107
50955
3845
45660
84772
49730
75947
76353
70966
39528
89046
84150
24245
67471
9964
58416
93278
60613
38581
664
46697
98283
2805
32131
75099
14869
99383
25903
49271
92631
10277
37212
34452
49681
34483
42020
1130
53497
53980
64888
62502
26242
29733
90457
82237
74150
60413
18480
29086
84789
46534
57706
82591
28666
77005
36372
44217
31366
48884
29615
92880
99548
56210
90959
28106
52984
68976
27222
23106
19613
1460
33512
32020
98393
12090
77706
57080
83543
32638
83932
10124
73792
97047
77457
51337
56239
14845
32679
47416
59792
28267
86343
54717
50900
56031
34746
46417
6100
43039
17061
61486
75232
47990
41347
58372
42179
95419
72350
5097
49364
35858
50794
77580
53563
88684
10782
96170
64445
97066
69168
44122
7783
11039
17643
59875
78963
6003
19151
99853
57626
65123
35590
71636
49462
45606
60798
34105
17330
74763
5544
78932
14417
86974
33228
43940
62072
80489
21895
86086
81977
69879
13250
73892
62941
48212
28848
32708
41197
17040
93092
66050
94460
40770
83628
77496
93268
96361
86510
60697
42748
47470
75837
36637
82276
74725
57944
99670
35469
17011
96767
97186
48823
91209
59443
94105
23655
9550
87721
80998
88661
38843
69355
74931
3600
60799
2731
11133
89070
94179
21189
2534
17076
99176
21072
5545
45247
97484
78144
95880
49836
6316
58171
47777
17770
60227
86837
54879
50234
69873
81355
7693
28928
63159
68025
9893
9513
8382
47512
48038
83064
52375
29176
77957
12271
40349
4853
57210
23030
30966
38169
99483
86187
82137
21614
65543
40103
5354
38878
25336
94537
76577
27721
68155
19649
9640
92194
87004
22011
11715
4359
90682
58181
63689
54299
61881
65631
44017
63169
69847
6718
20520
39447
79062
18365
73727
37773
94008
39585
22849
87392
71561
17224
80450
83704
89590
7565
23539
63322
81083
59706
31921
16618
66042
27882
76799
5473
72648
14009
66760
67463
18177
17259
19686
55246
28636
85814
25248
43114
12825
3342
55629
33392
91574
32555
47704
54954
19617
96280
94364
41717
31688
16666
82094
23479
55052
25307
56282
21056
88692
10130
74662
9500
3614
65489
36979
15922
18352
11275
70049
15260
97357
42784
75506
61315
96323
55270
49767
4118
84192
12309
80710
21127
28677
73839
10493
72610
32243
91243
42720
51883
33090
81085
97807
73747
91729
10275
12595
75670
72407
17806
72711
20180
8440
73323
34579
97323
84179
29741
54419
93581
29400
65305
6998
26691
77687
17198
53250
13790
26611
77583
63541
23061
2390
83406
7975
64256
91934
3766
68747
82480
86453
7093
95156
27657
37790
64132
58420
49981
26859
8373
7264
92006
36108
4664
53807
68767
61538
17002
14753
64415
37969
64058
93053
98100
16147
18553
94066
17176
60810
158
24511
13234
55886
88019
77710
55052
52772
72095
20986
7820
83439
28625
18322
86450
69440
74085
32694
51053
48841
84855
52126
72346
9104
92353
79578
38138
92511
12274
73300
85998
13048
18862
82418
44722
45509
31932
93271
44755
62221
94864
79561
72110
7555
6581
71661
85319
82873
93334
87310
1891
31250
4457
20093
38050
88020
46200
38131
98108
44508
3438
36625
96087
27116
18363
16040
8034
35487
12772
3861
69937
61501
62826
9668
24502
99050
12789
69077
14328
42681
54300
17372
90675
58847
40148
36290
95724
60450
30611
13962
81518
2383
80383
13550
2758
18282
28248
27430
95223
92320
41183
70154
90331
36985
60866
63536
15416
36234
15589
37071
70586
39718
11566
74212
54866
20532
90220
25201
39243
25276
33573
5987
84996
23932
43099
65517
71471
77431
57339
38256
45574
65164
63362
96092
54564
15172
92811
30416
56487
63269
70233
29501
49568
37892
72798
46473
24692
53367
45062
97007
41683
87400
34051
30275
17810
30886
96565
57203
45223
95478
76341
67145
8033
41766
74015
64846
34273
67458
92026
55049
62680
45600
11974
95428
66687
26325
96224
86575
43981
18923
10196
90590
34137
95402
59744
45293
92908
98706
69921
34340
30273
82507
9309
60854
93949
46100
94060
36899
70181
32504
89155
70558
352
45918
9406
75336
49866
91871
57130
90843
21393
19283
19692
84163
96336
78404
93041
82630
78470
74308
99507
61221
5554
41691
32325
75162
89613
79256
25948
43265
4676
55880
62490
76916
54161
68165
7319
46190
10357
78949
72366
56881
45076
34772
43393
84514
37389
13276
41194
70290
35444
78016
72320
21336
66765
54280
19362
58650
13831
83799
44803
8107
71635
98264
76306
82894
79808
5719
95204
29464
70101
69740
90112
92724
60426
66738
35463
36704
59395
89141
3743
63348
66537
69930
66042
55683
61447
19384
71463
6329
29630
69620
12469
95429
40037
30092
69119
75345
75617
57625
14329
44236
79901
68055
8726
1352
27622
98288
45939
12383
91046
34932
75235
87312
69435
98629
98551
80552
54962
21167
47817
14268
72069
46901
63846
23539
34959
25574
97207
19264
9128
14415
92362
45260
14274
68970
8002
55346
44158
49395
38999
65732
20459
15323
8714
32236
32284
63350
92234
79468
25829
34480
80156
36775
77362
2332
99787
18040
24932
94124
28044
36128
44297
13852
14668
51390
89815
68617
93176
59478
43364
29824
72361
53556
67173
400
79914
30601
17057
60385
13191
90964
39121
25214
1620
79165
60791
66094
99447
48954
72216
60193
5363
29364
74648
82630
92337
60868
91056
90553
20525
3447
61710
70072
68923
41233
35145
72887
30453
85965
3422
42954
76194
1314
81933
3552
97316
25794
50666
40335
92029
22716
49440
15114
45887
37153
87848
62447
97711
58852
56322
35932
97333
6330
82094
33794
16835
34464
55850
45586
48224
16188
53192
47060
24527
16764
46090
41111
67457
36379
99997
83811
97043
92898
84559
33705
44165
66955
56367
42172
31225
57088
87424
1209
1828
63746
58489
59169
41684
35238
43196
78023
37470
32953
67985
81765
57347
44485
38334
6409
93950
46763
37861
74381
89357
9456
23130
13828
74489
73717
57663
37904
88451
80542
33823
85041
59245
37684
20355
28920
43587
38053
58676
88825
29828
17641
34766
36383
17457
32896
35868
80569
54160
1495
33078
11314
18301
84810
35252
76927
15374
1571
85870
97361
25761
67936
51570
97322
68677
67283
74752
89420
6402
66723
70085
50957
17766
35375
13650
82919
8364
18835
73145
9579
72715
25443
64868
13686
66040
65748
7122
95292
40313
3802
13134
86753
93480
1004
38605
57415
89824
38628
69988
63841
86310
69666
69540
49989
61687
94480
31827
97312
39050
90689
21192
2212
51298
94514
54883
38461
78227
24050
26310
47617
14734
79134
56916
65509
82122
49541
24709
25324
94993
22666
40611
45210
7108
2952
19652
39687
37676
93168
52452
59568
81662
85421
81822
13543
38378
61769
71622
98442
68513
104
18951
13841
24640
80626
62356
78081
38013
26927
92525
42206
64653
59562
15824
89181
69455
91960
75353
11575
6073
27986
47768
72697
5981
38045
59918
76024
76919
15339
14467
47074
73334
83482
64294
34768
76868
10075
43426
19128
24692
97933
31226
52863
99175
41992
40065
46444
30363
95253
84824
63703
57169
60570
67333
24064
10457
30388
79532
16156
90140
42685
4685
48649
37158
13805
59289
27331
67502
21500
20914
30256
37347
9573
74079
52053
88596
44871
91593
16876
49468
98021
45940
46925
8553
40493
41277
36617
64616
75958
77
469
30798
8418
3223
13475
60581
33027
46068
13677
52721
39066
19192
2827
12094
59770
19600
14660
67752
55915
13243
25088
56487
73131
80194
46844
30517
88302
13269
60631
29788
22342
72548
18057
50273
40351
35478
2100
62535
10849
89450
89554
89698
51384
59816
63278
6521
21776
18370
623
62135
83449
57548
99470
96142
6346
25653
6792
41352
71138
6625
69807
91211
85930
63141
8764
49416
61815
30271
80031
25473
68715
48175
22871
78037
73083
64853
82748
7785
8299
27080
9146
884
99637
45904
58168
50887
21864
96450
37430
45175
173
38358
52598
3048
42533
86085
78864
14616
48559
11076
21385
98054
78822
32632
77087
71261
46278
73397
50971
26432
54895
93655
5769
87796
28258
36444
63971
6500
6600
65084
87497
55989
57106
51910
55053
10184
95611
49144
27819
1029
80970
87002
32214
21065
78068
38072
28302
59919
27550
98618
88941
5204
44960
46082
2496
92298
612
13506
69779
24411
16558
7479
30117
82520
7894
59461
17019
17533
53232
95761
29808
72098
6413
79669
39114
74369
6074
46083
74472
33534
65766
69082
80567
77080
21282
10430
25252
94667
72320
14743
16620
95263
31006
5448
10255
66577
14716
55753
63618
1532
31688
92580
59044
15172
45947
31593
62921
45183
92733
21678
58450
54432
12579
74119
6621
5600
2713
14333
67096
2155
24602
96174
71313
97317
92508
81090
78793
63959
64105
25125
39144
52794
67847
11717
55402
47999
60217
68714
41334
37528
69823
44045
77487
73926
58361
77110
81315
43616
9417
5206
65249
70301
77397
20413
34919
68799
25579
1177
65754
44284
46144
3725
43407
95530
92753
76649
30054
35910
43371
9835
89462
52065
13925
47378
93987
60391
86347
51067
25772
52301
3926
4858
76449
95158
70614
13655
72594
52387
55665
80770
27555
53493
68070
33044
30620
85312
77482
35556
47900
65294
61684
99394
54573
72492
64340
13619
18
6165
66685
63882
58589
27897
44548
42368
61662
43402
6272
49615
14230
20931
45105
27889
98826
93398
64222
35919
43442
87376
27670
65577
82704
27754
16440
16066
77950
22351
39598
77156
44705
6085
34100
20471
92474
34010
38231
25241
52763
53357
58776
98459
29335
40725
92943
99992
81777
12946
27821
34803
24022
80430
30170
53580
30791
11504
87996
8478
69199
97565
45337
28600
4691
55115
74644
85398
13383
78115
69299
5179
61277
90258
62433
69965
85272
83308
783
15981
29439
18430
88150
76146
29389
41007
33912
58785
66628
36145
53156
55819
34818
202
97112
48771
13708
50298
63360
49818
82088
42664
64124
49433
52743
90669
85344
39931
97982
9405
89910
87556
62677
11757
7678
11521
5592
22501
15605
957
4140
43748
49139
37310
70172
31626
83630
7162
2513
22503
39964
91481
1888
74877
62486
23112
28541
26548
45945
54455
84301
97626
46086
49488
46489
62132
77416
3092
33502
61926
77749
32340
52738
51547
12750
46697
22081
54162
46817
90608
48869
78149
90158
31877
59700
2199
94054
75195
91587
23865
15919
48278
39464
16376
52100
76549
87502
91335
13977
36767
642
15941
35261
15033
77194
44587
15192
44545
83988
79444
18643
83866
21548
87081
63063
2804
47752
19016
26958
88327
52190
4656
16710
42892
47029
22284
15284
5016
86968
27002
3925
23222
10087
8246
32527
34944
68584
11751
72086
8378
57979
7046
72906
23787
32491
11239
43358
73592
27839
51878
70547
97727
68721
28911
515
91405
66806
16297
29946
33276
508
49376
19007
94029
99058
6253
47184
88478
4608
54437
49131
20616
67608
57083
35657
9175
33924
14066
12356
58822
41599
26788
68474
73879
42912
47304
77706
19533
20624
30083
53018
30790
53341
24301
9499
81879
61863
23583
42565
20262
2743
91446
10268
87070
23120
20391
77876
35187
58237
43423
76368
1171
12394
533
27717
57988
84559
35535
75902
82527
23399
66318
14617
93449
9439
29687
53966
81450
98889
39262
76048
66316
28176
18289
43244
25938
99110
35390
63022
30578
33626
97122
53187
18385
78757
43152
90778
42969
65443
37626
96419
47161
46622
56702
76409
39993
18182
86448
52540
78009
86302
22624
35958
68389
98352
62696
96864
87351
53888
66165
31549
5033
95325
43727
11396
41748
84852
17126
7323
92747
24415
27291
4254
42477
56091
53736
88415
20235
9271
97389
9320
87479
39080
74904
83420
24548
71225
76304
59163
96256
22912
23582
38404
48395
3436
58681
13077
67730
51546
93260
16301
90733
61703
60038
11667
53841
18528
40222
62800
15282
17973
90561
9239
729
27468
63962
44772
43646
50257
59036
51042
22082
23115
71279
58311
72684
7274
66644
27578
53950
6397
43159
13045
90131
17088
43344
50021
31031
67986
43606
78798
16867
25924
37857
34988
53779
19470
20986
86932
56166
38523
52353
89753
22674
98597
56443
82410
40609
34556
33750
85176
77388
94239
55802
74006
95314
73773
97549
80505
76117
37365
62371
20991
96785
81321
79969
60171
69529
13233
30316
12494
90577
24028
45075
71619
67842
8017
45590
27953
4157
74276
64177
30707
16783
26565
59657
84723
14205
9650
69425
62290
63613
49708
82809
83301
40976
71
73748
98874
92704
8058
86917
37784
60785
68855
51846
57316
66119
22549
83252
24896
9557
2664
79354
53582
51997
33522
72664
92722
3369
41555
67279
10517
36644
27452
77036
53510
90069
48226
62287
49690
61721
99885
57655
21461
66269
42096
87821
88961
58549
79987
2825
82843
99740
86476
87012
64941
69320
67276
6811
10805
20585
67861
83324
75237
37278
92265
87601
99972
26323
21726
87526
96178
8379
68238
61176
65384
37895
9451
28572
33662
11904
34960
31402
294
81286
62066
65572
4021
98213
42581
80454
49058
70129
53115
6764
97607
29215
1079
11578
36965
83391
40128
56396
16228
10809
83873
22651
74839
45475
46477
19049
2270
48124
47056
95817
37893
21576
59104
71086
24362
90473
63314
25486
28060
88246
11017
53074
15966
21946
56362
38557
59531
22604
21291
98550
82452
39655
26121
74164
96677
34661
44985
69638
63781
75069
48694
4444
33980
45013
30873
43157
7343
96230
33383
78341
69862
21323
47684
2243
18351
70917
32453
37165
40604
79247
86403
14104
40679
59416
20939
17400
82229
27458
10387
81159
55064
29590
18215
62902
495
41218
289
98830
57449
31441
22775
36929
57606
93317
1359
89682
79486
93619
47213
62782
30330
8058
80557
76485
8384
55714
88651
64665
42605
48301
30175
56962
11387
80413
81767
85643
63074
76066
92381
78285
90267
60446
34344
34101
36415
51415
42414
84084
7726
96279
47846
28260
34027
51556
38123
10834
36772
83127
63341
58573
99824
66587
57250
64073
67121
4964
55002
72271
61369
92682
17072
92965
36809
2720
74780
91509
48341
66357
55333
5373
94723
18375
74740
34195
26930
38398
65572
76563
60087
57196
69109
19110
91970
81119
58719
77680
6175
60609
11684
12439
46393
68109
22078
9163
24217
71053
59032
93782
12364
43700
28153
11361
25986
51253
6778
7488
12979
71870
34489
90875
41276
66997
37158
20314
43367
37358
32379
43853
17192
13478
93992
24661
5380
61823
43276
68626
3597
82968
88096
39306
36552
40679
42125
40851
92271
60118
84670
99453
22289
83000
77584
11167
53943
80934
47045
12572
39715
51995
5016
74642
14833
43464
66091
38175
28959
65204
14493
24496
39785
40052
58359
80519
24333
10371
68837
27336
80109
78238
17634
79648
48882
22847
42059
50835
27949
89459
72278
54400
17306
72218
80156
10483
82174
10587
7505
92360
11503
13922
85461
19927
64594
62295
44322
22560
47518
18747
34854
81715
44928
6401
46091
85468
98169
1191
29617
94218
33186
75600
35613
24443
38960
25952
69514
518
97425
91859
35294
13796
24598
99386
68376
10971
41035
86547
80165
62377
13441
70788
57330
51273
97901
51891
77020
52997
56458
49925
63011
8473
90521
22417
68701
95775
85929
53952
6599
48317
12593
52484
98741
43591
72761
92178
76267
81201
76569
60253
98340
86198
15193
44080
18223
76606
26328
17992
73435
50799
50089
51084
4647
70931
22807
80970
32379
70306
71113
34767
44021
42828
85632
65538
70140
75045
73213
33725
39025
38957
59903
28233
48771
7451
25035
49718
72993
43045
91268
22324
29098
47791
66842
83921
16192
11630
98463
40622
37531
91831
97172
42496
98362
38376
46306
18817
6197
8883
52484
87120
45838
69859
68834
96491
9669
12108
40089
95016
48842
30036
60598
45579
37614
67703
61313
91334
23058
69435
17014
29043
63073
90258
39726
13767
31578
19877
99196
70164
5541
84227
48852
41726
47046
53702
46918
62039
29903
11774
34728
97434
44752
87708
21201
60032
59338
8445
89858
32642
19906
16177
3551
47243
41809
33415
75451
11033
10775
15223
93106
71729
56975
63627
47951
42332
16990
73099
53070
46785
93797
22436
34428
12896
86455
78708
22810
88457
15364
15348
82337
983
28179
90594
8671
32428
6926
10026
82431
31561
71831
13009
96807
60938
31001
90046
91515
23037
74393
51909
49183
33917
3019
63537
12665
97071
1441
98158
70165
40920
64862
21200
92482
63545
14793
53123
72057
90472
10141
24048
38238
63692
45021
25544
88351
85812
78437
50736
53882
82037
67515
34474
71356
73759
29957
21084
56451
86714
63380
40638
79524
53058
74909
21925
32233
51964
93673
83208
4114
41748
80354
18283
39324
68661
51790
22608
85312
82532
39608
94838
73394
42905
29417
63819
61161
26714
53590
10934
25982
91958
9395
94362
16206
14811
57317
68104
37530
53525
39381
13796
16782
32804
55841
5585
32606
62520
77996
28732
37643
99916
27926
74210
84261
93244
83526
80543
62283
8388
19683
89780
62799
59606
57570
2484
14709
35224
65242
12267
18073
56312
67251
92011
6991
61388
73309
18645
23078
38090
54781
74881
63366
30881
91330
7178
88857
57011
35670
22552
9894
37199
16176
68203
26648
51151
48262
31488
45277
32299
22207
68260
87594
11511
25607
9715
1884
72992
14140
32779
73497
5246
30373
46354
12277
21623
95298
29024
28593
11505
81822
14667
85405
20657
36417
69517
66398
69780
36578
75892
95755
6088
78202
11910
78097
47785
3539
76590
44087
14132
56544
85287
96444
5833
98566
17796
37883
53186
85592
99994
29809
23562
55136
20715
63957
23996
77721
8944
30342
5881
23130
51778
18115
73317
81837
75525
67315
71967
34429
15953
2276
59035
68557
8062
40337
43134
5574
86315
50205
20885
23529
18283
80956
26643
19522
87373
12817
12069
93181
33031
99858
64243
88786
43006
90280
50645
95932
1941
42962
85359
33256
99311
74633
96843
92489
3938
33245
20562
75176
55227
58559
49638
33688
21351
50200
20895
18856
70629
95094
91840
46097
64934
27879
56917
82159
21790
40734
81228
45517
43338
60083
41069
93177
38237
99335
2902
31830
67113
89829
65976
32368
36039
27907
92680
71307
26819
38088
61282
25556
15623
77192
58945
83065
91713
64234
99796
60148
87348
6666
62749
43842
81240
37083
11275
3314
51471
39716
90706
51642
2022
21355
8612
45315
66467
43440
31598
5892
78033
83216
52337
75628
37350
59818
14044
9689
59373
89565
69187
19589
60692
22192
49566
48928
80596
44844
82976
22041
83672
31172
98865
95862
749
45333
29067
29316
44805
54120
92462
40872
96519
37556
51104
19411
74870
7072
30404
21428
8028
83302
14934
92647
15732
38227
58209
65419
95857
16299
29053
6066
19534
97066
22248
32561
658
49157
94592
72855
65855
73519
16090
96635
88152
96664
54690
95278
57069
21103
93167
82351
31172
85735
19074
86141
1094
88792
47003
11559
92899
18269
24184
13247
16834
13819
30987
70830
18793
545
81911
72833
40518
30698
24295
15136
23512
30367
32491
82559
96637
63898
24432
79150
27896
26854
89018
19211
96382
9090
46208
96887
43070
58212
19717
75686
267
94042
31758
1840
84743
64811
72773
10117
64109
23645
25801
11549
55611
2927
10320
28364
93722
55462
25306
4821
93676
14694
51
1142
75505
30838
31460
99649
29302
55142
63382
32074
6907
84268
67877
11548
46494
32457
16893
17927
37513
6411
67188
12884
26261
26379
97316
37273
51450
21015
25795
33959
69524
41386
88704
78592
39027
78423
82331
2087
77183
59909
61634
10192
76102
80724
78020
4982
62180
90078
34932
72299
2478
49880
90812
76362
64539
21591
48411
67624
33807
98224
49757
13257
49829
99672
60853
19215
53592
76906
31353
78285
14446
57895
35866
72442
25602
28887
93759
63810
28332
99693
90749
9974
29743
30569
21397
47586
84575
10616
4170
8927
69997
58870
85821
25375
46673
98867
1639
50214
9427
11794
81810
39897
37174
37422
72212
76942
72097
55544
30314
1027
44970
54108
50861
50122
39553
29538
74067
80226
62871
49456
98884
47617
17514
25132
7959
17069
27310
7646
67401
84234
68569
66068
17882
81581
88074
56928
14276
32464
68823
988
12344
32574
51795
60814
66007
79982
38520
44870
60233
9964
14934
12260
27806
62994
86136
310
20255
67991
13775
16415
26608
29118
65757
25332
32612
4463
43360
96096
18621
23650
89466
69255
14975
29719
15673
14503
70735
24195
76295
90362
14925
93733
14960
63096
68171
31639
8075
24986
393
25632
33640
88121
35631
56070
14517
11157
97286
4705
28044
1969
14835
93610
96412
25660
52433
70130
74770
11
39690
63599
14819
31681
85489
1329
34969
46448
43007
92819
48921
67737
98153
62701
51149
48784
47162
84390
16850
66203
32274
70919
52416
90105
17659
62187
4369
81567
49219
37010
32080
221
80155
3125
19264
90496
29163
5012
8742
14352
2255
87786
15668
88474
36403
49698
67730
66472
33350
55427
12715
65643
4830
34119
98961
71515
39912
89033
28334
24565
79017
35165
23849
68995
93878
40089
61553
15002
2829
39729
47913
41437
99503
63841
56496
56446
81562
51811
50060
33509
96294
92288
98514
65897
59164
91907
61268
34651
90190
19529
75975
37762
13175
69589
70096
7168
95280
30656
45579
40436
45292
77677
84760
42009
86033
83099
57635
20748
67508
39123
98573
8202
38543
81473
18076
94136
73473
65088
17020
87772
75138
91854
93552
46249
42593
24639
81785
54520
15293
23981
61346
30449
2684
4300
65254
5865
14955
45084
95486
35494
5299
23032
21515
6973
57428
38379
57244
11580
51137
17826
85693
5412
50007
28796
54364
1742
7291
40318
70233
33871
59696
96420
26217
24822
11793
96050
52455
90866
31825
50504
56920
41264
28108
5972
69561
5057
99402
98497
94599
97435
36976
55501
54923
86166
41090
23416
84384
65463
64793
89144
76674
29385
4029
47753
40629
2630
61119
97698
14767
30454
57110
93316
63875
46511
25748
88171
8683
7738
69028
39655
70257
57558
85922
20708
7930
61750
83734
91204
79472
7173
84431
48239
38666
84298
12184
70433
14554
66214
75258
48578
8178
16186
55150
10323
62356
36294
10621
73251
2645
11916
67158
46305
12686
90259
22155
85196
1375
37512
32232
34343
96255
38942
62224
73896
76644
94486
69558
44367
71947
42490
11606
64980
39589
62499
45902
10009
3167
93562
75164
63550
19276
52668
16469
90388
50897
22102
50654
54409
46156
51504
67051
7042
98114
81414
14514
69479
964
78065
94603
4727
95133
21413
29446
31229
95195
60947
19529
9850
87031
84239
97061
5250
42594
92972
48884
68707
99118
53666
61105
2559
38647
26642
43123
21915
74828
46560
22983
8623
55454
4351
63050
53534
79876
79083
38656
83392
64423
18576
10132
67323
97681
36616
35948
72273
63437
47489
96711
58770
61435
40732
31382
36657
60275
77906
33589
95796
70163
89425
74789
17190
79558
96964
10535
58727
81331
19761
2550
70851
79871
18460
88673
70335
86752
17257
94245
98095
21216
16799
31203
80197
59850
20008
41635
74725
11188
81812
65540
83764
30280
5277
23262
57678
78065
67365
98838
98902
85151
67931
73182
4840
85494
15325
82343
39594
95705
37687
53123
33762
11599
53802
35643
40001
62192
70280
6186
18365
46862
46204
277
36252
94690
99526
58183
59820
5649
18756
7692
77295
4059
84940
46186
55924
2561
51446
29464
86625
25776
53814
88956
51916
8846
26118
42212
3561
71808
16227
28608
8702
95957
11502
40154
95314
91667
84819
12980
35395
59004
15014
44925
83319
1468
97321
62543
20203
62226
91274
95432
38439
1561
30729
15842
91506
55954
59704
74449
29346
96975
34939
27449
23851
35838
19566
45354
28441
25264
34534
1625
88281
36613
38223
94748
72401
53142
82389
82721
50800
46559
45535
71371
14080
27911
18485
24971
68632
53101
60226
82423
96622
31153
57940
87017
77994
10972
61184
28183
5301
32204
63459
88682
61552
87872
58404
86269
58785
56029
20245
56788
59976
49019
28504
2998
18769
56815
58653
13577
26178
44725
86729
48905
82451
84025
55795
40452
78333
10882
11305
40949
24619
52380
46639
89051
92397
11617
10087
16501
28524
89604
99276
1500
17336
28921
21112
2205
42748
84068
67270
83697
84179
74076
64690
44859
29780
35964
34556
14334
50953
27462
90059
55832
36798
79924
69166
4639
5972
96829
15677
8055
14485
93568
88063
53229
85953
79695
67237
36018
39367
21339
1395
8503
59792
1816
36895
82978
97526
61518
69522
89227
6322
98875
46123
23861
65746
95176
94019
54252
86249
10854
95531
94295
75200
28868
80913
47994
5546
29489
44994
2060
27990
63432
65577
19375
73533
26685
71957
6065
70939
9026
61529
54462
91931
71190
51405
25888
42795
50187
77202
89460
49327
46162
61299
15274
52081
38725
22375
59097
80854
4625
2035
95836
92491
30942
22059
47981
59710
68317
74169
8061
17481
34797
1622
44269
938
79305
28758
35372
56174
92977
88353
7469
26443
67444
28699
93955
48717
78519
39972
29148
98824
56229
65851
48184
88236
60946
20766
65189
92055
86733
3821
37081
39460
56930
40013
70026
49697
92778
96680
54925
30814
67344
74865
97129
69569
13472
95301
25111
68407
9197
90509
59705
32773
2527
3616
87252
24508
20248
18566
31595
971
31266
13335
67577
2990
14647
94241
66571
64133
17420
96105
33847
40063
2362
82440
14653
13877
35786
55991
8025
59315
96029
98246
93410
46417
48789
36901
56163
10144
33956
85606
92051
71391
56975
77497
1682
14669
94
50935
67330
82169
59906
14043
43071
11254
55428
35498
63549
30090
6598
83443
28350
70693
1688
70162
90220
66639
92122
58766
69689
40026
3913
97154
14512
30359
6984
8697
25207
92804
73643
68402
60804
34179
99107
44035
94617
34246
83361
92250
82237
84646
47177
28031
63641
27410
35637
4981
94251
68709
85666
56671
26602
73712
58811
83583
7480
35351
76769
97082
92829
82584
73683
23767
92229
53957
53120
39686
53048
29235
32454
8701
86833
55147
10981
68286
7230
68381
81478
64820
62003
35893
85762
83036
13867
46118
26864
80321
98109
50434
11662
52063
64151
69579
57066
11881
97529
51364
20334
39590
11568
48353
54695
91766
59981
4574
67152
62547
32130
39787
80608
4115
79320
29636
45932
35401
79088
46430
74746
19595
56212
72221
69955
86990
7321
35299
66756
88781
96916
68324
32546
54537
21750
5717
77527
83338
72837
27138
58877
67524
55032
13822
59254
44821
76206
64949
75606
67882
63980
158
18157
38497
9745
61900
51925
37866
51640
94724
99316
83270
73610
76360
98446
71378
73437
73970
85323
27805
69452
85597
92928
94516
93172
80476
97341
43486
28489
16494
92818
93987
22451
17513
65951
79785
26312
92467
96342
25238
89479
75888
14063
85753
10318
57494
26472
88356
79225
76572
34263
72402
22680
87505
71374
94182
84811
66728
38857
4596
40989
78929
61782
86136
67002
44931
1282
74404
67917
87574
71836
50136
12731
65101
76648
39786
27190
30448
3427
52645
74527
62936
11630
54797
81403
71171
21753
99104
20817
94183
27693
34840
17533
39715
8085
70318
14196
1169
47274
35000
93492
73688
41402
33171
80327
10558
77013
59932
46709
72795
5299
58263
71266
42824
34181
66899
72939
59478
34839
45829
90808
29532
3230
43665
61535
73480
82276
64615
43989
30998
71597
12905
20209
56574
34340
87691
54879
24296
81767
52339
23582
73947
60077
31744
47287
92915
52560
93319
16890
78128
53690
99993
38518
8043
1264
19328
32597
1668
35669
45576
23538
45366
4477
82458
16216
45676
25935
52452
86744
44429
77301
61620
36166
49491
28291
29123
1969
35194
27490
77006
56211
66520
82944
66303
51768
69398
83948
64500
86330
30078
45877
28510
60918
15758
92592
33917
53766
59149
9281
48965
10195
16497
5987
77473
37320
53803
86084
33093
3875
66736
39404
2952
23908
52740
48606
30630
22408
51301
22166
90160
40143
74225
57811
47118
76921
38101
23726
23731
42607
37588
25672
72475
31870
52400
67619
89476
6046
77592
95783
30853
20624
30061
13316
66639
78055
83762
94551
39551
7262
50833
25285
62557
23399
43140
88196
61525
18851
14630
81113
24880
94829
64247
49660
62989
57136
10085
7768
80641
57785
92862
90767
73000
38184
45903
13947
97318
75648
75095
8846
55615
21598
36109
90779
62511
88038
44362
19117
32104
84792
61909
46325
85702
97218
98698
64225
69104
14095
14661
88040
86765
48893
28561
1634
40895
77836
12392
53460
62177
80754
11429
16521
33465
91276
86958
37276
38906
57711
46999
18195
6234
7549
37237
59525
24522
35763
94657
57499
50327
19902
53700
12628
65979
84941
88677
54371
2113
67970
61036
13844
18612
37475
4786
78156
48418
6509
47719
91277
3058
7720
24896
5624
66431
23349
39515
96365
91120
67523
55984
5326
8886
62273
48630
96867
2465
99054
74670
44438
28415
76493
55696
45054
39090
47253
60241
22681
76077
53988
61806
40273
35403
62739
33719
38050
66540
36132
34555
93906
32268
36952
22123
85982
92546
50397
58670
54838
60690
59204
41665
13055
16751
27985
15848
3223
80177
23180
7414
30421
93742
21
73237
23021
31865
10772
10962
81907
9140
72078
73704
51032
27058
54580
6567
21712
59310
71413
44672
80596
17537
4147
74257
71298
94692
12819
48104
66978
57667
63118
6837
35876
2042
74053
28176
71749
46191
85841
15524
70897
11019
31608
75287
96130
40758
28
48407
21606
29486
96173
83746
99390
8484
93855
47025
40867
26995
84790
131
24644
11166
1693
5730
78858
68356
84951
45332
38684
53730
15949
57505
83742
24326
46085
66651
63860
32108
23859
80430
67653
32343
12586
5414
26971
53549
55883
888
59014
10383
63294
68110
74144
76660
97470
15826
42667
55873
1199
17173
92759
96711
74379
29213
9856
33209
1177
50665
37299
81032
22815
14082
83889
9308
69870
67873
49837
13650
77052
40631
34735
98381
76848
34140
28379
99482
13461
60727
42507
7140
51281
47303
51577
49072
94384
30156
33401
35062
63033
20245
99171
67901
62946
57319
16014
77170
3231
86598
48152
59429
11190
97347
67234
50848
43854
86114
47768
20676
20230
78023
13519
49729
86082
69597
63430
79154
72735
44194
37967
50100
3816
64627
99399
89569
43425
94607
96001
94988
87681
50218
55969
88731
95709
28401
84835
46268
76478
16596
10972
71046
72213
38101
69177
3565
77829
36204
62948
52065
2078
90548
96933
15524
64650
87190
82692
12486
10144
56431
80684
96671
82966
78049
94923
3720
35188
16883
44279
67798
90948
24294
203
87668
57573
72437
75662
26716
15646
87303
5716
7889
8495
28853
35390
71548
36164
82322
30557
28001
38915
30812
9940
88894
47908
26526
30779
40416
95680
23071
66816
35713
88130
41707
37288
23618
39515
80219
27411
99328
3058
73379
78429
66998
85175
5369
59520
70383
23608
43965
12407
91911
55885
97033
8030
83869
42062
39190
21685
37751
96837
37256
3875
48210
44318
67256
17975
43683
34651
48220
24170
9551
68451
57364
71648
11204
63994
84052
57518
73298
29580
45769
38517
90090
76611
19626
17100
30161
29497
78269
18204
9984
98407
33634
53988
17660
1211
21696
765
98829
86600
98058
34776
95837
97624
56718
77156
88238
85084
22554
71755
19704
23204
20235
18300
97183
29513
46323
43043
78349
22728
85350
91540
60529
2794
76513
74696
80627
2590
78200
22910
70290
72872
61179
22178
89341
40914
61604
31563
79498
2432
63903
2237
6326
10562
45942
87727
48794
20003
35448
66216
12038
43231
87174
48131
48188
84689
92986
84081
37932
30185
47540
56477
74184
76157
84994
60842
16483
11607
93003
35449
72875
36524
5816
19655
50975
89708
79039
78547
57679
40629
52686
13565
44527
89410
65105
17706
41975
69473
97919
67972
86714
66114
36935
24287
52097
56204
46611
33654
48772
60810
24342
16883
15204
99490
87575
60685
48167
39621
47546
34636
88721
23778
11751
15752
2844
88438
55258
15151
15764
4094
38246
64198
80658
76525
51430
55911
58674
49624
66914
80936
94547
72527
21050
72348
53450
81766
3602
78163
80419
13874
53434
73917
50870
58639
37273
20011
20834
4605
57590
24886
29641
80492
18498
34265
13031
99788
63269
38137
82351
88519
97635
67334
25412
22634
14699
50169
39153
11262
18236
9981
35847
31765
86580
32010
9489
97888
71575
26380
23380
47902
63064
91746
83784
33262
98471
12099
