20989
75715
80850
13002
83296
79231
70232
59212
63281
47745
63191
25204
62927
83990
26596
10949
63859
95274
45357
51439
33336
85540
63796
8220
30503
81772
14219
51235
6653
8013
94377
39834
95068
80342
27015
11081
25995
47930
82426
14522
40202
97783
16589
25196
65655
63636
91034
51718
63542
12771
39652
39720
45409
65606
52084
65822
33515
8238
85647
8846
2258
14974
52464
80336
58625
81614
83911
89021
92287
3627
87565
6816
50168
2076
52771
14698
74469
31840
22439
95970
11258
59635
62385
56057
78636
19919
6768
17210
80510
78351
19900
81632
24167
66735
74872
87971
65985
11247
98534
39818
71376
71959
3558
60228
10860
20244
53805
97074
47821
67231
58622
33083
86323
32927
68679
8387
64656
87013
82843
98678
29042
67350
46311
59135
54640
12262
76531
92757
54031
79198
12856
38324
28466
81536
79544
90569
62493
49634
80382
80775
91076
26070
41075
90680
91797
58570
93882
45549
9886
22699
19497
83030
53884
33700
19140
65549
11137
14629
51351
79468
82753
3775
97776
27455
21657
59499
85783
27540
12349
39434
64972
39055
78653
20103
90075
43642
90899
53209
3069
46522
19915
89061
37518
97180
32367
60992
18695
71022
6414
79985
5112
99083
77513
40693
82884
13230
80282
47517
57496
14120
23745
81329
34665
28428
11116
97496
23593
59687
65121
74159
31174
58605
36108
31031
33887
46350
12352
76204
71300
21928
61644
78735
50249
18518
12987
89381
47750
28710
42471
78168
55854
56425
71100
92731
34474
78787
45253
74315
7122
59778
1269
19409
84487
2443
38835
57221
41168
3023
86403
86188
6031
58973
48973
19009
57182
23410
96941
71186
12812
2987
1334
90017
31982
36283
26851
70891
47619
9559
75452
67206
80009
29551
83841
48419
83734
95160
28342
22802
85972
31428
30347
54053
95707
32274
85223
10477
98348
42818
13905
30113
91784
35553
46842
35773
91755
70498
47178
77958
16265
31982
69829
43915
47299
60050
14458
36616
82981
40343
4936
14756
57503
15151
82637
40923
71134
11819
7853
16918
14182
41450
17755
40053
25423
59371
79847
10894
12665
20259
69444
45967
26542
46602
74005
7712
62546
26896
73107
50692
30121
85197
94109
10238
29893
69334
53501
44209
50410
89228
179
79007
59233
19342
544
85491
25877
56494
90993
9882
14317
10753
46822
94539
77670
26896
57054
16008
12621
29580
88193
72060
56022
95487
72874
49892
60028
33981
93134
81131
76085
44088
47917
44110
99152
28115
28468
81406
55214
80622
44461
53955
44507
2817
74500
52157
11591
45284
86742
36646
7941
69195
13816
12180
68768
13999
71841
37114
20917
77638
40629
48622
67377
1589
97807
51813
40647
11036
68555
50299
79950
66799
92013
60879
69877
23845
71313
57450
65060
3498
48816
49088
7409
20879
68683
6863
45755
2209
27576
83077
61510
90999
93574
52382
45651
52837
29326
37162
61371
94253
33432
69229
41513
46165
26471
55360
49457
34387
2018
14998
14961
74533
13824
87033
68898
26462
13071
67858
78042
67355
47169
63239
52994
43699
47700
57598
25903
2956
61181
29888
89120
32651
35056
28697
39186
64195
98190
68764
12771
21295
54987
12899
24065
28826
29754
25940
47022
59
22008
98944
14451
72703
23090
35973
94238
83871
20724
25171
16089
94448
21840
67563
48264
59704
70982
8706
59807
73182
5558
81286
53534
24667
95135
94872
36618
55661
27603
93751
67400
70219
12857
51069
25209
31346
72830
19843
1837
95229
78938
38784
62341
13043
71195
53806
55497
41019
3248
64781
19938
9962
13907
4385
78870
93245
4979
77751
37886
54338
89245
93797
84677
65840
69127
60239
14399
34136
16250
38661
95779
84339
68121
66538
5799
32346
69906
17839
48215
13621
71679
18590
23985
45995
97497
52851
88576
89944
99035
41764
63538
51389
42702
1858
31512
93361
2326
24439
17370
28436
59480
52239
2421
58116
27078
11540
83443
6377
16233
80721
80453
81772
46986
40280
98302
59173
46397
42655
95439
74896
30122
80676
40282
56737
36057
91762
31190
53935
59097
59548
32479
81964
32878
42342
246
13269
89141
66243
73244
39268
30548
10360
18759
29347
36515
49887
43134
45275
59953
76552
42903
56874
16181
41051
58091
44019
91602
82297
57810
51887
997
67232
86848
26370
70126
33388
68475
17865
68185
6682
85208
64495
40040
97672
52785
23326
48031
46937
76902
45490
56107
24660
10957
53033
91696
57868
28407
69847
18509
83739
56320
46934
62254
59815
36466
91579
90446
17414
80343
4836
32615
52094
62137
70445
80280
72453
24057
50209
2385
8167
14664
19246
85534
41830
53956
86225
99758
10076
17330
51825
56671
80155
75541
42952
12871
99030
33001
99739
71009
32025
11807
4778
60083
19154
42645
35523
76856
40403
53104
27185
57038
27919
38937
33106
43390
61762
79505
23335
88612
21550
68562
34564
80954
76735
81156
6055
85253
60912
75897
66277
24347
40711
64102
27168
18544
39707
84830
24053
62108
41622
3020
62577
94826
30421
55628
40260
34943
95212
53607
238
34373
2118
52266
98101
18388
86667
63458
70169
18748
41626
65782
46110
65969
51701
85376
62633
9811
91356
68553
95494
90168
83090
86656
91046
88985
39196
40439
12550
7990
74120
34299
38730
66342
97514
67214
37960
74816
11969
74114
53665
22431
13336
4787
36011
17781
2696
53346
35529
19311
6010
58378
21628
50625
72491
81313
90770
35310
67433
72269
81341
4565
63354
66144
31839
20379
63035
38033
69377
10962
49414
41336
14435
53923
49933
22086
5773
21853
38850
28095
41092
83065
23993
61461
33401
16969
97093
68834
93627
75037
51007
89793
94445
44850
2022
30250
24882
27576
82624
65736
88708
7838
24990
83257
14148
63612
86461
57026
16363
20796
85577
29419
51135
91685
64476
13406
61282
73542
32900
99544
10052
3100
579
49513
49177
66848
32528
62702
93830
63696
24218
36872
75348
99800
84269
95928
41062
9629
99341
69370
70631
81190
65535
667
57149
46183
52168
8121
70683
64683
33452
32533
95954
83453
32824
12631
27014
94483
37180
73791
54015
50264
42416
73379
81654
13300
62263
41418
5552
85403
54881
76323
32775
87407
95978
99011
25347
32562
64096
22937
23591
85900
69026
48848
17960
33429
49667
44097
2489
30655
49966
35665
2625
18307
68356
39182
99854
75175
76480
45122
45123
68905
25756
45586
45773
41995
44748
4917
29363
82811
63464
71380
53515
97245
23464
73723
95306
96919
31240
58713
2739
46009
41290
74553
69521
72807
77722
69245
31424
90148
15821
40340
4037
84476
10371
18969
3101
20110
17579
90760
23827
87381
39141
83900
64748
15186
94243
24554
89116
21176
31561
83188
43195
56179
26932
60331
56562
17909
15159
26436
18991
55167
69024
40309
67705
17160
87481
71917
49245
14157
4042
59565
97478
45013
15867
67207
97771
6560
84759
15089
33731
7980
80397
92294
97556
31235
35504
35258
32424
19332
62206
42487
11520
30380
98014
75736
60995
77985
22754
23714
87311
16123
3852
91962
99857
29455
82669
6023
98863
28313
79721
36293
19202
95462
26198
99331
25665
8060
14595
76538
50520
9286
61652
55946
42968
90335
87276
72370
81191
85274
96132
16300
80856
57420
95479
30563
47542
60823
14016
96273
57722
5811
81947
60730
44765
70907
85224
37055
2983
85874
79055
26975
22405
61296
85405
36112
46104
19244
85292
81494
76618
78664
26400
39998
28220
51828
3342
5242
71259
44800
89047
35161
49298
2209
32274
21730
41720
28671
27976
38189
24298
26585
32569
10398
79699
42133
42428
65599
43335
37416
87427
64921
98287
1982
54941
82574
49311
95943
40021
63158
40644
12702
70839
60915
10937
95575
56275
85267
52824
89893
42874
28419
92685
67205
98661
86251
9734
33642
81142
63593
90919
86214
16534
205
58843
35185
73853
39663
77604
72729
61520
57896
17299
35047
34692
82131
21843
14378
45024
45665
44608
54754
68065
17075
33653
73578
53912
81400
96067
29795
95406
98564
2077
25946
72039
73065
50064
78805
64196
32180
48241
14463
32130
88646
63502
83149
89153
5837
85158
13420
11743
63071
61748
45449
482
65715
76295
57117
8980
50428
14477
21875
45096
59906
85133
79704
13244
57310
69556
67325
78615
52402
42280
34188
38833
85924
15672
95045
62418
89749
81524
6259
84370
57473
28825
3728
58560
7221
43268
96369
73598
29480
19368
44431
12970
792
98907
39188
62039
16579
34923
87903
66777
31486
57869
14675
9632
47316
64438
76866
16060
93247
54210
90897
21183
15548
96018
40777
2080
22670
26035
56186
18427
63890
85657
20043
23285
39962
4907
45410
19710
57097
94551
97196
12495
21194
4870
67786
68851
34253
62986
57593
54946
85246
34900
48316
31528
48387
66787
59912
7557
86963
32439
46316
53581
16782
53635
54171
16848
3900
51232
20695
39635
55078
89406
88827
13661
48011
46517
53220
80014
69728
78490
26430
17321
34440
2926
14151
85011
98539
14768
35394
2644
57750
72371
10299
89562
18735
85930
8690
53212
7826
73407
22725
46780
49613
96963
26238
22918
61333
60767
80246
87317
64355
69930
10980
10133
72783
14099
61575
76739
65223
70078
40139
35952
13004
66732
2843
82148
29257
5426
43748
18368
97200
8684
66242
27548
46675
77098
46314
49390
55932
97736
21650
1292
76074
90748
68864
38985
8648
83113
53550
30075
26028
43888
18871
24126
99177
88806
13857
21329
88369
63520
54663
10525
24266
9034
50433
53846
1195
29048
91922
37499
90388
95188
27022
46583
98184
7222
3782
38058
78632
946
91825
20865
62316
22410
91929
85281
64480
69188
50144
9860
51066
91223
58893
65978
54292
69503
37622
6448
79434
3152
17099
37646
92369
86343
62717
17434
64689
1403
78665
39931
67265
71250
33413
26584
97470
48209
35334
64158
15335
62060
61867
16672
42712
44123
14538
42937
6849
57133
4949
69037
17667
60150
68329
74125
63654
14788
71283
35545
16666
26256
36926
30912
32680
52815
38397
76836
55187
54568
46225
78232
92529
9600
75736
68971
28128
15729
36084
65566
26791
33241
45459
3313
73738
45006
42239
53948
2825
29136
55684
28217
53238
79959
53497
62623
29105
64395
19821
96072
30625
72723
13488
22836
56081
35045
9435
39303
72677
44668
76252
7758
72024
30983
78658
62079
93172
30301
66562
71006
78636
48303
64740
56028
94521
46870
10317
25
57327
84940
21129
80362
14300
4726
59284
97238
20637
31998
88998
250
15164
37440
21465
69805
98281
8026
55768
67037
37332
39558
92102
69400
39301
22884
90791
50119
92696
41296
3503
40181
42808
63348
15813
2861
47063
5654
85780
87841
83207
2513
83918
75975
98136
23393
37053
63998
95278
87224
29160
39022
56958
54606
91614
53037
85030
52693
64802
97118
91526
1578
5779
52980
74463
72679
83670
49557
76902
82390
7234
23289
68740
20352
94248
63282
46477
70532
42429
72997
36219
56035
30950
47670
76807
73943
511
52514
31204
33092
98280
97190
83064
5223
62476
25309
72983
10379
74671
85606
63166
79738
58355
21284
35336
63152
69895
31294
66928
19084
19661
2663
76804
4896
81190
7865
62147
16775
19197
21914
14675
22902
40876
55265
29153
32459
59151
41650
34294
90114
51331
35588
66258
88775
16954
72707
46343
84229
18399
72401
12245
75901
84704
7656
85821
24338
59933
48443
10821
30881
51563
43834
8935
8399
97380
47284
29174
99898
20879
39191
55374
14225
67752
92467
84758
24287
88396
17468
51157
22467
61252
50062
37358
59323
42987
78795
59834
88223
84989
29568
10817
48042
43486
64326
82420
56178
66052
34084
21769
60857
52354
79249
15092
54140
27153
76951
45311
22569
37053
24947
34790
15373
9514
32473
49
55819
56706
83061
49327
99497
42876
95884
39755
4932
88297
17825
98382
78468
32574
15699
98225
28619
9657
9539
90236
78694
8787
54484
5344
26534
46849
66155
8846
35752
38918
37558
19026
41552
96472
1833
89071
3829
41805
11043
15416
80757
30370
49295
8841
20009
99815
53446
80640
26100
92715
79250
42906
39477
7936
6414
26798
7548
45163
4969
71264
15192
20746
14761
63940
35854
22914
89068
87120
31175
79492
82729
84412
4129
57691
62837
20920
24677
80756
46882
66474
80472
7786
43074
73922
4075
45294
26089
93500
25517
70288
84848
23826
38337
81132
21814
99035
15850
18035
42177
3556
90754
71381
30690
65674
52778
21480
61847
11985
90972
3320
11241
1411
27836
46859
99798
424
97293
54831
14409
36031
23808
7907
32741
23831
44103
85311
20065
93324
50407
28288
92845
87873
43020
10036
98098
46550
77238
28446
3064
62438
5361
47559
95297
69536
75427
20738
72690
15840
6623
8345
36786
81994
97014
81817
40235
80962
28493
99351
17614
37226
24169
77533
45139
53273
74087
81173
71326
82772
50056
12913
58524
39212
99082
96629
81453
60885
43058
45506
6204
72158
44740
18495
30505
95537
93557
15558
14727
33608
39896
93192
78177
87370
17397
6174
84504
46081
49048
63693
93992
5753
38981
77813
38568
47864
50089
49046
93552
7252
96683
27968
55413
79157
94498
62165
38896
46057
7488
17469
89597
55901
39500
90342
12350
3391
75885
80182
81215
33837
65858
88239
5781
44441
71087
35677
26528
49820
57522
66751
68688
46323
92020
91887
89891
93243
25403
33264
28620
29669
21467
32883
37104
62453
57964
38758
85545
49373
16567
93594
99309
39441
6347
41391
40937
40039
88172
32958
5287
68365
10379
64322
73199
68518
44880
84964
43146
55938
45428
95714
66465
19865
6251
72572
25828
23684
31678
30266
39143
81625
94263
40893
67270
10337
36853
15809
4361
95415
27680
57995
13762
88703
14230
50357
64435
43104
78852
92019
23661
71040
73360
35073
66676
23770
87699
73739
62590
80734
33380
73880
97498
21222
69519
15572
21485
15505
22341
87769
3607
46302
76653
50553
26068
32294
44856
28235
76575
94325
30514
14447
57041
98727
42709
63168
43079
98396
21239
53621
95265
54615
4387
84947
53575
80185
1125
29523
58630
79380
75679
40651
78616
83535
34873
42172
29794
27157
58037
49048
8823
89498
68480
21294
55161
41164
82757
64755
17279
5201
97372
30222
67379
71299
93759
62783
40434
52293
10780
7661
30006
43584
263
66764
52753
51806
67367
99976
94255
83266
79089
23920
17534
60770
68082
66593
49130
39395
60101
68270
48001
61136
9348
50121
17237
97398
99067
13073
48640
61310
54201
87032
44801
49223
36992
96879
46980
28384
18939
19536
1376
29312
95727
70248
57882
38850
83530
12927
53031
65504
97337
25893
49199
42442
15413
36251
28845
8131
81405
78875
62227
22905
95199
42085
13418
43231
37295
59048
887
45640
96058
17417
17497
58338
16213
84626
35118
2157
59374
84762
85813
93367
21412
30285
65807
17653
28627
59096
92767
16832
67527
50995
24240
11145
57266
12555
17974
27290
40504
81483
54956
62731
49127
91014
80637
158
14469
35236
1598
7127
6721
82727
60440
79131
3595
46296
32579
35236
55968
73139
37006
36735
40702
83180
53532
91523
58006
75740
71912
61613
60927
93900
23337
95548
20230
63612
59504
49798
4003
11729
30702
50293
65928
40249
33075
71234
80051
57340
94353
5836
61250
33345
543
2421
454
39513
25721
93146
39311
37740
92325
76716
44679
50911
29744
95824
5724
43903
93367
26511
35285
10925
22050
42330
70533
59365
15754
62847
29437
79564
11291
39168
44604
40405
25941
76374
47490
28401
5421
76386
64034
34513
57616
25579
70806
74009
99271
39449
39020
70722
40149
3277
70973
32844
28894
66715
14014
39839
16386
92101
67600
7036
3527
77397
62131
98725
96501
96950
37527
3333
6138
76176
22866
4701
14350
92862
22158
33836
44144
13006
794
25082
38095
85108
960
43362
55174
81163
99543
34618
62367
66505
79151
73792
920
46686
31305
70466
57890
44169
23817
32010
56166
8055
60548
35813
18498
95449
65971
14574
60113
44097
51274
74587
55529
88664
51618
30851
89214
23807
59858
69675
80452
18784
49789
16076
99505
39824
7364
25987
673
97859
54108
50485
39315
97036
61338
16764
58577
87216
6091
69554
96653
78950
6305
68793
76198
23501
69447
80388
39786
25673
92853
51814
13077
54204
55647
64021
53880
69853
61800
24922
96501
80920
23604
85656
74343
38402
68282
98359
80478
91607
26649
42636
88744
20177
68194
36135
17995
23687
47986
58296
76110
11552
3747
77342
39992
12978
33241
37294
27216
60
50071
73532
40483
60348
80468
60905
5700
46733
81864
90954
94190
71137
41984
97168
64357
46391
337
60729
40091
28217
61833
30611
37518
92693
8257
63304
85390
54966
90094
1002
79101
14142
97783
49181
50991
33378
89217
88315
96496
85922
74214
22888
65861
90116
52485
45299
58794
41035
9458
99109
67099
1113
29454
91881
63406
95070
62481
41208
15901
79580
79620
43807
41826
30041
27019
50128
10236
5984
44767
44034
78
23892
15418
83270
73509
81586
75851
50279
10394
35778
51498
73053
97870
61945
46630
11534
7314
65007
35545
28033
89481
82456
69501
99937
1797
52065
97367
28810
23918
5544
29906
30227
35713
82776
66311
43767
33621
23840
84280
27234
42969
81359
94172
53301
2393
6991
52468
23287
26015
10363
92604
76088
76917
63677
70558
40578
36681
19497
90880
50430
74474
2224
86941
85568
57359
46497
81489
99345
40439
6690
80590
55287
78667
16647
57900
37603
68735
8109
45918
66710
48951
66262
38847
45424
38022
9249
75466
62007
74034
38789
44425
18689
78932
99114
69254
575
93819
14756
49885
67878
57904
87180
84050
730
92275
45021
44223
34105
19845
4136
85798
53601
22687
49205
53733
11711
33952
85751
12679
26741
89316
66954
75030
59527
69295
12843
90671
14179
67529
81716
58126
45194
77123
86002
85960
35199
41239
80037
24344
90027
64046
33524
77809
4747
37596
19371
22706
9239
77861
79314
71831
32239
41731
43947
85324
90243
97663
90247
32732
47840
46365
10149
7816
84402
8244
77128
49524
66779
71706
61940
49755
9326
68223
75845
39394
9608
78608
45772
24554
74796
23580
96839
29887
83577
98515
90716
31150
28395
61993
1042
6387
55498
28794
30284
59376
63346
70568
12482
95833
98816
18528
28989
8524
82934
44571
5615
39007
58284
41856
30541
32594
15987
7079
91403
32419
44615
31640
25426
34688
69712
56593
44544
18743
11061
11110
1404
26025
45534
18947
9012
17789
99780
46701
74101
32592
38807
94631
51206
45930
96395
24433
3362
89741
7456
44202
55568
8327
60429
37558
10752
6918
22153
12442
5348
59659
75253
86116
81801
47159
41769
50184
89041
61890
19066
86757
74543
21802
6436
17831
66078
87208
15770
81925
40445
11871
13447
97546
35115
72398
89056
92881
53947
70309
10856
74825
35636
95284
38367
42136
59592
9982
85384
13020
97487
72556
66678
60653
90591
17054
35762
42718
39690
98781
39115
73538
55540
16012
23803
81355
59728
63197
88146
84045
68790
88960
86402
90913
19139
30485
73190
26182
42829
50531
57231
14466
23296
89857
65900
70791
35354
53713
43125
90000
71680
32781
71316
58634
80891
44121
98065
4752
65171
66904
47417
58446
26790
80731
73162
49127
67396
80116
78301
74738
12362
37545
24273
29727
30458
38691
6320
12248
82739
20742
49984
40034
178
9979
61064
17347
18341
95337
88412
2045
79591
76483
6824
31320
84734
38714
2709
13982
90125
38099
35323
57760
48469
68436
9699
75766
9583
73271
6326
28004
59167
45377
28552
52248
93398
79340
47355
51535
35110
51937
5298
32183
15778
73281
53235
95855
68786
51042
70967
27179
36240
77367
38289
8532
36578
15400
45816
72108
75540
31297
72179
58447
46385
83526
40192
3477
64542
4484
49025
11700
25939
97411
63812
87298
98615
89240
37422
58232
18583
46390
15011
87826
58050
11140
36980
64850
48644
30794
74821
12453
30941
25189
31962
99293
46013
88538
66270
92702
48095
73607
4559
55188
87199
81077
18025
32033
63897
93418
69549
75893
20576
86875
60782
790
27863
17758
1433
63359
52687
57373
12222
60004
12158
59366
86239
84595
6136
32864
13523
19414
83085
54553
40472
46709
8319
38330
63475
70201
39518
95612
34981
35211
52321
72179
59628
2299
63299
30632
2290
12509
79736
77669
12854
20909
50251
68234
66294
179
95157
26332
62838
40962
90428
22397
55375
88250
24230
24727
11287
27757
1784
35921
4936
99679
81423
56484
79408
37318
3130
69736
94101
2321
90002
17287
46723
70341
14424
82099
41779
98274
3113
87315
39705
40005
40896
32184
98026
25895
36072
73006
59368
42978
44924
27887
172
66675
26366
92977
82543
81467
42768
9280
32693
74527
58098
9350
95670
60464
54040
10022
66762
31877
88359
92264
50097
36356
2701
31470
81180
53343
41978
14885
71707
7547
60318
20280
67748
41932
88352
91167
91325
14717
20281
3284
9958
13163
59371
23558
41638
13745
72225
54374
29904
6654
55492
47327
83313
72450
59574
50723
52953
59624
87055
56608
40292
67677
45266
94225
43524
6223
95980
52721
11245
5040
45704
59914
24604
13786
9873
9227
8453
30860
83557
56793
24792
46931
9459
52796
63886
99812
26705
49882
38582
37029
56156
4801
407
37771
21484
31806
58561
17982
51731
36459
19572
94777
13587
61124
86668
73134
23801
53882
82632
294
50522
59489
36982
19462
73608
40580
57884
781
55408
10072
39685
86074
2196
78798
46791
94250
99488
18114
69613
57215
76843
99985
48422
31548
56940
31079
23400
69996
22678
19350
67586
73475
89586
81603
24158
67517
36760
88154
57199
43938
48233
32417
52988
29739
84555
87722
56008
98270
85410
65731
13406
38036
25288
41543
65782
16348
6441
97047
20806
21241
96605
46243
98600
25254
86850
10914
60164
2746
27734
54594
1882
80455
17518
96473
81134
24732
43030
16058
54960
13066
86534
87107
17702
13443
43292
96498
83737
96190
52668
68248
48313
96343
68193
52294
29582
43444
3454
61540
2972
92899
71734
60385
35186
68478
85204
93060
46607
32977
81864
68320
50321
70322
39135
25863
88987
65070
83518
37813
50178
59461
48186
88941
70037
50476
39382
64482
44103
58416
55962
77803
30299
38138
21357
72953
23690
5742
24207
2245
79507
53645
22038
91394
352
61979
20579
34098
87760
1531
64767
96565
96647
8534
98199
9468
55534
56346
44721
77723
19976
32575
33674
5980
82803
61445
38638
85040
62967
61273
63059
92897
75726
37430
47283
6916
65872
81065
49124
8618
15034
9037
68117
2805
40730
82260
19975
84359
77145
85415
32805
67477
72837
22596
27394
28571
87514
53031
782
33386
17517
60612
44692
34684
96277
55696
85651
35784
5494
6207
18935
75057
37387
77895
29524
81049
9999
92196
96510
68274
55880
53269
57959
8789
82193
85188
62422
1036
41667
30723
22336
8361
7871
21074
13894
66234
51482
39293
17515
50964
28006
16929
39152
94444
86744
12111
70734
96933
34971
41417
27888
6307
95793
83562
16426
16542
31073
57506
22873
14578
27714
3423
70233
5811
35746
76999
80925
43038
48339
86722
19118
87819
78323
19924
24515
52255
51542
49448
39258
11325
83730
40712
44176
56700
66887
66921
56323
44980
80969
46499
33057
79634
68619
48638
9740
53484
21770
16680
59085
86798
66131
76547
32561
35570
95058
24348
57348
22733
26264
66485
23113
18310
12744
54533
85204
40643
23678
73013
84932
70076
38364
23723
46528
4592
69043
13219
26925
75894
46666
29401
45737
36524
48046
14564
54983
31563
48822
40668
66503
28284
64946
59548
90993
5091
77584
48099
5390
59065
74186
92180
84356
85881
27631
51101
23020
7792
42092
58996
67569
72151
25143
98749
81063
66492
90232
36169
37829
24092
39573
99609
79552
8718
82360
41440
5318
64953
59839
13318
30996
49093
86463
61033
20724
98191
20918
41085
51415
93942
74796
66196
99755
63026
63109
84025
44601
53124
8486
94422
3422
87080
23745
76406
90051
20168
4446
34181
13531
32138
2984
75731
7832
13162
25426
17623
29067
64898
90756
98704
38582
12869
79142
30823
43855
83691
31239
2640
84244
79782
73450
83184
40806
1428
98542
82328
99940
60205
84665
26607
43108
49660
80800
85934
35983
16715
45462
95300
46458
86487
19662
83546
62493
99042
29006
36177
60786
96647
42002
16967
46540
35784
88858
49721
84306
90115
66962
67170
58774
20739
4188
27970
42102
97395
43931
88250
76750
93165
47934
5875
47863
88497
14216
33502
78624
95313
37368
54806
54824
1257
55610
69346
41333
73452
1801
75094
71349
87257
10911
17945
94446
85356
85178
866
74340
83921
46157
90235
13895
53908
57984
32552
66741
8852
30853
61281
17683
71894
31993
53530
38468
94293
24018
7075
40419
75734
94411
7532
83011
75386
28713
68545
9921
5389
40745
42995
27458
96764
67049
45910
21711
48995
86351
95815
20233
9860
35066
94438
73098
80500
89635
14433
59034
45327
31151
71921
43242
96332
38388
16413
47473
73035
76933
76668
2273
18538
19740
82841
39109
20151
63395
3343
1849
54880
8608
8947
97094
40358
55962
55473
14425
87376
68716
77167
87294
92316
22117
28654
13086
63216
29048
84782
58898
28911
82247
38769
31395
13511
71880
18520
54240
58342
51601
553
28859
12813
78469
26642
21281
44541
59771
36392
21331
74190
84167
9800
53381
79071
59463
27294
23699
1831
4236
49508
10171
9770
53859
59682
80187
69927
75007
25268
69736
77422
613
76713
13544
90543
94996
81351
61933
69997
67758
93196
10798
17810
29800
37456
59203
18588
3018
67910
33020
90869
53443
51041
57407
15008
15020
11219
93341
29775
64439
89745
40944
70898
23124
78834
24083
31146
95
63670
64286
53243
58506
5924
19484
21600
93795
83147
56363
96376
67713
66410
49103
3134
80976
14475
31027
52246
73463
74377
44093
58595
75394
25555
73677
23638
46481
3881
77810
74209
33692
90467
65353
6346
129
73073
95667
92891
54412
48157
98705
81398
3106
92077
19358
11685
12169
5604
78602
70447
21623
41576
14159
72807
73046
3006
49170
52447
59857
1777
21559
80506
82718
31506
79585
97406
48616
20634
44453
21032
68823
53674
62249
48090
69118
36915
34015
66607
31617
67346
5208
23216
63201
49683
30567
54879
8230
25494
48979
77679
12200
11951
49976
47255
38713
43943
32826
15772
8818
14689
33511
50667
93113
74807
56104
33032
82540
24034
49124
67872
941
98456
29202
87739
18569
40367
35800
36526
11718
50944
10949
20557
84553
11719
96039
6749
67490
14375
19081
47462
30741
19434
37613
24776
93509
17606
82530
73765
43390
47835
42018
59772
43167
14489
33611
48502
21923
69471
80248
87993
17931
98238
39835
66106
31401
1980
59545
19343
1867
4980
21922
51682
50242
44314
74507
88354
41615
72124
6218
33204
99337
53252
19021
56039
2861
49179
67544
69348
31874
58184
31609
69700
39783
27637
10633
859
10844
82738
24162
98867
97418
80179
58711
63892
97744
51028
63253
94558
48043
57534
23668
35129
39041
14081
6553
68292
42057
38049
59564
46666
82843
95117
73904
79282
23920
40778
79396
67125
85685
526
28790
63211
78578
66312
38527
69150
34993
51549
57534
71488
63693
10574
5301
38105
23545
50357
94490
65176
11945
26094
81083
85514
51777
61939
5202
91817
8025
89247
37696
73772
78761
54836
13033
53820
96823
8183
10187
14598
61722
15065
85084
60620
55913
84305
39552
71415
30245
42949
42788
53063
76704
57704
56314
38634
80137
9917
8593
77195
7574
68153
3503
41826
82828
58215
29550
45770
95565
29701
7633
45039
64830
49579
13026
28454
64884
88300
17001
40247
85851
89077
62378
34613
45795
74290
20348
86638
78503
45552
7426
14461
88315
34621
94088
90237
59281
88075
17947
59448
38056
53012
50821
44958
4754
92440
82851
18993
71361
71841
65541
43837
26381
71399
41090
9029
58404
61456
23798
79192
37390
81583
8249
46819
35484
29517
33436
87264
38605
8517
43650
97420
25661
7273
29497
34454
44362
24579
40501
81330
8163
66806
60167
30158
15344
84386
40063
64636
27289
18341
87451
2926
69748
97087
77066
33600
25101
56815
39809
27567
13428
36697
80089
15592
95486
63209
24260
22555
82329
95568
19722
16045
52209
57197
80036
47213
87063
41544
55316
96798
18420
11095
1599
92083
43306
97539
23432
79386
90115
96997
49707
74927
29529
26378
26930
35921
55553
73654
26839
49041
94452
70501
69591
67782
78524
90124
11215
28990
48183
5341
758
18159
88139
66761
77271
82252
77319
320
32329
23603
8753
32821
89260
47011
5937
96029
546
60714
37689
88949
81320
65404
30383
5923
68016
52993
21849
98965
96701
79909
73508
65286
54457
10579
90705
14815
72950
92379
47389
20186
52927
58224
2187
5345
82043
63887
67440
59637
62430
77529
18778
43723
75531
38913
69246
13009
63049
97377
40476
96910
77409
59335
56242
73287
59058
54925
43354
21949
7793
97030
52800
78292
20672
73236
36165
33263
521
24119
89833
67479
3480
83904
74200
24186
37010
93923
77844
33424
18422
12267
250
4697
84207
31879
89044
57987
85459
33378
61754
72615
35867
63409
93830
64018
50718
61029
70323
80738
8652
79200
26769
98662
98949
84452
87048
66568
26324
61831
96933
53383
68651
62467
95398
46844
71868
85066
97598
14622
54417
42294
69318
93761
86760
91198
9665
53049
17519
86917
40393
86653
29880
48141
78267
14567
86553
58729
87644
39832
20482
68271
79143
95799
29308
54796
40468
12890
67579
27250
72294
75741
33983
97709
93265
25327
83565
4595
93605
76365
87525
47513
20796
58726
55327
83234
44604
31357
29703
1458
14250
59533
61010
25185
38604
66983
47676
54572
62616
7254
79616
73029
19710
2724
94867
98570
52782
83989
65597
45267
87112
96433
68853
62533
25791
14560
28344
43268
3624
2445
7685
82597
5957
51373
57528
14849
84936
34265
96001
37253
52422
62230
87872
72422
61274
27350
94464
66259
48403
74552
66477
66563
65596
87146
1491
5388
18053
69326
34644
65077
89779
3675
38118
63396
16769
13178
88679
44177
52593
5329
19581
68028
62227
23229
92655
27546
19024
67000
49625
76426
78067
25402
82480
81477
70357
66235
97171
18164
8644
70390
21641
11740
63888
28458
60957
66900
27282
59290
44115
89111
65497
71188
58278
51157
13937
31759
30879
89540
46642
35181
39988
32531
5347
73504
79898
24447
83209
33321
17897
79839
31696
29499
37835
858
19220
18334
52896
4441
77548
48912
78289
76566
78804
3686
12174
72659
54358
11472
48646
57448
18676
43930
81795
66292
17877
73454
74432
54324
63594
96919
53192
77138
59547
83681
99501
27733
58162
54428
88833
69142
32132
9439
88948
76595
6903
82058
9578
31004
36341
2883
43096
6410
26668
87074
66875
77935
58079
88776
86070
52937
59212
17770
7078
94033
58010
71948
32163
1328
74399
51624
1045
74736
49996
14829
43920
75504
12182
90372
35534
59250
14754
53998
75112
36046
2636
78890
86577
5258
76787
5395
94926
30241
50212
79493
47285
38463
51266
73408
86530
56879
23919
28101
65296
57611
1050
57053
94234
81203
94501
27673
80910
69786
33681
39476
69546
15449
67720
75509
57335
97894
89991
65713
9054
76000
81350
22733
96907
4065
75942
93889
78269
15894
79510
28535
21126
75115
54817
54355
88358
60447
77911
70765
37534
55927
30326
52057
53587
79183
37110
17128
12962
87690
76718
2855
506
36298
25830
92165
57466
34523
93882
99507
55080
8330
63399
40900
843
18036
84949
70835
23718
51705
47137
86179
59186
17999
79206
59009
78870
38130
86600
54854
47622
47929
98268
48346
49589
67396
57239
28754
88887
75761
61394
78618
18424
54734
10551
97741
59987
99209
93034
91073
62864
31940
79415
60192
86878
62628
18452
45296
71048
59592
10034
47412
43766
65014
40358
90892
77507
65361
334
72984
71831
77927
57186
19898
7136
45159
24569
56600
146
94671
48245
36897
90680
9956
27980
8839
60117
57339
50996
5418
24732
42100
18249
24246
16168
64422
42014
21187
3545
23989
91807
2650
94220
1568
85022
2455
52053
65463
69922
30313
58651
8106
31816
22839
83409
51645
33621
26109
21389
27544
29753
21971
60486
12314
12545
53071
10095
83693
67514
98881
21450
66612
3549
8668
52843
93729
31291
32885
59818
96484
34758
29155
41572
4190
62777
4679
86031
86516
71525
61189
57560
8830
46618
60176
12731
31103
38030
92067
60862
17935
93997
52748
69547
75379
39421
41923
77256
66350
1068
14488
33108
66257
48280
38411
90880
81583
61211
83029
68743
11532
58897
32004
3691
7059
25576
98179
26862
7237
71235
95575
62251
92239
29547
88550
36399
25237
30994
14483
88886
91755
7205
92356
3686
40515
21549
22245
43970
34944
43714
67301
40844
25289
16109
69693
30939
30105
68696
40625
21876
52979
24085
84303
94408
8498
61416
28213
41962
82687
90449
4559
31499
38812
54266
1693
3764
80701
55417
97587
92767
69174
21794
25531
29267
59503
19437
17621
80506
47541
89887
18942
62208
45386
34968
7406
9674
86428
34712
23995
23473
27475
58670
83132
378
89700
44671
57416
30067
93091
57423
34332
4363
53621
1648
31067
78031
75427
25572
22959
50877
83594
66928
87470
11430
98704
86847
67193
79781
44401
79471
20318
76695
71767
14269
77021
81238
48296
75912
77799
66326
10841
74884
90946
57594
14049
68638
60521
14228
8520
71367
86576
94616
7230
81279
95622
46107
7880
50847
52051
82733
25428
15362
92481
5680
16718
94161
4566
33140
94572
12810
51295
12945
99844
71532
78281
22912
95389
20322
37641
18583
56034
45353
23740
70335
57395
79936
19400
563
3158
71339
13761
2006
12011
8548
96551
9649
8413
22239
96813
17609
48852
83543
39285
42393
64807
36698
56918
74545
80494
57134
13983
93355
53110
48959
12054
53285
61614
86695
99769
37216
92158
92856
73158
81780
69784
2409
98038
9198
65798
35130
74947
88103
323
32485
1867
12706
81030
68867
97293
15137
61432
66904
42672
89540
71655
98685
84802
52064
58931
53704
62398
67960
82213
14042
51943
94491
47328
85957
46321
97050
22447
50647
45951
23811
56094
84231
45126
86590
55333
79195
57009
65380
52319
67028
7198
60343
5849
85271
80709
49347
32549
64312
7769
31919
70062
12357
14599
80767
4774
36108
91388
77193
91260
13194
23683
58385
27465
91473
7787
81604
16457
83861
2694
29646
52807
76948
45198
73944
35152
86400
88163
83329
28586
25258
15376
73304
95454
68780
21995
68979
13040
46706
64570
43023
24751
83750
64403
52997
51208
99736
67452
52965
34613
81798
83633
30386
53107
11821
39844
7258
70161
7468
25727
69552
70052
40977
52869
12135
82231
24899
60502
83533
69280
82348
3473
27521
18414
57760
96916
82579
29822
61358
39071
43927
83085
74082
98998
67590
7912
92020
75397
9681
26911
23057
4542
12482
6008
97379
17533
96817
90495
56352
17389
16415
79195
716
88068
63507
56828
76652
34441
95311
43281
46217
9334
1486
50998
66812
35096
12412
84554
4636
27667
2545
18622
32001
27011
8428
72298
44084
46237
14985
5306
67957
13492
36542
22853
52552
70039
42968
86494
83613
44631
40012
8675
5467
10471
59644
12595
66601
45276
9513
45469
953
33108
79376
74003
94929
47251
21858
3805
49654
41352
4451
89290
64951
49454
13311
23842
30003
18958
6596
15062
54761
54146
81248
66073
64730
15508
22616
11208
41309
81605
31809
55844
9439
11050
58207
58529
18100
53361
2104
76534
75422
68929
71476
37205
98745
76543
10644
14517
78145
88749
50635
71882
29281
44077
47741
94039
70297
7523
95443
21753
42571
89336
92984
76516
2946
64571
20244
85804
5247
96994
89826
99322
20417
18126
11023
43454
7024
13740
46194
90115
5831
53816
9218
76702
11196
96284
72281
14880
11948
66582
18339
42379
8040
16664
10530
47457
65078
50857
98690
84728
4774
22729
65748
53610
52178
2065
16105
22505
91888
73049
37389
58960
72279
51
90493
2388
86444
79636
44806
633
35272
50803
30204
62753
92711
21866
46675
72863
41584
95610
21214
56746
74012
32171
54562
31917
59621
87248
70869
9563
12460
63785
27096
79648
11367
32674
22831
31346
97125
89049
7929
50534
97887
27805
52208
30687
30910
46673
97951
31426
61987
78832
2587
36069
22486
82443
3807
57061
88014
11566
69256
63191
11769
37792
83561
63510
95178
89897
34700
87707
80125
57134
49286
1931
45991
98392
67862
60810
9118
34194
11706
20909
91522
64657
90957
43757
74120
46446
17921
52920
85313
16399
66453
80897
10923
17412
43475
47703
67955
91660
46505
65108
95590
67704
19969
12684
51155
5223
88543
92517
87710
497
20439
60613
57091
51616
80649
24647
22917
80471
71034
59464
92243
34614
21328
18558
70261
76950
12969
62503
90393
75951
47033
42815
38036
9178
49790
77004
87575
1008
68353
55380
98928
46961
82956
30030
17978
48704
13186
96374
40290
51691
1984
82969
61974
7113
22606
4560
99564
23261
13633
7594
32301
37495
96336
68514
19068
97145
37681
14672
33095
18038
84304
85723
44713
28182
98059
63500
26937
59319
75661
15838
63282
87470
75493
59697
9088
73515
89666
25085
71716
890
84557
53380
61156
3078
96867
27552
65426
18584
55278
75452
61623
79005
51359
97823
36188
27941
4938
81058
5237
38152
56509
39523
63371
4675
92862
69202
33412
40448
22497
87753
32592
76212
96707
67640
13619
92897
60229
11550
8778
30780
94824
98644
26620
94697
2818
91811
34879
86946
70555
26230
22531
88662
31335
66666
47103
7983
48703
61121
76918
91276
44510
54518
98053
11532
39669
87339
95628
87724
23947
59007
70711
80008
44725
57019
50440
35678
20014
99851
66403
44304
71283
7306
74326
2695
38845
96406
6498
2773
90012
49826
22794
24371
10861
73066
65399
56553
71672
42817
79941
78316
11016
58791
90414
74913
25767
55895
75825
56256
47478
50780
88735
77939
21286
94627
47938
38782
52246
31307
32106
11609
53993
4313
7444
96345
91395
24616
44633
91437
41984
16446
85073
71587
77841
62106
98499
16138
40532
14698
84874
94323
20942
73016
81989
73201
97032
52164
53339
9887
60868
13101
59464
85184
8218
5961
92905
97602
53683
86581
85952
72764
7393
838
741
48214
52121
88157
98921
91336
14286
5560
16647
54299
33643
17830
56298
43243
10445
30771
91541
9838
12667
39393
45523
53326
67650
36119
70428
63666
87985
31763
96224
65691
73902
7868
76467
91466
42772
72883
31637
32095
18250
88871
1309
18780
95328
2631
3233
61255
76296
91954
4228
81903
46831
90570
62109
3174
1431
31559
55296
86125
48658
38632
66156
91565
48861
30085
93168
161
56151
62336
8762
50706
31516
58681
25598
59642
82402
90977
28831
77161
60943
42374
28221
44294
41973
61581
68411
95533
29100
67869
31051
10295
51946
89080
88345
83767
67361
65509
96017
7457
84309
63592
31470
55205
70872
99540
384
41369
29828
94487
79224
60628
78133
84403
65779
72279
68896
32844
513
28518
57524
61661
52241
14260
26700
79141
51419
55229
61773
47647
75689
67404
68738
7600
49570
44253
59282
36826
6709
43965
81467
25933
67999
81389
13325
28348
41498
22758
42597
46029
74530
19254
11044
18954
43748
41928
3244
98965
41413
90530
7447
4313
29132
14632
48723
87803
81709
47582
60382
399
29459
59850
31226
92487
76041
81272
29677
67910
40454
80855
78839
20851
55859
34752
13009
84137
44185
35703
71519
58443
4780
69803
27889
56245
86958
20727
38012
59758
12833
46283
53519
28921
67629
77636
71701
38250
71338
34487
53479
949
69419
81678
82667
74851
7431
73545
80653
84158
96805
53990
95608
33036
82147
48027
90576
60888
67523
45759
35151
30987
70515
38664
40219
5722
66807
72592
53761
14361
35861
15985
21136
49965
13789
55983
76084
69727
24211
12853
38669
75181
15291
71959
28363
6202
21951
15190
47784
94086
81280
51907
78499
66552
9366
84059
9428
68055
79206
83984
785
60024
75935
5224
27612
24114
1233
16414
6726
75117
93867
75687
44229
84473
15311
69039
51597
46491
83060
64674
68046
95170
47351
43046
53129
30136
76192
28677
32304
49780
44012
1001
82905
29356
41564
20032
30751
82823
79289
51295
79350
93521
76387
76067
30697
3816
2709
16018
49073
66771
31734
7904
45331
68210
91198
1038
56887
77328
15938
58477
99425
95541
11647
64479
66030
16568
63839
98462
60845
24594
30507
24407
51959
19021
79054
53358
48332
27196
47585
63333
3180
16228
60280
11703
13326
42872
72744
33502
20225
66178
91091
30292
56732
90141
90226
82871
2628
3072
99421
94374
86074
26453
68826
35144
3806
22567
66720
35660
54500
25561
43943
79914
26289
21812
20175
2024
43090
44281
79241
49113
99641
36308
9157
53889
63766
46833
52281
60243
11758
92233
25802
57499
14010
24948
93626
82775
35326
91170
65551
88544
68164
14917
8060
62407
83092
80678
89454
6746
40147
6136
28469
77093
77750
41770
14541
79317
1569
8917
29096
71225
20992
47797
45529
56161
99936
66037
35712
23784
7243
40835
85709
96622
59423
61474
29715
74814
29386
65599
7402
28367
10500
39995
42336
34341
2345
30438
70270
53431
72082
92013
32595
51755
95694
99850
24863
37310
9474
78266
32030
608
60666
65165
39407
30459
99562
96502
58367
9460
74534
85153
59863
57643
27963
16996
10687
285
62920
31886
53165
34537
10716
90589
81198
16655
13837
60108
4912
12851
88018
82152
8682
65345
92702
28772
10600
58891
98970
17283
62326
80270
13213
36754
79017
19027
32042
38456
39973
23025
11847
73541
26286
56079
57717
27048
55118
62183
28177
68253
83679
81414
64358
41091
39830
54736
47660
78124
1805
34113
5569
17901
39212
35470
78946
65397
32147
87850
49159
35259
81445
35077
33688
70736
4692
32110
28240
81427
19142
42585
73964
96675
54241
76411
97584
28335
51384
96594
80119
60713
16210
71234
54644
36954
48467
18970
65034
84431
53801
55669
9828
23408
5845
49469
79314
30577
14836
31913
37440
25282
44042
17159
47669
55425
42762
18709
74533
53744
98691
65609
48051
49088
86090
98705
66599
65900
60576
69397
38344
32867
85185
36536
52694
37437
59497
96253
64486
44174
32802
25349
11707
9145
28174
20375
63933
53692
73709
61017
66873
8489
7244
70619
81589
71316
67338
39699
61518
80008
32104
16866
34960
76469
24237
19542
93713
52676
50547
94089
82314
43627
32529
82886
2067
35931
99462
20747
50842
96086
2207
84042
87776
18591
1861
76778
30896
29962
63942
95179
36125
9810
10014
1063
46807
32809
32002
11347
65833
21866
82024
9413
47474
32906
94646
97295
51037
35085
70406
17225
39776
17205
18867
39085
93774
96278
772
71772
51321
11140
36817
25214
43080
67854
47350
19751
42960
89156
33331
96052
7474
98739
49629
99733
86993
96081
41637
23557
12590
42803
87939
7988
93570
52893
74591
5926
82423
38545
30875
21651
75203
80200
6112
31983
65378
52447
15492
98597
63695
56905
73877
79389
35967
90402
86341
97341
30107
64963
21041
93259
7320
13809
3600
14992
12916
66128
96084
48087
6222
21654
7904
66933
834
54906
57991
75619
27681
35626
58588
76967
67465
73564
38716
35793
53446
33180
53524
91617
44676
15045
60271
30853
32624
73803
38560
46336
62826
7732
84873
34343
96809
89991
37766
93861
31595
77820
77593
89854
33559
15539
30099
62192
32370
73985
9019
43573
57818
62661
80734
35397
56322
68025
71347
24281
6186
70756
52617
81674
13817
49932
92560
37464
87162
62889
31841
62278
72498
33492
33643
81443
74266
85758
4219
50756
26908
56317
82247
66348
98766
74497
84727
877
95878
42757
43600
1224
66361
32289
75327
28145
1269
54749
28638
21230
15159
15679
12646
90430
3945
17669
58417
13046
98012
81582
53066
1606
37118
19091
44852
93659
73431
79412
35283
43230
47814
10892
4539
25145
69395
54598
4628
66649
97617
66185
44550
17262
70418
11407
31559
14608
49382
98484
46654
67996
48882
48937
80499
9084
61097
43975
44981
60549
69002
47073
71303
77274
76021
82707
66792
44109
98251
99351
55037
66758
39201
49814
17598
90108
91680
92315
58682
5728
36509
47907
80647
18649
49904
37425
56298
97161
45459
98718
81215
91727
92153
62413
76294
65638
68808
66813
92266
48715
48148
38487
55087
95740
98650
78183
92855
95931
7478
87400
55825
28049
68737
63288
59808
23792
90346
97739
25219
42225
36335
67515
58598
8348
12697
5404
87780
52678
59378
43694
29814
60789
40068
39692
8797
10687
60975
94433
10472
74736
43686
30682
17858
51049
39270
61046
5468
13286
38932
23354
63570
2712
90546
70754
97181
44913
63262
74098
2581
24351
49160
94890
99040
33071
80141
81528
10171
75571
10612
19847
7331
72670
72485
60949
64481
90859
73665
76802
86512
69054
12226
45636
10668
13762
52271
61240
69497
92306
348
65714
95885
81139
41212
78710
49499
46974
28772
45728
36189
32476
25950
43389
51261
63273
15622
50460
69536
72155
31365
54015
71183
60604
19879
4043
67940
15763
55291
9791
94317
1890
88711
51938
21728
22472
41893
12533
67932
37669
82941
71847
76471
46814
66560
69639
2441
82455
52607
45940
36980
64893
84774
71761
48783
42310
61273
55284
69133
18991
56137
32733
41103
1285
98066
8484
92675
9600
23540
54475
89814
99017
99053
52595
6845
70237
96847
32362
91004
78761
15907
91361
83570
94325
91897
61020
77537
72509
53739
41219
20061
69434
45645
94294
90737
83776
72179
44541
8200
38080
53536
2332
79070
1358
67333
11654
3364
46717
9950
31881
52650
11974
11205
28423
908
95047
60978
96581
4252
27080
26640
44763
93096
95992
40476
16300
8839
47767
10268
99056
78629
41549
20858
30253
44808
89143
55708
38533
96447
70914
16994
41864
16934
48751
55483
44233
75160
16311
12483
22735
24594
69416
28797
55490
54720
13582
51145
46437
22534
71501
55395
20547
97773
70505
59832
24449
75272
87657
56165
87667
65474
87824
18350
68843
49797
72011
5559
16813
16937
58793
45667
40126
47864
63940
5542
54042
53498
89374
15561
17444
9794
7014
9626
15640
45716
2394
38669
54749
27057
46183
69780
67254
60929
26475
62262
66679
85243
93020
91887
20373
50740
28033
55299
93686
22529
62366
52640
59080
2731
81293
41775
79341
96015
11239
58070
62900
87470
75747
28846
16259
95064
33653
90460
28816
95920
11384
30767
21999
43964
4262
6325
81254
98219
84739
34745
38076
13411
794
7133
76688
58118
5055
32592
42725
93984
8916
86988
62683
70960
8455
4686
68505
76080
74520
29235
95558
67139
24409
63916
23512
6523
53262
27870
59043
37347
80947
47448
69619
39631
4157
66002
75829
91999
93593
86686
93199
81898
78192
74286
84976
20876
70924
43906
97506
74734
37108
71851
4028
94255
58835
96833
38772
8076
93655
89790
78354
37169
91158
50165
37631
82460
65002
74450
860
28010
32189
14288
527
95840
35328
75985
38809
29976
76053
87293
58979
88614
25708
91386
22934
90630
74794
49539
25769
36709
88038
46345
4021
86696
63918
99075
36709
2972
31526
9299
30217
54075
86000
62071
31626
42071
40199
3305
52216
97191
44229
52179
26238
37644
47173
94162
68919
17886
65155
29606
82778
71544
69823
17395
97777
33980
15552
80599
47592
45956
4533
46472
33792
14054
5175
87209
58275
5539
70090
10185
93906
97773
48674
86809
21113
85203
75586
57160
77476
20842
4512
56765
83980
38937
93349
16239
36586
64609
31760
70372
40748
88231
90810
27364
94725
46912
4116
7930
70558
63736
61452
87783
21834
98366
35791
96738
96728
39984
27912
11312
7297
48190
57703
12924
36994
59389
75708
2515
12451
79691
76771
98686
61237
87674
34618
89181
15419
98876
1996
68637
66783
29481
21842
87638
87942
71407
62352
44835
72477
98646
54075
18174
36242
35310
40602
34263
7936
14424
24938
71153
26594
76783
6587
15162
94536
62193
3704
12389
86087
70541
21060
96006
98187
80811
26175
19113
55336
89042
87561
5071
20878
1914
38013
43430
52379
91055
89502
45091
72170
51358
10864
64511
83337
95711
95453
25291
29992
69407
88024
15794
70221
20617
29822
75306
92005
5329
15864
39029
87989
79901
189
26394
37422
98768
13173
38236
38527
28436
80888
80948
45156
24386
24212
22447
58237
52881
13582
24326
5241
47098
69344
66838
70833
836
9472
46620
29329
48016
33217
17455
18289
52803
16946
97561
82434
42315
70725
19283
19171
82928
96267
22652
40883
44633
92826
70038
2401
40472
67152
4926
79072
7187
3537
76006
79030
51280
99756
86704
15796
4316
91421
64873
38047
30488
32267
72991
36748
6336
465
40353
66283
43865
68218
86898
26746
11799
51557
28777
4699
79528
91465
60264
23616
72257
55537
53622
70658
75938
776
83707
59888
36808
12496
13496
67365
82992
41228
50529
29394
37283
59038
42456
85755
18722
6091
58599
22366
73007
40346
79866
20973
72533
55419
30070
90269
49238
83460
18042
3511
27727
86967
59153
58539
2569
35423
80080
79653
9407
61049
8338
80984
92359
18000
15598
28150
46975
19264
98033
80386
14198
35836
85598
79388
58932
70092
91199
96827
12934
40782
838
58842
41034
29820
48196
73993
85875
59534
17477
73700
11738
76662
79238
84512
13057
6506
90069
31009
97797
20063
73380
40138
60480
94832
64713
1836
35543
74046
89236
22943
8487
74865
36077
52622
6439
29021
81866
54444
43482
21600
76619
63525
22803
19463
65938
1872
33829
19377
68290
50880
80838
24235
66163
34362
78208
65882
20174
3361
67348
39095
51115
8556
32843
14612
12005
58393
60250
37853
42039
72986
71601
44666
44662
86350
8000
53776
10058
14123
28102
34248
71721
94199
10040
31079
5874
15958
98603
78108
10243
5758
10334
38329
2296
42406
49638
1625
74113
14333
50807
13375
51102
83287
50860
2335
8025
28353
37460
92726
87584
87478
22137
45043
13854
88842
29582
84793
71829
56035
46868
32765
70075
96488
39177
10
50478
73650
83086
45092
59796
11103
34067
26281
83411
73445
82145
5747
42538
64771
32067
25595
5290
45875
93394
69944
86389
36284
41916
13572
62577
61988
25552
21087
58377
1763
25353
89133
73889
29907
30805
20186
31571
62019
78656
15646
15211
87530
14882
38716
44827
37912
12577
7300
25468
88200
58756
61208
2306
55378
67126
53708
81594
97694
66931
28518
21891
37651
83602
76741
25158
87341
19183
20991
23635
86700
87636
32290
27161
28937
15267
15547
23522
98564
8131
24757
58921
63032
43492
87610
39545
90384
86128
14965
54051
43859
94353
97943
86811
28187
68825
69624
56112
85540
30513
44374
41702
13535
42306
96217
92498
62246
14362
19735
33585
1674
49627
59954
49797
75464
40070
86015
23341
92378
46015
98243
80000
42249
32477
97526
82502
14081
92272
60457
58163
43485
72655
26499
90657
42785
97310
59015
25353
18918
75993
99922
84925
65423
71551
11680
81509
47675
49597
52878
9172
99508
22197
5466
84038
80068
44716
29318
92152
63015
4525
72924
92804
187
33053
92043
37240
12147
48732
96688
90802
79468
44532
97680
45082
51863
33250
83137
74492
26037
94878
70280
69760
41569
37032
83517
52328
74566
68625
26124
72197
56081
32355
76340
68502
60194
29998
41586
67839
57564
2544
42040
76962
12316
65312
96086
16188
43654
15960
59034
3166
14938
67036
22836
35526
74246
69835
94994
29626
97813
62145
7371
27617
24869
78598
78903
56766
12822
30007
51707
1450
76479
99695
11011
48940
70874
48433
51047
56951
75071
71989
99504
6624
53359
76461
65492
53563
39559
8914
73948
23793
36276
49680
86759
41536
95493
79691
55848
91087
88956
44204
44075
43020
17151
57900
88693
93765
65547
72507
96264
77023
44648
47757
7141
278
67223
20963
49484
49105
55975
25809
22912
37601
23271
91601
91750
11638
85175
75268
25419
3166
75223
94592
87365
93851
23265
70074
58354
32704
93970
977
94461
27336
12899
62773
10879
15826
66390
41906
13665
9309
49196
60733
11264
86012
87987
41017
34825
71702
91293
35430
76100
25662
14796
4616
82638
53321
4585
70415
53662
24561
76979
85544
80489
46469
99925
93279
22976
7594
84720
30255
70455
49395
32728
10088
67713
79128
79259
38428
76471
56438
45563
81830
37879
81283
2045
28791
30601
59436
10074
38879
43229
18125
5651
33108
16112
2988
84449
93601
94606
72722
95594
20590
55281
35687
27248
10728
23175
57897
5923
93646
10993
98600
29879
1015
92200
56642
92752
41218
37051
55286
96249
75196
67283
48423
59477
76168
20311
26511
19085
76878
13739
68541
5095
35043
70643
74669
95160
60880
62230
89826
84624
40194
25822
53058
6323
37133
75003
29742
93704
93981
27239
94332
97995
93051
6660
29300
53853
41337
96802
51107
63387
29722
17981
11103
6188
33441
28258
24344
48531
68628
59570
39479
85957
42380
98112
38678
59796
38524
34804
78459
69738
69020
34898
86067
60017
16497
38516
73447
71279
86714
596
82013
67728
53562
13222
56429
39483
27837
32994
89854
25062
88008
10559
80733
91846
25794
1307
56217
3870
87449
49271
46430
93688
32594
69375
66029
87122
305
58952
77940
9296
86433
87314
58319
91312
41792
60076
59130
35130
86890
68662
25041
99061
66305
10306
81927
82071
25878
30772
22143
99253
67350
82377
38987
81080
1460
2707
57151
24305
14191
74114
2640
12131
4191
83295
69806
1822
79842
722
50235
43052
6525
56419
81799
95044
78961
61437
36554
30141
29116
39374
45756
70076
44073
49100
9205
69614
42453
69394
18972
53777
87455
39975
44910
66252
61131
5759
71630
80287
35762
699
57795
78902
84906
49612
1842
23767
57454
81333
46712
50330
44874
59438
9668
63608
35557
69765
90352
81500
85674
22591
57370
70871
84789
39772
76387
46928
41751
71064
20451
20152
53606
63821
30342
40122
30981
99350
21671
98865
57611
68879
70344
66645
57266
51000
20619
27917
46430
66520
53040
30600
71079
99230
36620
95111
22373
93763
94306
14226
30648
36651
22880
746
37329
65803
52185
5022
79233
74756
70906
12408
86300
56205
70284
65647
22152
36431
67429
80127
7432
33097
41482
97941
74080
27092
72101
27460
18916
4769
31103
76374
52705
78271
90907
54972
24904
42777
96143
52902
17874
72187
16511
40110
83029
54549
45336
91342
27810
94072
49286
76274
45143
12125
67154
99208
82792
38917
88859
24500
66853
36027
13167
98784
25863
53718
25991
9489
30941
94746
829
48948
25134
75358
82154
89111
30986
46729
79520
22037
35314
5526
9281
73641
58432
78422
16155
4260
85107
30356
44448
35129
25915
94003
63398
67861
19230
36436
57303
2764
81413
49588
52662
17486
20871
6322
49935
24473
68271
44814
4153
71016
46124
12909
7468
43753
6965
66329
63033
52397
94839
24966
35882
56088
33084
39759
67382
472
7418
13630
12417
12114
2421
7402
57838
81879
6162
78299
84418
89174
81401
78057
81879
89324
36805
27874
46329
25014
73740
17483
98304
81287
16614
97502
36267
82709
69500
25393
16085
4429
61038
41655
7543
54823
31872
90688
53626
5364
85506
88412
40919
53779
891
58589
50701
90468
84465
85177
54013
48020
6968
70734
13381
53526
19029
73441
17432
43891
61997
24447
48631
21112
35311
33220
51982
49198
36154
64186
42317
18663
13484
28633
28801
90420
89801
48461
40911
58996
77572
48021
3628
80390
66797
43592
80956
82399
97495
1266
47525
83255
5124
69148
84175
86398
13072
83625
57658
18893
82423
75004
80860
97590
20260
52983
8086
78333
89079
51615
19313
50176
33841
72411
41242
26034
6111
86619
11032
18789
74273
53814
47558
24517
21558
18091
74001
4546
74822
10569
95567
18790
83179
93226
11386
92837
79773
32122
26600
99121
55865
58133
71752
73549
68909
94350
62523
65946
85090
94765
86061
4589
93863
65904
19151
50337
39222
77938
8114
91337
26949
34888
6369
9822
80107
11176
10939
46230
75020
44069
4908
49110
40355
13429
98472
65694
24908
72275
34563
49666
87147
28128
67952
21850
84508
86565
80275
63503
43288
22835
40165
97461
73344
76748
90596
35224
32905
39386
36820
71759
18597
86908
29078
72238
21034
7010
44004
30519
96993
35982
51878
10032
5101
36826
6196
59375
84245
32952
59624
47122
75696
69748
37950
17516
41420
88982
56780
62074
63739
93924
20056
59539
90459
13156
42171
60989
14945
18879
60016
37949
38017
10914
48280
48710
41308
97181
81389
20339
33062
42510
27905
39855
78738
49624
81170
95601
24477
24140
29068
77094
6676
84202
5436
59015
47299
16929
8973
45161
11739
50930
51744
20947
93855
26931
97644
95977
63564
17423
66224
52999
25826
28714
7889
24618
16979
50819
2997
169
56454
73266
80058
94913
98280
6608
8851
70637
81841
75478
14048
14068
80878
1502
22794
63645
33232
6214
70552
19261
25905
89299
7408
2321
20638
14929
68557
85159
61477
76601
13497
95479
21276
69195
39464
22479
4011
4027
35666
82187
2808
29064
82090
28484
6382
57639
56351
24287
10088
35646
8750
93350
75999
74605
55874
84692
20526
90087
67178
59754
68702
23965
99573
98655
96467
47132
29900
34036
18482
33069
32747
46276
64813
31546
96990
64122
90957
79569
23701
96446
51259
96
10212
19368
62027
88576
19801
20021
10565
60719
57242
58998
38097
9237
21210
33349
94878
2440
60248
87795
37999
97195
68821
4381
22692
4721
30640
28509
73216
70176
83871
23293
27644
49232
64716
87174
77095
83602
82281
15862
21176
39277
77042
51792
31634
67812
86142
19950
93522
38420
62497
34929
5080
36601
34017
82873
97392
30672
66675
60336
46972
20343
57746
31904
1632
45361
79899
53829
33961
64390
90855
61757
77658
47047
56934
46236
4725
29614
73653
27804
58627
94947
71707
53906
7008
67644
80326
88412
35494
31516
66653
18550
77268
55644
42369
22507
90714
10216
77957
65481
97412
21696
62631
42893
92257
51454
38058
71422
66414
88823
47473
31286
41444
34394
78362
95386
33787
95382
32181
38858
96633
3513
36832
86644
34844
75250
38080
10467
72767
48984
66462
11669
26828
59140
26683
94795
78942
68920
26098
57913
81746
98371
87016
44221
4874
73821
29522
65036
53661
10252
92676
97320
34559
71274
97137
50318
60040
43133
26532
4971
93059
78950
8762
41295
78293
42357
67577
60986
23304
71289
42033
13458
41780
91414
95118
25463
69897
9039
98583
71630
64379
6915
30598
72537
57033
14579
54500
41287
30668
69601
30721
60584
78329
66197
6860
25465
51476
8537
71573
60862
27985
3076
56989
19405
55655
62164
83862
11879
25524
1300
87485
11170
80263
52637
14032
69569
59246
47993
78381
68933
39196
30659
76841
10780
1654
65033
81994
65656
24987
80051
55714
25947
13230
55134
5832
53166
75713
71809
91636
40721
42208
72209
15767
81708
78679
97984
95861
48964
7136
54848
62432
36330
94029
61349
54514
94477
7214
34664
33095
50640
74880
71175
52436
11766
23795
74
21352
80441
97494
48385
27325
30234
83360
77610
40187
36082
31357
16910
42058
26791
59636
75915
90225
29659
28210
32204
60592
99135
67605
93172
78486
56836
45142
82553
58816
10802
43795
47629
27055
26321
25496
62681
27493
18820
53034
89698
79419
30743
27823
72813
93634
54221
87998
68798
17940
2684
32223
56284
57686
74836
48222
61329
73581
99322
35921
41581
41337
79443
99683
14602
68786
96027
46524
96203
58942
11510
39823
27293
85677
79806
67329
50463
26097
72571
54161
22014
81245
56624
45160
75545
87352
86962
42557
45604
95454
38836
43749
59463
56244
76701
38454
80166
74149
43707
68791
85180
34270
66737
17062
23264
86819
88844
79365
44714
40684
76819
84322
5199
99007
80508
19041
26855
26923
19708
12680
63824
72606
28759
17606
87020
90820
69749
10337
88453
96028
41813
68604
9456
89145
77851
86401
76591
60914
59300
7024
47793
49318
43899
52484
24948
35792
68677
25150
23819
33698
3734
31441
88026
94177
79718
70761
87166
71197
2174
10360
5674
2155
27468
37407
53643
37985
89271
77685
41581
12110
7244
39063
11607
31604
12854
26508
2322
46722
49708
17172
7
3858
27365
49996
17381
49883
49703
21025
53314
23796
8924
89807
71705
52550
71430
50868
15058
76909
45737
28694
16191
13547
52742
6701
74050
79881
84489
4014
33964
93706
43448
52693
33408
65902
86380
16111
33718
67648
86396
23265
66460
35996
81396
46681
57143
84641
69317
89263
67559
30478
57973
1047
20328
53469
88983
74405
45845
34553
5590
98205
96903
80509
45804
87863
17819
55727
48588
19825
29124
23946
95743
8880
74218
10025
64043
82120
37200
91917
81796
88527
29370
15904
94220
53133
44600
56611
80950
75859
43961
70755
78959
51430
91885
37867
48653
31802
55547
10514
33559
78585
82907
86677
53167
20291
95569
77023
14776
56943
85734
57764
33032
74447
64549
87469
44779
44017
38607
46862
9041
76962
8860
43380
96533
69422
49679
30362
22443
52706
77076
56346
40422
96659
88472
12640
55587
76023
69733
28506
81525
84496
78329
61004
73262
70569
39650
64993
41958
80793
38424
44507
21579
64933
55222
10603
93254
97218
25815
59452
79045
19192
45929
25290
8683
8994
55921
98576
9296
74961
30907
27583
71990
49872
19419
43563
9225
38243
99877
95262
77522
96969
13765
65008
90009
90624
91644
24718
65108
25703
54009
1527
77456
57054
28399
12006
92826
42474
81848
66602
50859
49494
99718
88721
69518
57299
86721
69762
98767
19967
10051
26346
77378
56260
98156
15119
9421
3415
44130
43936
96851
60353
49320
10413
51102
86266
91258
44691
39721
93105
33859
19600
3271
99688
6267
58484
79058
87004
28800
94296
23956
93059
39983
68937
20299
25198
72799
98652
5757
53198
24539
61510
77849
51314
57242
53443
97061
54830
90365
45236
91337
82328
45668
83750
76888
36908
68685
95789
90166
81136
46730
67248
22730
2801
33597
25373
36513
46732
99251
43805
76924
45673
78299
15970
56824
54273
96162
69949
27416
24928
81228
40557
72849
46885
46384
56114
95314
64231
83504
47583
2669
84210
54516
67053
86310
2447
3618
35084
93400
67329
55292
61172
95198
85228
82135
6074
13829
85936
63955
12255
22699
33043
73211
97730
87795
40508
63899
22998
51593
19131
91673
54862
53036
63559
76434
1332
64189
54464
24466
67577
77411
30482
17710
37799
59896
59
19170
37810
54771
26659
52418
10988
82066
87914
5695
8408
80388
52801
80697
52567
83697
18382
41915
27070
3399
98770
37592
86601
18530
73223
68959
84680
48630
25603
84765
31095
9436
60538
89584
10700
68439
1344
91236
88298
8258
56939
88012
64338
90424
41846
65662
70809
51391
81570
24075
73876
63985
69368
42361
65040
35209
61642
41343
32094
6023
85079
9085
96907
52864
26989
14998
66990
60805
40168
3563
42555
23885
90393
72021
51348
75330
31170
72766
13631
65093
91421
87228
25459
29151
27836
46027
45420
2502
21964
5062
67486
58024
54963
90370
82854
26166
39768
60167
80123
17232
1249
5612
19332
71561
54231
59534
47011
6583
38663
64812
29615
14233
49090
78722
8287
79525
3587
63360
50274
79117
96976
76039
1548
40301
62874
9344
43243
51700
58879
50296
58936
23725
56783
66907
1032
43465
45995
58732
38658
49610
2569
40542
58891
33134
64372
29618
27645
46806
94161
88654
5462
62579
47004
39638
8301
53324
59537
54218
50079
71469
9414
71068
72903
68912
41109
67372
15501
65825
55768
73538
46965
21840
55789
33958
93496
48152
93721
83071
89296
97511
67241
50791
66796
48842
44755
18664
81059
63447
22939
24886
7398
18102
92881
47943
7566
68588
11320
78611
16117
27301
92002
60228
98816
79517
50070
51610
17625
96940
27636
32638
7772
59244
86383
98017
40007
39432
4057
48688
43188
7458
56253
42198
14531
76033
40837
75470
61136
72886
53435
27555
9797
42153
86989
31463
44104
51845
90154
332
43828
78012
44104
70818
92165
18744
63912
1390
70477
7104
10098
88067
2628
62531
79194
73343
16348
13092
99812
58565
20338
79649
3011
84306
62144
30274
67197
31326
34384
71195
56170
14577
78155
5150
60475
49408
14768
27872
2936
18755
60896
29158
85442
692
77557
83148
29495
7589
47699
36881
38419
20158
75543
12195
74835
46803
28492
28226
50421
88606
47356
14164
32220
79870
50435
44933
84080
29963
24512
14072
15586
30228
91397
26446
2829
55191
51373
72625
41463
82716
70509
3326
91414
71759
84323
5166
43536
18873
14923
66207
62523
6490
40497
26115
8740
70309
22560
38981
97771
15255
28793
49715
66858
83253
67615
33548
88470
86177
64207
54312
20191
14648
70478
84606
89458
83084
88762
52886
96797
34169
16130
30732
77202
50630
32274
20093
40101
63963
60006
11218
38544
70841
34559
93222
60086
7289
3924
14901
21187
82629
64576
8195
40018
73997
59001
71013
23945
14600
66721
400
25023
22536
95829
20285
91710
20791
79811
61110
26948
8787
34200
27136
67683
42084
57783
54468
62471
74550
18246
24668
52856
21976
35939
12854
