29905
37357
96683
5789
57609
77126
63138
20930
78478
35443
54617
36673
73289
48183
82626
98983
74050
17976
61024
17001
66315
5623
45818
47217
71869
14027
67115
6889
53625
72249
48054
14979
78769
92882
63990
74114
43583
61481
99476
46537
29907
47695
82354
478
54282
78189
1540
35771
57465
7709
48446
43345
90729
58566
2728
81273
47261
34002
89167
92632
86703
92077
71605
36301
54552
62108
99528
76507
70606
91640
12976
68974
28423
96934
70018
97836
56764
57236
93714
18553
51049
74994
38917
36294
23217
93066
9892
18456
70367
70525
47468
90193
97223
42524
70947
99037
82794
85696
57221
9722
58040
85542
97756
54404
9136
2698
61582
34141
64259
33151
71312
5910
9879
62441
13337
35293
80968
56343
20145
86531
93768
33056
4232
69927
51878
41369
90915
46084
25485
87536
89233
5781
58307
54472
96923
68449
89138
74929
70682
98662
21796
46531
8259
66662
17255
23063
67069
63080
23248
63554
33587
9549
63899
59503
27045
58801
75217
14776
66137
63833
60258
8545
42575
5183
92306
11953
22034
52022
68560
55661
63114
9628
20417
595
80910
38108
49340
50672
83414
98141
64782
31102
86255
58379
3581
63294
74760
35296
40842
34926
79466
56238
67824
78246
55588
71275
92553
79829
17507
98042
60847
28627
65217
1650
24863
78467
14293
27821
51642
69928
52072
93807
67750
20192
1832
30865
56306
79008
85845
48265
71030
6798
84312
66072
31064
15029
37620
91375
12203
8201
33204
36223
53810
34807
356
38812
18947
93096
44924
47981
99974
42322
32919
36786
35996
73947
77154
31122
83165
57835
29264
17889
63322
96876
77993
17866
26017
33377
83171
86335
25438
78080
56425
29434
63422
52109
6007
29838
94095
53781
60264
93263
87716
66404
19495
35995
38805
97475
59681
64003
8962
45233
72284
62458
9176
11005
88033
73433
61005
63422
71124
6861
8197
99663
90436
29086
87574
33833
38686
92828
53705
67231
1916
51272
1335
28528
44027
67164
85939
685
46186
59512
19079
71944
94462
7274
5014
14164
47842
7193
36576
59231
45612
1807
93924
60617
72299
27616
85279
45855
48797
34651
64435
69689
10876
54636
36676
27724
51352
96811
50491
96620
87872
81573
5517
12738
36794
15588
24502
1286
46994
63262
55487
19417
65615
26039
13439
51746
53569
84468
37597
9763
39543
96253
86835
44535
73005
34830
68910
20266
79778
47515
57458
15381
67655
48509
14650
60404
62452
56380
97694
38918
21813
32347
22669
14721
5377
89467
6042
46447
89483
34701
86835
12009
14001
51000
1963
87310
88306
83075
83386
40255
78141
7967
38362
89915
228
21524
74962
47346
3631
24999
2352
96297
73389
8517
73231
93321
87078
5390
63800
21059
89131
85568
55589
53604
24495
61375
55713
72561
5839
96606
7307
34240
78860
82445
86201
57394
69690
72192
46616
15120
50801
67927
45778
27137
89440
82127
94217
76774
33505
69316
18143
61715
39527
95713
25816
49482
71765
59782
44407
68117
51624
48373
36902
59263
41780
88825
38065
81519
10093
83347
49137
53602
48188
44066
40582
59077
28177
32750
8990
17324
18391
51570
6802
13970
12675
95171
36112
15565
28454
73249
36339
69421
87586
74810
14478
80497
70361
94133
31048
74053
36129
96289
43616
33372
46132
4603
5554
66534
38724
72726
17010
27599
18508
53066
15765
69876
6273
67867
84304
91042
10503
50213
34584
63053
63488
88929
68264
8394
80415
13111
82048
4585
85915
42336
76682
7730
76031
47766
46009
67579
12734
88826
83658
8163
1796
93122
36173
28654
71207
76797
99196
15646
38268
388
92105
43018
16262
27839
85783
8381
26730
66321
57215
25870
97566
53378
15475
28056
18623
35559
69918
73397
1474
87375
85450
10972
27938
93132
79868
62099
58200
19004
19514
7539
80137
54964
70028
58103
62329
72744
50016
82784
14941
46553
1767
38345
77742
38555
22366
92321
7450
40098
89191
23402
16948
37481
52469
18925
37803
74046
9895
88184
94649
70413
56459
45270
36818
21640
28068
44713
71900
39856
41798
54214
20349
44770
22974
33740
58704
25473
24463
74243
27538
19227
22135
94957
84025
66779
19024
61324
89923
86187
27762
31152
53580
80580
49013
52218
87994
74452
43669
56179
52627
60138
37710
59554
59278
71776
68103
97998
61799
16582
39211
87472
203
16071
44594
29555
70931
86106
85982
94475
51246
83688
26593
75344
50903
71764
84604
52405
34374
93164
81539
95785
62402
93483
59740
8938
34676
2952
22822
9632
47575
93758
58293
10301
10251
93529
46044
82671
23592
72346
93220
69152
49392
31271
86584
85386
65597
87922
94275
41370
14682
68260
20817
46272
2574
37382
34899
8144
16019
18700
19038
44568
43396
38047
9651
98238
90356
58117
99768
24662
98460
25486
36453
46845
15660
24830
34460
56597
41027
49906
84303
66781
87226
86321
69125
84811
3834
64368
41207
25865
95342
67970
32373
45610
35667
95707
6726
40743
44075
33215
37996
67227
93521
18443
43238
983
56839
24223
43343
64450
9196
7751
73124
38577
35465
86661
17890
61759
43466
6781
47277
42633
10282
13021
89070
14729
94279
46854
43124
53004
58740
90843
6523
53490
12397
57573
44298
52482
79397
52704
49462
42376
45180
68358
95524
63308
70861
10934
17260
50415
6211
37601
52729
46500
57707
95377
26061
2697
59780
16629
43681
13761
11699
30957
58889
59184
64979
28399
4022
22962
48138
6676
76566
27800
26263
85667
50518
11776
61608
23991
6759
24080
90952
62127
75038
73902
78132
99378
80598
88831
28174
90844
91760
89114
79019
37514
80986
24744
60904
94174
62638
20411
11706
33967
57041
85576
8674
9873
47292
92642
56766
62300
34711
87764
97501
9499
18977
66459
45195
36916
31148
7134
34922
55919
80262
16843
4834
47460
4274
31215
25103
73990
4853
62641
44312
53254
13580
97771
5248
99141
9306
8390
3573
71865
51648
40978
4486
84123
25189
36479
74962
31659
35157
13498
81851
45185
22502
44007
91386
47441
80245
23416
60908
8314
5583
80359
56201
11179
70252
83670
15285
74002
47541
2784
60143
69923
70470
73147
33000
96801
3247
3117
44078
89868
85364
99304
68934
93127
70453
10596
47831
16132
30919
9623
94979
22319
85793
8979
87633
62388
89523
69788
22629
32365
6353
54212
3250
98028
4365
77542
64870
43202
76546
49819
89379
36106
44749
11484
97901
8564
25558
99028
77983
61585
93293
94049
38968
23800
47311
76392
18772
87252
24231
2674
62293
60042
76593
80646
76768
84458
57018
28644
12100
62033
77091
3355
52820
88376
50980
4520
98966
77790
5966
17133
75860
69613
3337
297
20432
19019
15868
30425
83221
67103
77258
31851
55304
34589
52409
21306
22621
43280
17615
28971
10118
4067
3061
36035
58822
45325
83133
62435
63972
17462
10112
61441
60187
65418
43136
78564
22926
75705
79468
78619
44633
29865
76162
86491
10211
55481
590
13588
3343
70162
62865
21230
78545
99116
42621
53029
446
31098
46972
72830
98876
22867
14705
79365
67640
2622
43926
20165
51959
58713
2276
387
27908
2246
39154
18455
80232
20435
93716
99527
85112
56612
96516
98850
54824
1151
62398
39350
59869
52276
24390
52687
21025
35111
89188
66413
99503
96348
19567
6752
6349
41757
84776
20547
31706
15978
90621
57298
99645
60766
55854
89161
83485
33658
77644
36570
11727
49617
9373
41002
70410
61520
4925
91626
55639
85447
95550
72973
30851
22071
21328
48618
26390
77338
15803
8080
42718
89802
98825
84480
28645
71951
17345
24492
20546
1257
88334
31979
49611
3222
44734
20245
31080
51520
83334
99745
44386
42182
17187
84505
85722
3814
55803
75926
65654
93700
68962
18014
16790
94425
81368
15766
91909
3226
55088
98470
55435
21732
4588
19944
3359
79233
25732
46923
44442
37434
92069
85514
36806
34713
9590
58469
43990
86330
9685
84441
86767
97134
25504
7585
43556
97003
83792
70120
43871
11571
72736
90921
66555
80702
92171
81637
76911
79719
3155
82144
72421
53265
75902
76601
93832
63796
47387
83716
46940
98536
70371
17830
50023
54156
59834
97420
63469
37652
73108
32329
27705
3661
80852
77738
36087
61101
54736
73623
56000
5052
97616
61544
68236
87673
25366
17921
25099
39883
56727
67692
83599
97157
51527
71762
24065
93492
49587
5109
15508
49000
6344
237
10071
29629
53457
55133
88067
37509
6877
69777
84948
7187
9695
56439
42645
66438
83151
94390
85524
71217
96846
42319
12245
5379
83687
50927
24002
89816
64688
42031
22815
29787
32272
74760
93211
30198
99002
20790
28771
81688
64888
74216
68849
77377
10787
32672
37122
39757
5550
67373
9446
49179
25091
97699
24304
29848
75205
47860
4300
16365
48276
15277
58064
92322
48015
54639
2827
17389
93268
39273
4187
21147
98915
12463
41691
10138
29441
72889
49593
85376
20760
84889
51205
67036
78427
36378
30853
70775
54598
23730
13701
77414
27556
92837
63116
11151
56139
88438
20586
59542
59395
44201
49102
45379
66340
44570
27156
99761
91356
61908
68987
49269
52911
54575
63285
1353
91225
39081
40567
16052
83247
12832
19376
97048
49220
73865
33943
83960
80391
45744
25117
34500
89706
42924
98561
94051
8445
70942
77954
27547
16505
68230
58575
16607
28504
57698
33722
10454
40225
47236
9324
22820
18659
43503
76754
69559
93847
71278
39700
57200
94503
16689
61286
19820
53037
25253
90936
29359
77364
29294
29832
36300
4507
90531
33656
38514
66808
9575
91897
95542
96857
44383
64902
17625
44325
84629
5070
46007
98529
84968
41673
63947
76943
28782
83371
16546
41969
56455
37143
57627
9963
51615
97643
93655
46311
98399
88025
23714
65233
42800
89941
62526
23074
87086
37930
36873
68379
41285
55752
20779
76711
3691
99192
62974
29667
73818
79344
44601
70970
76199
10401
63995
48360
92132
20685
89841
71296
72654
82103
420
72457
73364
87123
79202
56323
65541
66044
16679
39783
75956
68292
1479
95309
10155
4358
68027
57415
53993
48919
53510
65387
96218
22267
34723
41966
49873
64564
78989
87979
88964
10646
61354
21922
20388
77142
35029
23550
82872
71584
39367
66031
44309
22727
78817
30806
36796
56567
33048
74527
21744
15558
41213
85000
89458
33673
39752
77920
98715
25156
51104
60139
35637
1305
60778
85794
41462
32866
92492
24215
13178
30745
63965
64726
25725
45012
16299
871
90162
65838
93000
57839
20546
57632
2673
22070
43364
84943
70172
93060
91893
54495
82174
27493
72821
58182
96535
7532
7134
95867
44827
95187
78273
47084
96989
65728
50143
41711
34265
25891
38560
26768
24159
59803
3092
89898
51991
15705
4644
15537
19605
83453
90356
88779
475
61788
27767
19871
25861
53027
23695
83397
30741
95573
19519
51069
45339
32720
1423
36636
68449
64142
57628
90465
49329
51336
85017
31430
59843
58964
4518
29810
36838
24399
18411
98283
43594
81909
47857
29801
49864
24013
76893
54629
20911
86018
22954
87632
11372
748
71746
55040
4629
95118
19032
74405
7794
24888
25061
40218
48072
38636
60990
88983
6019
59069
57678
72100
17184
22644
4149
19175
33652
8269
76765
79870
30653
48062
88564
13417
86435
471
54155
77054
87817
23652
86154
50144
53846
41712
40781
68809
65019
65860
25119
34660
63521
12077
86578
10328
79024
80700
40121
38687
42302
57510
37858
85397
84242
47020
85554
96491
68340
63797
88030
36794
91187
52343
40324
21781
89234
61364
34341
66488
16112
59553
22559
189
44242
88034
56234
81901
55631
77905
99855
99059
96121
2078
9632
17612
41891
67632
35416
78587
79187
99882
95536
41657
57637
7465
42971
14985
89593
26089
2911
73578
29914
18790
24625
6405
97292
45984
95563
57158
2417
87192
70604
29544
94584
27896
29676
82825
94723
11471
66522
37917
39828
87098
81685
20926
88531
63998
13859
56768
46558
47569
93745
60387
10254
13400
41672
30754
63810
75179
38312
57000
45450
75765
23044
12546
74033
53752
56025
39055
36872
81581
43692
63573
44683
2665
80096
76333
1299
26043
79824
82174
73047
97617
43855
72743
70975
81755
2617
55126
24167
14023
28342
93142
1357
58219
76587
83365
15799
90978
91484
30755
91108
79821
52930
68870
42253
13531
62373
47467
17847
57283
68534
48071
5976
33934
97068
58651
78787
14066
38521
25446
90962
1176
10375
41300
44239
70623
69941
40660
42815
36154
19752
59208
26059
93332
63024
26965
50572
10580
89400
28186
7379
64955
94761
92094
39443
82634
71100
85186
9548
8289
32186
39029
5972
40898
2770
70886
50723
3604
2005
58516
28283
27972
33554
46786
79794
89925
24073
47302
45662
34904
13678
30592
92732
84807
71549
13160
39005
17483
38484
49088
94414
27885
91953
23561
81026
80425
6696
27761
93918
70863
94369
36265
78369
37123
58221
33109
40397
6373
42883
27165
15734
80107
38043
67297
25574
35914
97541
99017
68171
34259
71975
81369
64958
66777
56914
65860
42833
66993
24384
69720
29972
38579
27916
88279
12483
5885
65389
68838
98320
92791
46224
72990
57576
4913
92722
97599
94309
25544
38391
40772
97872
36295
69225
29266
53552
32522
44561
77547
39956
38910
37675
40575
824
57541
29961
71522
30167
69782
18631
74072
23022
68160
53670
16908
53161
19918
1479
42912
33548
27654
96901
61759
93568
13260
96655
44782
45560
69380
9729
63329
35518
92501
75519
29675
29567
70632
71982
98349
26512
76112
23662
8847
13276
15587
70999
68460
41259
86534
17038
15143
64400
89416
13733
668
3567
18533
57869
5298
48425
32298
82456
58892
47589
15800
23535
86366
99293
73985
50573
25437
14306
90224
28726
61071
53517
52229
78712
43298
32804
6430
29244
47033
40101
47857
89545
39840
4849
37941
64918
71584
32696
69985
84425
20462
38813
32716
77232
21790
8197
22676
93467
93366
74594
92986
93076
28317
25622
60970
4637
96242
23143
88568
73317
70040
2334
9126
37702
24303
88475
4258
88830
10590
8184
40652
85959
2220
71960
48533
98933
45487
22636
2659
85260
73147
63010
18834
25756
33404
46859
92981
28122
98623
98983
90393
30972
61482
61136
34090
23824
75020
98719
90478
56377
24815
66398
85904
63624
67146
32971
87640
38483
74867
8326
98197
83604
83538
82904
19612
92481
52080
10432
97450
99139
65262
54811
38501
46101
70034
1838
72097
86843
23709
11795
16159
48124
60920
80126
71888
63774
20300
83435
65303
39421
14096
59494
45644
20519
13405
75863
48860
89047
72606
70440
93262
72620
13155
42356
21569
66021
96021
31949
52017
14203
45636
37482
26872
57179
75867
67404
4945
48478
57301
33387
37207
92583
20297
22529
78956
79705
47585
13619
90135
70258
85673
45784
98660
77832
88034
93063
95471
33759
82774
6017
3195
47620
95750
74808
57789
47336
82303
45339
81814
31036
88075
92607
13853
7878
71875
82987
61562
57086
66978
60192
24015
43495
38933
1187
51922
80973
49679
8201
46197
69431
79129
39486
50054
77577
8198
59825
88625
43002
16869
99263
63396
44812
22960
23995
54603
2669
9697
48983
46426
64649
82947
97042
71849
50506
70918
79870
8249
86573
63469
71020
46709
53602
29346
35127
87540
15552
1066
29065
44346
49314
40594
74446
66718
85314
17736
26387
10247
71857
47687
97946
53295
52112
96906
24126
41705
83022
11457
49821
11327
46590
50689
93862
22548
67027
52406
61984
81161
91451
42612
64405
56411
2166
9387
83130
96809
67346
82905
72284
8723
41861
52505
17864
6846
53637
94201
36534
3892
1063
26889
48883
22856
93842
59535
54602
27735
32383
30488
34319
62346
77840
91913
17128
38968
84906
94835
68728
80424
57296
33637
71240
93141
59133
61820
46484
95786
52382
14133
93392
86924
50473
15426
27093
10391
15838
27579
66156
94816
94137
54124
41174
32026
88433
50061
46102
87221
74928
40527
83451
57920
51311
71281
71821
52015
24206
57202
21363
70840
21037
68737
49759
33879
5161
14609
71479
46001
118
85064
53569
29813
2294
25591
8650
63326
70675
16579
4339
94518
4127
35970
57688
24149
97797
21889
74750
32615
65931
86306
62457
83819
45607
72291
44311
44599
19259
89721
28108
24857
23758
15068
31451
99545
34281
88155
80094
72218
5290
92881
3187
24319
2056
11567
31875
27498
98500
22649
50031
15711
73833
28973
47321
51112
10720
5117
82732
31122
73170
87134
57545
98420
79802
34361
3472
27375
51526
60735
96295
60241
36394
39993
12330
31700
67425
80125
14703
21731
35682
65340
65268
57085
21595
92505
35208
18002
66284
49748
78771
58954
80482
3204
36610
27557
80558
2212
96787
64989
63362
49348
42649
39655
2919
99680
66348
43513
40542
19533
20177
23141
79761
73232
67010
72196
83253
1801
2009
69422
4735
48812
41950
16037
70528
45136
26250
30129
81470
31648
2168
92710
92912
98576
29031
45122
38965
37129
8974
53490
87730
101
12765
18612
23046
98519
26123
54903
38636
36897
56802
8831
7053
51625
68227
85797
50047
31301
36662
3227
65501
12307
81779
92077
13828
34277
73126
31587
73576
12442
96739
23171
68465
71304
16934
33715
24757
55093
83365
88412
73395
94309
1940
79754
77353
46030
99317
96944
87667
28807
42170
3400
13505
33855
66296
32504
90899
15498
96330
73168
81204
8277
67359
50608
14480
93179
16545
31591
34962
37264
42627
43094
991
17786
9350
6386
50025
33664
50376
95593
81265
48763
58761
85180
87932
73833
19675
28298
9744
41152
6758
15533
19020
35359
40470
46781
93474
39712
85922
39155
29809
41098
49913
13705
77379
35
22122
13340
1791
35747
51632
75891
95308
80676
89624
32186
49700
35125
9617
11655
6608
69677
47663
78333
76550
28732
79324
74127
50203
70781
78076
22332
72838
57256
67163
27128
90483
2917
55957
95276
18081
46075
65921
32980
97433
29830
98747
28294
22987
95014
45677
92370
23718
73332
80121
45733
99572
54576
52133
47496
32176
86773
26372
68485
7717
95374
17341
24105
91428
1443
27802
47429
31617
12651
98160
92687
36075
64869
68869
39621
9542
25890
57667
64337
30151
40057
98423
56040
8107
89534
23558
13581
92724
2701
54286
72595
56929
65472
73428
44191
65961
60704
33391
66155
98964
82873
31663
45319
28022
82822
73035
85627
16329
40107
56167
37127
35558
95521
65278
81323
37727
47083
7474
88994
95036
92424
33197
94153
4720
92802
51378
51998
33175
20259
82789
41188
32943
11943
41940
39842
23503
86220
61313
88331
3752
57445
51565
8696
2103
68943
41346
69649
93188
23579
4605
80588
44507
30346
11798
83212
85988
20535
97933
64778
98881
62381
37683
52497
38404
83897
850
65795
83082
24827
12058
25113
41559
80374
71561
50600
98319
80999
40246
95551
58094
25938
66843
64429
5702
56055
46364
31871
6611
45892
49688
23175
3580
4132
23019
9816
38472
79509
11069
13838
26425
34999
32939
63403
89098
75553
53552
83387
87649
42797
92367
75001
529
2643
11840
77834
78448
52788
35349
7495
38895
95053
85127
12377
43323
5995
40386
60285
4142
7741
78089
69319
98547
60005
57320
97058
65013
79497
70068
11669
22434
42342
48609
68482
129
5444
31584
21000
44077
65188
36594
11368
32109
98805
82510
77380
50578
37031
37515
89699
7052
98551
32651
6482
89673
66088
75940
11812
57643
75891
59915
87738
39877
76661
78463
17758
73010
88967
51248
73577
5394
81835
74410
6501
61665
56034
54370
21356
29750
25786
81403
79311
73717
93829
21525
62867
19761
26917
96660
41717
61346
17187
10600
63790
48990
85886
42622
3442
32599
39137
49314
84371
93010
71533
94671
83458
13503
79702
69621
79893
56474
33130
36614
85156
84956
17931
14141
30702
13118
32702
21259
32632
15148
30428
64703
9173
99394
69478
58034
1666
68454
41397
44332
12456
1
86255
9782
44388
7131
67158
86877
98467
95090
25306
79903
21991
38423
9871
15926
64967
3077
85945
19486
49554
3806
1956
57413
63412
26628
18864
2894
63441
40849
10441
42945
39534
86708
85140
26259
98031
99145
1990
26317
83899
12595
89039
89211
24475
23608
4275
91828
86434
12313
91033
52865
90983
28493
66461
63532
72493
46617
81280
83271
42179
26062
8799
36309
66407
75487
55969
92985
16326
98365
78313
83577
40799
81840
44972
16142
76485
31028
55772
16683
23395
8495
59395
93864
94297
54347
69260
42954
79173
8404
27450
23312
27549
66735
61532
26972
82585
33844
59576
33981
54830
57674
58500
33141
51188
44734
86805
107
34025
33632
79438
52112
11886
23002
77690
96710
68303
45901
69396
10065
9120
96041
63043
80606
43843
65385
59780
36843
52711
16713
20799
52786
18378
61126
69692
26581
88158
62800
86062
51495
1802
8046
1965
48373
1895
10382
42498
79920
49483
44775
50555
19863
47555
72397
43966
54309
87384
21360
9466
43732
25172
26034
76953
52173
55966
22339
82802
41934
72706
47867
20668
56374
17868
26163
61596
74640
56658
70880
21567
76825
83537
53485
19971
10703
62672
6707
73807
2073
63041
9048
52516
68173
92134
49602
5547
43714
19120
10870
15853
80755
64610
80114
38337
35755
59220
84675
35136
23283
72403
80995
1685
97814
97926
26930
66097
98350
15788
42160
32155
64205
43425
83189
33220
86921
4448
82637
91287
21732
63937
22580
99663
18199
96483
20713
41892
77339
90053
8722
30077
9876
93071
66988
44873
11515
85230
86348
4265
73830
52860
65463
37893
65814
8957
25435
55359
65916
54341
79560
41508
45352
69464
94319
4350
46064
74570
95477
60326
1690
96389
57011
89335
30855
94536
75726
45662
84859
41036
93774
50286
21773
2850
98205
28913
56999
26968
18013
47992
65210
63931
19302
22643
66690
46903
50044
28188
39921
40953
24041
9101
21019
79701
2940
8274
31358
63811
51997
35065
29515
30884
10603
27334
77141
37347
41141
3843
16565
48151
25937
74837
18072
23269
53660
96073
67142
83394
34639
43501
66383
35222
71002
67004
14163
71515
47999
15281
32622
15045
60334
30909
70719
29980
38681
69939
47732
86084
58515
55040
75540
89214
20778
17720
82056
3399
34589
24075
25351
27582
50235
92343
81756
64707
40699
44119
26870
88763
47666
1113
4140
16848
17076
20398
6123
88181
25354
46810
27901
33831
60588
74283
22456
65583
65819
52678
58592
49765
24541
42428
40441
89614
80246
20956
23662
79846
10304
17315
6519
11992
2279
71534
42539
72777
68836
56336
90818
53301
2003
26047
63588
71314
80915
33384
26548
63153
8185
36611
24787
85219
53041
19489
21522
70359
97651
47681
88376
87041
75742
38595
11211
37047
74867
5332
29823
96789
8241
40
55768
37920
53832
95653
4798
92903
51836
41275
60956
25478
32344
50098
46325
77029
70764
81917
48804
3165
93701
2346
39501
50298
99432
60027
20582
64059
8555
50094
47388
90902
39855
63448
7139
91673
4893
77393
76669
84812
36348
39529
76550
29074
53293
18073
37178
44303
37283
10515
35588
6595
60066
66395
84132
83187
90995
68015
70043
63689
38209
21474
89526
3378
85267
45094
75381
84357
87206
8519
90839
74532
96550
41653
92100
41466
22058
21242
406
84133
18889
86378
10917
86189
40444
17207
94798
58514
20594
81316
19455
60548
52618
76690
61633
54507
34576
3638
10626
80039
37687
53323
71615
70770
83887
10820
2379
50978
70883
34426
32126
67083
21971
39843
17564
61664
17385
40452
53632
30330
97945
42045
65349
63057
47130
55042
96146
24679
20699
3243
11488
34564
82948
33505
42569
15580
98666
99608
35310
79277
87086
71996
22916
69637
87411
31524
69053
10432
86811
97572
87599
2574
53149
23262
51107
59539
46948
29144
38716
79240
27495
14761
161
55136
960
68236
75113
25093
20428
91703
77986
32960
91998
45766
56990
10583
51360
23568
67291
71152
84103
41179
44173
61012
99537
42124
53386
93455
37246
53974
48338
4692
65992
74292
14585
81406
1409
18578
64787
29872
76776
74788
33499
85054
68711
58906
74207
87877
36203
62860
81131
27125
97889
89359
78224
37327
29162
91498
2993
23113
11099
77602
53258
98030
69971
95664
95966
75810
86681
25237
55067
16451
48466
31748
32172
15692
74780
83389
29851
6867
38730
89050
20129
2546
51741
96930
39083
67331
24891
79036
80106
24036
95310
84317
88120
67417
92348
40290
95234
24721
62366
16089
3350
84833
43775
95770
55370
97165
54675
38867
86438
88869
1329
3584
83696
54956
8175
90
7186
32275
74328
48230
93002
63236
90285
79310
52302
53307
4565
24589
40281
94126
12034
7044
10807
61902
14786
40106
46409
56390
88126
69536
48565
72991
62131
65441
89101
11366
4074
10841
81850
61573
80214
74221
49381
65198
6026
93176
98561
77239
15028
17494
3897
14366
72474
58200
45362
59726
88239
66328
52284
47162
3634
42567
33562
14662
2660
80578
25803
38949
79492
50211
63893
67676
23592
10772
62126
62342
12186
9726
12038
92849
3117
10111
3540
35749
89562
3226
63131
40709
89243
76297
52504
99822
29764
58989
50603
75516
80089
97958
55936
53740
1391
31262
93177
75068
7107
75519
27545
59215
84241
77157
68624
51980
92371
75470
63454
29574
7286
54158
53798
45879
46842
75327
497
98949
26054
35190
66555
13766
85925
88593
6526
16736
80769
80876
62745
83305
69306
37331
41820
44685
47363
31825
65459
69230
22906
82182
61452
61926
21058
10232
2695
28136
27039
44609
54010
69284
35373
16998
12990
13097
5660
11047
89625
18948
86604
44050
71528
40519
9890
11122
37097
52453
47236
1605
49027
1594
26519
49132
5330
78280
47826
25787
9523
15932
94846
42928
67144
7918
85068
78848
27112
12039
90387
92653
17958
84669
2245
12500
20957
32730
69614
67362
23093
36859
73288
70919
49972
95732
86557
54083
24772
91697
93178
444
23772
32855
22027
94002
69486
59304
89433
69994
72205
90117
45726
15430
62937
32879
94977
50229
99177
50918
72082
83623
68467
93234
5091
94521
44442
48448
51424
83311
62069
52900
86189
93759
87736
96701
74811
72298
77954
67350
35559
51462
57410
19880
65423
34070
57254
87677
28018
10715
9185
41199
87491
63651
31096
99215
11176
56608
76874
69378
63669
86100
25498
5702
27617
13096
61626
7154
29058
37980
59254
70331
23338
58041
65946
59346
82269
31330
59968
32395
85709
34696
35514
16409
7316
12956
66488
96821
23853
42208
74711
22302
77296
1079
77990
22426
54888
73147
7222
31194
98099
72237
57758
25723
50485
36550
4680
10345
29081
56428
27804
61790
92069
4993
71174
67144
6361
63670
85094
11849
80900
23068
88085
52312
41603
72955
70223
59269
4087
32443
2689
26169
57218
45376
26831
75963
37246
43731
76610
84559
20793
17210
70957
10618
58896
18410
48571
65025
68583
90515
67639
83214
59619
39482
92504
58900
4068
24740
25350
93546
90627
50573
99565
93299
13507
99769
56381
93183
16247
49346
91035
68170
93776
4368
60393
82178
41697
94534
48908
36486
47441
45241
82175
62313
95996
11068
98260
87606
32583
51190
19106
78990
34078
36853
96464
38028
68588
18396
22108
32170
89077
39160
31240
26909
64371
20368
39777
16762
12588
68923
99214
92316
91916
12971
59154
69502
61636
45383
88253
51234
22143
69622
9653
97396
3581
37943
220
40681
99662
73646
63679
98785
19084
50169
57979
77003
15733
7744
21612
63848
69956
8715
95027
78663
7051
52429
82691
40720
60399
8190
78888
53276
2656
75591
48340
83041
74708
67862
7527
19500
78719
59826
17307
20935
39952
7592
5066
31130
69291
47491
67868
25005
68862
27099
30832
67436
78275
27268
76326
47587
64561
7911
64103
6312
34975
72301
7506
57913
3127
26008
24964
87642
61010
9708
95491
22433
49557
46954
61703
92013
64392
22238
76838
67856
19023
54798
5210
84525
83079
21267
68497
87516
21630
92676
42224
54507
4271
2989
52709
54175
29849
39327
3848
67960
13564
41953
19276
32114
86895
15908
45032
21031
9984
87892
85309
10738
54473
59466
13604
77423
13643
75454
87094
2015
67978
10618
64310
89191
36229
42570
99294
18519
5168
94383
86437
18088
43792
92563
32266
61247
61586
50455
43072
70830
77192
88041
75062
11130
21761
54801
88770
69719
88708
78281
2921
44879
27593
82765
14381
3137
28820
43208
49876
67270
54863
62766
14129
31567
86370
30056
18097
50795
99154
92554
98820
11173
78387
11425
63877
10313
3339
10408
74120
24167
92741
61369
80224
29520
19535
90112
41962
37918
88656
35371
97913
56080
17929
8830
79710
65618
90215
1828
63188
52379
36994
67648
64742
2448
89046
61344
35454
12614
46907
65843
44746
56164
86115
60881
14476
95367
1455
55065
30271
84416
15630
84696
92066
20504
30355
81989
59842
59411
45490
96938
59432
97330
74488
89116
80187
25939
88804
66251
31828
55475
44421
45397
97821
8627
62705
39189
24420
98680
68991
89882
96610
31148
10369
24466
5026
61987
58402
54853
89712
66424
96248
92925
17568
64853
19078
33347
4728
47281
12593
67685
90363
63156
66109
77075
21491
42678
58371
37578
98650
7974
25809
52072
81221
11015
46334
54589
44878
88372
45224
9442
70748
73507
42156
19044
85905
38280
70145
47385
72528
87632
70034
67635
41353
9518
46038
95954
51394
38803
90510
54643
98339
60342
60474
86918
99166
46803
30136
69022
1754
16175
43482
9506
51323
1338
74915
48800
16207
62317
51678
76257
53591
58835
91258
71480
64656
29828
22694
20915
52829
81101
84965
72084
43443
84011
59374
42362
49856
47957
44739
67928
73497
61978
10348
31591
91455
77120
54704
98231
98445
35563
31791
2752
3329
59134
77470
21176
27076
41660
96511
10109
43384
37543
13885
75377
26109
16394
61057
87366
71360
36914
46292
78159
59328
77334
68370
51414
49566
54072
21319
652
28256
5892
21865
10651
82530
80053
55921
56727
93243
65751
75127
28147
8519
86855
55529
52655
5686
92150
44743
86287
85072
43052
62078
45895
97923
58346
16160
72627
22411
68584
79933
52547
41372
50173
82656
58516
71311
8412
94343
69785
17223
88667
88416
22840
21119
25040
99613
23057
30930
72020
94836
44025
19750
60809
91158
17477
73493
13208
53994
41698
21530
62386
1413
88769
31701
24153
40839
60591
47802
41399
1557
87427
58588
41772
73007
31921
72242
38661
54478
94235
27460
76263
34204
88935
60500
59052
20591
92396
19115
20772
73699
25318
84639
58748
50099
10633
70974
47612
79828
63794
97305
9354
69295
26040
46512
38349
91992
48354
89494
3052
70863
96498
45121
44404
96979
77471
73360
52728
99070
84608
633
50867
83585
39332
29198
36393
42492
59679
10155
6859
10202
9791
51583
48090
53031
62813
82773
96227
9647
30094
17534
104
14677
80697
72476
97695
55660
22115
24013
94963
6006
52230
66994
53608
61174
54656
18907
8381
66100
95272
66066
61674
76044
47899
9568
62569
41203
26388
11039
65713
48520
41403
17022
77340
40019
78292
91082
9643
55037
19032
57631
29536
45323
4737
48459
81544
59224
58494
56027
15068
12845
50566
89765
67708
11968
362
88209
70940
83559
37827
57764
59387
56247
98347
60298
42926
94845
55975
33375
66684
31224
53730
83547
12866
18353
27605
84760
95255
74137
56065
41345
71081
21693
75967
22040
7110
85096
40079
69188
90871
53174
5326
6646
7335
16368
82339
29142
18305
94184
48823
80335
84087
55763
39140
75763
16511
88734
33510
88556
85432
63886
27631
70657
44618
37720
77303
94177
12587
51257
8144
12270
24478
38676
50999
28361
77751
21702
76102
76567
10425
58695
40839
26285
28352
32128
78883
45597
97274
75459
65561
35068
13007
81163
64394
2671
39810
62161
76080
85010
68880
1800
76527
13572
83670
84598
75076
74675
90287
24431
80250
88799
25242
86191
36603
87246
13082
17300
15779
8139
29591
86998
27089
72540
45633
57924
35799
79775
60469
53500
62576
88671
93209
2599
83281
61273
48673
12879
37688
64293
29364
97789
56065
62244
66216
8627
67736
23589
17705
91971
38248
10163
74713
36394
96178
42527
50578
15853
55833
34693
13383
50350
20058
38621
40296
92875
12890
56385
99684
90611
25239
82166
64681
60006
14304
15225
43271
61928
88577
57191
45074
77825
88310
82665
61222
95540
1344
35482
80197
33882
49910
19190
56508
49146
47507
27904
35428
94440
16429
47312
47108
48119
50726
52280
24531
24316
11963
45522
81211
75873
4794
72072
3801
1570
76528
85663
67745
30439
29120
41696
48415
72446
82384
420
3064
50805
96862
47324
52207
42385
74991
58395
71395
59630
26056
42144
7125
29460
80598
57283
71304
76818
78631
71163
11233
36857
443
66954
2542
75640
45621
86598
32483
22095
4780
81221
41599
62194
77951
58212
109
31868
55749
5204
59591
70509
97249
8066
12020
94370
95316
68321
42450
77776
81549
53045
4815
96732
19003
7455
18001
56954
17316
45056
49398
74240
30062
620
6293
35749
14426
15821
38499
66204
60336
49
49586
76391
37174
86577
27796
38874
91674
52190
4445
97678
5263
28458
25030
34782
79540
98736
71054
86049
7407
5442
26779
1796
11257
13005
34302
94723
43475
7179
69621
88356
96695
60581
91210
45105
50217
44898
21592
94000
72300
75120
30957
82464
89361
56782
72139
64114
86282
43635
18505
70626
44380
81887
93687
11024
13427
80221
87807
96575
90447
76049
72518
15626
47004
77795
64081
23198
52736
93896
1253
61944
46958
73386
30950
10075
23671
36756
52737
35982
86816
1627
9222
80112
62382
7116
67789
34073
20798
3950
12154
67534
1713
44116
17818
53952
40837
17954
77709
38082
79903
60088
95678
81989
11395
3520
72397
58898
65318
51760
30925
34340
81851
24573
11241
57759
81066
8060
82594
14737
57375
43990
46132
57059
48670
37511
56151
51899
89812
2131
44704
66546
35624
87430
78855
13389
8689
83910
51044
96602
67009
3928
5779
15593
5759
6411
52086
24740
8211
29348
89018
12909
91770
7623
29969
12530
61049
9568
3774
1551
78413
3339
89072
47937
70753
28966
22789
5954
13018
29360
73104
32422
16236
84574
56950
96977
30416
21338
26705
79699
63565
70392
98903
6017
35378
6647
85589
75728
98662
32432
83605
8016
18198
52095
74784
32900
2477
88395
95996
24090
46883
73267
33941
69707
22188
84406
2106
53648
85105
59583
34975
72062
27356
90476
90304
39969
79500
87385
43653
15889
14089
54094
34528
76914
21681
28738
36723
91246
45649
49610
43727
5703
88047
994
28920
60284
62628
72758
6148
86426
56327
717
6946
56348
75428
74611
63511
28032
91212
79298
75555
84551
24870
75212
5026
19529
74211
31496
1103
55379
34352
5206
9987
7262
73444
36272
9307
22605
9304
65648
16728
61763
83542
86456
70239
85630
71754
1986
31808
1108
11702
14692
55860
21448
76642
40415
33344
74057
43760
43877
2583
75688
91886
93092
61403
87508
45636
91635
3044
45363
2637
48408
86137
71423
32930
80052
37882
86010
33106
7884
12033
34864
68078
65141
29693
67720
61056
14810
46558
62758
3164
48877
47471
40416
70863
44648
98172
8123
28948
2686
98805
54881
31973
87140
19499
84513
54511
74229
27608
21188
32862
66438
62427
82983
34807
38311
12448
81114
13957
7667
60638
48851
73930
56980
69850
27632
92663
10165
21578
71175
64504
59110
60339
86220
83366
90950
92979
15455
66336
54896
79579
19790
60628
64964
93268
67150
24982
69488
7043
56626
82803
3323
84967
94726
33440
48271
66494
38027
42539
77600
21287
60942
74931
55997
69507
16167
63988
1394
98293
53483
18266
93271
21928
78351
70039
99129
86416
91386
33103
75395
89960
65477
5168
66313
7707
87185
76416
28336
61182
74277
11246
37789
64506
4259
87979
72729
19719
99942
4753
96221
22644
24443
53889
13920
89444
90552
16971
45242
5874
64061
22150
86356
49429
17766
76607
22895
7646
14954
90734
63693
11326
35827
26917
73792
61509
98778
6146
39469
36197
55326
76067
3963
56853
95873
35673
22014
68049
72255
4181
35131
35519
75084
98654
38872
3084
8873
44069
51394
75829
60387
69264
67481
62242
11176
82515
80348
12908
32710
37117
31212
79328
97666
65421
51072
69723
32626
78949
24741
96213
10904
45271
22607
55002
82651
11933
17601
8019
40483
74213
63413
80004
30865
86984
9960
11022
52889
88124
9349
31412
50461
17375
33100
58491
40551
31636
18015
79787
63074
89386
93705
41202
27062
87927
74540
61064
20574
59557
35749
13837
41703
78083
95741
77230
616
30492
33999
16166
28089
69764
92593
16385
44337
47566
49633
96284
47360
42970
11565
76936
59365
40108
23359
46734
94925
74713
82435
77964
17065
635
17687
73501
81162
77987
23950
79991
94108
76429
93472
35054
8284
56559
27026
50070
43095
90220
17853
19557
64833
86213
47934
37655
81103
34063
79481
59243
73073
75712
65931
78731
15855
91682
3627
15433
95551
67210
39515
90596
14465
73250
27473
23530
16439
16322
84444
13912
77508
8158
66326
84508
91167
47065
50213
77563
51316
56983
41805
5423
30679
11568
82326
28232
8774
30304
21941
91636
27387
22619
81337
89081
26026
2718
12148
28734
25949
12192
1925
93834
73578
52680
43486
44932
58829
59608
23959
44729
39239
33831
75054
17564
47475
99309
42488
88008
21601
54167
34473
50593
77329
15770
45244
3865
2061
95684
11871
78638
4291
76878
96703
3728
90078
72301
73547
19937
51904
76136
28839
3125
15646
41252
55760
59224
27416
1147
16454
26575
76787
66028
14907
53494
16661
24075
17079
37801
10269
96793
91686
15774
24924
87822
10846
99792
85620
24115
18256
41302
72747
93484
97610
87666
13099
88914
78439
96806
35162
32543
96340
91488
60401
61219
2016
68054
81628
73171
16479
76972
94253
46977
47323
9427
89277
59974
64024
80363
28159
54748
15265
31113
41282
77705
2100
33044
54980
58741
54023
75241
13550
7836
16246
84991
49584
84959
67723
52837
26041
99477
45992
3943
27378
98527
27315
61071
16984
10554
54302
40136
17685
65709
53171
8093
78202
65377
60857
92384
95099
80336
83877
37703
58471
57719
42047
54257
60578
6597
10992
35527
57633
89238
3717
10109
46241
17145
58211
57463
13508
19404
65159
62696
18633
84809
75992
27990
39047
63258
32172
78746
89605
27817
27955
47523
56505
53458
40196
66970
22684
56377
48291
83584
81735
41528
15755
81683
56524
63729
10941
82383
89650
97826
69573
146
54542
18198
7974
99832
93819
88088
32418
45509
44887
5666
15847
74273
78073
37555
47225
50557
40082
30079
82712
52500
12351
40449
32174
48300
67528
14092
53943
92380
7512
52991
60461
40103
63386
44950
87695
68935
95852
26749
52334
24197
85187
5056
99124
80165
4411
90077
17
85950
81464
39835
16835
73606
90558
31156
61025
39853
50025
9358
63780
18464
94698
8007
59955
61678
15135
8622
93577
28615
77966
30927
18757
84832
76093
65542
33998
3314
8177
7093
70561
46755
39298
32816
78841
5020
2999
27094
14937
40537
22787
76986
6168
31808
54139
54047
2186
58697
22706
98530
25863
80412
3284
52241
70651
51831
51387
41818
50570
8622
98705
27358
41341
41997
65955
21508
43308
89434
42302
68233
12106
49237
11498
80597
90856
68097
72991
41770
65991
55676
47847
31766
12702
37482
45234
11879
27747
11632
81296
90302
90746
4700
57359
54748
36152
89826
97713
16441
96082
38562
65704
92275
89863
4421
70929
27843
29606
99525
76203
17388
79230
91052
2290
4813
9184
31221
3965
74230
60914
57615
25872
62679
28979
40992
37534
81779
28039
60198
88318
54163
46654
28217
64777
9688
7237
15372
28558
70600
53576
32754
66578
69098
54786
54781
76551
98732
84003
91873
2888
9729
35004
92151
78830
35625
61674
38238
20178
88744
46045
15804
46784
93080
31780
1795
31476
75354
58199
8878
91443
28616
31905
87210
40329
16262
18312
98866
78458
86647
19193
46834
54343
25228
6261
86093
82048
80183
34130
53850
32064
13118
15695
20105
19337
37226
35801
98852
51645
43935
92147
64016
25494
11142
49701
81107
70883
58022
47523
16719
19455
41970
59128
29420
39983
32636
6672
9845
95928
38
12255
40376
41595
76345
61809
29137
41006
48047
2191
79520
80377
7370
45066
29686
30697
89064
87240
85231
21012
66542
88776
28153
8746
3649
60019
88980
9332
21555
82881
87281
5835
13210
97477
93596
79000
64541
94103
85014
98660
63976
58044
37531
42939
34336
8755
48483
37793
68784
44094
31620
21329
56032
17899
51444
11566
5671
72319
9580
91176
70199
91230
57736
55470
13335
68185
26411
52298
52111
58900
87551
12733
75324
850
94618
33911
22659
30848
43196
86451
82018
27996
88117
78989
45474
27360
95491
82593
63593
52558
79097
26913
54636
61817
75292
26995
61793
62477
63175
89541
40914
51613
56878
65006
8846
14567
14335
43778
53689
18310
62468
6641
77348
6868
9829
18172
29815
94170
24587
14421
59915
13749
54303
82131
3860
35046
67089
51887
10363
7575
79957
40350
48010
33701
88647
94122
98433
9614
15503
32783
61510
53497
21792
14224
78616
9244
50810
16179
14052
35757
92335
92000
2832
17801
21635
78257
33077
50843
77996
86774
50955
70410
63353
5608
56124
8513
98351
88103
67386
32412
6959
97651
69516
15564
36371
27971
92259
36903
40055
24134
37548
50351
48180
64020
32894
90141
90439
86095
86322
46826
41585
14331
30451
24058
47927
10104
61739
83365
61994
60952
13149
62371
67201
87457
41841
30804
51202
68096
52553
76841
66783
97768
93939
12626
45789
71206
21271
63781
49200
75906
64848
38087
21123
96596
45463
17115
6804
36032
87803
92388
93051
75312
85389
41945
49130
28717
69432
77380
59248
39738
46606
23574
93560
80109
59517
82795
25935
38730
64992
88981
48579
27485
40946
89576
76870
87924
82077
9857
20882
81207
10416
54676
66726
165
52080
99792
46031
65036
52741
37233
20610
99845
75381
88194
709
12489
98958
92973
32045
27412
90141
94369
5922
43957
10364
73855
68799
96590
19143
13345
50262
98255
66479
27782
45905
63625
40680
37822
97106
40561
71901
84143
67899
10900
98244
79394
54794
77329
14123
59565
69436
65400
52017
62718
79987
12989
15698
3232
52914
40632
47642
77069
18885
5692
24379
96529
23581
9970
18266
42166
39801
14353
17027
86257
63552
41564
78941
40425
92043
22073
2903
40223
28032
38633
77858
38046
85368
37129
88249
76193
98530
54212
46042
16027
66785
79987
37528
53383
99696
98930
79466
63692
34374
51263
42491
28428
92405
5106
62276
76266
11372
98548
61143
4246
17948
45437
55570
2103
46327
44270
60851
87507
62676
86343
61035
66206
31919
72327
59051
52508
37966
41918
56987
437
671
78320
77546
98068
6205
95688
90591
32955
45873
46998
45550
41895
50324
91655
81382
29340
70194
34527
2951
18061
1803
50134
93328
65034
36084
20844
92151
4454
60890
2538
23602
51459
63622
83031
97394
76349
54332
95155
30800
3600
13086
64723
10496
89030
80077
86394
4449
45857
96655
39953
22870
68225
11692
15331
52335
25651
29330
85655
30560
6135
6521
77418
82131
58156
23521
60840
17914
72794
66455
10375
6652
51963
43735
37633
93233
59846
97675
7244
95785
64954
62833
37015
75974
74724
33594
84099
3338
38029
74959
34075
54794
86308
57998
77810
32418
29571
87859
88152
45155
85343
86802
99320
47207
62737
69120
68977
1925
93053
95409
86223
48736
95836
48027
57445
11098
52810
39514
10090
98022
78381
58413
61229
2138
46080
65662
93397
73475
91644
44287
79098
72403
50978
44016
93114
51221
93031
76285
38297
70337
53308
49987
99800
52843
27033
99667
49968
82614
21926
52911
51691
30182
29062
36754
62720
23251
84096
9229
34857
51801
85867
93259
31394
79180
7349
58165
23169
85993
83248
32530
79564
35464
51769
99750
90331
33838
17575
20668
89451
88191
73037
61118
33980
60336
75948
30273
77288
96153
69592
56318
31585
10281
75524
41914
74181
41333
61324
95911
78880
73193
3776
14179
32927
43455
85416
34430
29932
48780
95577
39898
22475
6775
21330
83307
93904
79974
12531
83613
43162
12369
27163
6325
69808
83255
68635
21168
90487
46831
64765
66599
86765
1591
42827
71988
17541
62120
9949
46830
99423
14635
97283
60400
60323
25796
31402
95577
21594
95661
74319
41996
13705
20446
75070
14295
38699
43111
79301
64048
21546
89952
88410
15580
1914
16088
64677
47977
14482
43753
37131
98939
5928
75629
15417
56132
6503
3178
62409
77004
97488
87368
12660
9521
68522
70564
89716
71207
65927
58461
42229
60064
96693
83755
95447
72903
90077
31759
58114
81735
34267
72518
10983
64424
52027
4055
51503
31993
31692
2220
69347
65641
92868
33821
96983
55279
12784
38535
89075
93194
77558
87484
31071
85283
14281
22004
31434
68431
54760
5954
22583
66256
43507
62145
75717
71098
76267
56205
48570
46835
3334
77646
89707
66292
35403
64910
92938
38028
77680
65356
29709
1764
81997
33801
11703
75741
28060
6560
52261
2325
34832
55539
95479
27849
96303
60224
8056
34228
59694
94450
7692
50710
7943
85460
71798
86480
85273
95584
50723
9483
74493
57910
17078
96600
25440
70216
86737
41970
51873
73266
95516
80064
69161
28423
64310
88278
6530
62534
6709
73467
7510
49995
1275
68742
64549
91138
35607
55009
10882
5047
67413
21712
29675
90761
33219
52075
93379
90397
20257
28742
89933
88974
75429
70130
62567
5761
5544
50972
22977
88695
62576
89811
11224
66236
90298
15591
47188
21757
60867
88845
58810
13783
46900
9375
10031
36393
12296
75520
27018
30315
55676
15933
47059
90456
23090
44463
84222
42087
91969
34877
81855
16920
35164
56991
51337
15497
50877
23837
80295
14568
73070
58933
88757
87651
97364
79836
79836
94651
27865
85436
40456
84919
15700
95419
17320
63637
15671
7004
1954
1531
24853
36159
27568
94540
46222
5603
33339
32854
8568
1068
45042
9512
91276
33279
37319
92640
77290
61771
95238
32386
84617
86050
50899
58085
26239
9220
54527
50248
98089
4988
99942
48322
52857
1060
92617
11415
10393
90852
80611
5094
12800
35480
5738
40063
22928
73679
63107
7506
79016
90575
97890
44323
50765
47350
76925
9689
89712
27196
31820
7381
64732
44692
48672
51616
83039
24721
31293
45342
32147
2086
89557
42174
68103
64773
85538
80595
85870
75112
4351
54365
93540
56046
15043
53056
45849
12286
732
86903
65947
55175
88772
30945
99044
6280
89091
44601
25789
17771
28864
23171
27149
5004
98245
87458
27491
75319
40206
63143
64796
24207
15949
21764
31089
3211
71454
30271
87424
93084
43714
1666
2485
80745
32986
32015
87636
32283
38210
96048
50086
9557
46311
19340
55198
9306
29863
95990
35079
30034
66723
65152
23820
2248
37251
54765
55651
93547
60582
77219
91287
80276
13572
41439
23408
423
43683
73315
28737
29650
25266
3434
74574
2802
26086
19165
46776
87253
98734
16958
69223
13947
11829
33921
4434
5365
24819
53850
40686
21232
78544
55345
65169
37067
75447
93426
47458
84483
15314
13313
95039
45424
16616
67691
16137
19624
64239
5080
59408
15777
13168
42301
69495
53748
44342
31086
16068
60221
77554
73552
6086
89791
13583
63596
5027
59236
96461
20319
35741
23170
84924
92206
27361
39641
85654
2103
8876
11545
12761
5763
72921
69505
51551
79640
74859
7874
65788
64747
24596
75106
63284
82738
43616
74588
34775
13048
1153
20388
65242
31273
50487
26920
17779
39981
15420
64563
38769
75666
96937
77227
13685
37377
85577
71930
69873
54867
16760
81513
13723
8925
18999
99112
72301
71782
58191
82187
85309
15513
16062
80847
82964
37109
6915
91610
60398
46498
74819
10303
55501
90591
97750
29729
79769
20279
47217
81135
53560
40946
41648
41070
23494
90535
43264
53204
68593
21390
93862
93680
7700
36755
19376
34728
31246
84392
25462
66874
15358
84466
27499
54916
64606
8739
6406
71486
74233
40680
93288
31781
46025
32728
50057
91923
97169
36653
86308
20298
20852
71151
44827
55824
75473
80043
78120
33235
76988
26563
55106
91341
52697
10784
80296
78979
87159
97730
86797
584
37063
6008
50464
27999
88824
13386
34294
2813
79953
16339
91863
21709
31178
80557
69378
88845
71239
1605
56861
33557
5009
37485
49885
45400
94035
91856
6958
72067
97326
42336
52959
41090
43098
90507
6670
96322
24057
86988
34571
77169
65785
95582
89900
34369
58023
6091
1453
25708
54890
70883
2177
5746
85731
78376
32857
72765
47743
17958
26384
83589
31926
40960
88113
57520
90307
78309
40133
36689
39200
64322
73629
38353
70174
70449
64376
65483
22366
72687
50673
68049
80079
15531
57097
46957
23492
25401
78668
35938
16849
10759
674
51056
39682
1991
21205
40534
21752
29451
27290
98897
43361
51343
62622
94563
19635
46064
78990
66063
40836
93947
85507
38977
31625
76608
8936
73803
38026
17956
18153
38569
43518
89078
65882
38118
6312
74297
39265
27703
73965
41472
42433
42662
84080
58169
99972
52233
24716
77440
86436
16368
42062
68500
17494
56318
96749
97574
83443
50991
42919
301
10596
34552
24377
24023
47978
971
6714
28538
75496
46457
77236
54089
38093
23122
79201
25154
59713
39913
35038
37892
28364
35763
75374
94301
70494
64366
73582
58082
88702
69149
91824
98360
23570
83889
46070
3310
75047
13604
14765
72622
49534
6559
35172
29321
82579
76316
5639
55055
5515
49829
12508
2144
38970
15419
20985
57180
1935
22547
93376
8854
5340
73403
38009
75400
43941
50010
58954
3200
45764
21397
40213
48792
67095
16653
36014
41988
10951
11846
37816
93092
61493
22627
51963
87832
37411
57197
27107
88275
7197
52595
2008
82185
61090
6538
78006
73826
31059
56437
69129
35024
75862
55457
25062
86877
69895
33991
75944
31198
51388
91061
10278
64036
23156
98854
87278
97233
54651
780
77472
12071
77884
24400
85993
72700
68004
55761
24955
50314
52047
68552
39685
15683
31697
71532
79636
33505
30499
19985
17926
27611
48647
45132
9862
26388
94330
64561
79497
64558
20214
93469
89572
79676
41345
34960
88616
26453
9429
12146
49691
64355
91981
38486
4628
47323
12872
4379
32851
55720
46493
96239
27931
23456
26428
60399
61228
63448
15165
80010
4897
39955
81479
62692
26947
59990
72318
75061
59880
65687
22346
17329
18828
94739
62529
4035
12138
86398
52784
26578
85687
91637
30539
22758
75643
87504
17902
72803
41932
9716
61391
35188
92361
9893
80995
31171
54769
32472
51241
58245
23614
89222
33239
73843
577
7548
69119
18002
64154
72847
68221
73748
62515
51598
14208
43928
52795
4560
15026
78636
74522
14188
54790
23027
95286
5191
86461
53057
80545
37799
29269
15490
98524
10406
52847
8091
98381
52099
9275
35337
16120
14067
43234
74214
34813
4725
528
91274
84910
59906
69660
52493
13578
20739
79509
39434
78203
80029
60491
41760
87177
30119
89014
25138
87353
1500
57159
96974
72421
44876
64074
26923
74937
30893
96660
28715
38951
32335
61135
33856
60680
17452
82655
50731
58832
21886
40400
15487
21580
42123
97502
67812
14651
3548
95649
4760
32550
59275
80115
65392
37982
44922
53471
83868
40720
23777
67559
78216
35559
46623
49426
70974
74878
37170
26512
22121
50656
27745
92620
29269
41342
57654
87821
83026
54220
54857
27368
70968
11129
78936
57958
29156
49802
33587
82862
35872
95826
33683
15118
70816
46607
47274
94795
39816
83235
10134
21411
18476
71502
57424
84315
47984
10213
5473
79722
98318
58513
18515
61633
99541
75910
80069
67061
25134
81534
38553
24587
90906
3090
8712
5662
33112
64884
90517
7216
30819
11116
43550
95755
47063
78765
96558
66803
33364
26483
71472
85034
69595
93052
5215
59007
62293
56064
26456
82580
55987
91182
25745
54186
70736
55108
79907
63179
26195
10378
47042
66676
85265
1196
16205
52925
90287
14675
95521
36070
62885
51902
43176
84576
4606
23842
81934
70070
71803
51227
79668
45046
69303
81646
88350
3359
36933
61661
59144
23304
36918
75397
72373
22955
49655
67768
18503
84173
50808
27474
97291
92714
43207
29690
97323
42561
79738
30007
775
36154
31819
50316
13822
33328
2269
14545
85478
71455
63677
8304
66331
34474
88389
47417
15156
29321
46906
75586
40913
89614
27444
18687
58832
13074
43198
6266
83903
20833
41299
17903
89452
49631
62825
16870
31417
27285
95338
66317
94283
19068
29980
34866
25857
29829
53027
73498
72481
19266
20668
36033
70894
65493
20298
40046
67542
58931
68238
47570
19528
18420
85935
74749
6915
26265
35161
58845
22089
93146
85889
39477
79026
69228
95174
34166
25053
95340
48372
53372
34081
68107
29187
775
16226
12117
32060
78131
32959
14751
19515
44631
31976
94573
23631
45751
9678
82397
24479
17766
7986
44115
56423
68988
57247
90690
12064
7120
60147
41396
24765
19378
53432
32214
44977
36264
87762
73475
13006
39618
44625
77964
12841
62780
75717
35360
70810
30608
15985
60670
27583
44213
79225
54516
77215
12728
99221
39762
3212
34293
44232
39793
79170
81554
76906
52985
24172
61144
77760
70483
73253
93423
17774
78668
15164
96469
16835
69155
44241
17979
66226
44240
98717
21597
34209
32816
89038
37051
57242
84241
25839
56664
51775
45942
13702
61454
83482
23975
94262
51916
28466
76601
34917
95214
5178
17781
73304
18679
7172
40136
81275
12302
62931
66695
29885
47346
79214
1020
78455
41178
62768
51281
83501
87310
10684
51896
89485
87356
15213
91956
46101
7736
96268
88968
18833
66931
603
52858
45922
17686
9646
83524
81018
9243
7033
81527
35267
93192
27172
12811
44127
38313
86108
59272
11914
1482
59843
10122
37788
12782
7
48181
46187
18062
75280
11093
40366
95153
88275
18703
7580
30308
96420
26122
53586
99991
64648
72596
96019
55572
43144
45363
90281
61116
29377
39048
91434
39360
41625
86209
68375
31001
34348
59228
16734
56740
96388
9043
19647
84478
83975
93769
25227
11575
98250
19407
6664
40534
28228
93331
27409
21610
39933
50021
23770
91207
83877
4519
50034
36261
59873
67857
51489
94609
74688
69823
72497
78926
3947
33911
2793
91372
91323
52282
23123
49923
10341
48871
58367
31532
61072
48806
37153
6972
65671
71000
16662
11134
88042
49112
14948
18348
85439
51854
64351
82026
84998
8752
39847
26207
44426
83189
64847
36944
98739
64056
36537
87995
31128
26853
52828
65069
50673
899
89735
89184
28971
59422
3232
49557
46037
57040
49157
38378
81912
1803
76692
1784
33251
72421
32614
69163
92452
44769
54518
61823
38770
61782
53887
36147
94055
43390
18435
14701
29067
38333
31112
18474
81452
8204
7900
77824
17994
38497
87482
31666
93358
3965
19045
61967
71099
40433
12049
58119
27165
61614
24417
10891
8221
54120
80362
93440
14038
51494
96087
74144
69314
35208
1158
54893
21486
92981
93103
72722
1709
14273
44933
42904
1319
75607
55477
40962
31666
70696
36268
94982
64217
48240
82965
12969
50648
60994
91871
61333
74090
45040
61052
43033
48986
72537
71910
32029
4373
86702
38109
59553
2337
26178
35372
38609
12999
36878
6377
8903
77835
24671
73690
45981
48764
11517
15445
84685
79527
39960
73984
79335
81350
67313
80248
57550
22486
50146
40845
81583
73734
65803
3177
86783
79083
27706
17137
59601
16817
4374
92036
52304
66763
8616
95265
24543
7883
52199
79558
2251
34862
36671
71347
89833
10446
99580
44876
35409
44027
43353
70077
66294
35812
53567
41016
19393
77999
67804
63450
40874
69160
97283
58987
11027
1366
26745
10564
608
14921
76451
939
93654
27632
44649
3834
22991
67207
45735
93214
18552
48493
35536
74939
44807
32979
55071
95469
10972
25425
38524
27081
6098
99443
30632
12674
89506
26960
97541
29831
78197
11387
2564
43177
31460
17682
19980
58587
43534
39700
27780
37682
42773
3088
60893
94956
55573
12984
98495
96557
76258
74836
83087
29796
94909
13651
88409
63692
45714
51357
71296
61102
1297
57124
73887
63332
17096
14040
56251
17976
3129
67737
13863
65707
8829
29447
37555
81490
85525
50230
49779
8155
27976
14334
65927
11469
48478
63374
85676
98605
85207
93760
88798
9373
42473
72616
7208
21823
11029
25030
30762
45207
3717
87131
73509
15950
11300
80183
65607
65907
92377
40785
66350
73916
81410
9297
5050
89514
95177
82503
57715
13386
54917
55230
26771
96376
87088
42283
59922
14302
38080
30815
12877
38555
64549
21340
30802
39006
68926
56965
29931
62641
77112
85901
91492
32179
54084
23921
99067
43390
10867
73058
40067
38727
20016
68891
19060
67939
85787
9905
98066
90598
76990
38440
74456
28775
53005
84354
28418
53600
65535
10066
47828
1842
75491
81967
55083
27237
51425
12516
81949
76716
11983
38564
91951
11623
93356
37115
44435
34530
66108
69631
19612
59163
3105
75653
29728
26913
882
45424
22312
54552
88667
17829
59831
13272
1648
31674
82261
42421
47535
85901
76247
35290
90545
21264
8684
36943
64333
17633
10278
54105
97898
96280
60387
608
82622
85466
44536
47980
51751
23275
56441
96104
13381
29344
81639
7081
10707
98098
4694
78600
2880
399
51994
90123
65614
17706
13966
15394
62087
45683
992
44364
32310
40417
73500
46618
56425
43147
25972
54219
10145
58518
15305
30807
20243
17864
11832
56776
27935
23388
83556
85314
73322
21935
4219
58147
25722
96279
6568
74052
38253
19539
22293
20960
63798
79068
71259
652
6294
70171
44904
21412
38163
64597
91115
5511
3767
35809
37182
93528
49768
14267
2384
41094
43487
10832
19791
51461
38695
64185
68655
48827
80277
74917
95769
68887
65694
12975
93427
9563
43417
58031
75368
10298
4849
58828
12436
61980
33287
25775
10093
20927
93123
4723
84241
17240
35124
67256
60969
2615
68812
83542
14039
71368
46161
88175
78241
1462
61345
88670
37977
93354
99397
21707
15912
59153
81104
51840
36503
45563
6165
2326
23642
24704
83875
85512
80633
9021
50494
62761
72892
81948
26746
69618
96179
36850
46134
68371
35167
21665
7219
30603
83585
23966
68496
26515
76860
32429
40196
88180
70313
2120
51542
55193
75096
1023
8092
47327
4861
99385
14639
32488
73183
90968
79687
91023
41656
96315
78456
45431
73449
22012
93321
83644
25566
47738
5196
15690
16825
41490
69215
76140
55390
66662
93727
8797
25146
14335
89859
36059
31473
39151
83516
20761
67363
16975
41415
99219
41498
28007
81323
12572
38962
1260
2742
83860
36261
89603
40303
42166
12434
86820
16951
1453
81321
38362
82466
50342
342
8390
62667
41856
92968
28899
30873
36384
28157
10885
57132
10913
67980
67867
2435
34025
44558
54227
75950
84951
6153
99068
64939
50137
26363
88679
40128
32090
95680
32807
31923
65175
20159
61271
16457
274
93559
82746
23001
95936
51554
60894
35565
21662
2115
35354
68308
35937
64689
78455
83270
82154
58496
14410
71446
13656
92232
73823
67821
39639
93652
35089
63016
26262
18218
93590
40112
25334
18290
59224
52114
58527
25796
22046
73915
68589
31890
34793
24082
49991
87535
86682
81970
44624
44668
34065
92994
23126
32397
83376
46002
93544
36764
82974
85268
19845
57321
89895
88661
54671
77452
24992
92183
66783
60793
8937
31980
44434
64975
84748
36593
7520
23069
19809
52612
90573
65873
71636
49156
12473
5183
85822
18500
57458
2250
14415
47435
79945
34866
36750
64171
79426
9882
54839
97051
79300
65044
78915
15476
42481
93932
24806
53476
97008
15790
83921
1778
5478
88148
18103
92080
34211
41616
96685
39030
91160
25043
14347
47776
22566
18551
43215
1222
33393
76271
26144
2772
56500
32041
25584
90277
69166
94141
32155
40001
28699
78805
84012
25808
6813
1945
40479
42266
75193
38646
85089
66812
70942
92426
74867
94857
72383
3278
27054
53499
34210
25824
37056
23156
9009
72301
30100
7766
5806
54103
48272
24762
9764
70952
34616
61041
46200
76916
36720
55765
3902
94692
3358
78795
48264
43876
20110
9752
91034
34826
48751
32125
51096
83745
68187
51440
62976
24050
59251
77432
1524
42222
84585
53925
91984
89595
85367
7657
94555
24792
39661
48279
25720
36270
54440
32759
10523
23573
80990
47970
46937
50944
80438
96064
24632
15846
98835
35036
20613
27790
33906
32353
70021
55030
20009
37972
66467
41056
68751
9197
81000
10298
48283
21747
16905
34120
66020
10546
32922
90928
14503
44540
33888
42050
69799
61561
78501
95746
37807
58284
8740
41139
46131
92869
13764
81762
10165
8892
61697
14156
99267
56624
82085
33677
58941
91228
86678
44998
16916
65011
77738
30954
7502
29752
53205
94757
75366
94460
85155
32842
39569
98292
67841
70391
30331
92310
19317
6983
39408
67985
55918
43956
62070
44295
46517
81382
52855
50760
99779
26621
73949
63435
19277
40887
10550
84427
24507
55006
11255
92636
88854
35569
49469
5128
31007
93293
15759
29867
31036
56600
68190
45991
92845
78603
34798
37893
37501
13785
18159
92329
59828
12863
60964
16432
87305
298
36132
63945
25461
92256
63295
47533
15331
2732
72664
22396
10691
14890
337
71029
79549
51114
4997
66418
62659
54628
47918
8734
94240
68217
15622
7220
55052
91042
21963
54261
14145
64632
21532
65573
14888
30463
65536
79459
91660
66479
51974
13924
73457
12704
20326
9770
3069
87793
42790
26854
35380
75349
47450
96391
11042
4700
40579
46141
95632
94169
85591
6863
34842
62357
57953
62677
30104
32943
80863
4819
32632
79694
69450
19
59020
98629
28723
58174
92671
75361
50856
63350
59523
97714
45269
6867
68295
77683
30408
76184
98948
44344
21837
27537
9238
31892
64184
13036
36808
84836
25632
73329
55560
89628
42408
12415
67162
39339
82074
85220
63112
85037
82093
30904
13142
36717
37189
51671
99283
37909
19161
96569
99148
7348
16431
40464
97115
42026
46628
5117
18621
31347
82056
73648
12546
88653
73989
48090
39869
7880
37921
46544
62074
52202
70297
7262
36495
31100
77805
42566
39691
92980
68571
53108
86380
4031
55715
15519
18765
55883
67401
60222
4700
13582
70969
90756
32937
16663
69
36121
80538
77423
78890
48887
8731
10763
73713
5278
35347
26609
2993
10868
47538
12517
66321
73085
39527
12783
27307
12210
56046
11082
51628
52449
84166
58283
77753
48097
66881
24236
56107
5297
31924
13492
43643
69036
17902
80037
77752
28714
98598
16770
45653
78646
58637
77563
31520
4519
72258
45142
98541
89278
36996
6972
913
73851
93218
34333
24170
19708
90031
91233
7644
84884
25745
41068
70006
78531
37176
98796
58451
87543
17356
72290
48157
23647
55871
90923
87436
57608
50561
30730
96235
48822
42674
95476
46011
64577
56339
77624
26065
57929
58389
489
731
65911
91027
26505
79553
86385
87868
79123
6982
87514
54824
9733
84397
98020
14252
80809
59672
81362
96552
75326
27755
60559
68637
28072
74863
51717
65596
66352
95091
94875
91610
19769
76013
84910
34111
68929
5182
87562
33406
92975
63956
48389
17631
97888
94889
36984
72376
16360
7016
95259
29178
77319
3408
6140
35687
37193
28752
58812
32290
17498
95474
72070
88191
57061
35445
66284
77401
39143
27443
15008
37090
58420
47489
27276
41493
37989
80533
55887
63303
16477
94081
37845
87420
33655
20253
54545
11862
42958
61251
87578
91145
29960
77524
13023
21962
20352
90904
19847
53413
77070
6691
28265
96333
93174
43891
88869
98446
47050
80501
22750
57374
1340
14855
4949
61458
89699
78072
70115
12622
76073
47052
19346
13332
99824
15228
73017
68574
3583
96250
29682
55686
54957
1969
91161
31682
86056
86443
64419
83821
16929
70413
66360
95264
42904
58045
70255
53504
58464
22148
22725
46865
78895
35342
8858
969
67813
20589
82792
78687
42486
46813
83712
81473
15445
40451
547
86917
33854
53423
73978
73847
41920
79233
27154
18514
52422
19560
79127
64842
71169
54692
45068
41157
2548
56845
44933
77866
36987
13005
2145
17649
98488
62344
27303
96698
57179
4412
6011
2170
47054
34083
35485
13936
54778
62933
78239
21110
1530
78795
43041
12531
77050
20254
57483
93421
33131
4334
19846
78108
4390
32671
81879
33625
76026
51837
88377
56213
13524
70656
96982
61638
20970
62922
39010
93948
14916
25805
21908
84082
49543
69227
54433
86784
41791
12597
61911
72142
15881
70580
34771
59810
34010
56198
41343
24922
2511
63712
46699
51990
62451
65587
62567
32556
57510
91113
93371
88735
74224
84078
21700
63850
37026
78219
4043
74485
31684
2733
79490
24906
55585
74244
95678
22370
23564
76392
48652
19417
10893
17878
56434
96480
94955
72728
53379
78769
21528
75267
48605
67420
74932
93530
28195
28992
98143
61264
69618
72438
41694
39370
77411
38119
67784
59554
45308
96062
96238
15048
18387
87768
32038
74083
29216
82968
30995
8725
34333
32855
29554
68765
12828
17016
92386
37654
24006
87258
94001
99901
36044
13926
78432
72400
92235
84041
20690
