88
30667
39878
67052
82582
3700
96679
13457
24896
93618
61856
24022
11156
55095
35095
39868
84190
15030
67890
7339
79711
39127
64642
26331
30409
13268
26044
35167
41990
84819
35401
42318
16569
11039
27763
70863
64284
27813
69472
89888
22280
50313
78203
41571
15411
15267
79725
56454
32276
66586
58315
89358
16450
74106
74953
86463
21786
16725
8236
1033
28479
68084
20413
50706
15580
45015
76154
10141
36901
33617
99526
74677
92636
92345
65793
63608
11951
7438
19762
18306
53406
83467
58816
79348
31514
43715
76992
13249
38249
67033
64329
14101
86439
27454
61667
84994
1478
18087
2878
21897
55830
75627
53983
42049
50847
48662
80693
75559
4523
53581
92970
59139
35841
17119
19317
71826
56620
72355
47596
61109
77082
24436
76886
95862
55296
23334
89823
36562
22011
92259
35781
99559
80977
647
87055
78939
9430
3060
67357
64518
71818
56915
17210
45214
34496
45960
69614
47901
82938
75888
20976
27153
11792
41914
65721
56319
52239
46975
8083
53013
49822
10271
17713
97867
52475
91609
17560
36341
66820
41159
88667
78184
27826
3508
19236
43782
34784
27675
36174
1608
42473
21597
88656
13895
20399
46975
63828
88486
99672
86589
95717
97504
31379
56879
97638
61706
60345
35415
1184
27844
11118
46179
93908
3265
66310
24901
81102
34224
83716
75692
59354
15815
70654
89983
48688
24523
47260
43158
12843
89727
89471
78229
94424
3430
84767
93222
98730
55286
4653
8786
8458
66203
60983
99803
31883
17733
13002
96281
3836
16272
60913
81551
64182
71022
46683
18569
11381
67123
94971
52949
63876
42332
23977
44891
23153
80764
81254
80954
88927
98917
51516
18944
28282
28847
91172
44421
38438
64425
92737
59205
39664
75385
86058
32536
35334
69137
2534
78352
88898
58737
82511
11214
34337
2706
44728
49314
59411
83158
28555
99581
81323
53290
77707
49716
79061
45076
44280
35988
16295
47551
37009
49052
61648
28864
82612
56955
7310
24741
38625
17799
26908
38393
82525
3831
99079
69910
21585
36894
83618
28583
1394
49796
84176
64185
47580
7747
45374
44894
43480
74619
91187
66909
41053
14322
63487
29113
57842
95500
13521
87676
60978
90434
34565
30912
75784
53058
26842
59035
13241
26883
4418
44260
73761
19204
64402
3750
7541
77920
36729
47776
42408
76751
42062
93238
28649
38780
82274
14936
26537
54974
97748
49484
90459
13494
21955
36026
50196
31748
78046
57717
71762
40870
30679
68897
34937
15791
78935
4901
65656
11583
73739
62127
41451
55844
74875
44798
82809
39085
20603
3632
67389
33383
859
46568
77154
28406
55993
66395
2535
44434
84374
67352
49346
48731
26342
93681
54401
82042
17665
43243
74347
54805
12727
90078
10373
81135
88704
76169
31345
16218
36912
96533
35633
63865
95434
67332
54121
75991
3660
12822
99170
33470
91592
45688
1931
917
26418
76937
14138
42201
48853
12106
41617
78614
65057
79458
89915
75746
32607
80843
34805
15094
71653
41693
63081
95402
28356
52276
27094
40780
30174
74720
74124
86653
29430
36009
44083
10920
70432
99421
91723
13823
8823
59576
51021
65620
20301
44623
3505
60146
23997
58873
63881
5269
58044
95546
96171
59660
9422
83597
58284
91817
66261
1421
86119
20835
81189
93920
84380
91369
13362
91392
90678
52482
45067
6056
26533
64037
96832
52696
29706
20498
72221
96421
40817
51596
83131
72544
19512
23668
9804
67745
47758
76227
28469
15088
11063
99715
31352
2607
10188
91243
70382
51271
41727
44405
52692
3694
69660
83613
32733
78674
17482
51288
65541
61317
90417
7855
4485
30245
21238
79574
22882
5606
94466
9261
96000
42590
97313
93043
92788
36652
5766
84834
22744
68774
395
15915
80631
43646
59701
89775
67656
58641
80439
10263
96023
10508
56941
33040
46142
22235
56425
36582
83988
41167
56715
2652
87772
16394
19880
20934
81150
63370
85165
45475
92050
90576
80893
21626
65784
90733
9910
90639
99589
62792
15634
62114
80536
46222
8586
79685
1131
53814
21492
15384
38053
14160
72173
85667
79628
64297
62833
8783
68856
41757
23879
23841
22850
23162
53658
36852
35035
29453
5026
89522
16217
64684
3266
36367
70604
69567
27978
55778
82415
9292
10332
81248
13338
5661
11915
951
72724
51823
89952
39876
51686
77210
90807
72657
84555
61848
30118
26894
4387
39284
74589
30315
66599
15825
29032
53872
56471
11764
24850
58714
11246
92718
12228
43122
77655
7786
28587
58474
51129
82640
70616
69527
45902
22899
60736
14342
50865
6045
76516
51357
62326
14037
82219
41071
92979
16490
3723
54938
80156
33887
47302
33793
21229
94963
27985
25985
35264
49868
54960
62387
90590
82463
30429
55165
63378
4222
78088
18581
80281
35294
98616
49107
79222
12388
36208
54097
50082
39052
58316
10530
40832
35062
19018
17324
83439
90573
75014
92867
88024
66965
43774
34339
91111
24625
6132
15242
86455
6254
17522
6480
53990
71535
6407
40037
6632
97749
95952
6021
53719
363
50770
84154
72711
63756
56835
9934
63608
22609
79816
5514
69925
75803
29049
71344
58809
73721
25249
34898
18913
631
28514
66542
20508
83907
15093
91111
68047
14973
3471
50848
14998
3002
48319
13303
4565
21173
96019
98011
67660
41171
57530
36620
47753
89265
8549
1998
64407
36332
91911
65865
85716
51789
60444
95328
95808
30735
93381
15564
52113
36270
90641
34741
5731
23694
5111
21453
71629
98565
16032
54408
84720
75174
62529
86107
78792
43979
98662
28176
79941
64414
93643
97027
78067
15460
57187
33597
66421
62279
48060
1802
70256
27614
95162
32857
91203
56123
99007
18799
58197
8528
55756
40104
85767
90527
60673
48972
30888
11741
79616
79562
63175
63874
18096
60724
12643
45456
77501
27126
4639
58782
21277
11924
62065
2592
72366
31551
10489
66324
31002
15315
61775
68459
43676
99600
21653
70865
3421
87187
46955
74972
74743
73777
34690
57709
21563
29839
85192
94598
72333
1249
97378
11049
44237
24413
65080
94856
79281
74523
93321
53422
98285
24428
20640
74216
4949
8211
56638
93490
94681
87748
88215
4250
91151
1912
35385
87027
42031
54410
56550
44057
20631
58193
23619
23739
32527
62811
87048
36266
38183
52450
88024
4700
31804
42541
28363
62429
79641
64038
35879
82580
21146
39251
85390
83533
92556
37907
13136
99336
96721
14168
33024
2941
3839
4475
96452
42953
7048
19488
4231
68090
72404
40199
95177
6964
23818
72012
62678
63005
19758
28060
73971
57611
77252
29204
37812
968
819
9815
18795
25663
91460
18156
60956
60198
89833
2994
82636
70055
91163
16353
80407
78029
23516
77535
26816
54119
3612
3611
50371
85564
99318
79977
91911
57164
55514
78107
20495
72927
62342
89240
51471
26700
98189
155
50236
52040
4602
4235
8764
70857
78733
24178
79229
17461
71587
81053
24193
39980
1301
55023
82999
19983
13911
71234
91461
8875
13249
6843
4513
68230
43178
62792
78559
96965
7823
10233
12005
16279
82548
18521
41178
3746
385
88039
80924
28168
55054
50549
64593
34709
12633
74492
81206
16136
852
24602
61587
58428
86428
11914
19951
45457
72643
56318
5056
87036
89615
22234
74362
47720
2652
67376
36137
55751
91484
29620
74106
83865
93663
37436
44947
44599
99054
96726
93507
77757
10448
134
24180
77394
16400
4794
15805
10581
66582
53707
83028
98277
73041
914
46849
85741
52310
59589
83853
68619
7394
909
2873
6620
25499
93125
89099
39141
74293
13009
49348
4672
30577
5785
77261
30113
21856
91840
25967
85796
80901
4965
57793
13878
1592
68661
28348
75900
78918
97323
84427
56483
58678
51238
89022
99973
50855
44869
95390
61429
42581
31937
71771
96327
84378
78183
59232
86719
83665
38449
19592
15028
12053
61567
15882
55201
94632
17399
32944
23464
18192
88695
5062
7875
77244
13011
76845
53161
70053
69807
44367
22200
21487
83290
99085
40165
75599
2405
45203
78846
42246
86335
39309
31576
44139
50126
71604
36090
64806
69132
4481
59333
61177
6748
67298
19582
51481
31591
18442
49466
30010
10936
61282
79109
85578
45232
68029
8462
27187
89318
98954
99603
73220
73311
38274
13380
26601
58885
59169
62615
25270
96136
36498
97896
79747
40430
64579
62026
57745
99416
65272
11086
64747
9522
89659
12206
9160
36662
16625
90967
98348
24639
89671
80817
79374
59013
92491
31245
33140
75097
55864
28874
85179
91678
48169
68899
41747
6434
46318
23640
80967
83320
67516
13528
93690
63092
70591
55720
99021
59938
35947
35986
80381
57315
62448
98189
71593
47460
59148
2917
14737
6301
16442
9191
55130
34980
43592
46924
35566
54923
79462
57855
78784
5148
12378
20172
97581
30671
63921
24166
57086
96166
92528
61877
54634
28806
8136
21019
69880
2994
77512
23778
54018
17893
38572
80964
69782
21164
32756
52981
15158
1534
76559
74481
67487
84761
21142
88254
52166
89
77045
60157
83998
67223
63204
58739
25463
5213
5204
4302
11584
30338
32196
1494
44557
1766
19379
74706
56916
52747
33968
35476
23697
35022
86862
31810
6217
34433
83283
9474
6795
35238
2896
62081
79922
62922
42474
76864
86376
70427
75414
9051
75941
60615
26276
3767
6101
65011
95858
38408
23671
79765
19714
25180
3073
73199
2982
75016
13665
32009
34871
72973
20798
32553
96356
17126
2622
7857
44072
39984
92001
18357
27860
85110
83114
5271
84076
73560
24733
82401
41806
30968
36388
1438
29516
18626
82027
21558
12347
91605
52204
80037
39428
46577
10181
93942
29047
43103
55461
73281
44224
61623
97830
93598
53298
27474
62387
97700
12863
59310
10731
48803
32266
62647
70462
32826
91635
2808
33780
16662
66097
13182
81005
92712
29439
62180
35747
25282
97005
24928
65387
26766
68183
53546
22139
11050
54002
31588
25669
86436
75970
45323
1473
99149
99082
30009
19210
33021
44475
8307
12287
90468
58189
83318
70921
19752
52203
23161
36123
82176
59560
39775
94613
30668
32912
84475
73796
58574
23930
71200
10148
99689
94009
29861
10981
95636
33842
48817
23691
49275
19655
85480
25295
48339
40178
22674
73891
14424
7150
26628
34931
45061
45582
25934
87559
94734
34929
51040
55077
64125
31693
40601
95443
75912
24808
72590
77338
95051
69350
14132
59654
37128
55613
94602
490
71767
11620
27525
74240
87563
54794
46073
92846
5092
72675
11425
86084
73738
12540
80748
63074
23916
72080
88612
18839
53141
34963
2300
7684
1575
90251
43893
30974
32951
21919
68141
90322
83845
62504
80005
39780
73047
53636
45197
99216
30321
55753
64302
83761
39378
84054
47187
15167
718
85797
66005
52435
55172
51997
97762
17318
52539
36644
62281
85624
82366
61554
86981
20877
21201
25888
60932
22098
46542
30336
32018
43165
77249
6566
90119
59121
13564
93091
17257
89440
14008
43986
95487
11084
18281
24491
43316
19206
4124
56982
37636
21784
41199
23770
45127
93886
37869
64339
88822
76782
4773
30657
29694
75192
13479
91773
49216
68073
25018
17287
77923
56458
32956
59450
42551
18469
67607
64705
24903
91239
48124
52067
7322
16481
79488
63962
44709
32777
46447
19394
30673
29053
65361
87340
54916
13671
54935
49266
70223
49884
94562
29381
60403
76927
61265
55106
74289
25987
1380
28099
2701
75661
48786
51985
24446
9783
8963
72503
48661
83761
60363
74707
69735
77571
94468
85093
80312
74541
63238
26570
87142
72207
58182
39938
78479
23428
94024
44685
15296
20585
70082
95476
85852
72604
25167
51428
58821
31647
48173
15861
76265
26364
71540
16809
28716
78243
85843
24272
17006
45902
73992
64904
1593
75205
89851
12578
47882
17085
64535
56191
29913
67164
1831
75674
89446
18616
88170
76062
85186
47837
74610
41272
76503
38989
61886
60488
78785
69553
16273
84955
38638
50639
36144
86878
3779
9301
71529
66968
71951
61266
80188
34256
92767
20805
41687
40769
39173
88500
76485
11210
64852
36486
60996
93330
92168
70302
88148
77046
71650
23060
79499
87089
96401
23954
58150
53671
73485
87656
52762
82253
88924
5836
66505
98104
3447
93649
72880
16864
55367
53891
18620
39921
39465
62205
67420
74159
93073
57031
53778
8259
28522
77391
12324
18406
12443
482
48527
84584
89958
9095
12859
46046
6442
13721
56457
11174
77512
40000
79688
67832
46338
53610
67111
24746
47263
98666
25862
21216
45132
90829
31717
20239
51292
74710
37694
80749
95120
94997
56750
52374
85682
44840
63214
93533
66107
85166
32672
8429
7797
14372
83461
34971
16826
50334
1643
89803
2971
49155
81860
86107
40669
66181
1105
49039
10269
88284
6493
65242
1876
13663
98247
88773
77558
81278
65752
44672
55221
11518
89970
39651
18434
57842
80681
56543
53171
15794
73419
93733
92608
38171
99002
9138
50408
79811
5947
36119
58608
79383
21607
7713
40139
42962
19679
18729
39926
64188
82908
58233
11418
77182
36420
50873
67124
70141
45977
1078
19025
99195
61867
9743
6483
41253
56526
79835
33425
33465
83558
35098
21402
14681
6270
60822
87641
60421
49817
30805
34869
44280
41952
79838
69616
29825
35577
40902
87311
82363
15736
71958
53976
41163
6096
32827
375
43639
32162
15177
5596
30590
3222
2861
11934
35063
56648
73773
45059
78121
28793
62046
88791
57060
86278
54723
93081
26075
9718
47932
30326
1023
97932
88594
30125
26009
85628
83069
57553
47555
57339
38897
48621
84803
5936
67779
69761
5061
75174
21435
59019
46388
59427
35352
26273
53077
73747
21914
73851
47361
86141
78544
51214
38269
62551
73470
62514
61271
41302
88971
97220
57406
94109
27557
42952
51198
56246
35121
9607
64631
53535
90099
42838
72026
18684
94966
52087
78847
80235
38552
4696
25830
53524
30325
25338
27912
3518
48495
41036
46521
65567
52375
47317
46300
33484
45114
24945
40514
58702
2283
77619
6849
52758
79945
85864
29422
91207
45421
39548
93687
81041
49138
20438
87582
10398
44289
92318
27605
19589
53559
85375
20403
29180
36822
16584
2353
97259
5893
35212
3300
20988
9316
16553
43479
49294
98737
58662
37156
62984
3056
48789
750
6698
6939
39736
40574
60160
81733
65344
57785
99440
92652
88720
44090
79186
61403
63680
70801
63135
13465
5661
64247
99906
1170
71022
65645
45516
4927
59634
76529
20740
85588
69605
15867
58395
36550
32833
14426
27132
98200
65921
43110
5602
65697
31681
97570
73285
63323
14625
94128
93324
93354
6921
28400
8518
57926
5446
23191
80788
56455
21009
26536
95101
32493
45169
17873
97797
99562
35063
26661
6584
74572
58600
74321
99073
48074
19576
81533
1847
49609
11888
64354
84566
99756
99858
50114
24363
71351
7348
48200
54121
78142
58152
73469
58554
94255
2076
2148
98383
35960
53597
851
17560
96214
94774
54350
46415
70331
26391
11969
29966
88603
75313
56986
7169
85267
98429
61313
7894
36599
5244
66390
16593
85719
94585
87909
18108
68781
44907
48359
85628
88517
38199
78488
36830
56553
5522
66737
98352
80168
72803
4002
43501
17635
51303
58894
98160
10036
67439
95202
21994
59419
73763
34419
73454
41030
95754
7155
79113
94107
57121
9648
38703
57638
10633
15465
57680
72218
19870
11950
18154
37318
31009
1267
31512
94261
17239
12432
25224
64865
35402
49144
61707
43926
49581
48724
57893
351
14973
5180
52836
17199
15523
16017
66573
86349
76311
74170
44273
26397
66686
13177
17983
23399
81843
25352
89044
63687
92388
71734
57581
99152
5843
14072
86941
63165
22013
96621
28953
77526
44344
82483
53425
19035
31189
80928
43706
57520
74468
31006
74374
72805
18359
75557
41268
19265
13183
70774
9124
51499
56883
87826
71171
30068
18287
6581
12548
44836
65240
80819
42992
14687
63389
27117
54996
54164
186
56687
36537
43234
14358
14121
81425
31399
1741
33128
20333
46375
68744
38256
7692
7189
8007
42393
29965
56577
74976
53091
85029
52382
94241
17016
49292
53327
9010
46556
52562
40877
64406
93043
91439
44375
82672
5615
17688
48471
14403
10836
81934
93901
9233
78955
90576
5690
8197
10367
34288
21995
82700
58455
53091
85024
31549
4912
57330
27416
26810
17911
86862
35035
85966
77280
62497
16964
33206
92198
33087
32136
46525
79935
9818
57031
71072
44282
18805
66990
54000
3864
77968
79495
27637
10277
4707
5854
14063
8785
62790
91472
25496
30991
87501
54514
9702
61162
82545
57883
20716
80319
7816
81135
71616
41019
22487
79241
53815
12081
83262
82821
20397
43064
88849
75335
98017
53215
32615
37931
92444
74990
79820
72554
30898
60411
61745
20005
43009
69381
59555
75474
11351
74224
33369
92800
42864
85981
73383
74952
74332
87589
94031
77778
75135
44915
12727
33153
25330
44283
66325
72092
70568
42683
62855
86138
43051
50668
5408
97385
72836
78500
67229
68571
73753
36716
67445
31630
60208
53017
35470
1431
31442
95210
95437
30346
35723
20540
13349
55976
85934
32845
48913
42757
90389
77003
18332
45108
58310
97560
6557
5490
32722
93757
38913
25004
95799
29192
66209
5966
73861
11491
90002
96618
68125
77778
46714
91872
31028
6825
83136
82128
92280
68776
31261
66393
36746
42644
9743
34509
96425
38802
38605
25459
57935
29059
95988
46776
14709
36279
43263
76340
44082
23503
81429
789
66208
90419
44733
49098
69055
41292
68076
20493
42643
86272
43807
62445
38505
85416
46916
10231
7095
28399
97170
42785
72417
19433
92154
23636
41975
98669
38677
37331
19164
66129
96636
42252
18497
14465
10455
53817
94864
52923
37933
43443
58597
34058
18426
6101
75190
3260
72415
61576
48788
1986
8083
58224
65705
2084
73942
4402
14241
17983
80134
80160
87910
50493
57483
25123
98787
84207
53934
59620
56554
30856
88871
10071
84753
77465
55122
45284
94422
57956
32163
19763
16228
74976
30097
94931
34382
31785
62798
14792
26424
2528
6967
12431
32085
15974
55910
11950
64042
1009
52101
11293
55729
58088
89501
76011
72474
99745
73452
65839
83885
94517
74005
26540
3659
82620
79697
45535
29842
62986
65956
73000
54302
32261
66187
74963
53356
21250
35057
61250
99738
76603
52256
57657
44395
57648
41108
70053
62342
91607
88619
90122
74238
66689
81433
65095
33133
85578
48728
62600
3289
31676
25245
84488
61240
1121
91526
84961
2096
45059
12943
8946
66551
45507
59427
98827
6329
85522
17776
40984
32344
56334
76083
70952
60078
53788
71731
3897
89645
70239
11402
89025
8008
9619
61981
69115
61675
27625
50700
23437
29732
83807
52165
86482
71973
43098
45651
7848
13825
70659
4340
85688
44820
3131
58953
18974
86432
34588
58214
50004
15633
59822
91433
82783
66146
34435
96263
2069
32249
75536
12162
98026
24717
73352
72151
52022
79752
16342
79603
4996
89031
1718
43174
33017
42782
88753
67536
94559
53304
83348
62423
17198
32445
73068
51259
32534
25484
17728
7648
48779
65255
10090
96427
88429
90286
9523
58376
7378
73188
67466
25320
71859
91598
59009
49864
74320
61338
81957
38028
82176
2108
75736
23114
52634
4819
61004
41379
31097
78826
59869
88461
19279
87962
80652
10411
28873
89484
92820
28606
42491
25437
66763
46804
32552
58107
62359
86783
49743
39436
25290
99713
76469
54733
49595
38851
11020
95864
5762
90021
8989
42559
40944
91311
80087
4116
38921
4710
7795
64683
4543
65275
20355
58263
43628
14429
94839
18737
45931
20015
32140
61176
36052
54132
38226
81682
6418
58342
56504
19760
99363
83750
76758
14191
24012
98189
20118
19579
18165
26465
90079
89774
74408
70308
51136
71318
99554
48038
7446
33013
50867
3355
32154
33922
6488
4392
27466
75660
38738
67894
42898
46591
66306
4744
39959
21759
28868
36585
39520
41073
11525
46111
3681
634
95939
67837
75909
45406
83007
67508
59031
86442
57441
94728
909
10446
8553
14817
37234
19650
59853
81336
21614
90441
35316
30098
94005
52211
87309
49897
27145
91772
31469
30661
67052
3538
15107
425
25126
98036
730
74346
78895
87989
73419
83323
23065
31520
28731
611
57341
11382
81496
55984
13473
86098
34764
357
22467
37070
68892
80271
77285
65406
66431
7221
80949
14682
54174
18477
81047
65786
92805
26284
77457
95738
25443
14549
38291
79836
29443
82451
6113
13100
39111
96610
22686
59711
22782
17383
26198
4501
20899
58559
44104
64509
85906
40341
93743
44951
70406
48686
2316
18837
44148
93854
39410
77979
6622
76669
34861
36134
36725
5684
88303
77865
34254
52753
16601
24530
41055
78747
72258
17579
97047
21183
37223
62716
59063
14056
31119
12013
2833
90253
3450
4201
57883
26309
56646
67903
12688
3478
93693
15842
54500
20682
24798
31952
40961
67554
62086
56144
36002
25093
55419
29908
63916
83153
69461
82014
5476
78707
82921
36031
23057
2737
92691
4763
34319
13988
13856
53704
32461
69475
66134
56981
74308
49818
22944
84742
78292
91002
62265
21726
87292
73097
50548
96630
65302
58138
47622
10409
92077
87992
38033
42578
33851
76380
66669
8781
77220
45567
97557
45946
43241
68393
4076
19393
75145
28167
53258
78351
16026
8218
838
23358
3744
63276
90146
49938
64296
14558
64494
69120
62212
15261
9114
83753
93827
8532
48955
29796
3788
61754
39545
80346
95095
84204
58419
22667
20648
30837
83119
62862
59113
15817
1218
82805
75619
40561
16408
64591
8696
80609
66593
54791
47424
92742
5368
99209
73533
27963
47057
4293
20317
85626
85663
81452
67373
63727
44319
26199
80981
94152
98596
15080
85395
31529
11488
51048
63479
669
27627
71567
59673
68966
25011
45698
38354
15541
46113
44438
1149
61749
75332
37874
63179
2242
80764
10803
44925
63479
42084
64298
31938
19685
87037
79104
43854
82719
71476
61145
39667
22066
62639
59830
72702
81235
47417
15668
93104
50352
55079
30035
90551
29928
8902
45553
40073
27478
80867
59636
84797
14473
48503
8966
13350
74031
85773
85018
8012
31951
69170
76942
19176
59958
83383
62729
29180
68554
42214
81187
88366
92570
60927
57156
28159
950
89037
11620
89451
13563
97866
27954
2623
12198
98411
69488
84818
55082
46313
89404
69730
77661
83022
44841
94093
44109
24441
79659
71240
37359
9389
88914
6110
28120
80380
29358
38377
11396
43179
21617
36422
23700
84003
11666
440
40917
67508
85101
86044
19451
30053
95847
90052
42829
11708
12496
53651
87737
44454
49665
65236
60360
81636
18149
44823
61932
74867
49940
77000
22582
87254
15770
68717
96229
5506
10679
45021
6777
63654
74591
61784
60037
33941
44450
92326
24290
22481
99621
60688
53088
75349
45839
72213
99959
94046
74656
53706
47356
86008
8251
35922
14384
79105
16421
60085
26930
52220
30598
89504
5237
99413
42508
11513
95692
67788
64974
59548
77217
88863
68430
95479
7941
91672
34232
65279
71489
34896
50375
5901
69644
32030
16903
75801
65013
34081
91381
77265
71680
34501
1602
61910
95438
85781
60534
18195
60084
57758
68178
92218
45774
28700
48078
25149
40684
94084
40992
15590
33354
94188
56254
76436
44830
64794
9019
2738
80587
46472
7629
3574
40210
38129
60112
46003
61704
56219
21827
99867
86306
37985
64303
84884
59756
98843
38600
38581
66330
43788
98477
96318
35222
58696
71913
62962
72696
53152
31676
91154
16308
34731
39187
13366
51724
79059
96691
98218
81990
82938
19574
25860
74329
84711
5292
99678
46593
22896
21698
21364
89202
84069
99584
20635
60425
53815
52076
42043
23357
79747
86797
65131
76372
29023
48970
61224
5523
83488
17680
4113
96046
34181
67698
57730
19613
69380
70507
7595
9327
77487
67359
34605
76696
5219
98367
79440
73574
17453
47947
17284
41458
11320
15410
27858
91025
31607
39286
38365
44298
51403
22122
70875
67938
43890
9309
106
26451
7086
57936
24881
16187
42413
63683
80948
69584
83993
35214
98643
80626
69790
54539
55840
55065
17043
13009
65883
5037
19559
61850
45675
95957
47338
8774
79483
31943
89653
36473
29071
64222
22070
20800
19042
45449
60252
91601
72574
56223
33756
59248
61590
96049
64126
71054
47587
14744
11303
8395
32281
10638
87619
10908
33958
81080
54478
49352
69159
29024
62912
12204
48710
26626
59539
75039
91731
36220
45394
73743
90174
46824
94560
73418
34703
20550
897
21817
54562
6514
42633
679
93954
57270
64191
77759
40673
76888
8814
8211
99697
63155
34888
89305
37762
48291
81815
86800
51384
31002
47810
84544
76616
80816
32024
27743
58256
91319
57372
6608
99408
44044
58029
81766
33929
56745
5840
72039
15920
16024
94748
79211
62446
97282
45570
96836
77271
75302
25271
96215
75301
91461
20960
85448
34161
1561
79929
53492
24014
28358
78626
9656
42210
67433
29766
15119
88865
65229
75625
18872
57480
74556
71693
16182
36466
69138
72065
23440
1050
62286
27143
88473
96078
2210
91616
70411
78381
27689
6071
76332
83421
86040
51494
41811
98219
6765
8553
16356
90624
93316
71005
24662
86044
11145
96724
33397
9681
30343
3673
35587
94431
35999
45818
17530
12071
2516
1111
85549
10095
77315
38181
37708
95473
753
39806
4902
76672
50364
6473
73769
10328
43891
84642
84165
80448
46369
7142
65070
10623
70757
63614
41728
81240
20061
32773
44413
87620
69537
50391
44626
74827
56172
47704
46136
85022
25524
4478
56566
95091
10523
84252
37987
4606
27134
12875
7145
2153
58635
72055
62149
90704
68015
2884
42315
59067
79021
50812
77223
28249
45835
12726
84094
29589
45798
59043
20371
75352
48166
13816
64549
45499
12173
59507
16949
66214
54248
48045
53606
97962
5768
16443
31773
66136
71370
24416
58440
24636
70738
9362
9371
11033
5847
19399
30325
40578
75767
2204
60609
49427
25323
26113
12440
70698
46326
80965
40036
93188
90103
87674
3072
55512
26718
96005
61211
59434
43418
81252
13627
78286
99856
27836
61406
24538
60969
47646
57339
91974
26787
87125
78855
99874
34631
62446
58388
78004
77274
7300
63988
60492
2829
23720
67035
89830
87183
82858
71874
67868
70723
1254
43304
4101
67020
34285
17299
96622
40068
61455
73076
76596
17836
8834
59209
60475
77374
29746
65371
8333
94
37477
93256
63026
72335
99625
19099
66313
72642
49181
72279
82433
65033
73241
8371
94550
68233
43066
49855
48171
77806
72846
61572
93888
27960
21464
8138
88016
15603
25281
66227
30154
965
60188
44036
26538
12129
51219
19236
34644
92600
43475
6493
66476
66095
23185
36448
50772
69835
65911
42469
18339
54473
92495
39216
66238
12778
77675
52910
47670
76108
53039
65631
54207
84148
56668
75566
6248
48166
58809
35611
35611
63063
84896
88953
66610
2362
86434
48979
27380
4695
69304
96234
50315
250
60583
15962
60739
59431
69647
79066
46850
19659
86928
62370
38494
69069
69786
10375
18783
96548
5135
96994
2515
16578
48311
47343
3399
71534
71872
34256
3849
91183
65264
51633
79415
36
39945
68743
14819
19889
70071
83346
87046
82772
67897
8578
99581
37718
13929
90997
81957
125
26282
42750
82639
12509
49197
35490
74207
42510
83744
89947
16775
40665
32084
13823
83579
75277
71209
90907
98129
13518
72824
65657
84279
62733
27740
71009
44976
84850
47390
43868
69612
58294
50204
34227
22499
1933
23030
41750
3118
95424
57428
44249
84131
89657
35767
74264
36203
21079
53755
15483
12897
28130
68229
69204
21993
77016
28591
78341
15594
67558
87437
92255
5130
19474
97403
32902
54916
29237
86277
12688
6792
1318
50994
11948
41328
369
12238
34047
35835
83847
92435
50953
65128
2863
1651
77894
23504
51514
16517
41585
10943
10484
4233
45571
6481
52311
50970
5337
84454
21049
71759
90483
1729
36133
81517
31001
52931
6055
19437
94648
41982
96097
2821
74506
3193
46043
81142
25428
56895
79383
21618
40393
44516
73922
41096
55947
86294
90247
72429
78545
91035
11870
34920
229
63949
5409
4601
66724
3471
4606
50183
48488
51306
51785
31270
17667
83880
51209
72194
14497
24876
43283
88586
31536
49196
79444
46299
63772
1581
9543
86952
5811
30042
7974
47043
83655
97376
15869
53131
96498
43784
731
13042
49491
79921
69634
47977
47766
170
11645
37770
98610
38026
77425
55650
92460
76396
82060
63929
30617
44010
46075
14367
15617
38004
86135
26677
80863
1805
94207
68277
11141
87523
59905
57599
74652
6217
49809
60514
70729
54706
87804
50979
86603
7596
72887
94796
70656
47095
47088
5460
10183
61601
27334
20487
71041
63711
97909
59890
44017
53354
85449
93517
15042
61299
12788
20581
76296
65060
67642
12933
64286
31477
4041
85728
46255
36168
57319
36862
82576
63905
93667
43905
88394
4613
79693
45042
46837
90446
26978
89549
15392
15305
94752
55238
10254
5005
4120
79894
92634
22647
11649
70758
1691
74822
30952
80022
79650
29744
52517
37771
52960
40447
75690
41523
14341
21100
98037
19126
98755
34582
17476
60731
37393
75903
49032
28371
91915
40228
57489
29510
69143
84502
5769
46265
2082
52186
64318
26297
81289
71225
4503
66119
69108
75396
60199
81855
63900
56521
25247
26534
34189
66122
37118
20687
92327
89504
47300
35787
31423
43564
21060
15115
67170
67765
94136
89523
40537
26083
24238
70876
67943
86391
26047
30022
61104
60197
45088
729
47028
6799
94066
67190
26009
40191
15093
22111
74151
89952
12601
99999
70924
2490
9044
37751
3488
41224
95600
3366
33826
91576
48988
3988
23969
2078
93474
58012
46040
33333
8857
58068
96785
73555
60561
17306
76778
85064
10987
15548
61044
7315
38315
28644
87320
5057
76966
69183
58836
76803
51605
58728
18563
21067
27308
24309
2011
29570
8740
72029
63600
82729
63188
74085
16502
5482
3743
60806
42499
82906
27654
28765
79699
58733
32286
1327
51237
37942
23484
53494
50115
70682
43821
66604
57887
43792
7171
16083
22808
25719
30249
77982
77532
27411
90423
88032
12455
11078
45729
95471
59594
88807
87818
17012
90567
58978
37078
26706
55513
10764
27900
16625
6160
10465
88763
48486
69466
65339
77572
80641
81341
26449
18004
1234
66592
51082
32901
48632
66442
53756
23579
95880
76674
80902
69081
69430
17653
86886
86422
13539
22294
74295
30570
65924
90816
75499
69474
34506
18519
72801
10451
45907
31949
10819
83979
3181
50560
27519
48963
96258
24672
38432
83568
3908
9679
10408
73753
17175
60897
73388
34019
13845
14242
32236
30760
30338
11351
52430
44199
72621
83100
27125
90100
48543
67213
2883
71280
95587
69248
83432
6355
7602
13999
96838
5126
4953
50868
84643
20589
66858
54990
61770
18529
47324
4224
30526
96604
86848
57815
16604
24813
97
29676
10284
71884
12311
6624
36803
54888
68712
82116
53145
25947
81147
72571
44194
85567
84539
84823
84555
20409
15588
45376
87634
86452
97901
1939
89282
57897
33201
29639
26826
32250
27932
99339
43289
93854
80847
29963
43417
56726
48017
71825
36133
26366
21618
40519
71079
19904
36060
58299
46035
44706
62392
59740
282
49311
89626
89985
44971
60051
10411
23977
89740
88976
145
35133
71601
50382
44765
87761
1943
13120
35728
48265
80992
71777
63338
32376
41259
55916
65265
71556
77647
56107
97467
45734
85556
49672
52953
13069
37102
51839
87904
80482
68374
4820
53428
36357
45287
55169
43283
19991
43954
91176
60859
58417
21311
87879
92569
69522
37281
64425
15055
27318
58484
35608
38753
6081
64693
61457
54013
62203
70558
17936
82084
51349
25724
65258
33433
6825
42671
27898
25605
90208
6142
8499
81381
14926
21621
93620
8753
96247
64860
48345
66889
15669
21493
4366
48221
98033
76401
97214
28730
30287
57039
79850
72140
29670
48978
65878
76821
59020
25214
57693
1288
24145
69935
32644
62146
12258
26198
88556
35686
17486
37745
68833
31699
72933
35174
73072
77253
48443
34940
86165
67364
77132
95670
86930
49260
72250
74188
47419
51834
15986
21415
39278
21424
96461
66265
2145
39558
43346
50647
88628
37005
58521
37717
10213
50113
27434
68860
56962
24426
33187
24266
75545
65519
31288
69190
14123
93912
75061
40638
26047
80990
67231
3583
84050
45041
60313
99888
61868
41861
56643
90796
15695
65242
95420
38714
92809
12999
2888
74602
14632
73347
52076
31694
48013
29359
5078
62963
47929
72067
79642
96603
9732
71348
38711
97401
23980
19966
52121
22504
67114
16308
62711
61799
19137
33441
70972
73397
79280
96986
23139
85349
36135
10178
41083
52222
726
79993
28202
30386
95456
75842
84974
16569
58926
10544
53311
84361
3008
34444
26576
9076
3935
10053
46644
69022
87694
51157
85117
61946
41439
81932
27359
29728
91362
2972
74387
97773
7767
91936
58072
32055
48965
99433
84628
57258
98755
37702
50681
67812
97747
83215
50498
48362
78191
90638
48252
90885
55003
17611
1698
1533
4218
67027
19296
46768
7581
62596
56569
13582
5878
70999
98020
72276
4331
26763
94929
21348
11973
12810
50410
50109
25672
84218
88564
22172
18941
40322
15381
29967
82795
46518
98895
68977
2949
88962
74154
66280
25500
45327
53680
46679
16373
58709
53874
42047
24310
3485
12168
25401
46969
11920
25494
7977
29795
11650
4490
13312
70702
86229
4865
74192
70499
13484
83145
96652
32259
2253
99649
56476
17188
42705
98109
54202
59545
14507
32998
8428
66410
53394
4222
97502
73827
35277
99009
26139
36360
48826
33959
20488
63558
55291
60390
44509
89669
86014
81332
67233
24634
63528
21994
71841
17112
74685
83268
83948
50534
89902
34532
12270
90156
32031
69591
8039
24615
10452
71215
63751
72668
88216
5712
50953
23081
48649
19750
99817
81303
92451
47411
26979
71532
92423
36743
33642
64093
37352
95592
58273
24160
94867
27377
28697
81791
39160
28950
64776
43368
92057
51621
64642
39682
333
19912
20119
41755
26386
48071
62985
43388
38925
61771
3400
57822
54687
41181
74219
38133
74054
7437
15757
6634
43596
90447
83106
38247
17488
16831
92021
76908
18096
54181
12927
63006
752
5492
30790
6559
24297
69612
40592
64985
85361
30559
8738
4179
89186
80625
5113
44646
80970
87160
19748
32586
39695
36899
33692
88681
63101
74999
88546
69685
19501
32052
85267
31349
71507
3959
71946
6298
33828
72697
9042
34192
82082
94100
11366
41041
38886
70597
25064
58963
3401
88333
44794
61794
73423
37105
23964
55144
87536
42178
71490
1352
17124
91831
64849
78762
11435
97590
68215
58608
63094
98769
96292
23463
67349
33389
80424
55930
60318
73182
53738
83649
84727
72495
79011
53814
43904
7357
52725
85416
89696
49251
82667
97544
19082
14640
84718
72609
40907
80436
47008
85893
61075
37274
80889
19874
43742
87567
29180
88691
69726
80065
58166
691
87847
76450
53394
76908
93398
30028
14043
43213
32223
41630
78959
61371
9330
3877
49181
79902
86440
41014
54459
76348
6544
86423
35686
12611
95345
18525
15286
1984
49467
80560
1117
3789
69294
523
3421
11334
30054
24992
20099
85020
76770
58040
3364
16483
69296
76280
68210
35590
19702
4159
43738
28506
76511
21676
72510
9072
52961
21084
39754
81444
94855
23761
67733
56339
76768
52046
8534
15881
66498
83326
44960
96184
40092
52821
89180
85317
5208
96015
55458
91100
9097
51860
57459
46275
30358
97405
96917
93708
16482
78416
70124
27461
35736
12838
46802
98697
99344
64526
82163
74297
28672
37803
2183
28101
41730
25592
44844
29860
94014
66540
68192
17668
9396
52313
84344
68443
87944
54382
65792
97244
74346
97628
46000
45797
96608
95349
6630
81140
73811
53808
35846
72250
96851
26473
25099
96552
7112
59846
41096
58406
51350
34677
63680
51555
98540
51600
60926
14086
8937
25859
71378
41346
14731
90596
6889
26057
51605
16512
92872
60567
76380
82615
46724
1359
33263
29534
97280
13828
94945
85250
24068
96717
83509
34220
15735
46875
16004
89952
29273
29735
82477
87839
9920
10020
99258
51309
37005
88180
50730
21325
71881
73847
88769
96680
82785
64830
25544
97388
22171
65661
63682
34417
67188
61662
63341
58103
60280
37618
50225
82507
7037
21635
99816
4168
11325
67526
28426
78459
16014
84076
20820
52351
59551
44087
15060
83718
27697
39081
53267
17401
39119
3703
62271
5142
83596
59005
4628
22937
19320
21740
64071
55478
97182
84094
71887
97570
4381
13706
38736
27249
70401
98099
41541
76217
97566
92475
74825
7766
85416
6164
80994
24679
29521
35639
25387
33462
40896
22030
94973
74677
57706
72683
29113
97764
26384
2236
48084
53871
73813
38678
87776
41043
28890
4558
47058
95105
17016
3175
26901
62587
80602
74885
94539
84252
71252
61664
62139
88532
20067
90676
45404
55857
61699
72981
19964
35257
55815
79776
92557
64756
54776
49517
40173
44934
80365
24065
80720
15866
96612
59199
22252
2330
22458
89054
65633
97147
81325
8598
12771
14805
13195
78676
78373
48528
21398
40686
50116
53306
22487
10384
14541
54645
35547
76180
90572
53742
84910
67727
62834
55079
75539
64040
38434
91255
862
26341
72376
99879
57774
14142
18966
41309
61578
34034
34349
7701
34967
96120
98660
41867
83795
6766
7144
31638
14001
36845
54768
21806
20049
34910
95116
1742
28219
68869
72074
12469
7544
96827
66340
35014
9774
86747
9321
25647
1846
87506
51398
57926
63899
54169
31345
5167
94513
89694
87346
2459
78639
62366
97871
60043
16586
11408
92690
50482
10064
18203
16729
48568
76990
3239
13689
13243
1438
1169
98416
63215
52449
57944
77830
62118
46549
22292
26975
28651
19683
2054
29984
46056
77992
14730
12379
78440
42221
21194
54648
92407
16069
68428
15106
3045
34146
31692
32012
84905
87637
38820
72126
29250
4384
98471
57824
4473
60825
9613
16385
59490
12670
13640
68356
36738
47280
33814
18824
77578
76654
33295
76627
72705
24878
39262
29370
8064
45497
55053
48336
81014
61604
43673
29928
40812
57959
17764
35656
76451
79740
74441
59468
93433
47350
5706
88820
56779
54268
5189
98092
67476
34464
81989
20182
76948
90272
90901
277
76780
93304
83183
7576
34789
92673
6611
17218
15120
27306
69203
14674
29672
90578
80971
34772
28052
48159
26126
93891
91272
24383
96475
64537
98987
97720
31438
42420
49556
52718
83155
44519
91085
69553
91190
67578
68922
79583
18166
65567
96883
23645
39032
51219
64588
8814
63607
99852
85845
72397
24312
6501
48926
81261
94620
17955
24403
8939
49871
11363
57317
80108
25694
57251
32008
44025
98341
89865
32537
8371
13222
53812
18456
24532
14966
37885
67827
22948
49521
66089
38339
92276
91342
28302
12271
31963
60781
23775
23438
10251
30092
68982
34123
28559
95801
16349
96481
52067
70274
57242
87525
91248
51400
11668
76163
38211
70162
52550
36257
15848
54238
58719
34624
63816
96178
71826
32064
71388
55313
84673
52771
93869
3177
45378
72650
65098
78056
79275
75003
21893
8335
50623
75396
62891
42239
60533
90394
3005
47760
35105
67962
17007
71937
25921
45360
9949
27113
44806
150
64069
29420
25949
48372
78629
45673
86041
62662
46898
57072
26943
46491
72530
11281
83534
2681
90423
2287
96808
83742
56
89716
56994
38050
98605
51358
33124
96760
23174
45655
79421
50163
57737
86914
6918
49509
83367
83761
64849
8963
25914
81204
5870
19556
51293
24108
66905
21320
38920
24285
79716
90102
50150
2690
22237
90429
86133
86554
39067
50844
67961
61984
58986
3997
45341
27096
58641
93787
26375
54437
77436
48805
26423
12024
46251
56379
25564
59235
80598
80437
85203
47436
10683
65443
72957
17277
95846
50895
29179
7704
73436
61215
51752
73799
42403
95158
42484
45169
35089
66554
54393
32841
18416
96112
35388
30305
61963
75715
63137
53884
55096
52964
54443
88832
17218
31436
83183
84298
92657
70652
3123
21372
81784
24165
79369
10385
18747
5188
74946
28242
21467
84869
14033
65665
89920
85160
27357
23985
81218
56737
15938
19929
63699
70137
54116
23134
13900
53459
61713
97133
46387
7497
3698
1770
86502
21652
92366
70882
41383
58730
19996
41565
57859
76097
21922
1520
12224
26610
87727
3727
84291
22009
47025
75231
41244
79897
30771
76232
96783
49564
34743
18410
90047
55672
90700
60391
47768
77837
57196
4254
12345
51787
6837
61304
85437
34449
89858
82107
78277
12048
5125
96668
63107
70350
38947
2033
9541
43974
75084
34468
18684
3020
7765
36
31049
46094
8212
21366
44323
38326
7511
65225
93415
85805
85314
81190
73404
92282
17859
61158
48673
45351
94867
4253
84118
37892
96332
41557
85956
79013
47841
82294
48842
38502
93087
56640
37669
44304
1150
75195
83163
48499
84323
44614
67459
51283
21046
47468
88629
51103
25882
82292
37706
42684
38702
69079
54799
94560
82656
42701
58444
69082
23401
22784
24139
83631
73960
81410
5735
37024
93855
83483
30931
3591
95716
77530
61059
2752
95301
69612
44123
10981
2492
4779
5267
24721
92106
5806
64515
17798
307
81534
14801
87625
86773
10248
24948
61451
29542
35470
2083
81859
15946
33113
8831
97879
58062
40425
17402
65050
11172
59340
4675
79791
59483
53613
92656
59275
91513
95812
43462
18073
51992
73260
71079
23511
28059
16625
71480
21085
81996
75880
69998
29246
86451
57785
7349
61959
25972
27895
79517
30948
20838
59856
42401
89666
1580
50207
29653
14383
76274
71071
94091
8925
47333
14714
1378
85702
45231
8096
79340
11914
31469
24467
96955
74835
16271
88863
48135
50073
1868
34695
7422
73730
46560
37978
29320
84481
22211
51045
52790
45439
47014
18370
42503
61495
43628
39470
5175
77435
26019
73720
53828
14165
71711
95412
95293
488
83377
28304
16650
82836
81449
15614
72915
69367
84389
1104
14446
61713
77876
83298
92999
90913
2251
70865
64206
87243
77091
5354
4952
30779
3566
46045
56019
14914
53300
92591
6827
94751
8110
81711
91025
52570
84446
36096
20974
97161
54441
42453
56132
48853
39538
23004
59997
22231
96949
69041
58771
21500
30140
90803
48667
30824
9409
8339
13262
36727
64001
51208
76982
12894
72281
27936
25329
6063
68448
721
57861
51867
17537
60206
67873
90802
57203
51957
28747
14823
46614
27237
69931
18863
40108
7276
95347
31079
49298
77438
46729
64533
7674
98243
14515
71
34599
87175
12702
4408
58819
70549
25963
85233
3808
6813
90423
15212
66921
59058
88069
75219
16869
401
18090
16711
76712
24283
19988
23901
41749
5923
10680
59747
45587
75427
38998
70400
38955
89129
35596
91065
60
9263
34260
89839
91323
28552
42778
28934
10986
67542
9567
23905
95027
9241
61923
43273
93634
90338
83346
89548
34140
25317
68910
50594
92896
46445
15764
65515
24697
72361
46830
91733
86781
69124
93780
46937
96677
17011
48544
27012
49608
59495
78701
81396
96214
81954
25227
75576
65231
33830
92098
47450
43198
26857
79135
64409
39157
50309
25792
34446
75046
52908
19512
2320
32475
5720
12448
34835
50194
85408
8443
78059
5913
91655
11587
46543
49602
34223
21
11129
33827
10763
36470
2442
23948
85169
32801
19785
74950
55310
73998
29452
32901
22196
62368
76015
3433
96047
71019
48449
62967
91445
13631
60543
65935
41211
17590
92536
55657
53220
31254
56783
87409
63220
36484
27807
15900
13859
35526
22329
62662
24558
16114
4936
60458
97863
54872
16694
72221
40108
64072
13991
65927
97557
92578
22627
28287
44775
65881
71474
5282
19878
46946
92959
68047
79431
255
26943
81218
2371
93922
93227
40427
4103
74912
97736
95146
3880
94964
53192
69002
62069
38445
49418
6167
99717
76726
92924
61661
98158
95903
22176
86302
47735
51693
60717
43408
44422
38075
13580
5649
1107
43051
97635
43175
15102
56781
45071
65721
54524
68458
52618
37955
13164
41997
18124
29754
6215
52559
49389
59165
18518
48158
35624
84563
29246
14666
89596
39815
74038
74092
88876
22269
35001
78355
38598
69424
90583
6699
16577
8457
16710
98316
63
6014
8757
75485
95698
58276
52289
67043
6427
2387
65409
59018
38093
57909
67836
57454
44528
93130
26971
13766
35170
50811
16280
81070
54552
83416
65301
83696
36834
23376
59818
81038
50060
42221
30678
85583
62624
82698
1206
64740
40009
22290
42452
72085
52051
37463
97303
16268
84590
57387
65560
23390
92145
8862
87573
11633
94940
30292
90078
72815
83605
81506
49292
68326
42548
76581
49233
61017
11930
1888
26475
34918
188
17008
56019
29940
72862
16269
19666
87641
22586
47615
25426
85510
66015
36762
96914
49392
84950
50136
72180
15676
80352
39474
64208
23270
92476
78715
94156
18893
31845
63992
67939
68318
63511
2943
89121
69852
23250
34412
66833
35913
96471
60538
37645
29940
68271
79908
66613
16671
52011
10712
34524
14027
97158
37844
38491
85346
60263
12353
43336
79681
52451
97768
48866
74848
69055
90069
32323
47040
90867
16903
62488
29488
90665
43920
23277
75259
91237
52048
32385
12657
23167
49768
70105
66352
76747
90429
77041
75344
95898
13164
46028
14152
57
34180
36108
47424
28951
86756
97149
10964
76325
58994
7788
73473
87446
25557
7734
29551
60357
35856
72571
35419
67861
88860
31601
46656
90931
73696
15636
12866
12952
31728
45595
46262
2988
83359
28550
82961
89828
30689
17331
61996
75276
96962
83632
56625
51871
94685
27627
1636
76115
84634
58566
79153
97138
7688
16198
28878
32834
41746
99146
55532
70822
94176
53080
78944
1310
99949
17555
456
36042
2145
85385
75580
52716
91722
44041
90899
26666
6556
51793
20591
47155
10338
29926
35910
22713
71711
69245
24558
59676
88550
92822
99811
3240
46226
89512
72056
73397
91235
97719
52697
25580
8630
42434
39480
69577
34399
58809
1788
31707
90373
98572
16706
11145
54491
72447
21615
37871
52983
64890
64243
20389
4944
59068
52603
4065
35001
26191
97972
55731
26228
80438
96695
51406
86485
36067
29589
17895
11892
98214
94912
71573
47694
67264
43443
52505
47321
71862
8447
78359
73442
74720
55668
1090
66533
50945
35528
44885
52232
44657
80135
73886
73077
55893
10583
86421
77618
49680
9510
90026
78046
83347
69618
96765
54186
80305
11765
87751
49777
35918
14219
70518
55893
95157
42274
55381
63512
71143
72541
46121
51733
61937
76549
1336
53785
28919
20172
2917
68480
81613
39775
41974
21296
76613
78023
23927
17260
41506
30876
45815
98230
77611
63527
57519
81093
79195
18386
66979
14238
98645
44847
83713
95538
75476
46242
14983
43604
15873
19147
42945
6069
14014
59892
23471
32254
74335
16595
77029
20713
54072
28636
85165
84893
64913
42375
98375
87108
94199
24601
33648
37066
13548
29138
49312
86900
71454
75122
60269
4091
68213
51752
95886
59812
96902
43545
34874
6141
88581
75753
20270
94421
21975
62026
7789
22681
98949
53502
77761
56551
51340
21834
14272
53104
71346
35833
74987
21263
21971
23177
62064
95425
6137
3575
77871
9536
38314
81346
50809
94208
78267
23902
93684
99972
27459
23640
38907
62142
58666
1665
37666
80674
42848
78297
66424
51013
44554
16185
98853
36663
78326
43644
12435
4154
60688
22123
83816
30270
27886
18500
3345
2587
56902
98534
60603
28778
59199
54588
89083
11073
90308
95971
5390
60393
69141
15002
28826
97181
30136
197
95219
47520
18573
39870
73369
1147
27807
80089
24959
3123
82870
34481
68391
80387
64073
68244
72296
79643
63760
37064
16657
4309
30680
14873
74184
67823
90128
673
92427
75242
22400
38002
76472
83518
74810
14275
36264
82264
98152
17460
24533
72049
25701
95871
58781
82252
29928
14397
9855
1643
18778
44274
3394
78094
58857
53623
14836
95690
97205
3298
3792
70978
2631
88404
94073
89861
32994
51231
30947
53700
96977
24433
78833
93997
85888
69441
69656
40296
37991
1941
96099
14574
11201
49902
48688
9089
12507
70865
90839
65357
80487
9330
87915
84665
96080
59935
13177
50857
94248
44870
91470
69235
99774
74244
10997
18587
17099
55563
67005
43214
97323
71759
50136
27416
17129
84238
26048
59842
52786
32154
51669
40971
31212
99524
54306
94466
41920
68262
82589
9469
92338
9868
71436
10265
59857
25728
8421
26575
69386
51058
59310
90159
13015
18400
44643
70844
41429
76903
76374
37956
42899
85318
49777
34938
37478
6891
36951
23377
34329
27869
47528
91959
7234
86214
34339
35979
9840
61338
1958
99741
45792
63176
97905
37345
80495
42172
56744
40336
40714
33646
45271
63611
38753
18283
82864
68556
67994
33181
54031
60987
40065
74554
8671
63081
98365
94246
56950
74429
93278
62182
59547
31321
81395
71267
91240
1176
81944
70262
37962
57094
87852
32438
40805
47003
80704
46843
10805
11414
49164
31118
50575
39731
39996
93263
20230
35432
37735
34626
42313
18338
19264
82039
76361
2454
2949
90517
49753
70438
88277
66691
10478
3091
89023
33523
18950
59674
62805
70443
67045
35692
93695
26928
75322
80429
12524
58513
38080
93001
60836
87629
31328
63694
79896
96771
59252
29994
96507
81492
77350
25986
45002
94935
17047
59467
7718
81721
24060
33993
68547
86830
38979
54882
42680
43224
77011
43262
22743
43667
88689
1566
50135
6427
54751
31061
57996
30683
75007
67751
24825
61747
58901
36765
81883
73157
29930
35394
55750
668
69613
54654
2350
64025
64820
77420
8252
62171
49344
97081
71712
30218
4446
35196
54597
78881
83786
68044
32288
62070
76558
75331
48962
14182
30824
77805
73773
92802
29834
65708
29571
64848
12347
27372
20250
96
81211
39070
78764
87116
80899
63347
37003
67690
30731
71351
23538
65073
88389
99879
38230
87462
27590
42288
83323
64770
45797
77382
90659
66273
60220
82653
93473
79914
97484
41480
21740
7542
34493
23180
40911
80991
49954
9215
18653
49894
48443
67490
62050
19713
28756
59289
59028
97759
35915
63523
56776
22425
18671
66010
47937
7160
53507
58281
57156
73501
62754
42437
77287
21968
81085
41449
33543
84936
28032
98898
45561
76403
51922
93715
80632
22980
19931
17302
39581
65911
19840
68112
74509
71905
35690
91104
33324
68472
47108
68132
36655
47164
33635
98231
96879
96994
31392
82443
186
11803
77409
45119
40131
61189
9622
43133
53817
49069
95006
40499
48854
42688
85194
1259
82190
77901
95865
82505
28327
80728
38659
78401
91399
16797
57266
42995
3433
59935
82825
75332
36778
40013
22760
18842
35808
95663
12872
81907
20169
41299
43329
51107
12353
16846
80620
8744
67342
11345
79170
16395
93782
874
65667
52502
93680
68884
13106
28972
12632
88316
30941
1258
62011
45808
67707
24504
44050
91590
7407
29867
91276
41255
47305
13530
11268
81494
18251
41787
95730
1377
48776
46426
33597
26467
89768
30165
8846
37939
11337
24887
33984
27020
69696
89103
93587
72346
34557
51756
37727
27454
45676
60663
87654
24510
94200
72781
35362
83084
38058
13464
84958
44113
80111
67817
84193
51510
38103
46068
42500
30607
51642
39015
96549
44517
18869
57000
14356
35294
1778
25419
14763
9290
7462
85325
14458
74029
17363
70287
51584
43908
52046
10130
62134
18838
56667
15980
38757
7673
67540
84517
27352
56477
53384
3121
77644
31609
58849
38249
97219
63376
93598
13704
16568
383
39390
37119
65997
45670
65278
93365
44673
96145
66714
52511
9693
95586
76272
27032
93421
12573
86018
91901
15436
21904
27929
82983
7160
68188
56103
89446
1668
13796
71109
71127
39308
17
11803
88866
2755
16671
83678
36658
20649
27784
21843
80977
62585
1099
7762
89440
44606
52505
78501
57904
24453
45020
24240
84384
7565
87236
16139
44659
78139
51534
24555
37805
18186
23795
31007
24394
38976
13643
56309
31835
67836
89149
69180
88606
8076
39684
7173
19192
10170
90463
57347
54482
20294
88469
67569
81902
76815
53986
27154
88292
11307
87171
81588
22493
20919
82074
83342
24203
71944
56255
93352
36419
64415
23875
85690
45720
89754
59873
2573
44341
67144
74020
51869
43607
26645
25903
16704
46949
39651
9645
92800
41292
73081
98710
53188
27547
32469
29146
83693
54328
21822
60301
29436
92766
76213
33455
95889
72212
10377
72215
3822
80362
80553
19451
4089
10066
65108
26206
1729
13081
58156
97559
95896
31457
94409
59098
42719
39388
47082
57702
75935
53063
93063
78474
2003
95233
99138
11508
26852
66758
60923
14744
30028
13004
65187
61113
3675
79385
73352
91607
47640
73247
79887
52053
63839
75190
99615
80453
12777
28180
16986
49587
1353
57355
66503
96747
70099
94783
44682
62568
70423
36642
26486
36890
98411
92078
54809
78962
98246
77151
55669
9741
25641
1738
41486
73499
97656
30782
8607
65867
62342
63958
12167
69941
86287
55991
96673
35747
51870
79084
2770
59772
49167
66236
87548
12815
61679
45317
55247
89433
22751
38871
11550
77844
90296
69711
11759
27676
6536
93966
50668
10622
43482
21846
34935
35871
99636
51649
36027
42342
98714
4509
45789
99655
34800
35144
99985
24141
39516
56004
70345
65411
71498
48663
78440
75488
64489
3649
75765
51501
18578
30395
31659
43699
61321
58441
43661
12166
25821
15131
855
35272
71785
89158
46448
48667
6845
75001
48443
21159
51414
77023
46380
86852
9385
57393
85207
40261
22816
73877
3653
1281
15259
21463
43616
36927
56952
40802
67790
45053
95021
99418
98714
57341
73393
74137
333
54093
31066
45125
67740
71665
41730
55851
5691
34959
54723
64250
72623
10231
91969
71294
29697
34381
94951
92343
29647
19829
77385
62965
64732
26777
77928
29554
75528
48954
46165
60333
64186
61168
39757
12222
66585
37344
89730
67035
47834
53497
19482
63302
22676
69355
65904
50640
17967
39077
54489
55247
56635
11177
26561
2487
98845
63630
17652
1400
46212
95505
94392
33555
31578
27290
88407
96122
21206
54118
77275
37379
90894
822
90322
649
22185
92371
19761
43744
69011
46877
3573
53139
61482
74479
37988
75195
47829
40208
97202
72573
75796
94232
89504
96001
24306
62556
77759
74283
89527
7353
77969
42136
13018
36345
95984
31159
49716
76293
75049
90241
45871
74792
64512
49494
3262
57467
28439
33750
98502
38066
42249
29560
95002
29506
81360
37035
55780
32813
99398
15846
24191
43724
51113
14030
68706
83255
984
85796
51511
55028
92506
5576
26665
50074
68318
69454
72571
20929
71388
31707
68118
68841
92154
32540
99035
51235
75435
59331
90006
68895
85107
25408
26259
45235
24421
90584
87083
89188
36621
87588
69654
49652
3657
29992
58244
83145
88978
87022
75975
598
55289
45854
65992
57992
91820
14365
46234
78063
52311
62592
10924
9447
28807
16331
48695
7202
32491
5098
12215
48691
7347
63722
93847
52762
84506
2229
21957
55687
6784
14601
57508
60269
39568
64052
64321
63140
48033
28334
27357
85434
83863
98963
83560
82648
41193
10140
53103
41901
93085
15928
9068
89049
67152
4396
83644
48472
51570
94084
80367
22345
7949
87636
29880
94329
50182
16880
91075
59377
77693
33765
96358
38585
59055
498
58256
52327
15323
16390
85439
40904
22817
64951
95150
52490
22245
50492
28778
15556
1939
6152
37958
80418
15165
16996
60965
70576
21952
72903
68564
22691
51365
26580
91930
73919
6435
82097
21415
53928
73953
69439
39562
42952
74297
39739
19551
39865
69176
80848
30885
84464
88258
55254
68334
65735
21747
21995
68111
6086
11264
10444
2999
493
45052
93233
36893
25311
42583
29058
50962
31342
7712
16762
54229
44160
29035
81270
18629
85307
44781
91866
6961
8306
57860
90337
67979
3948
71188
31166
84092
1613
8396
5812
74449
96611
38247
62478
75506
51631
19151
96604
87507
25230
49723
60394
81572
15652
93561
79007
53667
94244
9671
62255
81522
24189
75867
18301
27458
18820
42179
61777
16398
72570
18311
79794
57669
90555
3850
7520
8767
90947
75727
43056
26576
82332
71895
66277
72667
61640
22377
95143
55998
41319
27211
59171
31307
59334
63405
38175
82006
46884
44453
34392
76298
40418
92020
26010
43319
7719
60712
84379
33030
14061
27771
40404
42893
32619
50360
81437
85533
19520
5757
8932
39640
84505
10620
45834
4225
62143
66940
56282
61324
9088
20093
775
1236
73464
77369
81185
77483
72924
99813
69683
9324
73922
93079
4060
35724
50960
70817
46119
8335
82176
37211
41130
86807
22765
96383
32440
39896
94398
44622
5987
33222
70571
57552
23186
65232
47824
51193
13754
95910
13005
25894
32796
19637
54359
84135
65403
89939
75935
52087
1176
57845
64189
62150
63916
84575
2617
38616
92065
82675
64757
52933
1261
15658
28506
92897
81484
48033
63454
40087
85209
47627
62863
87183
9257
21188
96447
42767
79877
41765
7499
95101
57698
5683
39306
55266
41886
18066
49998
27849
89048
10744
90682
77383
9292
82620
31457
5525
811
92268
96694
53369
60595
44094
67734
71523
8560
20382
7854
71507
94222
74727
80041
79031
74490
99949
38170
81010
58516
47510
87523
14425
5075
41321
18016
36471
40565
20158
81523
21232
23425
19349
55053
73826
97404
48675
72565
74247
37700
12039
68056
58199
34796
7707
16173
35691
17908
47334
84611
62652
90051
92750
24202
74538
77732
37483
52635
93208
27164
45462
69893
91509
50180
17024
3093
77014
12550
91647
93153
46910
28248
20067
98289
30015
53136
25767
4970
56602
45891
5091
8537
38211
81215
67039
48792
28064
85825
21921
64224
72624
14771
55943
20331
61960
42502
36624
74212
71864
29640
41877
72494
37901
79201
21654
60077
68016
59920
4974
75413
39979
72477
37256
81038
74027
35643
69227
95616
68224
98108
75953
56833
6946
95728
26902
24568
86126
28604
76427
55405
57262
71603
22281
51599
12023
50516
56547
54977
67468
81567
30933
14402
6847
91093
76953
58807
46968
40843
8888
28472
41134
87018
98301
24148
32050
88487
90149
65505
44779
86554
76595
35908
65339
78909
61824
60121
94657
25251
68911
64
42360
39826
25791
61732
40733
96574
89433
34409
16974
91524
55241
68081
71789
34752
94410
4235
15363
56235
8378
14074
41442
15220
49293
34493
67907
31641
44125
5088
94894
38755
66974
37342
8376
23196
36240
47760
27303
45838
21070
95863
22961
65689
2659
82914
74530
91760
96604
57372
16795
41104
66968
34038
88920
96542
53084
56044
24330
89596
59908
28503
6083
58216
15252
88079
61009
24722
31884
28154
21345
2807
1914
26677
30693
62622
94569
92733
38864
76655
61943
72283
64765
21195
8708
23978
6640
98508
22630
55718
39700
38137
19578
30355
32516
80198
31988
24711
64837
77286
79064
10389
93584
21998
68802
46007
5902
11880
80287
19159
70843
93936
68222
11802
65261
79407
53249
52745
21582
34865
20653
38046
29861
39493
38817
9543
58932
45841
46212
250
19706
4335
75991
24502
4823
49063
20009
23857
90320
27818
77417
47075
75209
27721
89558
58030
58703
15216
28659
81161
16504
81891
81686
94439
67809
33203
49727
21161
84535
6748
80134
99037
92786
98910
96045
54768
47355
10935
28821
54647
50127
18777
70956
2230
91195
51405
17283
74892
44423
68259
34878
77179
99983
86485
63621
91991
49516
96727
86872
51691
45106
41245
58463
44994
38226
54602
76030
84824
58976
37391
35816
85694
65679
41800
34315
86852
5592
17103
78665
73958
18361
66620
86567
66358
50810
29434
85373
18914
57482
4262
29678
10561
1513
4966
24818
78399
53759
39268
98127
14402
73449
25062
69255
24185
20692
59180
83274
16992
33921
57253
66347
46738
78377
3277
38801
12268
40794
30951
59780
95738
65728
78419
70695
21376
99967
84653
68709
42983
57595
55266
78435
58690
59931
14607
42293
62588
3778
60664
71981
66943
95229
84225
85743
98339
95611
39149
6624
95730
62742
62320
12604
10452
20496
56467
42086
98684
96792
13316
75962
23310
82156
24215
3935
23083
64249
10334
60056
69979
58493
3840
89177
66325
40526
2105
58423
51374
82387
99693
71224
7643
67664
16170
11242
55877
62399
16729
80559
6185
7769
28864
7958
92488
59157
43800
23205
89490
24679
29350
41906
14378
62090
18297
76337
35062
56600
49183
12648
96517
44405
65411
43486
58877
12812
97319
14130
36256
78993
86842
54311
33178
87398
39382
86077
28394
19641
34520
38395
43434
36746
95037
15208
1949
69131
78902
98874
91157
56192
70856
80837
733
49605
88610
30517
36457
96943
74140
80791
94329
27723
26632
77457
56228
14498
33752
4946
21990
85374
91180
98116
2024
79942
74517
42526
16393
32869
42859
4662
94470
12713
37704
47700
11211
92008
20415
79681
9526
24636
1436
702
76804
72943
45690
19185
62458
9618
15291
85499
70514
7879
58919
58885
60704
38750
60452
56792
38720
95260
6829
70219
45055
44856
12211
25431
31426
94240
65933
21831
65238
27032
69245
33739
67477
13442
60961
65804
47377
42425
64371
89530
64641
49783
13981
14784
59110
54775
604
24249
52760
34613
25936
32316
88562
63985
77021
61331
11158
17618
80481
93930
94430
58791
4914
69442
26048
20265
38099
13989
23389
85372
24051
72180
9575
48404
50787
79323
83949
91412
66066
19142
29156
98226
3783
74542
37843
89655
28185
37900
43227
96450
79502
93582
74529
67820
37582
81511
10938
32326
56484
98688
48114
10174
12817
66988
54584
34209
91980
51866
5450
58554
36442
26179
80632
94553
78950
68484
89047
91438
46301
58181
72293
81781
4008
63895
2228
26764
97703
17469
9686
98814
59879
17633
36355
77732
13152
54152
43881
86242
72077
52607
1776
4557
60168
36500
93864
21292
80609
15138
68370
764
50875
70756
10377
20045
52548
93898
70571
69962
95311
81673
84167
8310
12528
25101
55397
56401
52627
30538
90412
89595
56665
91184
33364
97167
26128
22365
32617
16528
13325
12012
89656
49058
47049
14571
49977
14127
15861
78218
66873
41226
636
91855
25283
50224
89940
89575
53003
66410
11775
13847
20055
46191
40868
22064
72522
42791
14182
38049
86670
13098
63806
67622
44540
41318
41081
21663
63787
99200
96304
48923
80468
96146
52512
23347
55166
13906
44294
37011
37930
18035
37049
77459
40605
7748
97827
51812
50245
9175
89693
50405
71882
52477
69542
92629
85203
41516
62656
86883
87538
51906
13608
46498
43853
2627
71024
79672
4266
18174
35354
72470
91254
61455
37171
92385
30226
7325
19017
11118
89114
33603
42379
44685
77939
32716
89276
89308
23313
75191
90547
46461
7682
14331
26226
12034
89339
75843
79712
1764
72444
96762
21541
91122
81154
12130
78914
28839
83402
82238
28491
17076
87997
23824
71042
94621
85468
81309
22769
66720
72521
92940
52388
58159
28431
84013
26432
36799
86256
60470
64708
83417
77513
28649
14619
63853
24867
71505
2746
13959
45529
30155
66940
49274
78369
24354
43448
22232
92473
47634
14171
19620
88912
36622
76872
22974
45518
20638
14537
49373
77312
67456
12624
12796
40612
9838
29134
32363
37741
55936
37903
71174
68532
87368
84272
79650
45019
40924
38559
91075
15807
87633
4686
18604
73242
31874
20051
39246
50257
65936
63198
27457
62817
23491
83479
50992
26337
86383
11828
26030
27572
73778
33557
10055
89709
40249
71196
87250
22143
32195
78380
87330
16416
15229
52477
63996
69242
17932
9464
20323
5742
65801
64629
79950
14853
56774
95087
52987
83220
10607
98497
55580
63467
90572
95072
17936
49850
79010
28244
57549
51936
94202
42163
85273
63154
31513
99996
30840
25605
18222
33453
22624
86040
21963
96834
2760
26752
62763
11659
60255
91793
11409
1768
48633
53510
42385
48931
34723
14446
80872
93930
32088
67635
26533
4808
84236
9672
53387
12319
66949
54030
15567
26277
6442
73059
27644
7320
4884
90632
8118
74686
54017
27469
67643
75389
5447
95067
8325
47348
60293
21597
35533
75764
81045
8236
23946
39391
28062
6102
19958
26427
76390
65418
53681
83955
58085
81827
34655
52331
79285
8335
80044
39933
58117
186
97456
11317
2220
23196
76494
1541
16154
96539
3830
7686
53162
72126
86186
29420
32532
40176
65694
6084
57920
4013
25048
45101
75573
25196
4471
98832
71087
15977
55569
54813
91854
57934
85300
93187
45387
9693
36397
89292
35910
60157
31271
24819
68730
20638
428
76035
42450
64074
18503
73069
14389
76043
50505
15045
50269
43443
88874
51194
27046
41899
85416
9168
35969
97852
21131
70012
8072
29428
84937
54683
11884
6005
47588
68431
24522
36864
9201
49527
63996
68953
2933
45898
80619
43607
96136
5904
95715
71402
96443
91581
42335
78217
46869
30219
97635
94040
99289
49779
82952
10003
38724
67655
54193
18489
35634
39023
21661
16151
85536
70398
77686
59663
97228
22192
7782
27526
120
89122
6985
86855
70382
24910
21309
247
92989
59714
76021
83894
74850
64220
33614
81422
92674
93988
53145
61436
37235
77734
74615
46456
59002
