61720
47142
39629
32314
65188
45713
77434
36659
20951
75339
76613
48904
90681
7088
28691
55250
33595
78262
61818
29977
76820
82303
10893
18738
7958
43657
64326
67272
59308
69504
75344
77721
9395
25043
56846
78263
27697
94371
53034
55983
61526
64311
60830
48742
16686
30637
66201
47551
415
76395
74063
73050
46342
72851
66367
36407
2888
13941
54594
59127
78135
98559
10157
98883
23428
45040
51139
8710
24380
80458
19675
62997
63104
38789
91433
28496
2373
69376
11531
27840
71972
15282
60914
29535
54974
60991
15019
38168
31344
23078
28937
92899
68975
88151
15473
48723
69217
81730
78210
48171
74392
74122
21983
9642
82507
29145
13850
95464
9874
26861
9630
10808
30270
112
77561
22157
64722
49253
29732
90073
34594
24414
37905
96657
55943
24779
20880
41740
17596
51692
12893
34250
10201
72008
90858
93969
16937
35318
35045
17011
44522
76792
98629
9131
39136
33320
35702
94982
63574
38795
47775
58623
5042
39810
31820
5827
92660
18527
41405
26419
36619
20212
2442
32935
89492
36711
75697
91055
83344
53346
19230
66357
25632
57606
5718
38303
17120
67904
9759
85840
10237
93332
71023
62062
66164
99542
39888
89182
1673
90807
91981
68107
55552
75004
82812
34406
84604
8075
60968
94727
10802
87999
9402
66098
4553
92602
22883
18677
90000
18778
42408
30030
5307
53380
57930
87049
43932
44893
95088
94406
15706
80568
18100
5689
99537
90537
70856
85643
47301
19352
41667
95582
31780
9714
30987
36686
10168
81209
37056
34803
13797
68347
78691
55395
48933
6144
63521
67252
2365
91228
61152
85887
19164
41605
2725
81728
80112
95839
32096
32474
83780
72627
21493
57240
8442
79390
54023
42638
25313
88742
5538
41021
64819
79175
83109
26933
8558
43
69259
39893
86925
35512
70741
32910
89570
5506
22101
60869
7346
98306
8057
51255
8781
98975
2611
45240
3112
3017
2849
9108
72409
17989
38653
42582
96430
49921
50691
97222
2091
85961
77274
33389
33918
26194
20417
75605
19136
52052
45112
23596
6891
60053
4712
39047
89811
94240
27056
19586
18370
37813
75277
3493
15539
97530
91205
88451
62858
62031
35632
40988
47759
3134
94467
32962
34917
22833
5754
39417
41931
47134
65185
95416
40399
15806
22240
42476
5066
76027
99041
79931
64956
42663
60223
21989
71748
21065
28461
23271
97147
6163
73919
95482
91022
37039
33817
24504
52727
23735
31475
45567
21047
4484
57509
4237
69234
57791
13205
63339
24166
12531
22426
8999
84841
81955
44684
55641
35007
83351
86474
18311
34133
93714
5287
1348
32765
27583
34481
89363
25062
97802
12672
37321
74071
96683
5272
24112
32231
80412
63803
35592
55420
92716
84494
17705
14687
55468
24838
63235
80472
1735
21391
94278
7692
35503
7385
16605
87375
63762
51935
86197
52487
82508
49173
31196
95039
24565
63789
8805
3236
8283
89062
28136
44832
66442
25970
4869
39056
99912
84483
21801
46820
68894
87697
23113
9363
5552
29290
61931
20089
26733
50551
22117
8654
22561
27462
73277
94563
68616
62841
15503
29980
98494
83819
53581
10820
91346
35322
69568
71442
32857
95830
53133
96983
56574
19908
87059
3008
19191
86287
10129
68942
88531
29740
94533
51151
72815
73736
49390
5624
33352
81488
20243
67202
30026
36700
70108
14335
37095
378
21726
84791
17380
7763
9685
93443
15949
12379
20489
19077
65449
37626
19475
60450
42856
39954
34873
52765
90904
89229
2293
40242
22743
73669
34164
76651
32803
50831
87418
30082
74381
15045
76162
57268
69101
67150
34595
64510
16398
86220
56175
70327
70122
25569
80437
77194
55024
95775
94086
18894
14273
20331
20948
77219
57691
70061
33495
68492
34701
92951
49417
71395
43305
26991
81361
53053
69463
47739
35805
90812
93478
17832
36072
81739
62173
15639
55323
51833
64112
64389
77167
41717
57742
56245
31153
86306
26423
12476
88479
46071
66443
18440
88303
30678
70014
58670
29806
96358
84935
13999
63237
60752
35320
23750
30328
7283
70824
78032
96713
80324
69675
16568
54073
56869
44515
65215
98511
14240
26000
64517
71441
57505
20931
71926
89966
91726
44496
83764
53982
49667
43394
5116
52897
97134
65640
23448
18916
11844
27853
23073
46243
28862
1477
2094
70600
53235
10563
41949
45329
92755
85800
38429
32976
32382
15735
82038
28908
24927
68643
95221
36644
87080
3849
4888
72148
23819
45050
74802
14192
74578
47761
77820
6509
74491
63107
24153
15519
34292
5972
91716
63517
41167
84005
30903
71745
45410
60971
99034
30827
85150
10748
61415
72165
68105
75811
950
82849
97882
68979
54826
80671
2704
31383
14839
64395
57680
69288
18062
7811
69050
73432
41990
75990
72679
13355
26025
90631
77760
50469
90104
55665
78046
13918
41180
96868
10329
54002
11658
22030
34639
85782
60210
95734
5108
81957
7652
36577
19504
58968
14496
5559
9018
3572
92665
10431
97167
1532
74468
11911
58190
87239
48611
75616
29043
98349
85096
13830
93358
2716
84072
84062
65471
9575
7871
89304
25425
59101
85529
97267
16208
20343
39748
51295
76520
2027
93808
54270
94971
2846
3359
97028
69151
17783
8175
57246
2514
79150
81185
25039
94330
19043
12421
54965
52030
87850
2468
91753
31162
77956
35081
15557
83779
24362
33197
40897
55512
84290
92799
54710
17984
44532
71564
56195
28902
84342
3408
34798
58222
30852
19545
23426
91187
82219
25779
60790
4318
80164
2038
29967
51621
66366
48361
71228
81790
35572
36401
25150
70110
64062
61850
1867
96338
89635
73888
48136
42393
18699
88314
58675
57948
67475
68708
90371
95627
63610
96232
39207
51382
7960
88969
95147
49828
98031
36011
49338
54547
15097
32098
87709
45485
3969
9365
73313
56036
58285
19630
53302
26250
2969
15810
84179
58447
16447
50808
71319
70167
4562
34487
55979
50455
66411
35312
58788
79756
58
70565
29636
85977
84606
87540
39359
27547
8847
89925
43483
9482
98264
80172
51697
53486
90179
58554
82577
54587
62797
83174
58754
23947
93272
87732
46534
17911
21855
6144
29563
10258
54724
58313
85566
6401
84293
47741
37739
32155
48686
98108
38143
87769
13960
9035
76062
21369
42798
41848
63505
45301
18016
33221
33159
12763
87504
92243
16892
93001
56794
44685
89207
32392
24689
28749
49165
93058
39028
2222
5123
4064
56832
10000
22896
15044
28255
162
67777
89951
92670
66895
99575
27697
90012
5159
27691
65019
38206
60937
4273
12706
16831
91690
54842
53603
72421
17988
14483
55213
34863
65214
91787
56351
8810
57588
16626
73695
66339
65827
44605
92820
8215
29779
13254
17761
97861
60129
89201
28255
28165
11208
64361
48309
21523
21196
85704
22455
70371
67874
59733
47608
74776
12991
68264
66733
9104
87324
40873
95263
94455
36419
51031
2156
97500
63512
33252
15579
5888
48039
91901
78075
89546
23942
16360
89559
9880
77830
30790
58455
54417
88252
40664
33910
39125
87494
30461
90844
58549
49692
10489
58520
76799
65397
89618
603
33042
94035
29524
95251
29584
56460
47381
76578
58481
62934
242
72315
66132
28590
42903
10553
68049
33028
51710
11196
45450
4263
50031
46881
46047
71049
94822
78684
87360
37870
33075
21909
99901
68342
34138
8508
50170
75013
52794
96970
55710
39948
22603
35541
16619
52661
29856
89904
35368
23056
92973
20925
12985
10293
21250
19088
39120
60245
83701
56641
60029
33410
51933
32973
94433
29271
8058
11146
82752
22085
819
95781
4277
74780
51191
76506
52223
9234
4773
13071
21049
35635
54023
68110
24648
97157
71385
81661
29613
62934
9480
17403
55290
61668
6581
68313
66465
46057
10136
70450
82056
72578
27777
67625
7865
35546
45210
80606
42070
94295
59081
19500
55594
18817
38130
76034
95610
64042
47448
55963
63770
97823
8484
75869
85308
17641
36670
22283
12131
42496
93784
28135
76597
82573
90827
33096
15247
51962
1593
83987
56403
60953
50961
99417
31197
43406
50480
69293
21107
36057
19269
42880
92858
77092
2029
57243
55589
56901
33117
59128
39049
80880
42334
95230
34764
43965
32371
40023
29019
65457
38934
12687
76955
24972
49184
97899
91831
28814
97895
25092
49080
14214
40705
68351
91827
59705
18727
62986
79515
79787
21941
33620
4184
41646
97486
53418
8400
41668
8125
32458
33153
32146
11862
85382
36624
35715
41466
60182
48668
39317
16058
65434
13804
98917
29074
20395
49447
1458
36375
7773
94978
31792
34475
25748
5811
77036
40909
35487
79365
4311
33230
65717
66724
95345
63069
94538
12056
17843
101
85838
87823
19576
6348
4995
45299
96073
828
52154
8251
90756
97823
34697
2940
94664
52931
6122
62624
44128
54461
30482
30767
73865
79433
23756
47274
31074
58608
34834
80119
7343
44802
11623
87093
86090
56803
7188
74321
76583
9090
58174
43250
81121
13732
85120
40815
30182
9632
97195
65185
9981
68163
35254
72115
85103
70195
80707
7637
24729
73425
22543
9039
94796
79192
66709
8659
25215
67010
24833
58411
22226
21097
31180
90450
74847
39306
97721
95998
14655
94310
81546
65467
88983
66659
63424
54547
67773
94160
50285
18889
8170
96645
67863
62502
28382
40840
72940
15242
26987
57132
20093
60132
39391
64788
79512
65085
37969
36022
92998
35982
24199
67898
40573
71442
83138
52609
17091
74582
71175
34787
77472
72044
44330
36145
18078
74879
75065
8601
35712
82369
94690
999
99836
75296
59202
15304
23158
95064
66379
27466
39803
62274
10737
15200
22007
77865
38194
1282
48659
35229
27808
16465
18062
47744
35756
40983
37303
21182
90576
90797
28932
48539
90232
92374
64850
29732
91022
81449
32218
27783
30434
87340
5452
82782
14322
53115
72427
5894
88251
72072
21893
10094
94140
1373
13325
79307
17156
94205
58966
23560
63928
70696
5198
61499
22562
98813
39892
13459
93176
52185
80440
1197
41768
72510
6094
22470
64286
65168
64015
7819
79730
43928
59308
66732
92081
19179
81455
52815
71878
85125
22032
87104
5316
14607
98160
80678
84467
85184
52182
77745
13396
41215
72004
24751
13075
55526
6069
85183
49416
20514
55477
17117
53002
91351
39741
25691
80401
63841
24265
84208
95910
39413
65496
74090
92201
4549
1056
6528
87134
24771
90731
7938
99318
91581
83377
88082
72789
83942
50228
73867
13445
53846
59794
96319
19735
69831
491
27872
92273
72288
83375
64244
5944
92175
55682
36459
73243
86383
88368
51564
75801
94506
12231
89995
76817
62007
98549
79575
72740
90052
47135
41841
99433
49903
17210
46551
28717
70798
5994
6749
2756
90350
58805
51517
60369
4377
22755
55910
97709
20497
44469
21968
73976
43321
96959
85487
14745
24210
37314
1893
36243
62018
1578
69746
37703
83218
73153
14887
96576
89774
2831
99737
96991
84079
15439
80528
57027
22261
60847
27775
55572
86318
55523
37102
76045
93684
16646
20434
8452
7346
80718
62751
29975
79878
96074
10036
17268
82594
8571
12436
94276
62157
57613
80757
84694
3719
31761
50513
27556
59977
73880
65082
90244
20202
71886
14315
53997
32607
36016
11545
66052
2490
56843
28072
94530
63891
7219
86074
80675
1764
13564
83074
29326
63149
52281
3031
29820
31448
85519
65796
59431
14520
34068
80988
87408
72554
84714
40714
61581
70430
8050
40871
13485
50735
69038
34053
31466
87756
36440
93352
55178
43707
11544
11828
18353
91668
89318
90114
95718
27049
34492
20428
47296
98213
51511
93287
56621
69394
91306
55505
99744
3541
39391
4352
51381
38484
6507
14426
98081
4183
59245
8163
90971
45868
90211
22288
22688
51109
9096
91866
38152
42876
50542
68942
37411
39990
40116
21762
5359
5733
23716
92258
1530
46760
13004
39592
83534
43661
60854
66506
11517
2615
39814
29197
50218
68090
5072
93528
23378
48675
98900
70435
46517
4053
30519
74094
86917
4206
12863
9486
2058
77992
13259
13506
72591
36955
33804
58340
9772
7360
59587
17979
24113
61072
27609
92012
54092
70378
69653
82417
59192
89684
79485
226
67522
54201
76813
9904
65272
41777
22445
51441
35377
64574
5714
83253
87635
2546
62355
96567
26917
87214
38278
46927
26321
48390
57687
1956
15189
66336
50948
69215
55015
59611
19800
16122
75171
55692
56642
37911
19570
64515
13009
81678
78808
63724
96078
73950
28026
9905
38838
69
26827
5405
46035
71787
37234
53276
61974
90904
42425
29951
22643
37477
78643
82875
25464
92048
41451
49777
30987
24265
16614
46120
70112
35081
98677
61301
59284
71139
2361
20925
80617
93075
35250
92849
75165
59954
89958
96472
2473
55980
33195
76171
66964
79144
38897
2074
91890
33190
86031
24076
76732
97320
32520
15555
63533
49447
36665
55838
69654
98086
30211
11128
82654
67907
80463
78958
87674
55370
70019
4317
66373
7620
70719
33193
23612
52172
44852
68539
45625
49506
26658
58178
47625
9593
17196
44378
71948
44043
53979
48106
36457
39980
90603
86375
46251
57659
88246
12182
84188
77589
99547
14479
97565
48676
74059
1117
69087
10517
90032
53346
68577
28423
92218
21879
59270
11295
24583
91856
65874
52953
60717
2430
89825
84345
82727
56335
90500
11679
88411
56944
37017
3352
74500
10386
42885
97457
55201
85962
39313
21255
15961
2355
75871
50458
20137
4366
31175
59040
17771
78633
41650
20437
47140
8990
50066
64784
85963
22898
8412
37713
13073
55934
31043
54231
64017
20522
65586
23566
28822
21941
4678
4997
45955
78993
94822
56862
30915
48876
71072
34238
72590
32649
28161
32836
45428
48685
51120
68119
48489
45493
9543
30519
10253
19748
3343
34070
79159
30075
8120
11328
27229
85441
35538
61556
3939
16482
95658
62071
39837
96276
12516
67742
39715
49140
79186
12489
95216
24399
43630
79440
91574
17565
3514
69013
96387
98247
39697
56152
71080
57449
22153
54249
2571
44435
20136
86200
50667
25097
90656
99945
29451
68715
63945
37700
37950
22895
38489
82792
90573
84137
19458
57855
58791
38188
71912
63405
5926
42763
35229
67330
31290
26776
29659
91535
17876
87022
7582
40341
70385
10762
86908
78329
88161
33268
43713
24595
73331
92700
5003
27974
10623
53951
17694
15562
48207
64040
97445
38181
18219
21107
32071
82008
55935
5293
87714
26581
90763
83511
1350
58095
78664
63145
71024
22122
13362
83636
93889
6801
40342
41696
58171
40358
35385
48276
17528
27604
89506
34483
95942
1536
77701
88835
86563
27550
44877
18474
15185
54816
78821
25745
63382
27401
76900
36842
33010
39136
15283
3726
12734
60480
63419
79103
63262
62348
43376
75596
78018
63200
71380
80787
27615
95938
7721
11424
42405
34135
95607
48276
39484
89875
62934
3745
66816
90664
62585
40434
20182
58111
97943
67527
98634
54725
38807
43261
4135
99548
61719
68684
50257
78579
11961
92107
72803
38928
86859
93646
40896
52393
19377
76431
90744
80882
59698
90411
77561
32528
71771
14851
34031
40460
59059
84386
63674
47268
16701
16862
30570
28603
63427
44760
85498
560
46822
12766
86982
59501
639
61744
31466
97238
17584
76255
48760
80897
64492
96241
66261
60133
57183
68674
86065
60394
36251
708
42306
10016
49153
65383
82108
76172
19080
90227
32015
20701
45549
65490
74972
92029
39384
83627
53877
55971
62118
33161
84529
20933
70808
35898
83688
97546
16760
73811
14833
80797
84771
61521
2358
71518
12855
56890
77392
41683
28378
8034
78885
12892
25764
38634
56986
84004
36875
76450
57206
18803
19625
62735
74678
51489
91308
26408
99238
43748
25145
97978
47458
28298
87070
44812
67497
40194
81331
68572
94491
60405
71500
40552
2959
45170
48542
48425
37524
8487
91627
84922
1186
93772
81612
75766
94139
26137
84058
50047
2851
59255
31960
30267
83993
45844
95777
73977
42033
9904
70121
40050
85904
41109
91283
4138
66531
14979
76687
83445
33404
41321
76141
14294
83627
60432
3875
40835
10645
48849
630
18052
20979
50887
61128
79995
99241
30015
37439
35741
65409
29932
49614
84478
66307
76759
62498
66507
81716
13235
63467
22225
22889
28590
12421
1371
46438
69572
51778
91960
28535
32558
4790
58747
77737
34232
46174
34044
79974
62191
2509
25244
50796
59193
14517
93606
85929
33567
75598
68496
58229
77253
57031
84033
68396
49659
53702
87372
42311
5612
71197
70299
67093
19571
27499
28519
37403
59661
33868
18307
12325
24457
96095
98489
69736
13788
35442
66028
9366
92946
87435
23229
88956
54239
98805
71016
60315
3155
14213
97998
63649
91243
98025
7118
19012
31460
14540
98157
59387
38059
69128
88693
57401
74768
40360
17369
88167
20793
19961
84118
47324
90067
57517
76020
47835
90115
90411
41644
3594
25018
72438
76293
64874
36519
97112
42711
45272
64454
37483
23664
34559
89846
2981
22452
26135
74152
55933
51103
34046
61620
37534
92134
75569
38022
295
21564
43784
28917
50780
73616
54347
78548
22412
53524
14261
1250
85056
4824
17444
61468
84701
79861
83097
97490
14486
57318
75058
58710
11314
55792
45281
56208
70261
92194
8681
81295
19213
71159
70581
82811
29212
80088
21269
72742
98524
5567
20917
14433
660
37495
61820
17066
83030
60223
66398
97666
70194
65549
66718
76221
98458
75791
18436
20435
11155
43308
61015
4019
27861
57097
61847
18327
41343
44296
13273
7347
31994
18379
44128
92519
77480
22102
83668
55284
61097
55859
96994
93259
64842
6606
22096
20385
96490
74145
72347
29759
22826
39914
76943
82005
1937
36151
43874
44047
73625
7492
35597
11615
46266
67900
25000
82010
29456
18011
62497
58623
32619
69908
9689
39601
68787
49326
15643
47910
12534
32009
92378
41625
92752
48191
84774
22266
67382
99397
8010
30852
32735
62704
34021
75183
18671
27285
18723
80764
71328
11785
74615
71790
84880
40007
63415
30424
20194
5424
66100
3921
88657
64556
77013
54916
47064
54574
48879
48196
19319
95606
99139
17277
59715
14384
85652
23590
64653
72218
49123
3762
3085
65859
55881
52837
19883
99951
24432
10884
58537
18039
51694
35877
40656
53037
61311
13702
97398
68285
34814
55897
93513
30159
21825
14717
74587
27528
56078
34984
53674
80848
12893
27584
45546
95919
73515
68233
2577
98481
27415
73944
70174
8777
53822
81222
95655
44273
44590
62497
95326
23471
1576
30620
70528
91987
15383
30439
2042
28221
17544
70649
47672
78971
89765
42857
39979
98672
19858
2621
61749
6320
52482
49241
56980
98024
61590
41657
25065
66299
62260
98650
52549
68071
72257
1650
14159
56039
61083
90464
25716
42705
69973
10238
73099
99966
69647
54611
17092
20906
53553
76037
96108
63985
78212
58955
35295
16474
50125
321
31083
60496
43655
39765
50429
66763
4796
59198
42571
82958
58271
47532
41789
53289
70185
2714
46328
88094
69359
57888
42633
64481
75260
28645
67626
1496
36144
15218
90644
22626
90804
89122
8417
99060
48601
6485
2716
25214
68173
7844
1000
90508
34521
37998
59402
94665
47609
87409
50867
32894
31736
92085
52494
83544
83496
61986
67363
33448
8571
86417
46405
47972
31490
35456
10494
82474
88095
54911
38421
97604
71528
65640
99865
42343
39163
91116
80269
32469
81016
49032
35248
16131
30688
39734
15367
34037
1480
82335
83018
73157
91322
5038
70024
60739
12456
75424
90903
56918
43853
38840
35996
93441
98722
99759
21747
22977
5434
70888
27004
49554
41627
26433
77186
51472
76857
34822
81129
13531
82225
80448
75444
7701
34431
91563
95056
59205
15836
42661
256
13566
51831
88929
48741
38713
44879
26044
77418
64702
96010
19367
1578
63554
31829
51554
3006
26026
29241
33802
58663
37006
51926
66250
54996
57433
16991
5453
64401
34509
85361
29331
56396
71331
35569
88993
12325
52688
9313
24979
28849
93411
82559
48877
23307
70410
73915
45903
89688
81781
89170
81670
14005
6738
31595
25439
64959
30999
47054
63127
71135
93855
14204
51662
4624
59755
21743
85563
92590
91626
23151
58040
63165
75411
26925
72157
82515
68239
61728
30858
7715
97012
34841
67774
12391
79755
11461
90789
35881
81171
95712
64783
69582
22399
82992
5883
18559
52634
36357
94578
50070
97451
49674
67760
33570
19635
79976
94012
39126
39859
44088
75385
59124
60427
3619
33302
82513
98589
7384
8320
10501
37936
39880
4567
87762
5521
53346
95997
56431
99891
86918
74059
12080
25911
4904
39806
49331
77063
96547
8174
55177
50268
71128
94048
9182
77983
418
48369
6440
54188
2742
99922
6888
11603
75740
73236
24544
53305
58756
33721
58002
79387
3240
44842
77872
63346
47133
70790
18277
30130
18996
43095
3070
19116
41587
47841
13271
56084
19275
8084
66334
24700
33973
18977
19462
36671
2510
95114
95339
87291
1933
46737
13276
77781
67997
44594
13130
41184
55867
79853
71051
15832
27790
58235
25995
57193
27485
44386
35504
99213
5457
14563
98601
33842
1833
4305
56339
73145
13364
24828
51815
65915
49487
53451
91970
93222
56858
26120
63058
55397
65273
75030
86938
16798
28004
23869
8675
45205
81515
77414
80800
83950
1834
12514
23068
66896
6181
59812
1986
95780
5728
41871
62728
33853
382
51722
6392
32497
64596
78257
69276
49093
46760
79749
68742
38888
66379
53283
31098
78454
92881
45489
69625
51196
15657
43477
30539
6299
71901
99776
45127
38885
98728
6823
68770
11941
17134
72211
36978
13659
42653
52686
39901
83717
53630
32350
2883
75001
69816
32943
48933
82734
56673
60968
73360
20059
71490
84447
74314
90263
34822
34280
99256
2016
88254
49992
84073
45591
63476
43817
76771
14056
24586
98886
92616
75271
43791
62086
17604
35286
98077
88709
27990
99907
6162
56430
43288
54542
17256
43525
42093
43816
531
40416
92167
21912
38103
3478
18898
75543
92196
76560
36672
40187
59183
4988
61617
33616
31822
3552
95582
32738
50639
68267
34307
44696
96981
63111
20327
88378
98192
3467
28073
63699
12249
4461
11624
90865
65351
65652
85455
34409
68368
38316
51388
90136
67936
28531
48620
50436
4655
89488
80868
16962
4098
41347
94622
27376
34112
37751
32718
64290
20399
20372
20016
93914
93483
66162
50865
8624
5186
9064
39382
81905
42767
81698
98988
92548
75600
2320
54093
8520
62822
96475
58476
81561
3722
99826
50845
2417
83462
43203
27300
2475
96759
8646
88408
87842
48797
70483
66836
78840
24700
55348
55290
16820
64434
83028
70212
52643
97813
28279
34312
54174
45448
3587
81127
85100
20154
26556
95603
97470
62716
95694
57915
47032
33405
60963
52212
42768
21124
34036
50853
75535
14248
91676
87023
76724
74255
15113
439
5592
3682
64651
91474
76492
78921
22191
13932
96638
25672
94885
5556
33723
63957
65852
52680
43502
63957
3568
19672
92038
61907
71802
10106
33974
76828
39750
78345
47126
70394
30210
69658
31655
98954
64722
67614
64212
43900
51264
95405
20244
84647
57040
88501
28491
73798
95442
56638
94352
58899
74001
18297
63978
52126
87592
48997
13459
47851
97140
62109
76607
72965
76805
46849
25845
22530
45358
60896
87676
47765
7644
34655
11377
83690
61315
59048
89172
41634
35155
22450
76387
66379
46729
16233
69502
72634
57506
10394
84522
9160
65771
71486
17745
93287
12117
69664
45702
74239
74372
9228
74726
15401
30854
86549
6842
88583
74464
82819
22137
27165
63523
23640
74474
42609
66750
69310
5544
25371
62669
14830
20734
37224
70991
76159
39441
67761
81110
3114
99133
76083
83928
45302
95352
5547
28258
68708
61074
93712
49259
94489
82046
16172
30662
66819
20586
33816
47442
6634
50698
36596
62124
43253
14932
60032
31300
61398
83268
32825
22061
64371
73887
82995
71949
73682
54740
7119
62100
87296
30590
31002
50090
20830
37991
95427
77473
75528
38471
27670
92746
60099
15050
76409
65955
37859
83695
15458
20558
35862
40268
28051
24156
12113
76271
55987
96872
79061
15200
81226
60513
19100
32066
36761
3583
43014
12760
97748
67095
42235
73508
90845
83593
65148
62090
96766
34103
24459
30836
83747
48144
62163
4495
74897
29898
51030
78802
21287
91213
62225
8254
15856
72300
57134
63041
12609
41871
12965
55285
55253
91820
33711
95493
61603
21365
70858
68464
16600
55274
73058
46310
6999
46063
83458
99823
50922
2104
33590
40619
57283
88608
72604
39124
57075
90969
92391
81792
60678
21822
94512
35266
90042
55781
28089
55792
41082
21136
41407
57695
58139
37090
47260
82378
48178
43183
25621
79730
88687
72204
62503
6015
2043
65893
15689
88933
23977
59021
42782
82530
31132
85968
7641
89219
96725
53221
29197
11750
59735
76415
30384
2554
34106
76323
55404
48835
37127
60883
40738
2234
70134
18537
70299
73841
86754
67839
77164
34452
30950
59723
3749
62475
56535
83049
13910
72348
11453
20656
55966
94797
56942
73670
13778
70599
31401
71183
43367
52790
23404
79489
29948
79693
62003
76883
70694
81510
7982
46931
3673
87591
42749
18071
93232
84256
35018
79308
70362
76305
56419
51914
78305
92969
70355
63881
63096
69161
33085
84780
87200
55623
97876
29883
56663
65390
15897
62766
99646
7042
25841
261
83941
66881
4194
76662
85621
48421
67595
47646
61081
21958
87229
36120
29930
60765
22074
31051
93526
35396
33065
30493
45676
7192
6674
15654
88199
4288
89276
60575
95477
2056
82753
41593
86530
5062
39146
62506
60166
59389
58732
12931
28071
99808
1279
44093
29292
76142
12663
35985
86816
9435
25569
24870
94431
68304
82972
82437
44128
65865
49329
8105
23423
11996
99056
83123
30662
41498
69384
43225
32727
52461
72963
93406
98009
34465
12508
84861
83132
8479
46590
75263
52714
32468
36378
66220
21901
22993
69220
34142
9527
10284
65067
62385
15346
25411
40147
72534
80964
63264
21009
61607
5758
30616
85570
29077
22785
33262
70824
96125
61646
86517
16450
44409
68905
82642
77895
93298
72265
62720
93695
76243
34815
69356
31358
81049
24928
77761
76830
88807
58928
83902
87224
74006
85261
78723
74846
24426
1461
40683
68024
53887
88981
55251
84025
36386
55728
34009
13277
87932
31944
45920
37505
9737
51435
42607
81183
48519
99933
84281
48005
91434
78302
87191
56625
83468
95864
89425
92075
96354
48712
91389
35551
32393
58182
20222
52821
11583
49522
461
95343
8687
66877
43925
1182
66628
57777
95544
80770
35966
46046
76431
53052
48515
78947
90351
1649
43980
33941
46311
71197
32672
93742
21894
94161
50527
75925
13465
72044
82996
92517
73778
12657
66574
34173
80484
16458
30664
55524
85611
78361
22435
31671
52937
62903
47189
86513
74154
32523
75803
47766
22537
67144
25002
78523
64491
97315
52163
64405
44969
32048
25733
54044
28428
77688
989
11836
6705
41273
81368
87065
41292
19514
82457
82428
65224
24329
37669
35998
65164
58548
19228
26799
83898
17504
63170
31779
30641
79305
5691
29499
61330
7574
18070
19244
18591
24024
77568
51917
69599
79839
74265
74274
87135
17913
36708
96480
52051
70344
90423
39357
17593
415
66707
48821
41950
16505
34829
62427
11194
40501
37483
16890
38967
25170
88586
9095
78415
60131
22748
2694
83347
36880
62639
43893
70984
5289
67272
36984
59467
89223
17775
82402
14581
60800
45988
50652
78874
10438
86575
28758
684
92062
17237
83527
17244
45688
13094
67939
12608
32175
12948
5208
94160
49759
2654
66852
86187
91582
28650
10775
40791
46809
48913
47521
1797
9516
70931
46040
53202
39997
10412
59783
52905
5045
95519
60822
742
54620
50350
47730
72022
61616
31276
40602
29627
1954
50953
37029
63308
51373
43501
24179
11096
54867
96352
69454
58699
12470
55909
45116
30121
22288
71591
17732
27863
64272
76812
96699
17785
210
11206
78026
90646
73625
15336
84510
43543
30763
80214
31243
42351
53257
57653
90461
96181
7178
26753
98653
32940
9779
48829
22909
25347
26933
61797
63648
88248
64962
57344
5737
29880
23053
82898
49054
71106
34878
5261
65080
96169
85551
19879
39498
10712
1031
96198
81708
5232
61680
26968
44867
65260
33910
62336
91310
55334
93726
13834
66032
52690
44928
4096
34645
33896
49827
3125
80514
80639
31220
48254
42526
75253
29282
12961
43767
39883
17818
48037
17874
63373
41306
3369
83027
75631
78867
54449
65381
51987
42496
21530
92454
31240
59549
94799
82994
78668
29446
23860
85227
82993
38350
87008
41346
23550
21401
83559
19844
57068
56470
565
82020
15089
29916
61943
19233
56250
94943
92916
20532
1968
77359
53849
29752
84925
75950
33713
39285
25289
15116
39411
87691
26077
99681
22869
24216
58056
96838
87743
16679
77183
52912
68218
36245
60479
70570
72616
37281
44015
65325
85357
27695
97665
81279
12586
87192
18487
44550
44746
8754
40066
23399
57046
2904
2021
95328
42755
65718
6424
60957
73259
95251
57193
76827
73049
2170
56732
26199
10558
21639
65267
73682
42176
42891
63689
54084
78610
77276
95289
71577
56703
85437
96572
71884
29984
70085
95694
54751
59181
35022
24402
42260
38960
61276
76236
3275
49973
74823
70668
58969
69149
26375
94603
73729
56210
42076
64237
77266
54517
63159
20006
18012
51411
68809
75770
28463
65654
79366
87389
40403
42968
62068
61273
32094
37650
4630
38093
67189
56882
30000
16626
70147
15339
7958
84057
47887
80550
63221
82192
85756
30423
51006
94436
52322
16554
8331
77121
37317
65500
20687
80436
27855
87302
29054
6321
47535
29588
3669
15792
22445
74836
68808
88819
78792
98410
63751
75554
622
74049
75436
64631
84728
40507
81667
55542
11392
65161
56086
95060
72863
54518
11188
46521
71399
82717
12702
50591
81274
10236
34382
83962
83814
45824
72036
84690
8125
3040
74638
14539
10069
30533
53426
5478
89720
84838
83644
53920
15241
57907
18399
69976
74196
42344
6442
30510
17072
68705
68200
27783
23733
6892
91603
64397
6196
84249
75351
20851
28951
4814
511
46870
94197
70040
97246
80096
95442
67100
76315
98150
73585
43020
79066
57392
20055
26901
44899
72985
35742
20148
29330
57868
23122
33225
35194
71950
14027
44228
52438
5435
10760
70043
43406
71625
53508
52125
59266
15145
16952
1377
50806
41452
27949
31704
37914
71649
18876
58530
57941
75932
1732
53788
35789
66067
17734
61750
66518
89986
33377
42371
18965
72206
77061
92618
3759
69607
97462
49305
96307
92134
77759
69433
33824
97750
22096
72924
41108
94959
73974
83155
60307
2493
75158
22332
25776
88191
73477
3257
56923
82635
92455
1788
97319
85551
39458
89630
31351
60723
43646
9871
47236
8250
1115
59623
29133
40
38831
18427
90300
97437
45563
29580
95441
87166
13448
12249
4813
53237
59043
24308
12189
67439
73875
20754
16641
7235
34067
35932
22200
595
84336
97187
53962
65227
84704
27376
27538
75590
99709
32409
76229
87919
20605
55696
39203
10885
53871
78261
47129
17752
75380
67916
70737
93968
2616
46249
73623
3214
18444
73800
61096
73321
45921
121
4121
68314
27586
17176
74369
59668
12878
42363
11300
92106
99633
93540
44029
23029
25247
16118
75176
44749
42924
97829
86857
79060
53035
2982
95900
10322
72736
76006
39002
74427
28292
89142
4580
69645
36757
75299
7376
75158
2071
3748
17421
28786
54924
49484
25108
28305
61483
2880
35213
50743
90303
29635
31355
33566
4159
27276
82565
92086
10405
55065
56354
4428
6286
59901
23808
38056
58925
38516
86705
89072
51020
69368
63763
13386
21984
86924
85115
49503
97127
28309
34685
30043
68097
98057
28154
14897
19688
60223
30918
88988
27758
38470
28276
72704
11089
20594
83297
73294
37182
99089
42458
80230
59839
25403
25195
8663
15234
584
17445
77122
32040
75547
46731
47165
47717
51324
41018
98131
58043
58276
56690
25160
12110
41041
77573
40922
37220
85049
66906
13988
78427
27484
32574
18428
67782
79314
41577
2716
7814
4131
95176
76638
74305
60181
70829
59328
28993
59712
45295
13158
36043
64990
510
25887
37818
5150
66119
47840
35129
58647
11968
22701
62042
71386
34642
73014
73493
48992
65024
3326
70175
25762
5816
97110
72390
34952
46100
36008
47335
18457
51661
29328
28301
16561
95134
22341
22823
36176
92016
20821
40068
31855
54791
46510
73773
14318
82632
31065
68799
5673
57093
74080
21859
68041
90023
72016
7308
85558
22647
45050
93389
84970
80297
55188
85652
8513
677
21853
38471
56781
79859
1437
6713
81062
37794
25738
35593
57726
19318
79559
53656
97970
24876
19527
9349
24764
56938
39663
74022
10341
49064
84890
30373
21113
38005
58678
18229
12531
2504
94347
14447
5463
292
61564
30989
93374
38342
74438
6050
80908
26318
11621
1109
98845
21480
12118
31704
63966
5366
88535
24745
72825
36220
32395
54724
26376
60231
78521
21474
21738
26170
26196
95091
53939
17271
80726
6580
35197
61095
9029
94828
75357
71718
67831
32329
82768
70958
39250
72146
84309
21566
85740
65000
40020
4518
22353
25502
5051
92498
59843
77490
29770
31377
57532
25415
37988
99201
46639
23360
91942
33816
50572
33339
38708
18961
63234
59912
25807
57617
2782
64837
1123
48310
1458
46167
24412
56475
89745
67911
75256
266
13687
1207
52759
41215
36038
88511
86992
54004
84299
31336
2462
99406
91550
39395
92151
33187
18600
26791
3196
5191
40543
14790
75020
97842
30957
63627
62644
65487
31087
29235
62881
38339
17113
63781
86998
97592
86903
5358
85177
99142
61102
46493
97319
47869
1696
23448
61224
52625
95631
44217
7965
87682
36793
69321
55702
87046
79905
13016
83424
8150
22894
25238
70108
95858
39085
91632
44106
21137
1138
87914
98852
70026
33084
89461
66375
89784
32918
21614
59948
90125
32633
92659
36214
79126
50895
62754
29955
47335
29010
88560
59301
61827
30291
40867
45195
17193
35863
9997
69048
97278
89116
67173
757
96084
69081
33380
79266
40788
45027
19320
5639
30573
69675
89064
77097
87864
85893
92549
55929
60519
47492
57769
98598
29418
56385
68592
43186
18558
26907
29423
86594
13971
66936
29237
44047
33464
99657
49980
67898
94724
83403
70924
87997
43972
25162
31501
14748
60540
58944
19622
48762
65628
18587
56183
53927
45729
27069
86575
8023
44036
71101
93131
97934
13027
62731
40812
51640
30794
93008
15828
47381
42398
40979
8060
68881
78054
59992
30293
56914
68726
62596
51033
19786
9945
79292
29549
56397
27386
54954
39894
5308
17327
23489
67316
38431
56611
52024
80831
2354
35230
22930
98525
80726
46292
23103
9374
69064
31975
25851
81940
57295
70937
76980
12274
68975
56530
57673
96063
13562
89897
71437
28887
33094
34803
26923
75967
71066
7334
47620
32579
34306
17097
63764
4973
14690
40762
65906
79108
18374
25883
88502
43999
11768
37146
54613
69220
61771
13947
87943
70498
18612
88132
99530
51495
81433
54277
84223
76735
86306
27297
51250
61802
96043
63742
77400
93240
93979
26565
37425
34243
27407
37110
47788
38281
19376
63148
8938
23333
77411
28136
43226
8393
55999
42173
35076
32602
68057
72247
12417
1448
41435
36008
10695
55337
94803
44817
76323
93649
79303
38025
59519
18735
22631
79405
48995
71367
98971
34852
42775
89223
7035
60014
27847
81321
16413
4841
81311
62084
22825
98751
97622
52143
89961
5487
71367
98547
96284
65014
64249
95372
94730
37242
47137
91708
19409
1619
78334
67084
85085
47830
74850
45472
57879
8863
36368
21269
77396
79995
8160
32441
19374
6224
48352
43495
81297
83433
84309
11390
68715
33505
65375
44126
44294
15531
86618
42750
23826
76604
80608
14412
30395
9494
11884
18754
7258
72401
6746
92321
93287
47912
68651
21613
812
4894
29348
4549
68757
82507
74069
37757
47620
75558
4183
85242
57921
5553
76623
1289
90670
78748
59119
63836
91192
80183
67836
39330
77097
85335
23882
88066
32571
8740
1699
89844
36263
28669
81254
24956
69596
1448
79340
48163
59339
8026
84550
17844
8478
82431
77283
112
93865
49831
66926
53583
81080
94989
43155
99028
11080
43653
99042
68875
24563
34914
12140
5377
91587
96609
18923
25920
20775
94069
55358
42886
99843
91600
21297
49121
72609
77450
7515
87689
51174
4465
98593
82426
93216
95566
69432
78700
55995
9296
1576
39377
55379
90711
86187
69738
94467
50302
99221
77542
64764
19142
81774
33848
37713
12348
40218
70388
62703
62502
14074
78278
63242
91151
85868
1680
58067
89836
81357
10878
7334
84202
48254
6054
4063
7926
51428
51713
80972
86953
83817
89921
67550
90990
46753
30735
90649
25554
94087
4322
55467
48998
39717
30717
23257
23731
12082
64453
533
87100
84886
15677
15692
77321
44906
85729
64476
83413
86714
6460
71074
48245
4172
17958
83025
7202
89370
53021
77087
26950
98074
88446
4217
4704
79456
34176
55415
55891
32377
79630
20010
62929
21912
84479
2706
46655
38510
12404
3564
12614
45778
19661
40105
88566
90688
7208
98650
97174
18238
78935
2982
35308
13849
62492
35198
19621
70510
71652
76840
71330
43460
92286
15095
66752
31127
20503
6972
46850
66864
45939
90934
79549
96143
4105
88356
35488
18539
49659
96667
62237
51952
7761
45716
6201
73223
44849
91133
58988
19411
41373
88303
20756
61079
63178
35007
40989
85270
63640
72206
2757
38834
28146
66683
66447
39062
35780
4729
42183
33999
2580
74587
87564
88597
53407
38571
20639
44807
10993
42458
12487
95508
4992
51921
72670
77846
96677
24710
50171
62937
19352
63499
6781
95834
91655
93121
85232
77450
44274
95818
33983
99346
64454
37819
29303
80720
22389
66800
88532
11295
10062
82265
63274
63509
77342
34130
10962
16197
98595
27569
5263
43941
73705
96888
73020
83755
65251
79339
46900
64848
26343
92699
16061
83670
12102
96865
55249
37478
39430
17094
77963
38802
18015
85151
71467
80537
59342
1046
31846
90632
66105
85475
28781
71934
76000
7705
51671
9896
82940
58845
85454
53323
79191
72210
2292
4961
551
71248
78991
48602
86408
2163
75640
22243
98101
17071
61084
99524
63395
62752
83821
66980
74842
43680
37128
7879
11313
5202
96451
8471
87589
70876
85139
87808
56917
41457
78199
19989
83837
67180
63941
72017
78222
42489
89519
90072
41318
45581
88754
20764
98289
53622
59803
16475
96219
54988
92661
52677
89680
11239
45107
23803
56531
78410
80470
66675
30327
16701
32252
14520
87869
39961
37190
74094
99179
54013
33541
68692
87141
13661
28448
17090
44715
43322
48644
12146
48399
37708
72968
58747
21425
36187
2011
3992
39993
24462
94157
32391
71792
18298
37591
57677
84091
84828
73255
49910
58068
42050
85356
73531
22343
32164
76347
21692
59463
18448
36924
74733
24651
16611
62708
43470
82088
75379
84783
17707
39529
76745
44768
39699
25420
36698
5687
31561
28888
20348
63437
89278
55854
13594
57904
90911
88677
18903
24142
70231
45790
22967
40784
89953
99413
93486
26177
59720
55347
20163
45068
53886
56513
55233
49699
8085
81431
74618
38972
39965
47730
49368
85974
39899
92803
57986
6777
53122
85700
21031
98235
29936
87974
46538
31231
54984
5447
73578
34297
73543
35199
40396
73388
54021
91257
97863
50612
10315
73502
4300
81311
97259
19596
41648
68981
17344
17958
62680
88313
35587
66310
46688
99688
30822
17102
96168
44031
51057
29851
83931
14809
46040
76026
28861
3509
69109
16085
71536
71638
78887
32070
89539
15876
20134
38828
66712
66095
57537
539
15248
32084
81398
20078
12150
32121
10766
82648
99460
61746
33395
23479
94838
98502
9934
63562
78793
44651
52641
29785
49999
90797
82942
35347
94515
54414
69122
79445
86211
73192
69970
60102
35102
83310
58544
5408
8156
50193
50202
75464
60212
34141
18047
93855
83470
71427
35902
17105
23270
99698
46782
89770
45465
85023
43652
51912
91056
17763
2868
54476
25862
48451
3335
18954
4087
34699
1124
4960
71111
45492
66910
47940
58380
41125
14443
56437
23033
11733
46109
49812
74503
73614
39550
22443
9250
74125
83788
39307
17902
85862
46095
7188
10037
88837
71667
46029
44590
30543
92487
32083
55850
71463
12112
77422
47806
99884
6058
88703
3592
21119
97533
49846
87233
75971
248
61153
90430
78493
84108
95166
55810
42747
98631
49009
29763
82801
1068
54161
72535
84894
81164
66556
39227
32845
33603
5931
2335
66840
63185
32641
44658
21670
83827
63837
11302
41173
20477
33422
94336
26675
94039
48006
56542
25638
39889
96647
57029
84812
69636
92602
34373
39292
38727
94175
61739
81451
9387
53951
72260
16491
69235
20189
19305
76238
92499
97419
21164
89960
15172
88344
50012
58450
49184
18791
22296
67115
25345
86715
27086
20825
51633
23758
49775
98093
99501
92001
81745
11045
59035
77806
43872
18859
44549
96153
20994
10682
78737
7397
18213
59552
29214
40546
12104
77791
23005
54852
86179
92334
78473
75088
65171
28157
54853
97039
71014
21590
44081
17445
415
89374
14857
52059
89223
40986
52922
96760
78417
12495
10912
88974
6279
44258
73249
56209
69814
35902
72736
32707
26771
76627
40096
62826
97576
28187
45877
5058
895
65913
46472
57487
82922
91195
50663
93611
2637
61502
85510
74750
74665
74672
85558
5548
94661
19184
77664
70120
90299
47793
17599
36998
3868
39902
15063
41421
76321
33464
3125
36939
7247
42363
48677
18211
52262
35743
37642
96354
29318
14905
47582
14704
50911
54337
26598
17345
5139
39823
46832
63019
38314
2463
43948
20914
6290
36019
7172
46366
69937
85752
70362
34094
16073
27296
66204
23526
26470
5070
59718
72932
13415
77841
88053
62193
65350
58375
25123
81554
39238
77571
27748
86334
12056
10378
60956
95562
75594
95319
55194
30048
16909
64958
74485
72047
15745
24141
53730
35963
63071
54254
35887
23413
68994
52393
97279
59525
81939
76518
25059
53187
34992
80177
80817
12614
69721
75382
32291
17172
39958
62124
86062
10263
47112
59822
94717
79313
88907
57732
52618
21254
97860
576
87577
27416
90605
27844
49521
9776
20058
10625
87736
90136
49383
33531
83274
2534
8736
22152
74677
17714
89388
34455
72947
56296
82263
60429
10533
35161
26491
6314
45769
85932
72682
37290
63928
15986
19451
33800
62719
32951
97486
96701
49527
93556
12030
82982
80035
61122
52066
80772
83398
35241
46623
16956
8606
97782
2478
45183
84641
17003
14725
80324
49042
56816
57541
60944
93856
97735
96320
93784
19292
1373
83364
77821
91092
1500
8329
72343
54609
12446
36243
75917
24681
5885
44771
59679
65378
22085
10080
24199
8356
44906
55198
8020
22586
822
47241
55990
61445
13787
90256
1016
55196
47078
15536
18854
36163
50580
81020
9712
47431
65407
71878
7751
53140
35441
653
73605
25171
45402
10467
93513
49316
77628
27097
15071
86035
4898
50473
9310
60954
16177
28447
61963
59059
52215
22214
51964
25464
41824
77547
49110
25082
59624
75088
88375
48922
99914
13103
68496
25030
5079
55624
43818
94291
36579
96969
12874
90100
92505
18842
32975
7861
40462
87394
27479
90518
58611
95449
51330
71111
58212
17738
68110
64221
73501
71396
17153
61678
45773
20511
67493
74574
58370
2822
81902
10695
81316
54308
80823
71886
22238
4815
16907
27624
1782
81516
9951
41337
27646
50685
20412
53444
86403
23630
75738
22884
10499
83128
62536
72357
15388
52495
40265
70784
53343
23375
73912
21426
65794
78302
22732
66616
981
41373
71542
86024
19725
16817
71687
48431
21180
5416
8431
65635
53666
51370
50976
88132
31229
62238
19249
67476
55835
75413
85854
21135
73520
41047
83085
61929
42371
14057
19083
55907
15683
66936
34997
78986
30167
58341
13779
51564
30898
60268
39390
64247
91013
3506
95171
31184
31055
35562
17247
74605
54768
77284
44778
11248
34555
34996
78352
87072
15753
29050
84250
86917
46954
88339
70220
31264
46039
42556
54439
84709
28707
64606
3022
87702
91408
25114
96806
55261
28925
28209
75223
97765
26941
33969
46351
31829
92995
61656
73894
92939
28345
62694
88732
44401
64816
7331
10302
54623
37778
23658
58759
28429
65555
53745
60163
13394
94182
33142
61135
99966
36300
70439
73180
30384
40391
63822
38099
33781
70604
68215
88626
86558
59063
90720
68116
79164
8153
34172
26479
49467
93516
97507
72407
65112
25895
85146
40864
13536
66412
93114
19457
38375
35423
95264
84019
15330
46098
12657
61080
40705
90779
94215
16505
39724
40967
97148
64360
71193
80903
64753
26052
29479
17193
41244
90395
91451
30562
15405
42474
86132
57671
79995
19615
97965
74170
54127
58783
53582
81889
78124
96612
77007
14163
82970
87838
56171
39532
46606
70139
14589
79136
77527
76769
42553
91948
16072
15319
86601
42472
72445
53156
50082
88216
71948
77903
57891
84706
57897
89157
5258
10650
97109
71482
82323
53656
79236
23174
88237
683
62346
5520
6363
4039
77602
75593
98372
28602
83835
48783
21239
40861
4991
57138
97182
25030
8128
14068
926
67770
50402
70793
93993
67359
7135
3741
27072
23215
53051
94549
36072
75816
22853
32301
57031
71201
13478
42049
53915
95767
21353
88647
69464
80102
43591
67290
44732
25875
64909
31378
80113
86310
92813
43886
83550
73141
17950
72403
81642
62267
60753
62958
12686
67527
45905
47829
84950
38513
18934
59724
80468
20583
97606
61348
30784
49766
86088
90365
43152
20260
61543
43308
50768
73802
78687
38360
41439
41792
60903
93119
50214
79456
83130
4949
71413
1388
9476
85676
87163
99547
47686
91407
15585
36494
32326
23560
20356
53857
16663
48514
33262
9373
53440
32712
20976
19211
27147
25228
43934
53315
62956
21540
12935
57538
47916
35567
37583
18426
92785
95798
6570
8131
35084
5901
47511
34351
35678
86360
36599
7644
60007
4522
11402
68322
51117
55721
34724
15692
41318
41742
64336
3587
96611
26184
12609
22886
98585
51232
82481
10006
3244
13303
28440
6766
46905
47659
2795
46095
25569
55896
48014
37305
56494
76028
7735
83703
79587
76243
69761
51345
59364
22721
22761
4676
60127
72622
98793
96271
63861
85323
52463
42596
25449
6707
22297
15167
75332
87276
943
13522
80771
96557
4540
11646
54238
67930
41578
64543
12469
99914
4570
51135
56312
52841
35517
75754
27987
44474
87474
8257
55285
1940
74941
21160
70524
334
45856
8186
23903
9141
41208
55036
67896
45241
86358
13103
38507
12008
38968
82911
46551
32978
49124
8024
69304
12524
5888
70201
17206
75728
25329
26688
83725
67777
99406
44325
16698
41612
77985
37507
3167
67369
9242
19377
55124
64482
46415
22574
47210
41099
76307
22491
18365
11695
62993
30690
42805
26539
83686
60596
7513
54451
51321
1617
20305
29459
19096
16416
48342
56977
97360
8127
15320
95245
17768
71924
68971
63018
52027
59905
52655
86822
37200
9654
75675
38437
66168
65985
97254
4332
84451
74368
44689
1353
66655
69495
41684
19952
60398
80189
2595
56449
57442
14961
67773
46469
28760
31498
50386
4278
23983
21836
65870
46462
46307
1558
94757
88312
8298
72568
30237
17651
91883
3681
28595
88917
32886
43991
5291
84892
83715
79392
49047
92224
72555
36125
8419
28276
64349
7031
6715
18795
23774
26545
90842
6103
81792
52957
16112
71532
96062
81866
63119
39075
52625
18811
69874
84443
11090
66067
8905
5275
37613
52717
11590
96754
67582
2696
8062
95294
62762
70271
95708
49803
71036
21078
34024
47380
30203
11120
25967
68197
78949
63038
51023
97729
72523
88466
31361
17311
65672
55153
25476
74671
40766
75815
19554
78619
71471
88661
9825
53512
92181
93765
38088
73852
60062
95358
94571
97913
23720
56755
25398
583
74933
58901
87314
79537
39819
50761
3574
88389
40043
86868
27950
56447
843
5779
70208
28703
41650
48424
31393
43222
58672
73934
29459
52704
88280
93677
46329
77932
32411
83721
10649
12439
89153
23989
40620
79253
95110
93029
64901
98001
96943
90081
22043
59021
92008
725
87829
18754
99548
72613
81393
62891
35568
86718
48081
92957
52988
14536
16899
27054
24391
97719
55532
18487
8958
19105
33520
31636
99312
33226
94112
90888
97929
70523
65248
11261
73129
78321
24948
59305
13377
73201
10374
39308
92585
95609
60087
4246
90881
42546
91168
76325
31938
929
25155
26348
84415
87869
90259
57904
48382
26524
16637
30412
98445
902
46609
37684
30018
65770
13009
33622
39188
56111
81588
89596
77199
8610
4215
32462
4056
68687
60962
49461
49022
11979
40787
32442
58137
60846
5993
9581
82274
4318
19502
24354
63822
23110
69089
50133
5543
56037
20608
9262
63913
72195
52463
13152
75638
87583
94119
7915
61527
40739
99166
92993
87632
41049
6862
84646
47871
72471
70597
94928
11728
42197
41
81838
33568
84224
76358
90213
57548
55526
75605
5526
53845
88402
63306
73563
31794
22866
29114
66608
87218
3955
67399
86574
30925
80174
9258
73650
89093
38268
32252
84509
51870
7493
83265
69012
26711
17302
14865
20904
70053
17873
82244
91344
37803
37310
71290
77746
27511
9344
57092
73889
23451
22850
58834
98527
28807
66928
73818
91076
17792
97697
60866
1239
93759
35794
42186
32345
42600
3151
22105
19873
24965
23914
258
6369
48575
72398
71538
14248
33369
73324
80473
1089
48233
40404
11059
3321
23059
14241
79794
45214
64195
29867
71402
38626
64519
90816
32088
67839
51815
31596
37584
52788
76130
29524
68034
76014
46214
16131
49031
17698
59211
860
63374
20886
717
2030
5022
64415
49477
46309
17191
14597
1155
71357
63401
45251
9065
47570
96928
8811
51719
58195
19851
68455
87662
25044
55063
633
1491
79203
99373
45251
24227
80402
65461
24835
76829
20723
81190
7958
53201
82402
80779
73662
70771
90556
53107
90270
9467
46317
91572
45122
95772
42215
86237
72059
21790
97166
9399
42440
42971
60017
65912
97424
90291
99731
93380
92332
67661
19559
10975
81986
93642
79578
11796
7179
98375
11274
72731
11510
60495
18869
90634
89894
67354
172
95131
52950
89095
67814
50742
64541
98833
11537
11131
45261
34993
6275
95214
14453
98831
82670
34431
71878
68262
21426
88884
80434
2996
78413
60438
73520
82810
34734
11253
46876
63830
36871
30841
41468
35675
37376
72998
4190
85962
57575
53450
58493
69679
23589
23463
83682
16410
85453
18616
17670
56760
82062
34017
63574
60589
72904
52055
32111
74096
70555
26249
45417
8772
28474
65578
87600
58127
21279
12604
63565
8248
41848
56539
36260
31778
60159
41059
44183
4607
15015
67774
71271
14931
70738
38734
44410
47399
50464
63508
3192
83365
32097
40282
68527
86999
64844
91331
17751
69911
38088
24429
2064
87698
91879
33088
87879
52958
94483
61302
85944
31796
4448
54183
39181
10956
51713
48751
15524
87029
31511
74974
56334
88621
34116
21789
35988
62499
27550
45208
46036
32006
94719
39788
97066
4746
35800
35694
87242
54391
87078
14485
50409
66669
88157
80677
65115
23928
26497
72665
96982
24811
96659
56716
47222
30396
47240
14276
17019
17277
59862
53724
81932
49426
37639
15693
53374
2196
81168
43960
38896
15969
97692
50322
67406
84349
91137
51276
79893
68457
25940
99966
82422
26014
664
60144
72948
83238
88273
5285
59623
22136
23351
5156
25155
32014
68486
84452
17618
18500
81266
55059
37886
72623
65912
65187
81547
44536
70128
55250
27713
83412
15646
6676
8167
66753
26536
3391
778
83071
42914
7411
16798
46632
97413
89892
89596
90285
9310
25317
72137
82767
45186
23347
73975
21079
29695
30555
95460
61491
5070
91977
6848
12141
58405
6766
90989
46857
88937
5773
36127
41562
48256
46050
58594
17314
45284
3439
98139
42725
81300
87429
68423
4520
37285
50603
44095
15340
23637
17326
37085
25921
62560
76549
86744
97768
42763
54720
92683
48265
95966
31213
31285
83661
60527
59206
46457
13241
26745
99194
24773
25416
67724
85750
23695
61668
4061
92624
78364
25441
82462
17584
25562
71542
5833
53468
8717
68089
34038
63070
455
48085
43883
31508
15120
21194
27891
89555
9766
46274
8135
71161
38397
96779
21161
81006
24327
97686
37584
34678
74319
68587
89662
62230
77536
24359
44045
89184
12098
86483
56871
87420
52356
8002
35637
16789
47189
18823
1327
19390
1004
93104
70003
53727
10280
62883
9681
48960
88626
33363
35522
30480
93791
3551
65944
21586
30289
65799
80913
74629
91164
61612
36709
8207
96774
54819
83263
72997
11048
59574
19753
81465
87729
79351
30303
449
45226
45026
52582
66400
23892
89646
97717
95571
66093
79215
70129
67290
54354
43979
15223
90241
30335
68406
87283
14537
42257
37357
17741
8440
99276
20972
92963
98266
55864
99052
61457
47187
68838
86141
46029
55650
59185
57755
17487
31507
57632
97328
52429
51745
99303
82470
9893
11781
21101
64327
57012
84768
61513
87059
48132
63714
48390
18045
82722
44340
15205
675
59436
37896
60513
99464
65673
9306
68589
27567
27699
35267
13242
29398
93136
28731
45365
69901
63839
96904
71693
561
21421
85511
53042
9674
11815
67062
23961
71389
10601
38939
69084
63246
23061
16533
7934
39670
18912
42685
75852
85277
41574
6776
78399
31445
22622
60764
73758
96115
32263
79804
14817
59305
1762
83730
22352
46052
92250
71336
49961
62240
31262
43492
17057
51587
99791
48909
54466
30749
63444
24606
94802
14618
13675
10822
46004
80193
59450
4088
8264
7532
69891
79318
42733
38820
64246
79158
86215
78488
58657
81678
55612
92474
68963
7617
21752
61654
10910
30789
73712
69168
6282
70480
85731
36537
13862
16960
65788
54285
17225
23812
6325
68813
4375
98762
7702
95380
25359
46021
47451
75351
58753
5050
35635
82558
13853
3624
61573
97818
59558
85681
31309
16482
85414
97385
65795
34190
21435
63003
29244
22479
60367
6802
25163
31145
14405
53675
47872
34894
74255
64276
61936
30328
49757
68481
58837
43618
36207
24011
11084
22019
16268
38181
10364
65353
15563
55901
790
50990
12111
45546
98936
11449
77679
6616
53772
74132
41779
27790
47726
94118
15707
12984
5066
39948
96921
61046
24675
16376
93151
18400
58193
16614
89235
42420
24130
47831
34847
25822
1888
8556
70852
34082
31571
95041
88495
98761
16158
83235
6276
56902
3844
71535
15671
96580
34221
75721
12217
60910
33572
71638
495
28058
32664
55574
53855
98643
39490
80577
29988
39585
99974
75709
77408
77559
80050
12185
70385
88121
27875
73770
85308
69896
10759
13247
32806
4364
65150
10914
78786
53405
90746
24814
33540
41613
38725
20200
19828
48789
42401
21531
46079
84027
14250
97620
48519
87357
50904
42742
97434
57533
89217
12091
83808
46984
70363
1353
1678
53828
77055
76524
95415
1462
5545
97525
74754
66606
64412
74127
37399
3600
10370
79865
76787
62559
61969
72229
44028
61767
95433
61069
52910
86759
64410
34284
34291
64026
17635
95456
3793
12481
68085
70010
57725
52366
57014
91359
74061
3983
29601
1087
59403
1557
59594
35503
2630
23105
76895
84933
38467
66762
39883
61968
68848
45325
13812
47569
1625
88657
39108
91130
55731
41877
37636
11457
79510
88057
73188
8704
72360
87494
8888
63597
93396
50299
53853
64753
64410
91733
7257
28903
93024
47577
94591
82612
23686
6689
14002
43677
87158
80738
73057
88105
19706
34614
817
68852
45128
6090
92984
73164
72249
97094
27749
64652
40407
97972
638
73619
62708
92175
18657
14496
60279
58218
56908
31436
99506
34393
12631
13188
37551
59072
55263
67874
45673
38935
98910
79847
22166
76854
23574
5847
70082
33475
68141
91985
27543
54357
76337
2633
78072
69155
92828
78755
22029
7310
7539
94766
46393
40488
87529
69947
51079
7040
59073
35737
5059
78188
58352
26287
7045
69809
49537
8789
69831
32017
78194
99919
23448
41937
38651
43142
19146
81254
18767
20485
76229
72828
67963
66765
75582
50531
58795
94677
23234
26262
99276
4962
37805
57897
92876
90751
8887
52206
19261
84121
25582
76228
25945
24730
14911
14973
37248
55936
73261
32171
75932
35417
89732
80326
51270
91708
57831
22620
37857
37735
73445
32949
32163
25265
7370
67682
92532
62092
86450
22242
99472
60377
45689
30481
8102
86663
86446
4749
7875
17673
83078
35045
9833
40467
69324
35585
88536
11345
17878
56648
11279
59300
76499
47570
50219
10010
70944
50667
68462
8521
6970
53057
74299
72775
31245
4938
33662
25449
73611
52948
33897
20598
62169
2602
1560
18216
45731
53472
86998
10110
50480
57596
47065
26816
9680
12737
91240
51121
6673
40697
84540
17930
39825
94
63428
30521
21486
8965
31747
73429
37530
87559
7637
60
69354
52110
29711
83179
26861
92152
9027
79897
48889
72683
35714
49872
4608
71702
23837
36489
54210
28671
81252
34692
74013
53902
82895
9153
24448
51189
83355
94878
13149
17722
89963
48013
52796
99683
75312
31824
98604
14333
68452
916
89492
82569
17296
74215
80200
91428
206
20504
81463
47633
17256
34762
50305
7236
8607
28020
56454
46286
75432
44696
62362
7584
24401
88926
38389
7774
33601
69100
92998
39395
96733
74820
61607
82762
14342
94970
63979
95327
14208
13424
48308
23459
86830
44433
4642
82070
68057
18214
32262
1124
17232
80728
17204
16271
62056
23427
22487
36468
90821
82226
54878
22557
42833
6621
18836
19074
14280
47228
12749
24221
97783
9415
60029
22281
22297
31980
40675
91030
32864
10219
13090
56683
73333
73425
60623
86040
26615
17999
56102
46072
87743
7351
43192
73983
79428
73459
28416
96934
43226
95714
87027
41552
4438
80591
54197
1879
5036
42959
13544
38616
4921
79319
23551
78520
44477
91160
82864
45618
55552
97016
744
7294
29973
63598
45273
4927
71739
23930
21998
44744
69184
21950
41184
97644
78241
77021
9985
39682
28781
24751
93749
42385
72552
76126
42816
17470
66954
95456
4346
76175
30471
97169
77599
26234
88746
92556
45892
97455
54586
17094
46308
83806
383
94151
67352
7399
15549
10981
5381
50269
71487
11103
24014
42965
92975
31219
46442
51601
90626
46461
96177
96259
22033
55053
19185
11552
46625
34340
21853
52163
90308
55562
17124
3227
62073
30830
89631
3379
8462
96219
66020
44891
1254
63220
58136
99448
77493
46796
75266
67589
93736
71172
47034
74787
67393
9986
32576
40101
17344
74506
11496
57585
49374
41916
69363
74099
50227
83625
28410
16804
62775
4179
78276
80498
60005
3553
25526
77389
86620
95132
53066
88750
7167
68936
78616
77443
66012
90914
32400
97435
75946
94835
58794
88523
55499
14734
45077
1371
98289
81132
29452
3120
1437
26177
26663
52662
46626
57082
43149
85705
60648
18518
64006
58848
11981
85374
7471
26679
91622
63842
83527
84088
97667
45906
46822
77029
37104
7958
79438
84165
20823
88170
99577
60873
26147
34297
44562
90585
26912
1652
4095
6175
94750
72495
97084
72560
62741
23577
4451
11474
53378
34423
13511
78479
76303
38011
42305
77717
61520
2438
6401
93670
19274
46199
88870
27875
42446
84718
7496
18032
77571
40258
31794
73732
82210
52316
50350
96304
80346
34414
4313
94345
91412
27411
36629
67476
94706
4803
11293
54765
6352
88243
44115
45011
82860
61864
44885
90803
48609
66934
7023
45264
57039
37113
41674
31116
34903
11759
83905
50198
9026
720
39988
17168
56161
17515
47669
891
96783
19870
29568
16097
97235
19153
87432
86687
67938
74800
17164
50061
86145
79043
30697
61484
10344
4588
52105
67019
22850
50717
99961
65909
73648
98707
98072
36954
36557
40883
74475
9848
62572
84159
96877
51015
68286
25076
27332
83998
19665
77347
62671
1861
84914
83531
59131
27480
49842
4880
4693
32372
7366
27834
24506
71041
50248
16780
17226
29628
88347
57982
69434
52864
79148
17274
29545
47697
3413
18544
26506
50852
59547
7862
87072
8270
40919
70880
18185
14056
37297
4440
15601
69052
76935
56377
26727
82126
55118
6286
2124
21866
47760
27938
8776
91206
85683
86915
75158
97811
67611
75481
74688
95686
29765
17949
88837
17181
3188
72855
30007
11728
25481
92184
36225
67670
42091
78000
45701
60625
98054
69549
16804
58231
8815
85202
65399
41021
30694
23951
20090
82882
53716
77346
30952
32118
54324
78698
17154
53894
58734
47140
39336
33380
50174
99525
28554
6967
51251
19730
69304
90108
17684
98078
62742
61784
36925
13217
71275
40283
85191
10226
2745
27634
82661
92961
31303
16298
22378
40723
21977
78972
28488
29883
34881
6425
83572
67826
17167
4051
14630
25074
2148
85637
50140
48053
32548
15520
80733
83941
2442
39668
18971
17407
21525
87927
39314
72649
48640
87349
4749
87916
65072
85012
77671
10544
64198
57922
52559
68627
55924
44349
32741
6726
56812
89727
79810
15044
32052
35396
34708
45296
8278
77434
102
4106
12052
22020
43582
47469
18009
99914
12735
92168
70346
92385
69839
56407
45531
36371
85683
87645
2110
75242
32983
36896
61142
18750
54250
13313
28937
82424
18213
25431
90420
76354
72012
78503
71929
61838
89805
60898
46932
6976
19046
80059
75435
67544
2659
43043
85731
64832
75941
10595
41743
12110
78110
91958
61796
61334
52248
21632
88008
48112
21685
35854
13384
10177
88369
86539
71113
51209
23300
99933
25622
87592
73860
31322
49624
40301
3720
18090
82564
59645
72263
56442
55053
73468
80894
73082
56443
27195
94032
82740
31124
62623
85640
87593
32118
22954
94746
202
24294
67752
99655
97008
40515
73975
32063
25752
98548
27316
40769
87327
80256
66014
1278
14357
14876
95817
57980
57281
89502
98914
75702
2033
65521
45466
97728
75420
63841
85201
97001
62199
18070
29984
83065
96752
65662
7138
8314
3658
37123
3616
26579
52309
44028
8248
3310
42569
76158
12169
77339
11871
96659
48606
94862
69068
56931
24180
53444
44283
96943
72106
61987
99910
65533
67940
25535
89777
12173
10108
12472
40163
12777
80325
21889
84769
55163
56861
98652
87273
49337
75695
4672
8520
39964
77666
80349
9112
36495
15682
38646
67194
44162
25737
88620
44780
64701
15497
3356
35207
55506
84057
25439
20471
31499
15961
80144
85271
39523
63171
49834
48969
30225
45168
63535
95056
13726
52228
35173
57514
50583
42904
39258
10989
96351
88354
11273
86396
37212
80675
85397
9989
689
62253
75474
6971
1484
32046
10435
66060
18486
21437
7005
66974
30120
21184
96299
68746
39101
61688
47083
33301
13602
93961
7382
46247
7945
90794
71644
1194
85309
39525
54893
50721
94576
50444
20341
27426
63248
60409
96703
14386
93337
20511
27290
2299
80676
87570
69657
27468
94876
40240
77747
1005
36401
36747
54571
92254
13830
91828
92139
63019
29092
73413
15881
54958
26962
6826
29932
55009
860
49517
18791
63678
17488
72093
50211
38709
71688
7355
80956
18569
57089
29729
74274
46183
6730
90511
1535
8004
10616
5299
66776
81138
80310
46228
4077
40447
42266
95868
58362
91179
61651
66015
64352
81667
36734
75660
77918
31199
78104
91215
76376
49268
71054
85376
4634
41046
12592
69228
54998
34606
22148
65661
35369
69172
27222
10537
29563
49386
9261
59700
32901
40404
35033
20707
40717
11639
50057
96478
74989
90893
91033
84001
69938
96642
50472
8352
33664
9327
84935
69364
73683
1968
27533
10214
95360
4996
25192
17174
25818
41409
17711
52680
48720
24209
92626
60812
30451
34413
87507
45705
11414
99124
50541
76582
25294
9960
76242
72181
57561
77477
97716
40123
45115
34047
89753
85280
93155
76279
47409
39312
63244
793
47523
6091
47775
32341
38435
82895
59446
65208
61473
89920
6907
25223
51643
50226
69167
16376
71410
23155
60711
76044
7417
1879
69777
18381
30442
85440
38644
33344
6740
99978
69045
46854
35887
88721
36214
82453
32911
79360
94233
54894
65846
30039
65570
73499
1124
15480
69466
31559
10410
43758
98320
29273
80765
47066
86906
28910
56197
49403
66521
22003
90549
95801
11610
9500
45845
68655
36857
2436
49082
23859
21024
42465
81272
26018
48366
1219
29326
98061
79634
8265
67967
71866
17718
76639
94593
71033
74937
7416
80110
23524
67957
96677
13816
42449
74879
75279
83802
83511
47500
31958
98793
72027
66544
79206
32073
90934
52290
82131
40188
86532
43900
91730
6069
84844
56415
98963
76747
52647
62771
126
62121
81967
54603
95241
3458
81701
48167
63987
38593
30143
63219
35968
91007
19372
67885
36786
61838
14501
92772
39104
96114
45234
88892
27477
591
19286
60589
60104
49950
64857
60971
22132
10009
61680
27553
41331
50006
28458
85847
77660
31120
62777
93810
35509
13056
5308
20634
19735
78923
72325
60055
75133
8405
68875
57909
94184
67635
43086
98566
38771
2238
36899
25798
73197
1091
74139
7546
95800
41432
12084
2610
27293
