26794
66316
36913
93749
68337
28635
94791
1588
97126
90108
26165
95042
11934
29993
57287
22768
49473
32306
2390
62556
78538
91354
57921
36164
98155
28399
21942
69413
84749
42692
67945
47758
49652
19020
43975
96134
84609
46389
78053
51671
7186
62847
15089
61301
23844
59384
85322
29807
52568
80181
38796
57489
70324
30030
56067
29363
92800
80151
63809
91618
76304
27671
4874
87113
71202
13543
96876
860
28125
8713
33581
18752
44474
99329
48188
21018
32446
18452
4490
11507
48005
75836
69137
33956
96859
20454
26962
38020
12771
47977
28893
69451
25083
43810
68457
54274
46838
89712
89764
4394
67465
56329
99748
33189
62338
53687
65851
45060
53585
58835
6665
76462
52491
77980
31051
61706
55331
98356
35346
48970
99705
72664
18063
36244
88911
61177
7241
42925
80918
33244
60017
2788
20232
12426
45325
27577
57902
98740
66865
97928
1121
31528
66988
71926
77389
12616
27389
46807
83154
78381
33350
81209
59940
58168
29369
89328
38195
70640
85296
45023
83973
96765
69145
69120
1150
12160
95661
81840
17697
53837
78946
85114
75985
52518
53014
30878
26193
22773
64108
34910
27817
165
79731
17477
93610
80318
13986
79220
75336
38363
83904
84011
60358
39178
47583
14576
67376
30015
64073
20478
29185
2645
37426
41261
55205
78146
58189
66778
7801
38294
37435
20020
54063
45072
637
75267
73101
43805
69707
6740
79765
59182
85918
79204
19103
68564
43335
67465
84610
12251
61090
50968
67282
81088
59845
15414
24611
44593
1459
52159
45803
23871
61198
42092
24518
94338
68328
75429
54867
92810
40890
40963
45531
10429
56909
66816
13298
39922
63446
84926
45143
70728
61759
72561
26646
40771
45056
48009
91372
13317
80141
93951
1674
99973
94377
68124
52242
88687
39672
1153
38718
57336
41490
97942
73441
35451
92627
74162
19045
74677
90383
66212
88467
51002
32547
44476
65458
17138
82694
44953
25766
2643
43647
12784
44921
5532
94352
67734
44984
29355
92464
16170
60468
83995
33591
87425
77769
94878
16082
79439
44827
96659
73014
13135
39228
12740
47121
18831
29546
87583
7292
74267
82773
70575
67628
47941
86206
19062
50248
3054
70395
64233
7061
11700
33944
49672
43501
3991
78327
80280
2575
41033
29496
95519
56015
79506
16915
96988
85646
38621
82338
50656
9924
45347
34652
18349
65338
53714
41052
37897
43860
78521
12960
17311
80427
10739
73517
50834
37113
88077
39824
97471
25422
18070
36096
19182
22239
98562
10079
93172
15390
49499
88126
15337
12740
45380
85248
48993
35883
19531
25719
32201
57977
25099
84587
83103
65366
66491
18841
878
79998
29527
63864
44901
27730
87528
52534
28339
71625
32083
24161
58370
7684
72827
30082
56685
50080
5555
60676
39070
45924
95940
45299
57097
10393
7928
77855
15326
95001
87329
70911
90543
7713
42920
46482
25215
14880
54485
20800
14563
60242
99384
93856
67128
38086
96307
99827
34400
14362
59012
14445
22042
50153
66386
68692
39581
53562
68403
5632
689
81498
37655
32227
90954
80836
99893
86434
90273
40349
44464
7617
45873
46940
42470
83549
51915
86406
9525
58227
28695
4792
44938
78142
33864
28861
2823
26621
56249
32640
93456
50643
39498
16379
48947
90984
97714
33869
84178
8077
66495
77642
3374
1757
75921
98253
23889
39711
70351
56425
20599
43847
69893
44605
71706
8316
82779
64293
70905
63828
4051
58221
31845
17756
45982
12385
88456
42068
74235
41567
54578
87831
79085
54766
79553
1848
29688
48072
42508
27592
95768
24403
52332
58292
52638
33837
26152
77034
85128
64901
49819
30652
61852
73959
4932
96222
55425
46927
92810
19370
65050
95487
28778
27939
60351
54668
64350
85558
89273
55826
63756
70812
38330
61991
88648
31900
11127
34157
74599
29709
25348
64865
36289
79737
41258
51441
50018
73694
34663
96139
53613
32206
8354
67152
93325
48278
87721
31047
31162
98203
3369
62829
4260
9856
53001
86058
64064
15396
46244
76640
26380
31881
80097
38813
46880
34831
33904
81839
72626
78431
50339
54167
20774
94820
55015
77654
1745
60051
22206
39204
65704
73675
96827
81727
78122
12503
78073
64673
70726
945
79127
99722
40042
54337
17524
53436
86218
13763
44227
47654
65929
40582
54987
44952
8775
61872
68574
55765
45991
75775
9268
14951
45692
76682
73091
87884
34064
86822
13373
2829
75792
87397
40294
42800
59351
27065
9713
5379
31765
9047
2358
34617
39131
94230
81810
66418
84198
87830
95226
20722
66982
31965
18493
86803
95402
24476
80246
72790
50442
11505
59851
82453
7313
24006
1541
71892
55492
98838
73100
63318
17203
37136
80734
29356
27451
36884
24587
45384
59958
77882
53168
33392
25888
50002
89071
67053
71398
80838
88167
35907
6669
37947
31541
98491
81277
32918
77991
75420
2856
51164
69240
8889
66970
63538
56237
89924
47550
60547
42635
73951
17963
30048
6387
75891
25194
58753
34204
28954
23141
82378
80235
85686
30733
40489
81745
67525
15400
59195
38336
26636
93717
15982
66251
34640
25629
94689
27002
98307
50904
21992
99943
58492
54841
65036
6872
12159
76056
55375
18617
60892
70297
16973
54261
64564
3006
89342
83345
65173
35014
81368
36165
83462
99072
64081
80728
40830
93104
82177
72855
40527
35197
55686
98545
15520
27156
34722
72210
97113
84605
44223
74874
73975
87640
67219
88921
66783
19795
89918
37802
36015
47467
53296
98537
69456
23100
64552
78450
89256
1928
24535
39608
32236
92032
38498
42302
45586
14033
32838
98901
83108
97133
48534
31155
2961
70165
93440
35756
76413
609
8367
60304
48665
57676
70089
52001
28653
3774
49560
20975
54034
16695
14085
48753
22844
61717
15296
47746
23220
81155
2524
43766
22148
67998
216
39480
95180
93220
45241
94913
52914
35035
32690
38871
72405
72316
32614
91392
8706
19674
97316
38305
47647
79315
50544
98295
12453
36946
43619
85329
28428
82301
25961
6472
50942
33570
49576
19165
23629
18265
96256
12685
69600
87798
69134
53267
872
92335
54314
16890
1554
63076
56849
285
11253
38095
65085
54398
12714
95561
31951
65855
48956
23893
65583
32992
71701
76206
56938
98837
57240
8105
74746
33859
44941
67334
74148
38936
48246
26809
97435
83044
65217
84655
54498
93943
29302
57215
27502
52408
38736
45742
62473
75552
20328
19903
34547
67345
50381
12501
2307
6390
88016
7878
68332
23032
65116
28639
88923
21433
21411
82542
20732
95921
99347
55408
78684
99555
57479
97463
96552
72348
75738
83927
92949
72679
18422
42477
18777
93455
39595
69676
42327
10322
13467
66342
71736
91678
15761
92468
91252
99660
68402
36642
54705
91414
87436
65594
60866
9141
9548
22635
6224
38235
80524
17973
59446
32778
79112
79284
79206
88815
22737
53543
5417
72543
12379
57500
77860
77836
17553
84346
51862
99587
19177
72266
55613
96262
92785
40898
51129
74497
59400
11791
25992
93771
4874
97407
89009
37211
15747
53865
38300
4740
66437
71897
81374
54447
23061
58876
28210
13299
58399
35204
40771
7604
17130
77208
21606
50101
19237
64796
93732
30363
47297
48120
89718
34559
19161
30919
65993
14127
14635
52703
65025
91139
25035
65848
16441
67159
16813
62842
88424
79914
29471
21959
87167
43537
95769
42146
67503
12120
29453
30715
24328
16310
54137
46361
84060
16684
12603
41762
24707
35291
12004
64362
89367
78687
71621
78325
19199
91403
6566
28234
35976
15010
54070
53367
23919
62351
93308
3483
49116
28738
73228
53236
89161
55528
98165
40486
38240
38181
6327
61348
77474
67217
32626
25342
39203
74700
13817
83367
90163
76127
16165
83265
52856
78897
40455
59335
18295
11874
65237
83959
27985
85896
26182
92731
34986
48675
63224
75347
73317
47807
93998
9792
87243
29126
26264
30831
84714
67359
19754
67040
27610
88519
21294
99538
48667
16778
43862
29292
20026
70142
49289
67179
51058
71421
89439
53507
84495
26525
67688
44116
67278
26701
29862
14667
73729
52366
82139
81105
88782
39851
96092
20084
73463
10071
14565
35600
57876
66370
66951
66586
81116
20535
12028
62345
54435
91189
30491
13633
53533
97544
48583
95101
83425
11812
9762
2233
65993
50429
43103
29305
34133
45701
8948
82201
69999
2275
25902
67953
12777
80076
38623
95717
74754
73825
17010
73991
18536
75237
52351
28265
82744
74393
84506
33411
12673
77750
83206
90397
55846
86663
10407
30266
5506
61312
54965
30753
71077
30942
87212
40648
59773
89085
96673
34656
432
80848
87151
12856
76261
39552
87534
13710
82083
28068
70213
77529
9969
44058
91127
72396
61213
5407
51961
58023
30328
12273
46371
4768
17022
31230
97637
4234
36915
16616
16113
67167
42889
53719
90550
91631
74463
5115
89517
72293
36931
35421
9868
41554
50295
55361
3863
18553
75857
58939
33879
24374
25373
98890
9699
40652
29438
96693
18618
22345
72753
67681
39443
34936
15378
14156
6060
80099
73944
70729
27006
81602
59771
56216
98450
41540
74998
39777
48365
87001
29063
48781
20934
80571
3796
9954
96600
92247
18727
56217
4146
347
66554
33405
89068
25917
69326
66690
75829
30661
64405
44991
46759
8184
72656
70857
52636
9251
39474
3726
19258
83296
15331
97419
67593
74792
35328
15594
13990
13557
78848
29692
7984
65266
75378
53615
12479
66146
95874
15340
37588
24906
72634
32047
88268
16444
84293
45764
64430
30017
5903
57819
82916
79938
32136
14247
10662
70738
17799
37688
46161
74876
29355
84147
78903
51428
60509
48715
76880
76957
88145
5183
13103
12583
83755
40016
97807
71170
14271
59420
71564
22611
33553
93628
43374
68434
89594
28406
5343
9422
20044
79232
10686
25213
26445
54162
98316
21028
93567
55110
14820
84704
46336
23727
92712
18766
4781
46963
65430
86205
93665
92551
14169
41326
65083
93414
5020
54917
77246
30316
91833
46543
83315
63957
61008
71791
37641
30029
36723
90407
40220
80852
99134
43071
29074
94480
88612
8853
94050
38607
73892
46626
49264
91543
97530
54661
12307
39788
29842
4654
19096
222
74520
16713
95967
87755
37291
22180
71011
90072
58224
56671
16152
1320
39970
28015
62060
46678
22599
92815
45551
18037
7005
78949
29583
65186
851
29868
68764
23746
22261
62818
38603
58013
82656
7856
93942
43863
78419
94449
82496
37191
72774
80961
75351
54998
40052
77988
76626
77205
97012
16209
26553
74587
742
62137
96259
20058
12232
26807
38106
89117
28648
91445
73564
34656
74452
76920
98043
96332
36973
37130
56004
46862
52858
88418
66877
79282
41209
72210
23814
21377
32848
75981
930
70004
21058
19347
59120
80180
95197
30362
25777
22544
46192
99002
72014
83130
40889
44949
15378
41727
18876
37314
59730
82880
85328
75733
74894
15569
47380
86924
16495
17806
92959
88440
89456
20245
70005
66822
76633
28964
94005
59465
60966
30832
62799
69798
19782
92735
3891
31580
71935
35458
58725
54926
9839
26451
32940
35406
12718
70727
51465
93479
30639
63887
54181
83911
34021
94577
82084
27175
81794
17182
21461
49273
98203
63824
89995
69645
30823
61154
61382
85248
80390
8236
88970
74049
44958
56665
34834
51105
63649
44071
7837
14263
52875
47130
64550
2605
29639
75709
67121
32522
75280
60534
38337
75357
16533
91941
10503
16771
56630
33401
77654
5653
53515
96207
59249
69745
38852
77031
47525
13506
61355
81797
41395
69519
68966
21825
84037
98942
62264
86284
43394
93891
42151
3232
60573
98217
81976
94658
51528
63579
20054
18646
8038
9103
69170
93919
67805
39087
58500
42450
8490
90886
82448
95029
36879
87684
14916
74138
59432
16270
30750
96530
923
74949
54058
24016
12813
73713
23912
21883
23665
94601
4684
55694
44987
86114
84671
88272
43059
45810
60355
1420
42149
81823
94964
5324
13781
66345
3594
16183
15440
68145
58267
61796
4062
15653
11357
2521
7828
43561
74761
80741
50918
96931
86875
56342
20473
54722
46134
66231
84438
49292
32005
36810
86554
44675
55516
37438
12330
500
97628
21357
81828
91900
18677
24885
40625
78454
3430
48209
35799
77285
7232
64435
68235
70747
34024
64672
62499
2276
69211
17992
24426
28914
21069
54560
62476
41861
91274
6846
19793
12374
88637
84880
2183
90529
72495
52058
12183
77133
25254
91530
52442
79770
32975
88281
73669
57605
34807
8705
55103
59418
31155
83093
13395
76407
95039
23778
81441
6201
16163
85344
5966
95718
59218
13012
11420
79574
83212
9926
36309
9950
14084
50233
5921
13786
86235
16876
68183
8823
93771
39053
56239
11610
14144
39157
9302
16272
70112
60995
61563
27731
82828
30585
46150
96246
33022
66413
29512
7854
24978
32621
73646
93661
24129
76147
95311
90011
14185
69504
31845
40803
72360
5207
15384
57303
45479
35449
75701
61489
52724
18649
47742
77032
83271
28284
8028
6555
72998
85007
74895
32253
90756
78916
65030
1853
21348
60746
71625
53776
88731
60071
36723
28573
81715
71669
85502
23781
7276
87319
48151
62702
53854
17719
10736
47146
3513
43645
22260
64488
20557
1581
23029
82711
20773
57598
97217
20498
16238
23091
84851
59437
41366
20952
81702
37211
34480
88058
51076
27769
41140
44386
10813
45530
46850
66352
28563
86735
43271
21937
18866
82323
64664
98525
6653
46672
84283
83055
9475
24178
67686
85474
71665
19462
33951
92164
78465
73231
33922
13529
14032
10053
20449
39727
8749
55817
30725
39002
99629
62506
22355
49227
98267
77517
33610
58961
75660
47517
32553
78988
61489
69519
24814
35210
92935
44912
21720
10817
44936
59405
89358
82600
32196
415
21400
29170
52170
74769
73451
10727
72767
303
3043
60384
97042
70765
87784
40895
13126
38673
85043
28681
11310
92958
21642
72257
93656
11582
68583
84131
13408
27658
34295
37849
64709
69145
94366
9693
72728
13092
56951
33772
5232
90066
15513
56291
61307
69
47702
45753
14735
42655
6941
7993
18143
76658
44351
42970
94441
46467
69102
60828
17196
37274
19938
89569
4566
47241
13877
29830
73660
89495
87630
18365
57731
12839
97371
72105
76443
69418
39383
30068
89771
40381
34347
63024
58951
49568
84049
79816
7326
10965
75603
71651
20912
76593
13298
58645
65277
62114
49059
95521
48312
19005
75891
41326
99163
22851
90955
34597
22676
80783
13359
56836
56317
21759
74465
41571
17066
9468
29443
86977
99483
51559
97369
66345
47504
71778
37964
30023
89244
94809
12682
33376
74291
5771
95659
89715
48413
80569
16367
37835
5260
98825
75363
42846
78154
84663
88035
47237
33676
45561
12313
21207
81251
98189
86723
3428
52689
99202
99347
54828
79448
69088
61488
83994
59630
78389
63833
85120
9485
6236
53226
42544
41319
51756
59831
94739
61270
64378
28533
65578
35089
29228
74648
67648
58427
48348
983
3720
72246
70309
72716
46711
98133
41901
27959
19968
82831
95118
50690
57449
43695
90050
52863
26503
23175
79371
66030
42938
24773
44125
65499
33031
20990
45577
53988
74414
57927
78726
47512
72999
71427
34558
24762
96030
76215
65970
34181
92072
33977
93515
42921
99361
86150
17150
2644
74980
36466
17243
35117
60518
98714
43219
28153
90447
26582
36547
12448
2262
3243
11777
90185
6680
1821
91330
96066
74484
71457
13509
71740
16486
49712
57120
53971
72094
79159
67493
57196
71260
23915
62672
73463
75
12667
57392
36915
46711
31262
21295
45585
98444
12331
60768
55312
92524
5607
18020
69927
92173
53720
41241
98306
77613
65656
95744
36068
73682
37350
65129
23659
80034
2007
93149
84208
48252
62154
91208
86029
77906
75768
9889
2234
18340
10698
9623
64368
50105
63749
7097
67502
97948
55328
18434
80122
33585
95382
75520
25087
25875
29719
53312
26420
79947
90617
82935
96030
45423
13004
42639
46796
38452
54794
79820
53375
38578
1517
73146
781
17363
9819
4885
11067
61110
83101
45301
54951
22887
96013
78900
70760
72499
87725
47932
95053
17930
28245
88498
30946
94102
54628
28793
60274
20370
72792
11237
19142
34281
34584
61213
3531
86477
82094
71884
33713
98288
79154
30628
89999
75554
58498
98063
28644
47463
37870
36915
31737
36596
34799
64769
71235
79686
89336
82043
43044
75456
38756
32160
64977
15103
65007
1333
62093
43451
30593
15889
87988
34492
74181
49093
40149
38070
855
40038
75799
21507
21948
8888
34588
52348
25388
3097
98082
79923
83146
89192
53510
73008
58804
62672
17572
76326
27093
19892
18073
51346
93208
10169
17321
20047
91384
37674
72253
55672
53394
1708
19044
16699
92732
91328
84122
55606
38959
14478
12998
4946
92895
11732
24093
49400
35019
96138
21028
4980
48912
12592
22898
57349
8536
35383
28276
20061
93839
4457
22443
84699
30551
87351
94224
34275
33809
52573
18327
49175
1596
67187
30961
40501
51066
20211
46411
44140
92909
30337
12788
53851
47458
40860
65724
8904
17923
8448
7352
41530
13328
29366
99362
78708
11048
63353
25342
33871
81889
96964
54519
21298
53719
20637
5383
74576
92321
78873
28021
27775
18911
39403
50489
88752
82735
84748
24699
42736
51392
31368
73210
14746
57181
24451
91496
4630
21035
55462
38226
7858
13518
9386
83454
44284
79237
64576
75757
41689
25174
36858
18496
1829
55428
8249
84374
83560
74205
3573
73971
1168
70064
47138
55197
99761
31196
38949
51232
65398
92835
34163
5138
59906
79549
3618
28464
85800
65897
3567
30759
99619
41598
91691
21518
54099
60640
26050
91312
39445
27086
38569
59336
21341
94361
46436
9190
57842
87727
3761
50318
3559
59380
57044
9311
91218
54962
9408
89425
84106
65703
79519
94040
78530
90013
93918
43621
4220
5720
9496
52491
37420
88328
88701
67999
17130
19517
66911
41496
53651
42682
73529
44758
60413
91555
84829
87616
11125
5616
61464
37285
50423
4772
90435
56292
24169
69847
2025
96231
55541
4110
66864
83914
29536
43245
93894
30490
17612
49571
25034
70072
53222
99459
57203
94748
68973
20275
70753
62326
88064
82941
74334
78960
51586
9603
96273
33776
80750
38543
49567
18010
17136
29160
10110
70322
12455
94657
26007
350
32822
40684
24183
79337
34433
74476
29842
12292
64074
36072
21717
18312
73960
39323
57575
36311
54432
66440
90202
87584
38979
7434
11636
15904
3204
12874
56821
70150
59796
48106
7364
2447
41468
89982
62586
59472
13398
82490
98315
45618
30089
22470
1964
34744
85343
85903
13029
30076
81284
29751
36853
69367
18109
17356
14364
12031
17059
18550
63850
25802
67675
95914
29473
37041
89587
2908
50217
90257
81466
3377
66480
73034
49436
66866
90299
27626
41530
54716
39694
10596
98242
96501
26900
95098
49616
33945
31180
5498
77921
23474
34448
59427
59023
41926
21315
88969
94798
40682
9174
27630
74497
94229
19670
37361
68570
39791
63478
83331
79661
19592
22581
44435
27151
31429
51468
45292
78544
42805
52918
60180
17842
79265
22492
43189
35685
6850
68764
61753
10561
77101
15733
49262
52735
31977
10546
4265
68533
33441
33137
1062
70188
90581
27278
96846
41311
39883
56401
60561
48241
78819
44688
56499
37771
65928
44802
18563
54706
90626
45218
43878
63329
71912
76828
70131
31208
84978
62359
26583
67457
1293
59839
8088
63946
30664
11213
88375
35812
42604
16342
27151
19111
71688
60237
1850
82816
3434
57845
92018
19688
35529
80776
54709
51586
49759
97245
68065
86128
660
6297
52671
78578
60758
35125
71325
39677
62341
9799
61779
32564
47114
74224
45223
56294
11144
10369
55980
92995
93483
89707
14309
63644
58876
58978
38920
46710
81238
15852
11997
60875
49171
89068
87910
65597
9504
26214
28856
97592
67568
71982
57671
23459
72012
98674
68896
418
59207
21568
96783
58731
49615
72917
16033
45026
55647
50212
38692
43156
55058
48895
32875
33516
23347
12676
16590
39094
72112
88711
99566
37038
22860
34200
469
33764
563
41425
94428
5390
33064
15967
2918
66281
93978
81610
12330
20782
52470
56322
81710
92205
62998
33128
48238
49321
25495
28086
13436
81104
80520
72780
130
82100
96926
31160
76739
40011
87205
61697
38399
12096
69584
63280
58613
64275
24209
51292
31138
81652
31525
77424
14216
1399
97991
79803
45803
47508
41316
10132
29973
79935
13742
82856
72824
40351
32522
26786
89235
75405
60645
83285
80398
87242
9507
72329
77184
56669
77783
4832
76016
46248
25935
88035
84472
17542
46759
42958
53413
5827
88062
88212
68635
23959
56902
30832
98678
91297
7188
31050
54283
71485
79863
55106
44748
1
77733
54525
93899
80314
70257
59177
79798
37501
46713
68110
16544
26316
60988
65842
86241
24648
64297
23625
2803
40237
35890
75480
94397
77167
12799
38852
25805
87311
52127
40668
48638
43674
54362
76000
14042
59902
30978
58412
90936
81417
83079
96229
56518
35488
92233
25310
29410
32664
73896
93639
15394
94005
71352
71699
27348
5149
14001
1957
26207
11384
87554
29239
87400
82567
38053
48998
44785
47517
8910
34717
38107
39134
3517
93916
90797
5523
85235
52452
95981
99399
18945
3970
48778
61922
91931
6006
8636
68319
23564
77696
24035
47307
1219
26886
86189
58365
2027
44611
49556
74156
45113
10127
23715
63186
77374
68583
33048
34875
71452
20377
7781
14601
48630
75279
9745
86312
66847
94677
28156
63561
23925
5064
255
6781
66278
83677
25297
70768
42384
46668
69863
16671
17223
99159
79315
50583
62607
5722
23501
37964
19114
40945
98767
29170
97163
76320
32953
35868
95849
62467
96661
26287
58479
77715
44950
86337
63696
53586
9850
54099
824
39539
18670
78569
79517
64809
19120
54690
85140
77962
7567
14296
52673
77695
6638
12022
24870
12875
17672
80049
87676
71413
13454
27556
65280
27988
91692
69644
19460
5015
67849
91708
32518
59118
94061
2590
95102
73528
20829
12167
15185
36074
28705
93942
57699
16792
58055
48361
30057
96035
90305
20891
95900
99391
10281
24478
31434
22304
580
95313
36518
96736
41668
60926
44608
57584
9736
13491
96399
41945
19006
59514
33290
80365
2505
54007
75318
41583
5629
92254
86074
860
3719
69327
23150
10260
68010
89359
91794
53129
28004
32036
14203
91875
20463
66764
16328
80397
65923
76251
3154
78784
45913
82927
64418
54281
68522
15249
33021
45050
7573
58731
10778
22634
49792
15392
4725
64969
60470
72013
30108
73125
94127
72058
95077
31634
38989
4284
6114
28153
37122
17194
68749
20416
50287
8698
30686
29074
43464
91448
26652
43978
11955
50050
14032
1473
88623
42947
89525
6002
22001
42698
73515
78694
89929
15622
1163
34498
80867
44288
71156
59593
65673
27829
53220
10670
78055
6799
41314
45274
48359
67967
28088
3990
32666
27160
59359
66550
76503
34507
34962
11714
74878
71995
58692
17474
96438
53628
62990
87878
46356
31341
26752
48655
21213
15247
55385
6973
2050
4193
68530
63478
22602
18618
73012
62512
95406
95202
70922
48667
61502
40717
33777
13326
29505
2004
40395
77932
76217
94097
38035
46995
44709
3224
34476
48097
86080
17005
4402
99939
58951
62278
75153
20987
79287
66174
43572
9773
26325
17842
5622
6790
72135
56283
52949
61674
79071
23657
69764
88441
62584
86841
89279
28092
16441
8243
60954
23506
2839
48098
65138
90098
22648
78512
79077
48700
96465
32126
29245
6112
94320
63901
84967
44938
81206
42316
90050
40265
83324
12654
33267
29275
70134
90055
85845
56055
61941
9395
67342
46710
16935
94179
30013
61726
64697
35829
69424
24685
15100
31982
51762
39070
12357
13623
61248
59387
75311
57009
5213
11744
95867
71511
79643
88679
84759
20655
80122
61078
69181
53676
71310
55809
46866
53219
77496
32060
87695
78119
94199
89890
58492
88739
15415
82203
8792
50068
57959
90701
97622
47201
7016
61602
66113
62935
21954
82802
27807
60997
74257
75021
80468
60945
52284
76487
16798
8950
86246
46656
92893
15259
46781
51471
40149
79312
72368
28267
8652
24615
11806
22421
18350
50157
30345
40709
82865
14724
9386
17807
14194
51230
97726
95057
72766
45240
82045
44541
16685
99921
95787
99198
38984
52325
44040
13672
11371
64554
49826
5889
83046
91238
74506
21061
74717
72587
31684
37787
25264
52465
96183
66802
86549
70734
21445
32534
46240
4692
14933
53205
6596
89511
6476
32041
53364
3065
83162
10786
46339
66692
35600
56145
94057
16772
96047
69939
38598
28942
45563
3544
75489
67281
25615
5295
57770
37896
84843
92656
10014
94840
17864
70885
85032
29676
93291
61206
45252
58379
59288
38736
81375
1427
98494
92625
89530
90772
85968
11602
88269
91531
76692
19217
84105
13273
78356
45114
29622
17216
92178
57618
56027
37850
47385
49088
32251
60245
60814
82104
46140
86223
94565
37798
13732
70026
14256
17619
27932
45963
7059
85974
75126
98037
49458
65818
49995
56350
5099
77800
90813
91914
89121
49617
1179
29580
62765
68058
1251
67350
75545
97829
97377
92184
77063
35576
16182
7965
26347
9228
2164
61918
45178
73331
92614
56385
62298
74279
87532
18162
70744
98219
85443
80348
8569
15553
81091
17155
88008
7208
83747
95649
57646
97358
63191
24060
29344
97722
96665
60865
63218
97295
9798
12031
46090
53118
56479
39714
32143
23467
55503
24266
68351
19417
79181
83335
78496
57013
79447
25331
75310
65820
9342
68749
50035
5386
61921
20749
85013
86080
90098
31433
72170
75665
56852
10083
79366
49353
23718
44108
43733
2747
24217
10906
26436
89701
15933
57057
17273
49250
78138
2416
2979
63276
99578
96107
63243
82059
71748
57985
80458
73631
11587
55593
44309
52326
73413
67390
49172
42826
20959
54676
5360
58890
4366
70613
86026
46243
1176
53341
74664
21787
4625
13102
89258
20362
73402
73681
48571
94342
69091
1898
85379
85097
27345
33270
23385
56001
48315
16836
35894
35284
25998
56141
93125
3757
65009
7377
89302
21863
43074
99984
25713
77077
38463
21921
7912
69164
9409
67282
94182
86350
8803
94013
84995
27060
48640
35524
54777
27799
88250
45609
82769
96763
46199
70028
52566
6328
62374
28737
87052
73862
91328
48461
26649
72676
13161
87133
87009
31461
72085
28035
36912
23192
38919
76782
64560
27379
81813
19173
122
52956
83368
96705
29705
17747
13567
3652
19626
98334
74130
65689
39471
78610
28148
12616
25571
90524
91666
77942
74873
70986
98585
86775
27837
15544
89908
52434
96491
45882
34034
68720
44926
79523
62694
11839
77633
75280
45864
38281
84514
80596
79065
96812
39557
35617
91556
23798
35156
69744
40959
20383
58419
99725
31281
13251
29905
68674
29293
80474
31707
30845
20413
7382
55467
57025
70522
8537
79935
52967
71575
67472
58564
22830
23998
80079
58768
70054
21874
95210
72718
42901
94740
1134
61236
41731
76257
25338
87569
12201
10903
8509
91683
44849
16152
90157
90309
16777
69096
67809
869
62346
39153
70796
98451
16992
54342
9015
51765
40981
34884
84473
84311
3070
82515
47157
48768
67329
60396
59280
10240
36065
20310
92654
13766
34536
8169
82345
50414
50161
94963
19532
99192
47087
91992
74226
84339
58685
64596
9238
83415
51810
3708
81750
17939
90720
28547
14217
9467
84826
28888
6298
78691
92768
16781
51265
50057
73528
55282
16316
14700
32331
56096
42191
13371
57737
40274
60373
57289
78329
94253
57473
11100
1057
69248
97974
77028
11407
70022
85823
93993
738
59560
13996
16221
54872
36832
57321
52240
96404
35289
21181
63234
27531
51858
23836
88340
25644
51361
14441
57751
85930
96468
77420
94950
29671
22866
44044
45040
5982
77792
46441
83213
41293
32096
17656
13586
20542
26996
31420
55263
7728
82368
47037
71413
3366
15502
21064
18309
56492
86123
23811
57924
32898
1198
54315
92314
63367
3160
77420
88442
20802
76214
48796
59532
89615
32324
1748
36934
78117
91021
24364
5465
31200
27725
74706
38952
12208
46807
15687
34899
90301
4754
60502
46129
52885
81918
46482
82044
84244
46741
21451
45286
43023
36620
88140
59850
51485
62328
62388
56797
65890
29806
63886
63652
31961
97859
74768
42687
46973
1842
31053
93090
48340
284
17271
35876
70617
71529
46388
5712
95524
20396
3036
94041
56024
709
88845
82795
4073
96
14474
9148
72681
30363
78391
5442
1037
97829
50185
73246
512
20034
33486
49653
95556
19819
26585
79776
87840
27122
40583
22297
84746
9155
48563
77206
92626
79462
79730
41106
55017
99584
30605
42918
71981
98458
31993
31159
7282
4985
60948
44585
95598
42956
42429
61426
6273
62533
2416
40841
73758
45822
84542
47100
27259
65597
61701
99521
71953
80082
16305
4772
70000
56669
28430
68768
9475
38380
71177
1929
46043
13090
66882
71045
18522
88660
91120
72283
47295
98092
28433
64867
96105
65968
76396
2237
57353
606
43110
84734
56104
8462
40797
3782
76082
15513
6147
61612
24126
78295
15451
58266
26396
1380
1545
51861
27066
99484
95961
52661
11442
31014
19952
66803
58579
30061
63814
20544
77802
51721
77544
57906
53996
85213
72745
5273
49891
24473
89952
75088
10068
24479
75970
75567
65801
6851
15229
72254
92895
45419
12910
82500
4974
16278
66879
63484
27984
69529
96929
8233
71632
25636
60993
49792
43121
68036
70090
52196
65208
32417
82456
976
6391
44775
20052
73164
92502
70530
30801
61026
96
17283
31489
97419
48968
4512
32180
20355
2326
53143
34543
13787
3249
3826
95205
94061
25898
54950
55413
90825
60003
83637
88479
85838
31515
99188
78116
74741
89944
70631
86905
33927
14607
10057
57703
65743
87410
73031
98627
97386
34006
4428
43557
37371
1664
51255
73191
32123
85708
63048
79964
27085
77338
4122
60042
8976
45462
97801
47461
20430
14337
46037
77642
40689
91553
79680
20116
45108
58306
35505
3775
90743
93991
99067
51671
79181
18610
91991
32123
10800
42923
67981
65428
39028
60304
53714
16844
88665
20217
73131
87533
70522
70599
23024
26775
16066
69833
69868
44701
49790
18667
4769
8764
55406
25659
33192
13433
30197
87001
71542
29910
175
61562
18970
21841
67170
88121
67746
85945
76749
9083
28862
32142
35070
94141
48668
27604
85504
22844
83474
3795
68689
54529
99675
69807
60017
37735
88024
25791
67286
85098
33272
21867
73469
39598
18322
57703
28283
97097
31855
86118
3537
3982
39493
38461
51710
76567
78429
68310
38318
27278
54678
35725
59440
57432
6979
41611
37158
72447
14447
24284
90709
51962
32481
46607
43580
33531
39994
48010
57986
62869
48155
78567
25512
42695
89892
3918
38429
13577
72311
53776
91984
57235
315
69342
40352
53221
52669
40100
49488
59926
48528
97926
49622
57660
99157
59189
74226
48372
96310
47309
23964
81967
98124
29614
5110
55002
82112
41877
56193
11240
23182
12887
73003
78174
70150
53818
62245
66490
93741
47759
85907
18913
28736
80943
26333
43012
71096
42673
80451
80142
27369
26086
37165
98317
16964
90706
48032
91450
18589
34022
37708
30822
81094
87838
37922
49827
94522
44308
27171
49933
39543
61920
20756
5331
27746
83341
26798
14086
75694
15992
40209
72829
5911
84871
49977
61761
95497
90372
83304
7388
67070
28949
87683
97657
26116
57978
78233
47192
98236
56386
34206
53105
8031
5801
74102
92706
4187
96434
77036
87990
47515
1981
44386
95156
13925
26278
50499
705
75293
76218
4660
29619
67335
19350
65578
8308
69866
60126
49077
70351
26287
63766
75897
70554
44297
96961
80349
2335
18030
37203
76732
77065
80067
79157
57881
80872
2007
21109
31216
6657
60646
17927
89256
78324
39773
94333
58084
21899
5565
30846
81816
92509
37720
28325
27193
96668
24953
78489
94413
12481
82272
18565
62530
42609
95115
4339
66299
74380
71408
79561
15396
34771
1766
62176
6630
73491
17508
23165
52342
49746
35841
76015
36776
78613
93083
8004
34082
92587
24787
74919
55275
954
43669
40218
55554
52420
62549
8331
88426
3413
18709
89463
59779
1836
29411
13976
6900
60132
11199
30508
46052
94558
67290
95044
72553
74892
46491
80645
11064
61724
36571
59934
3450
68607
19888
58247
55103
7861
90630
9618
21484
75287
23305
37585
18768
10945
60736
55460
68373
68954
84819
84828
91026
38881
31853
50641
73725
54518
92924
94781
91166
19106
18549
32435
6782
28931
96533
38815
34814
58392
63011
82876
84869
18438
30225
14348
28305
46565
58464
20023
38862
15946
62211
80195
44708
83121
60476
42283
76906
48646
7555
20000
82905
2032
78725
22649
38268
9371
13289
41560
83107
18337
15310
98331
33143
94709
24816
89019
22312
8875
43049
91333
34530
48103
26388
82195
18653
32801
45228
59814
6132
33585
73012
24257
10605
60092
54128
4709
47735
38875
62768
72613
78802
72997
56588
32293
31048
75161
86411
33716
68826
4042
72606
23107
52565
15494
53385
96161
49443
17157
8418
38868
90237
88875
13138
36310
16382
50009
43224
39274
34611
28919
41997
47193
45615
17814
83202
81230
65051
86629
17509
30474
69514
39155
30563
49156
90443
22171
2375
19649
4920
9809
60160
14668
54987
60551
34817
96722
10896
97276
82370
40860
47253
73474
2148
23722
41821
21482
68370
10537
51508
70862
68291
65488
64414
40411
28251
83389
77129
3417
56689
84519
27328
11577
24588
10335
80833
75194
88870
65064
98342
26135
60947
89680
1599
77041
99962
98442
26913
89396
93186
63466
14072
65352
53000
71836
98168
59607
47916
57249
12753
14549
24876
14087
77185
37265
43816
39939
2723
32119
75493
15694
72229
40000
94989
37369
40855
85271
14707
18735
50847
32808
8052
33670
57706
64039
96249
57472
44317
18329
35257
32644
87530
11459
72540
71764
81341
46350
81370
29708
93782
42580
68769
18646
67153
72106
6805
22636
32737
90825
32242
93419
49211
89274
48142
14256
28302
97822
36601
83602
5553
11543
83334
17723
39957
79191
63267
90180
32729
44931
52420
37612
52669
12515
16543
47477
28526
33769
97680
95260
58687
61947
45564
52563
79225
99742
62930
28700
1609
62241
27373
26436
37431
10500
96823
92729
28856
1316
68712
42730
77945
82532
37132
25722
80476
57848
61250
70336
42079
2065
24672
88381
87831
11680
57044
38875
63548
18697
67046
21919
75998
15910
27417
93099
19125
94228
65872
53171
62934
8158
33037
61017
38273
1925
90004
76199
24823
97929
87055
33385
79433
21462
37803
28068
44780
87917
60671
32247
38441
29998
23436
14956
94545
42463
56416
49851
60205
49532
87605
15900
42291
67707
41111
96614
85844
154
63138
98441
62547
12327
67817
62053
87088
42988
39571
25765
62178
91510
11520
54939
95268
32256
62314
70776
52710
32321
40167
73640
89060
10254
11690
40616
39219
24557
75657
28710
2296
79063
90905
61620
55251
8489
77845
89223
91480
11944
52030
9906
10750
44142
58876
9914
91760
62613
16067
58262
86274
62559
20369
65030
60990
68832
86387
63340
45659
75880
43559
45003
12687
21489
26908
67419
84955
5569
70774
81125
47461
27740
91726
36641
61251
86154
15638
50762
74867
2624
24538
23547
61224
29294
3458
809
47934
96292
75828
81788
23470
82850
91126
57802
81789
4122
20337
50066
19216
10884
33809
26642
86490
83102
68553
43494
78645
76958
40435
1118
38767
60918
88981
63322
27548
43586
92191
17156
98825
94288
79665
50826
86769
2733
39450
91479
18344
58056
13787
12781
38100
63494
62922
24322
57308
60929
74226
80244
44409
36093
25207
87433
59881
36073
61783
54535
25922
32686
70732
79661
28739
28535
23950
62540
23558
36317
57782
52294
45458
80462
64126
46241
21454
84858
48004
12680
33615
24985
80204
99103
94706
74300
9957
25024
3525
5327
19460
51479
5471
86567
92620
67542
47856
25102
68848
3670
31187
83432
40655
55115
9793
59360
50238
81570
85439
47573
26147
34681
81527
37435
90653
56700
6820
83471
37569
79096
56614
11738
6016
73853
47254
91553
2116
79317
84628
46215
91353
32251
91100
60960
90312
18041
56886
467
54750
23459
59245
71306
63116
12810
61335
68313
88488
24414
79443
27305
19440
66467
95538
42592
74030
94926
31531
45711
9367
18076
83346
50936
64718
78799
90115
12601
998
26502
12568
50777
16292
87000
29307
98446
68355
56429
34325
15497
69169
26873
99588
12863
21046
30390
203
40852
79764
20669
8867
26758
842
83744
12271
46035
31123
86823
66542
66664
1388
16197
63210
24232
70195
63702
40045
80597
91019
77847
9555
34846
18523
90690
66874
28228
63990
39717
86902
5962
92341
36286
67841
7130
34401
8469
44271
41870
87405
8694
17280
65473
29695
12937
25711
24115
28911
7568
45767
34098
45768
46332
44758
60716
78316
19468
37145
26478
44213
95748
85462
29591
93429
27366
72009
37918
4222
84527
49910
98460
47678
40848
13405
95640
1507
2023
50924
32942
50876
84954
35438
82491
21471
12464
83425
91367
53959
79052
61830
59407
99382
76007
625
20717
87224
31944
58879
51047
90376
68066
95752
7377
19019
83530
11338
22656
43002
23700
98565
33677
28958
9897
41317
4481
88852
21383
49786
77315
97392
43637
40963
8507
79869
42305
54185
80130
35522
38264
42728
75592
94593
24418
73352
83970
35801
36087
37898
8110
51499
83682
10973
33028
89369
8624
22353
70747
85386
83797
45379
9172
77387
84828
39254
49351
46896
29128
95011
49801
70391
95211
81319
72343
60685
53026
64283
26209
10858
36940
21889
406
3128
36934
29434
79591
39089
56964
13204
31515
2918
28333
87169
93967
43260
37908
54179
44039
61680
67374
86051
28022
97339
99253
91744
4518
48465
97336
19493
34820
74244
53564
81332
38923
87845
37460
54622
18667
74698
26808
64372
31350
36171
68261
12664
59879
79783
94705
92396
36239
50820
70185
93804
92125
28915
97833
50296
19177
90417
23607
43881
49086
63401
51740
59109
33570
44407
94048
67854
43811
8905
5473
98900
3647
83038
14959
44811
20528
98896
73672
47255
6994
28077
3179
58564
36018
37729
67387
43346
37749
22000
33746
42381
62179
37407
31167
14266
41422
51602
42973
32942
50466
22000
60594
60185
79755
38466
18337
72959
98494
93691
32908
22983
49477
76050
69609
79693
68138
25450
24160
12946
53470
74578
25054
22195
52167
6152
22105
8887
82276
72281
43009
36833
49855
81956
6847
76358
41326
40124
76013
28184
24741
12844
62289
88897
37211
69781
92503
81676
22327
64050
9643
57212
39832
76573
75184
58432
23358
49002
84863
70750
4120
86353
54687
47341
57899
7689
38333
48479
54587
25904
49320
40090
17401
60839
47468
65832
13129
91066
66442
64388
94543
98301
94352
27317
82294
84530
86586
12120
65212
35816
33828
629
71166
94813
72682
76948
73339
15427
44543
22600
33383
75905
82662
53385
14447
87824
51345
91648
53859
17414
35251
48603
96261
73360
3396
8192
19117
55127
70641
97150
23478
51909
33533
2527
67209
92610
78936
10874
79940
59191
26585
51046
64006
64371
64283
62408
89497
21611
14578
2605
54845
5468
8521
74899
95341
21709
94970
65025
92880
47088
78697
1496
17823
7143
1021
13281
21550
98083
65243
94053
8952
21671
11456
6748
11627
81643
86619
38141
88813
22013
89926
61108
41642
96257
71327
44977
28315
93433
60647
57117
56405
31328
89142
53576
24523
52721
12952
2270
99296
2181
89160
47768
72845
64632
17512
33966
86635
49709
68186
36682
80350
93672
64798
30135
67455
80313
63593
32729
65540
96793
11294
82935
25837
96428
4907
61139
56590
11046
55491
19546
67060
21419
5043
61558
91990
80655
38116
21248
78106
89532
91404
53043
62368
72177
32112
97821
55087
88391
87258
8783
27642
45647
53971
92531
4495
13271
92542
13532
72476
716
91505
50553
88446
39802
91920
65732
59911
20750
52584
8887
10699
14684
32772
23710
14920
68668
82064
63175
90543
89232
34024
31030
9555
2721
32443
49397
35629
78662
99010
3657
18697
56326
90679
82784
25745
87189
56499
60902
54324
23323
11912
18614
21523
45938
96408
88973
9000
53134
27728
71963
11987
80215
89957
97683
70306
29713
64329
41442
60540
67165
8170
15196
80906
90584
75048
48209
58850
22977
51248
46367
32018
68056
66265
3329
42182
1218
68858
54981
47894
81737
18887
62780
15758
19648
93382
37386
46747
98661
7282
41405
54671
78271
93228
96826
23602
73254
27448
43059
24837
70689
82075
72820
55059
16683
81711
33533
35383
88271
46464
15562
9572
42707
34950
83406
8693
82769
4224
90783
338
44735
50729
1930
21883
60976
74266
48871
83572
15924
66332
21479
23821
30842
82024
8362
70029
95030
2492
87437
69435
74590
83996
90112
90472
974
4483
80886
10204
77611
26629
98325
22459
80293
42307
79950
95636
64501
39049
49766
37510
39014
48903
21267
14672
4464
76458
28834
96563
58175
66071
77781
94469
92754
64899
23146
70453
6655
1938
61878
18902
2836
73866
95890
52651
32121
70675
81259
67533
31826
70797
60381
25244
13792
9806
10650
91455
64070
28727
7011
72697
84296
16529
67865
13163
39376
78345
47086
22528
55115
20038
12277
78040
12592
90275
65688
8212
74529
50317
50759
41019
25034
51802
68142
41480
70278
24356
48896
67985
4480
77313
9744
60467
51639
34272
4158
80223
93115
95874
73998
14843
10868
21267
68852
36310
23331
64548
62283
26732
3871
93542
17478
74066
36865
92260
92670
23423
27324
60157
86217
75800
20963
53469
39244
53590
7695
33272
23655
49205
9944
95106
36111
8379
81184
79469
99225
94883
64143
12640
93905
69030
5145
4593
48778
36326
88796
55071
47568
35830
74118
69614
79386
35656
85459
92223
4348
116
41619
23660
43224
31746
86538
79261
2452
92181
39058
69738
37639
47924
32571
41325
78860
35030
61906
44610
61241
35146
62495
2079
47370
68288
73864
68938
28406
95287
99187
5627
17668
92579
79689
74576
25590
51290
51862
41863
97090
69020
10349
46523
90690
9341
12169
77597
89954
89105
27438
47630
24375
72402
1453
1687
70638
33713
84294
61830
92418
55127
61576
65733
86247
36630
67636
44248
9060
80305
26880
49267
57022
76708
79479
20982
18990
33009
44605
96966
43189
2121
51824
27561
88294
72084
33419
12637
929
91645
84004
27637
99616
9372
80981
17105
50123
25537
61560
41145
62950
2810
61515
64599
26250
74305
73747
59246
5136
35589
14460
50298
3401
48244
21214
52549
51404
53154
39100
76323
58503
41944
1158
8908
81686
62427
1727
99059
26962
56696
3833
5191
43232
42154
90683
54917
25994
2343
804
45336
95723
31053
88554
87663
87012
87620
38523
10329
4876
76944
47333
50687
58948
25046
44241
12477
85896
56904
23881
48383
6497
21295
40282
99925
4695
66932
32981
10866
71780
20523
13808
3367
98852
14972
49738
2743
67240
71119
65387
90006
49834
85108
41929
89123
44315
10860
4359
73471
31832
44311
39352
58953
16443
68699
73313
77559
96974
94861
93981
96723
21370
70368
64314
78735
2845
96999
3456
52231
87130
78120
36370
54834
5803
64928
9453
26372
95889
94221
26893
52963
58380
85531
91535
58308
56454
78574
7249
22274
68041
56553
93942
12922
51345
82649
31910
29541
3292
64866
46065
97683
13406
12835
21844
82368
11986
5192
86100
40246
48394
75212
18215
14912
17223
92105
4115
55589
1668
75038
78670
62633
33325
42780
16484
39932
29933
26124
57943
80765
16709
78336
36737
89647
63544
82741
26645
79253
50627
93890
7139
91405
85834
35359
41882
34855
40237
15541
17063
8321
43482
12062
28028
15072
21468
60697
48973
60013
5906
1036
74227
1257
35226
65750
65715
23310
39083
33648
4697
45156
65090
93887
10173
69789
26196
78554
64360
6126
86115
10130
55312
25962
30732
70082
90847
12860
16541
55316
27506
11265
4419
73934
66653
96319
51553
95799
95340
87366
50397
52426
94948
94978
14484
73014
4487
858
16718
65967
24823
10536
77228
92853
24754
57717
15390
23870
97499
66128
27825
25475
73625
54155
9989
89956
70265
70259
75901
53785
59055
17098
29456
59062
53146
48450
24892
79417
61509
13208
3546
54067
3529
19274
66668
62321
71728
53590
563
37959
7028
7377
23358
88696
84678
17505
72764
11972
97355
22776
39538
44046
36961
73389
35944
66376
57759
10712
58910
7805
40538
11274
11965
90139
14276
43815
11880
45628
20782
75105
40176
31439
67790
33458
72806
87720
15900
91542
83692
704
62423
33570
72069
13226
89349
76901
33131
29076
9847
18393
32735
41782
64522
78598
99130
59962
46378
64212
11170
6119
94161
61034
42841
6796
28493
83976
6928
98758
1696
2301
89336
56302
9345
27942
34521
65122
97600
19108
8027
9518
41670
78552
69794
85175
282
67934
37495
62180
47073
60228
30464
95433
5789
26437
60114
97169
43350
67110
66237
63175
99446
62027
93830
21025
51757
32503
7922
29066
97653
42975
43069
51051
19248
73130
49099
7829
90670
74760
66966
83885
69803
50667
76582
80916
73461
53190
46238
24818
60331
70912
851
39135
88864
6581
67768
52174
30111
93642
3092
23670
55433
490
68565
765
68122
56258
22846
25667
3753
28438
30588
51945
28334
86494
60758
88381
5534
44640
84035
81795
68945
71083
45077
23841
97669
86829
75059
63687
51131
37042
96996
21273
83903
99961
13831
72538
13190
15189
67104
48055
3120
32189
44365
20141
53228
19440
75990
49175
87579
69865
84163
87225
16652
9754
73991
81282
95367
83528
90362
19745
76645
8195
84645
89512
51132
42752
88150
77717
7161
93269
63380
92130
35206
24497
99660
64747
84971
57109
28137
48120
43536
92179
15939
32198
50209
68865
83822
42454
47946
59834
38259
58673
25634
17490
12284
37366
97284
68019
66088
26914
52951
9241
47870
29851
52208
54726
19871
32281
69454
60866
51924
26705
31427
36307
78822
86816
76594
98197
41741
89072
91635
17175
992
41802
80372
882
40587
20088
77210
5126
62367
68629
20357
20338
77123
20244
74033
10992
11304
81226
75640
95627
95162
99737
13557
56158
5458
9305
14276
72586
39336
29893
262
59827
84422
30752
2016
70680
54552
14018
93730
30285
47584
64387
71141
83606
8549
39778
10990
98723
39404
55794
46415
6083
53279
49250
43053
6662
70793
68231
31356
52851
15492
11465
4390
60962
19849
53191
33930
78135
7174
68519
89217
1947
6318
84350
58269
42777
31947
99832
65770
69586
80942
4613
55254
46718
24903
79041
59469
1760
18288
85022
74044
41316
68483
70543
71351
19159
71212
51731
83639
51683
6042
93212
31643
63942
79471
55804
71919
82542
15862
76748
77930
84755
16020
51576
48913
52720
32215
11881
84377
41856
57611
85808
49322
10225
35595
812
71646
67336
30997
1177
23337
97937
2902
7861
4211
78304
38309
64816
8704
71913
88620
63567
78481
81368
18048
7837
92164
31982
96945
32879
40502
43770
28477
93714
63336
73807
31136
50580
53407
8615
68678
27147
19973
58196
40608
25670
24046
76798
89909
14542
245
9567
99600
50712
72516
16727
94231
1386
33139
81644
30204
59175
58247
25697
37868
14105
13980
98642
80900
47354
21469
33545
4356
93055
83888
47841
88572
80994
68239
40245
97954
47402
86960
76515
17062
11993
80999
39586
60509
20722
39905
58429
61593
70244
18353
7243
79738
72856
92040
92268
51517
20691
59101
15203
33042
21160
96076
51243
35596
61533
57883
31127
69522
60376
82039
37929
20690
1319
96125
2702
34293
19497
86580
8117
33102
82779
32888
35530
9868
84067
65458
97396
43534
70162
85154
71175
74134
49274
23199
12134
34742
99405
65813
4953
71687
53357
11437
5126
16217
91221
8426
65999
92485
88099
30799
46921
14046
69824
31551
57204
70501
38094
74044
11515
61148
29709
55761
68842
71538
86953
9323
66919
58397
13860
20706
54767
32358
32251
84309
44814
10174
36536
51219
81241
51055
4436
6134
54828
15373
55302
66186
155
55659
781
27436
15895
45673
78998
83213
46592
69931
76522
69878
73441
89030
67606
45573
21836
3635
81624
31925
81203
39430
45316
98556
28960
71544
64241
5869
722
57727
40226
57086
84789
73408
82068
40549
95388
2011
14689
84923
94685
58021
49807
84354
46217
1907
89241
96387
4902
60338
75735
31728
81867
95443
27724
45928
69592
25603
61644
98072
97712
87929
84168
21023
45012
32457
35928
76042
80189
74390
56131
64030
23125
53348
60782
71093
89010
34442
58335
51455
82768
10118
38988
65289
16330
70603
1221
48251
1589
4694
45499
99324
92121
69342
69355
26608
46061
27594
25899
75233
35022
62268
41776
38331
32571
72331
61082
9873
52112
12910
9468
99038
39229
6036
99500
59526
16643
13745
22787
53179
46314
84051
62449
63387
78914
49587
87328
82326
59220
31206
40195
92237
1091
71059
76380
98966
10629
74559
16839
32124
17784
388
11494
93955
83107
85184
39241
49226
61642
58698
28377
9929
23565
33695
73858
93946
38206
4026
91867
80820
4445
67299
74291
20338
48978
52062
70810
19314
12933
92324
6761
58937
26749
53007
85871
77843
37908
97198
53657
35417
61300
80249
15772
24395
74000
83710
75842
23229
10785
42137
23535
46927
64348
58883
59311
36051
20780
9921
14399
44595
433
83454
39508
23051
36628
44595
235
37586
8357
5986
9742
1526
32052
53954
51008
55173
17481
36564
44102
31048
63904
85876
82257
58314
96900
23275
10732
70006
50503
33889
39902
60606
18075
38576
37853
53112
66704
85172
64560
41859
16555
46751
28062
88903
39519
77961
36440
23163
76554
996
96
29728
30671
29165
75285
33386
90571
24414
4636
9982
39094
62017
55596
14231
38488
77087
60374
43779
11110
89591
71728
97610
2424
10954
32412
66607
48552
98674
98617
78447
23272
87411
49190
56743
68640
3978
94958
93682
16291
74978
59829
67247
73134
54693
2685
43905
34492
44720
86165
73648
87401
92863
7999
39373
39073
15495
21532
25970
57027
82082
76151
64392
50903
43077
5547
98658
46729
25646
37265
28135
70914
9977
94666
40461
83714
64626
28901
47392
34844
87236
8141
5251
2605
62800
6002
69325
96090
67130
24819
83892
36965
5277
41861
71720
7339
99774
78307
57365
14846
95709
50194
97228
52090
77448
57039
73692
14374
1707
38359
41274
5033
58434
69234
16511
23847
8399
83965
10064
5174
80294
49267
98329
43041
59045
4792
57107
2456
26657
73442
29381
69138
348
92068
88070
8288
33331
32856
83072
63823
10676
75848
23152
29562
2380
58136
34410
29962
23902
96660
48378
35339
4624
90290
23333
95724
72544
52164
84462
24338
60980
22300
96628
85497
49998
50492
27609
34697
55326
71065
57437
52177
76369
16299
45704
4802
53608
98868
63623
36874
90243
37994
20654
6924
89532
53891
43580
62617
32689
52956
16252
525
64153
45958
28392
12200
14551
22221
95816
62503
77292
25542
29495
96574
76359
8821
73318
78613
13432
48952
17370
85724
81346
37076
38353
15180
42126
89882
97506
18204
72796
97653
40098
47996
35541
78962
27459
98098
32444
4588
31607
79599
55202
29876
53682
95852
75641
27802
36109
20678
75040
9658
77831
39348
93213
40517
75238
39841
38538
87403
30875
32618
25126
54338
65540
70069
2539
43350
5675
16427
49919
78669
69547
57237
26596
68886
3602
69871
86955
21965
66530
74187
10246
41069
9714
23268
61530
90099
9138
68029
46835
67018
6252
71510
75377
75417
88773
42026
88513
16645
20034
4040
64998
5892
5768
26348
14166
19519
61692
78970
56801
43459
98761
50806
5004
43941
50559
93282
87580
1135
43704
17621
50510
64044
41015
26837
81092
20683
42026
90833
16761
68371
21838
12605
38101
83684
60081
27114
90140
72133
93874
77953
33440
73008
67044
92540
36471
9910
88786
80258
65256
17968
64573
6653
85439
12227
70465
58746
75648
32911
31030
67356
65304
88661
48145
60765
23726
79970
30826
24546
35737
68316
98201
35737
93291
72263
68698
93234
69899
22133
20367
77879
36513
73928
46597
92361
77418
421
53934
66489
66987
75063
4301
45376
39458
50781
93585
49212
81367
92113
18873
48263
61426
4630
7669
40469
82023
3293
42413
21546
11532
93460
40411
91253
29675
42892
26291
19789
42226
13253
38691
88679
93000
25688
12405
43921
75098
53185
42705
72942
94899
37542
5983
45454
36715
52905
50667
50186
99574
73382
25697
68985
81341
51273
97016
28465
58890
29903
25355
76509
20860
93847
54274
16215
69755
17702
80783
10979
30789
26291
15380
98312
5799
17877
20578
94508
49927
28199
29117
98122
48926
12373
96795
48467
41763
45383
32875
52990
42915
51495
41298
22317
9996
92431
77200
49022
43560
31572
39874
48778
92360
49609
3584
39166
65526
47442
8806
62643
28460
75206
39792
76268
94210
26271
93855
19819
48162
37186
87256
62705
30328
71429
69004
39505
76678
69698
60690
67343
88692
35671
52431
49498
82692
71958
90392
10338
23748
4336
40175
9752
67004
51385
80617
73570
33511
17976
87760
82167
86110
8110
49252
95165
47856
64512
9532
78236
19182
84162
18410
97790
10850
64674
32733
70662
16672
40142
27648
34955
84789
31428
22271
36239
72860
93940
65546
26976
99248
33331
95730
75018
63099
85791
60721
61366
4172
62858
75270
4260
46695
36165
56893
8416
92503
43242
42861
6500
79583
45190
93979
25322
30734
76257
31805
22348
64496
20011
73497
7002
36769
39717
50474
80823
74492
5897
17668
87537
98578
15768
15023
41723
35990
79518
27376
47593
27605
31395
66406
82630
67012
78928
11471
68565
65585
78972
85547
2691
56379
25171
42328
3557
12414
48194
10108
87188
71078
73441
35778
36353
54341
1245
19099
67382
57855
6145
60901
66635
51042
98816
42890
61186
46324
59074
44575
4096
40549
33769
98669
59304
62467
80542
44045
60757
50731
68189
23627
48659
82621
94330
34509
52539
55017
14638
78925
36394
15110
29186
22850
47868
55554
88150
63261
54794
65171
46415
55791
71229
69547
49307
62856
68142
69610
15650
55994
61053
31981
71147
18908
59113
63141
39112
50762
69650
89091
8927
90186
39369
99439
59221
32489
36560
3383
56281
91524
49107
97924
46859
78179
64995
7625
64391
97343
16939
80565
28818
29637
94833
37031
4960
48146
40075
41249
11551
71102
79610
48533
97667
65205
58312
25213
62607
3840
92762
58119
20957
61891
52433
71852
91114
26399
62083
1346
62625
68791
5425
57735
19778
38960
26501
52542
33711
55826
55979
39382
80211
26251
39528
1094
9583
1427
55707
84021
90914
16970
14318
29493
3637
42333
53912
47568
30048
59175
89587
71258
60572
82196
53398
56646
64294
28353
80622
7189
59021
18591
47262
69160
51352
55095
46927
67447
2039
26439
44245
92539
65444
28842
14369
38373
94037
17046
6908
62866
74978
82175
12935
949
93005
62649
72908
23668
96531
52699
24544
82640
70477
44126
21207
42811
2947
96356
17668
55726
13582
51926
24300
26514
47304
61766
17190
76476
58067
53555
55537
81782
22818
80299
50258
19800
57192
51531
82888
69014
47899
35169
69198
92051
26724
72754
95212
26131
25415
18968
95802
15374
57129
84035
16499
66336
26082
577
79601
53565
38529
41560
4651
56098
55094
45103
71368
96102
1440
48269
53310
36688
11892
37369
70156
31426
45510
88992
81456
29523
59959
59990
20838
1211
19516
60915
63933
45063
99751
83775
8695
6668
46388
96296
63774
24760
25585
47983
25054
74820
74570
99235
59074
15109
98097
59750
61326
82146
30055
52172
73047
34912
25385
37697
57754
71289
99802
97610
94880
89804
18441
36099
59852
29486
93855
68232
50845
27645
70887
88368
34631
21940
86938
28435
47080
79291
61254
87084
36074
19062
82362
55257
38868
62622
75217
21279
49837
80493
23128
72587
7982
67443
72286
11411
94594
47461
56407
68219
73694
22645
73132
7796
34391
99004
46851
37342
62084
40980
55975
18926
17585
4355
72980
66251
36252
43313
10593
39219
54384
38746
58730
72570
14172
56415
24888
60658
53328
80343
3664
64390
243
17091
67637
11712
79971
11520
77722
77355
53034
79413
79080
74066
87353
86955
14056
34279
32356
7869
90766
49952
32057
99557
62563
97244
68351
39190
90861
44740
38855
64872
28381
10860
75633
51565
49876
55256
79486
3906
74131
73147
89133
78146
74078
65499
72085
20436
3307
10961
61598
55301
81133
47436
51804
31408
93272
69429
61577
71738
60880
3277
78301
50490
64435
1010
60780
50869
9151
5953
31293
26440
58753
4181
70851
64510
37723
31149
56026
84578
56817
32684
38975
83886
33457
12634
2252
15713
83580
41608
48303
71824
85269
21105
17830
38835
97253
48795
1497
58208
14409
52157
53587
83317
9017
4411
34302
65838
23317
37004
49819
29175
94510
58429
76731
34908
87278
50862
33149
31388
86917
4153
86948
86171
56049
97844
55508
59766
48777
45580
68106
3826
59462
21105
31317
38253
35566
18257
38004
21142
80671
52348
35724
70585
67285
95527
9734
50578
68920
58700
54212
96803
77573
42734
13630
9153
63862
84378
45342
27656
40401
14185
76563
91438
42122
95554
75062
97429
48694
40188
37335
27802
89037
28225
3970
90379
49403
33806
22324
60918
11683
7576
45780
32956
11632
64712
14768
80356
20666
87815
74037
17867
77617
20212
96426
49946
53673
87186
31818
912
5507
48927
43260
56286
46835
33535
79921
74161
58067
85912
31033
1162
42820
93397
96066
84010
72251
21902
81902
50025
73648
8767
68687
36069
47231
62356
23970
4824
20504
59558
87622
27906
32489
70559
54295
70949
3398
12602
93323
34256
72850
30342
56200
23539
55213
68265
31968
24465
28538
20545
12555
7028
33964
34534
50144
78810
1676
87275
91215
98444
70538
75107
7613
6704
28797
54496
70844
15092
96568
47542
5670
72555
80428
68223
16759
92405
45844
70935
60133
9238
9601
44008
66269
91048
82242
26240
50010
19628
41455
19933
91044
28188
35474
73451
67939
73052
8467
61989
15487
3983
66911
91159
61398
27238
68212
77124
75544
20915
42732
90307
50627
24828
94083
97284
61014
18251
87014
98353
53204
99009
66426
65680
5527
51722
12422
59300
6861
524
25247
16562
53876
16730
59534
75714
66382
76006
63423
29564
11553
43890
11241
60369
16398
34343
12981
29628
75723
56575
48973
92157
89663
29180
41570
9541
97498
77372
26745
3409
53231
44708
87284
52525
86990
59641
88057
55737
37442
90477
84577
28681
93668
79383
50751
88166
17114
90907
69834
28050
13328
98153
45577
72424
2577
48034
33499
7394
74530
17876
54304
69493
72283
61286
19847
56215
45891
97615
18900
10369
81031
14402
56653
70223
93910
77379
54338
80516
7836
43037
6903
23530
82489
15948
46768
70871
14814
57077
92248
39755
50755
34902
79501
56086
72455
19704
1547
5334
4997
89729
64883
12446
8336
23846
71384
25491
38635
26397
89639
36464
32200
77584
86832
86345
9018
99278
83861
69164
37272
41211
5710
57443
10001
59528
29078
62454
98695
7069
81301
70190
48810
90963
19275
42645
81458
96734
43926
83288
50199
8840
30144
5774
5712
20057
7721
13970
64103
73553
56844
43180
77334
5240
99344
87983
70560
19820
56173
36763
99374
13178
19737
62082
77284
78249
15503
3080
94112
31663
67482
92707
55502
85319
71203
29506
14635
21562
29909
60938
40468
33498
91081
81404
21929
10446
6643
3058
33028
64519
36616
31944
97936
52946
44043
7127
58984
40774
58130
6780
67054
90525
76889
54232
72420
60447
80099
28400
35786
70425
3465
26677
28980
93293
68897
50110
86119
91427
86763
81297
29777
40989
13594
60161
74626
71849
78206
54640
26667
10959
15978
3094
45329
6762
30279
56954
12173
57460
32724
93469
88291
92313
92920
50710
41309
82893
94214
61623
72772
27706
29260
93743
75739
20210
54552
38633
30935
72419
35750
43666
86047
59688
17323
60728
26588
21212
14167
98701
74044
29033
15147
87915
91786
89503
51767
69618
83970
79520
64782
42188
77619
24535
38697
4785
18933
92393
58356
83110
84260
38213
4217
34881
1593
32213
25479
70375
42179
63446
1214
86871
76167
40451
97306
53151
5617
17709
74074
61228
62070
16136
24620
21151
23656
34015
40951
14010
25013
25992
54564
10939
28924
31665
59433
2527
26316
17497
49171
21320
51067
44348
80464
3929
60416
39911
53367
91550
21679
5833
17876
17864
18094
77930
27828
48694
40920
85397
16553
42447
30733
15569
56730
24492
74579
52942
6123
42675
26830
70810
82340
48573
19224
12435
74848
37273
47837
52118
88788
36938
60245
76791
20154
41419
49438
57546
98970
4051
59254
21117
92212
12564
47794
74824
22284
18653
36510
9149
79122
5023
70642
38938
47917
86700
48333
70462
96579
57403
88304
89847
95815
52777
48377
94905
65344
83833
44635
14667
35634
50524
62806
11196
8428
23596
15481
85779
15501
72434
3312
9956
21875
44807
72235
38654
1858
75928
71726
4833
73453
78690
9774
57965
50275
50781
35919
16277
47321
23861
31031
61650
76753
44500
6573
53237
77988
84155
91092
25812
80817
30063
56478
88038
43778
29072
70575
19561
43031
46020
46799
77184
47633
81043
10827
59067
87741
69931
79593
96526
1274
76676
10342
4452
60265
25854
45615
69036
20561
42054
5528
50865
15468
13368
81819
16999
18322
95742
96208
49377
65120
46774
36677
28768
25220
34289
69147
4166
68167
92280
93630
3401
45399
68682
52830
7714
33968
96960
9966
55973
71815
22353
52889
9323
3411
11057
1980
33995
80216
87188
38979
47112
81681
10993
84580
94180
36665
67105
11538
96050
54487
39271
39551
35816
92484
65289
62994
98803
2873
97532
75872
80293
3225
93439
81706
57353
34105
30110
33491
27127
45064
118
5341
91523
76863
11256
61087
64368
95142
18535
16228
17698
65215
66491
62370
98705
71315
78376
38486
48825
95160
53624
13529
12591
79932
43221
71137
57742
62449
75011
48567
29422
93429
9962
23440
59222
61980
83761
38698
73449
96572
54181
74821
22300
37237
91770
35131
49703
68923
61289
67837
86938
68418
53271
51276
52359
65764
50646
88657
31133
39121
72740
26841
73813
95700
48049
56049
21701
59646
45951
55642
3985
23282
14050
6664
15746
99084
39942
49853
85295
80750
83536
52221
64600
81641
49117
96173
12977
31716
47206
52845
54299
82060
72773
11855
9422
17689
65873
97748
22963
73624
46630
23330
30543
34586
23168
45443
73433
52504
66245
63996
33388
48961
74786
16968
32983
42115
2158
91153
95762
11601
28491
8491
79980
67415
31210
10317
26015
34327
21326
90636
63237
39070
11753
72118
81700
13833
86691
63720
14948
64526
83802
27917
99810
94216
66787
32659
3037
18050
19757
26667
73517
77503
84646
90429
36467
96228
33432
92326
21516
89507
35659
28079
34367
7557
4462
26251
25878
67794
29552
38892
80361
20640
18793
87971
90421
82742
88246
5842
20588
24220
69376
37968
97734
78753
17374
85240
65110
11401
66289
19918
32407
14961
3245
27920
41157
28831
82680
15220
88200
47915
36939
67780
80746
50116
35125
15890
68906
21472
23039
81210
56809
91588
50090
58771
78818
69900
24884
79793
53911
26872
30714
92922
19782
44340
57592
89954
74394
52898
67179
48902
13182
27685
57559
93698
84908
67149
5028
99343
39236
37530
54083
47997
64664
79118
10895
9608
62916
82068
55151
23994
27291
72487
22104
55837
69212
2689
57454
26651
55363
90465
45579
10868
54684
30807
73145
49467
29395
14959
14553
7821
16647
4023
74310
37711
14237
47567
23027
77156
8816
68844
47249
96744
97350
16489
98285
72971
48157
94891
60022
25293
97445
83023
99388
1010
11687
2899
96148
58179
62819
76670
82296
37953
54104
15596
61291
78918
97819
11929
17306
75418
63338
95561
86270
6223
69403
89234
15262
97305
91662
31144
81490
17965
90145
27523
19810
78101
44162
30222
37452
71918
84543
54542
96677
15902
8217
44877
90039
59701
61047
6818
91848
34367
22327
33919
68347
89602
47391
15351
3376
91259
45586
53289
64838
33903
47390
77966
28353
721
14642
3835
33095
31759
81196
34227
82788
46489
78896
30445
56621
28944
56629
44957
19393
68550
37306
3777
8172
47095
6134
16298
74757
22947
23661
16421
62039
41448
31070
36197
669
4600
95417
65359
39110
49372
6606
1026
69561
70341
33729
78401
41842
7178
87641
72254
55817
89507
9624
18404
42164
79201
79812
54081
89443
50823
69252
69454
29129
56009
71559
34077
51802
25504
1437
28990
72816
28136
96041
55630
90280
47638
11758
50172
69385
34360
42599
50585
33796
50987
95667
58652
6839
87219
37421
43471
52780
81915
121
74617
50175
4937
30779
24969
35356
76765
54241
52411
20326
20326
5633
49162
79637
39201
75517
58259
16599
12751
1858
2562
23063
1489
34161
87068
45530
46147
21620
7272
38790
83858
90610
25914
39517
40155
93054
79196
87719
70466
55242
69499
23215
42059
35161
86892
55076
57561
42449
82810
25407
52129
35791
2254
10404
69610
66293
89049
43137
73539
58207
83744
91987
23360
83987
8388
93032
44179
67702
90700
