37974
66190
30071
79807
98503
59825
61313
50974
67766
59505
38807
86166
9735
56273
44441
67711
162
72836
6525
93487
78502
84819
22583
45816
2269
94861
58426
63038
54635
32140
23289
34579
73824
8192
28038
38001
5421
85018
30812
21076
60083
40535
2488
75922
82615
32071
91618
79927
63057
31321
20554
23137
32484
99461
75117
44884
32232
41365
48662
74651
41987
29937
4513
24381
30454
92389
77531
93144
27219
29905
77925
35196
44365
31022
34135
77190
86856
99896
74594
96407
68047
32412
89550
51825
39492
83807
87586
99790
81874
45928
38401
80956
85534
46283
15217
28857
60156
38259
60408
74727
79006
43723
9311
67020
64807
88810
19768
69256
99518
98457
65244
73108
13470
10177
76365
12756
26154
30742
64186
22296
41214
76410
20289
86869
94240
39375
73390
72123
96181
75645
44098
818
23185
95388
40655
16054
32806
96927
42944
1452
13085
5693
70965
11552
19683
32285
53003
52221
27738
45437
78842
61639
83665
8255
57593
13817
97582
35377
49052
21334
21319
77239
8541
21294
3088
2264
17849
34479
98382
38753
66897
39077
65450
40569
14544
39696
92066
33091
13964
46112
63289
57097
2662
29008
98670
65324
14188
54748
32875
45541
62782
31808
79028
51318
87053
46542
78719
38642
86175
93835
44899
10725
67952
37479
87336
21857
1266
36952
61022
61543
83861
89170
30954
72526
54081
12645
53147
99987
45088
97394
88251
65950
5913
27339
30593
89388
21431
76423
17123
56958
24168
40286
3624
99934
14849
73543
59931
84233
80479
61548
28220
20317
84392
49734
81681
5792
31760
87035
41786
25386
83672
90320
77698
48881
64464
37420
20241
90447
29085
10924
84863
74258
25462
2300
42530
33855
17576
60056
57256
67716
30874
40287
86048
54361
42762
19249
96755
31474
19222
27173
49808
10852
20279
62762
86213
89489
32040
31288
88170
40146
35364
10129
46071
33024
61677
23385
20213
58494
87529
44527
82386
11591
21991
76999
76014
47023
61344
76326
43699
32249
19416
22585
37281
40181
95747
85362
97959
20595
24580
45345
91534
35753
36145
57899
78959
80092
27890
30889
87013
92430
18121
94655
88413
41797
99435
56087
73194
81940
94188
39897
54261
19112
83033
58058
70481
49425
4543
2943
12780
86315
18665
89180
56994
27656
21830
52845
81548
38172
50889
60671
65718
41988
93066
70140
91373
77267
29962
97474
75031
12507
21268
60831
11581
13236
46622
96011
7523
65901
94607
22626
92889
7436
91674
95901
37450
77731
51753
37611
79505
9905
80021
36081
92043
4882
47825
8187
4391
97029
86631
75838
99834
15352
91194
84396
77680
16817
80811
43826
29149
39291
74902
26833
16145
29419
18204
67415
38697
66959
55388
57338
37666
7250
8123
53745
74953
7950
9667
68303
45550
60846
93831
23933
87735
98559
98148
45522
46481
78259
33858
19025
11201
24913
23450
23392
43160
40124
84691
80384
15685
83422
16677
5486
10148
98929
9630
21781
62036
62283
7234
54317
65094
5091
79661
63732
13234
44836
61876
58823
18916
48237
50730
70494
22131
91778
33886
2273
7346
55698
29474
3467
85856
63334
19750
64250
92250
81315
23235
55759
75664
36092
58740
44744
17428
59448
55486
90839
18446
94971
21776
23167
7341
44563
54789
77419
62201
68354
97094
16875
51492
29026
64589
93483
64927
77850
26821
83282
27304
85628
19021
76148
5152
81464
78715
71444
48667
40736
82717
21306
86865
31641
86874
15341
9201
58875
52183
87917
15125
11237
70422
847
19985
87968
57593
35574
85157
21966
1124
87594
33554
8559
93793
65400
51465
7760
81628
68262
45343
98384
86895
73489
41597
50672
47064
5829
75411
90359
53573
39160
52109
11519
81970
13251
34045
16288
95114
93086
37944
16502
29321
54583
67741
75441
85474
59215
29807
61753
4060
4433
53380
55260
91703
77712
65879
36438
27661
27196
35416
50236
65715
78816
35746
58661
89758
82779
37069
13429
73731
5241
62426
95814
19767
89421
26956
99798
79221
95565
24758
38056
21854
53386
3503
81911
16634
22859
64418
57406
85084
95397
29538
15293
16740
53529
9019
72873
43262
82186
37444
62387
88936
76281
93008
8595
4017
84031
1667
20721
1789
32486
99522
78031
53125
79012
6915
51702
27291
47125
48900
31228
45867
54772
50839
15695
85885
33303
33211
98785
81590
50852
92550
63856
33182
12403
89374
37104
63261
58081
52551
71223
91263
9165
96086
15364
9079
10164
28484
78413
32991
65700
27839
42692
55965
6782
59674
88198
99617
50093
29157
82080
66731
65790
4695
89150
10249
15579
19751
96785
3262
36392
71195
75355
69502
88376
87607
79290
10550
28844
91831
16495
4297
58954
8024
395
55157
29719
40464
32821
48565
76081
47294
5530
57215
42539
74588
86833
93292
59749
30449
70666
94488
71879
97315
74418
8191
78682
52521
58949
1416
83107
65695
12977
86910
30269
29235
95331
29049
98514
51292
82097
21788
28725
28458
95427
64023
49919
66744
91774
46380
9445
86878
56847
56975
88562
52547
67472
13958
3398
39248
58106
33392
95402
13024
87431
53730
42607
63379
12674
16972
11875
26402
75662
61850
17391
42540
18224
12311
42095
83375
67769
57004
66062
60595
36308
10374
21054
50880
29993
39798
82033
30607
14763
92978
11992
37694
96292
67736
6485
46909
81947
1266
21406
42598
47423
18997
51345
65066
80275
3619
35310
33862
40022
17617
25750
79028
973
3331
57758
87293
95888
17459
44016
86252
40078
16145
98750
65022
92541
84932
97635
26710
45794
34223
82520
89485
48889
28015
87440
84454
3330
36736
16401
27167
41064
48958
50479
33796
20335
89801
45959
23166
1306
81539
2069
66569
56758
14355
94386
14243
71622
17164
93357
55615
16203
28167
90981
48890
72496
82316
90112
98149
52176
74320
83403
61728
99364
57944
79663
51720
35629
53884
2508
33544
93690
45351
10709
83659
76887
88315
60999
41265
59890
401
36679
85055
83915
19678
92183
49201
90967
32593
12821
68363
70737
19128
66993
38285
55838
17219
40488
26308
90683
28768
33569
14685
68037
6885
47908
68373
73573
83885
55570
6092
22006
93977
53797
9209
98932
27768
76069
10646
31267
15393
77347
86811
86681
72477
63894
19240
90345
83042
49743
59100
41261
98777
45499
57251
66511
53697
85654
31725
95796
37613
35270
94169
14629
30568
15675
2512
35036
35257
28416
63598
99176
55329
58174
17306
93660
33121
89486
10967
10682
51193
79769
65268
19319
79179
64782
59646
58091
63294
79902
24117
77080
97119
34648
27803
40821
31713
52924
79753
12822
18821
31294
61596
1977
99093
11897
74380
98287
43786
73198
10878
33316
96493
32248
85295
55630
46394
98156
8880
97934
71649
18610
5298
34534
49351
21914
17047
81560
25033
33086
45736
19318
98464
40019
30916
41899
37568
79018
3669
32164
14586
71209
75551
77565
90594
43425
62802
42852
9482
1803
19839
64876
53549
5508
64968
65489
54505
47235
15119
80802
94275
3763
34832
88016
84718
76561
16747
89425
43398
67236
27257
92177
59511
25715
20928
566
48667
48103
95745
58863
3104
58015
21935
45945
52839
16426
1274
98029
55113
21061
80585
73064
29172
69232
60230
93720
81747
79343
31316
60064
65836
37946
90779
45833
58851
39617
10852
12998
38012
5888
19168
43106
85278
44571
71458
68200
75442
46070
49965
57358
92683
80692
13256
50078
8127
98314
49295
4034
69939
87710
49571
3692
6454
23297
28321
52288
34692
46823
94031
86527
1098
39039
77683
67793
72969
9715
47806
57453
32275
70750
24261
2408
13971
90660
7537
66200
66249
45587
4972
33091
44403
17396
39516
52073
32007
48334
59885
42763
21532
50807
11110
40118
5929
30680
31389
31312
53541
9020
22566
95262
44942
90868
52550
78287
3045
45802
36103
68425
10678
93184
73444
48142
16597
36069
72804
89642
90180
51
57603
69468
29841
55016
86636
18078
94492
67326
33283
28243
44726
45961
79774
88333
68614
87469
77748
22616
84741
75450
98190
16102
39497
85797
35930
63927
4574
78916
55518
68004
26000
50597
60873
48521
90278
81643
89253
16141
56648
45542
56457
56047
66945
8975
25387
16078
43103
73021
54482
36757
72151
66662
79978
23362
89702
68022
55793
8146
4594
805
4622
29226
84784
29272
43873
85828
41790
64022
7605
48340
71280
51845
94674
51190
98728
77633
64272
27063
77470
41784
24294
61884
34559
72229
81472
42194
23346
18694
33454
52691
49462
64700
26361
20018
17639
12192
15664
31555
45663
92796
51073
58154
40185
8621
10852
78302
58960
76243
19249
11706
64710
14418
6898
19936
42114
55944
90066
49994
8145
2027
18485
5294
80940
19486
9505
81997
4314
80880
38074
32025
49100
39474
60556
92449
1798
60595
42561
97818
21278
12922
97522
23883
97277
98526
282
8469
16482
84293
487
81533
5446
48440
27625
97752
96314
95807
85965
83794
62252
80286
59811
13978
5577
79051
76794
85102
25084
9067
57326
86654
75412
33385
66456
46080
74308
76146
66052
44047
7300
95664
83296
28928
99829
5024
3632
98084
88898
58610
89886
94643
91234
27485
37550
80731
77433
10140
24400
16004
48670
21289
95759
88319
35160
9268
78630
70731
48065
90817
87122
45059
89069
61243
1667
35079
87011
62872
98284
75878
11754
77707
84122
18053
4223
39936
53121
55150
62530
23224
16945
18104
47313
38561
48135
48751
9644
6576
71648
41472
78424
12542
63497
75652
69375
56157
72947
7942
54324
88629
76098
20498
22772
87743
50596
32379
75560
94301
52254
40201
70439
15475
57633
57950
216
22983
71644
14308
72150
43377
49931
57748
90092
51390
14989
98277
84863
60647
31316
11920
17611
65609
78678
94236
49190
51713
68160
24170
75360
73990
14025
20639
4460
71938
83044
64265
46424
53870
70000
33712
41304
89258
92202
43099
23426
30742
32706
5596
73938
16783
49707
92665
3533
39145
9771
27640
68066
26469
66930
97606
72204
47280
56328
35108
78709
75033
67871
46382
94901
50252
33864
87561
12664
55919
57313
76809
55261
80248
43148
57212
69914
66153
15642
82775
51805
57033
95430
44123
40782
35552
88351
23874
23920
81327
22973
73036
90086
15018
87189
26113
23570
21011
59975
5442
96984
96820
99413
69105
11458
1017
53774
14009
56445
10375
64456
24540
48384
77725
32171
61335
77964
25766
56330
35828
98287
4983
25069
7339
7075
61483
57962
46901
12915
10297
61907
61552
81854
79726
97800
68904
16756
52397
91053
79208
6909
54496
99126
18876
43993
8217
79422
9250
43970
82025
19511
77037
69262
43996
62140
84630
48016
19440
38083
76287
70430
86928
45070
5093
63533
88433
96128
66050
70936
76392
89165
67835
6208
69413
18442
64269
70893
9681
3491
35695
89907
24063
88267
30724
10416
82994
97518
87711
94449
95499
88291
85651
73268
94477
73341
89302
264
91728
39937
5970
60401
10973
5777
1160
54632
22732
82727
50817
95935
51032
16765
81426
9858
45052
8233
52139
92825
36333
29831
19100
92042
50547
40686
57860
18107
65476
65348
664
6869
63551
21645
68013
14308
10210
86591
11298
35899
45001
36945
78892
51732
77412
52081
60895
27541
19507
81397
66358
16654
13024
87946
56832
19295
93305
13768
23143
3671
59817
615
84862
68919
17555
78602
25382
28821
82218
38713
38077
21980
64367
36780
16548
42480
10247
99619
76075
53327
63800
70900
83995
14483
86753
87420
67775
62068
29587
34070
86384
24235
83632
20777
60348
29010
92863
92923
61202
68614
84872
56580
5261
3726
27570
17629
65179
7766
49655
11671
37864
24532
35136
87976
31372
70091
31042
90273
40397
55886
68789
55259
51826
10268
34253
89711
57574
29097
7063
13572
90085
20158
26770
3875
34310
27479
3815
15623
96645
26442
35462
35345
20556
46888
68670
13559
69693
92635
24921
48284
42335
99471
98642
81947
22850
63693
92948
3453
64080
92226
22032
362
66643
40479
54874
49884
41277
57466
25921
80623
96760
497
16233
98676
56586
2926
16615
133
57604
22630
87256
47731
62823
19708
57470
92859
62676
56643
90904
2423
64431
56544
31709
31696
81263
88526
47413
10897
20293
60538
65300
43127
18598
40623
40436
90085
80694
81676
92782
8244
86387
60625
19956
68456
83707
9721
69038
68701
84859
41185
73935
37216
82230
52487
44467
92730
79310
37550
64535
60519
75601
16701
27861
89509
71107
50023
21019
74888
48964
36901
53703
25162
13278
27679
76065
64512
66126
32843
60437
15623
33644
59020
25963
71293
2520
95771
85541
23501
14755
68195
98548
67042
7479
33734
30904
21980
68484
44509
44146
5153
39977
70429
1543
18186
10811
32181
4019
24542
47540
16052
9863
15389
12347
40135
5698
17106
28971
92736
46887
63820
78179
9906
69344
61350
64938
24089
37423
12417
98493
1655
29325
15667
79895
7544
21697
49977
85340
17527
53278
2792
56321
11193
75545
20193
3483
72503
25734
94659
37794
45146
6158
9083
10146
15871
1167
1078
1375
67642
69520
75511
53442
15414
35583
66083
84260
33946
78666
99610
44309
32488
34102
80800
54921
62015
23743
52185
18689
42496
28492
39860
1042
63565
91214
28254
21651
29677
77269
98007
27816
2125
79215
82946
92678
96161
86334
65397
7363
41127
10133
9169
47163
17036
26127
67019
47777
4392
34123
53289
87552
95397
37288
68008
21101
317
50233
96538
49004
93057
61446
58061
89243
84950
34847
31494
20574
39705
89341
60845
6440
78595
32150
70658
8770
10856
90140
92525
85084
39674
58932
39731
81901
86762
22478
87076
3753
58318
16421
914
50366
23326
28277
68188
71210
64473
75572
19432
97917
96453
93615
61967
48039
71123
89698
73041
15422
26368
61363
61002
49549
24855
23051
3101
42524
80916
91794
68012
91480
32068
25478
98730
85792
33801
27544
79495
11307
39002
3459
91339
63129
89414
88585
90718
31092
90009
71180
69475
80770
11735
45926
96709
86186
35877
10566
17994
55809
96903
77512
12004
17104
28292
47791
63622
73508
25797
26529
4564
59153
45373
9087
94995
57955
66947
42080
19583
97443
87482
82761
24795
10563
27441
66155
79427
2502
13158
95992
14430
54831
32390
84291
76656
35908
18736
22452
843
46046
85239
50021
58181
22992
80550
65565
70180
95698
87998
98822
3030
46505
87002
53932
48606
27444
14740
9044
8200
24310
33088
90934
87678
66587
14902
48313
15475
45384
1549
5994
19100
97092
56515
47256
81439
83069
71033
92528
82275
66616
40187
13968
27783
2777
87645
21161
74031
53611
59425
72598
23128
7468
41622
88243
23789
67320
38554
73436
25330
16177
84127
88356
68030
81000
49868
78575
92901
7946
28122
86668
7891
2218
77823
16338
76565
20199
73448
22645
74898
33402
80190
66309
52183
37950
32075
21604
80783
51291
20567
64194
41809
25105
54411
74519
1363
35742
13462
25244
4893
70317
47213
89542
47064
44027
21677
6688
74182
57607
2237
42211
8459
35765
48783
9493
50664
4190
70565
53436
49064
91288
47056
33917
7956
86814
39059
84310
22081
40284
67910
17107
50505
65753
11191
89201
85591
54880
29642
67437
14364
21837
83073
93256
65726
27473
63671
32826
67568
26946
78215
63759
53021
28931
89546
76994
43742
67371
4796
66933
53259
80916
91008
87178
26670
14594
37850
8161
2163
65517
98330
76623
3547
67469
36953
88311
14640
7970
26587
28680
17171
6717
95604
18322
99153
56719
39688
48965
1492
31084
75563
33673
56310
50138
17767
76756
64304
66780
15067
57899
43888
18422
33664
80473
85417
80572
7751
64997
47076
67803
52446
4658
81301
16100
24114
1208
45256
62577
87663
28987
72986
54805
11074
87077
60452
89092
34047
49253
28978
40763
29054
81571
10130
75886
85121
88446
31432
35437
7376
44772
6111
57746
84037
18638
33177
91465
11140
44950
54503
732
96770
71893
69940
37082
84839
88445
21339
62532
7501
21840
19738
63476
31304
95964
73918
10858
67200
94195
93886
724
14937
35499
31587
95960
40084
33358
71812
53218
48686
94303
66801
74149
72646
26282
68742
78576
72636
3558
7263
59118
61173
89451
11018
28025
98619
19786
93431
78365
42657
17101
28716
36837
39044
97611
69590
73284
82542
38056
14458
74433
64884
45511
4106
59648
65150
9485
77619
24617
42343
68468
65458
58840
33466
50248
94599
37984
46300
70369
28354
67836
78505
87966
95321
93652
3319
3162
51163
43720
53751
20462
83263
12668
61594
90307
98678
30112
44751
97618
39136
42555
52330
68122
83290
76691
46177
88860
31956
220
38192
14007
13601
90715
96476
71643
9768
79349
93141
78604
16695
13049
14580
89493
64439
73798
97764
806
49626
15610
13469
74412
34993
46777
51211
69644
11290
22550
95373
79323
70167
38913
64345
62685
86970
43309
94365
66520
24060
33373
11137
71252
60493
47242
36072
50193
63525
53491
80502
84549
36985
81730
39371
25937
77098
91223
4396
50206
81079
68115
99395
94841
90226
23523
64605
97417
6864
25063
14673
73641
9754
68606
42977
99494
88321
28048
57497
43830
14926
28952
72980
33267
33271
95883
92925
61395
84590
25929
20115
28613
70675
84767
65926
86314
29610
19831
5342
36078
9479
48413
31292
79170
18566
83086
30007
10327
60535
79327
16136
25784
22134
62887
26402
21668
36089
76234
55960
48999
30786
22947
36835
27957
11860
19310
5499
53218
24675
71279
67522
42305
37828
53122
36320
37302
12740
61056
72329
55226
99124
22314
43483
72107
68577
88566
25028
85485
51042
95891
83424
41442
57834
46170
28383
72801
14110
89683
11237
99605
76353
34209
71564
13493
59274
95851
43044
64635
5111
90728
4122
55108
45755
3526
82230
60355
75506
7095
26334
49538
10166
4313
72344
67382
95882
76065
32109
66493
61395
20451
15849
96919
52039
96224
62591
44446
91389
44204
5386
73348
54468
71386
46574
99975
51024
16999
53308
28148
46863
69568
95988
67765
73369
53041
96165
12536
84550
63851
82160
57726
43801
30961
53227
50171
59834
15744
50721
2833
30786
46008
22710
12068
17775
6379
20488
55898
247
82816
60082
71409
95770
356
68778
62332
69168
4047
50058
85020
11489
34926
396
32503
80243
12339
93518
70935
9918
6325
79028
62049
88380
21316
91917
12848
26876
16269
34606
90319
50325
3622
28123
22224
7064
39864
42724
43883
81950
44294
77964
84757
91616
9150
54052
79004
21286
59034
50102
37341
66519
15123
42782
31427
82351
25860
61235
13117
54766
37878
66307
35514
54093
59181
62012
80835
65100
63022
11719
28981
94887
82923
41422
75385
43303
21325
74814
97986
81428
87325
29224
60899
1480
25999
56482
25610
17407
24651
84139
67389
88107
79961
3563
21327
30340
15400
72312
12799
50300
49948
65941
71406
64912
52754
39317
91035
88890
38416
11933
49596
15011
75662
15048
71131
38423
73115
21220
82219
5393
67854
73081
99365
7541
26410
42794
15235
4956
18572
72404
16632
970
32340
14451
27115
18747
12654
51172
82094
70396
95196
75685
80319
72535
10210
97369
10810
98502
97421
23495
51384
74088
76800
18754
11081
41553
67165
84452
95210
44923
38669
90771
71074
62107
57452
91909
61983
13710
21524
65952
79496
73203
10276
85946
35390
86130
99404
54879
63476
89593
29976
67057
84520
48168
52407
45642
50685
42594
42055
82621
97206
48964
30558
89626
38385
15826
46039
54768
80638
88749
27607
1708
75963
28449
20572
27456
53229
62490
79233
95551
26141
93302
34512
85253
76717
36597
20773
96628
17141
71342
10458
8697
30046
98332
27924
31692
30905
62293
51529
76054
96189
9178
47661
6957
98748
8938
96152
39131
43457
45202
69301
32445
45097
64575
58601
6535
26619
43124
23198
90373
60036
37815
3084
70972
81267
11429
55107
86030
48110
18758
78583
701
86447
56379
94152
5735
62847
71060
22572
15727
46926
49950
5148
24188
33388
43610
47832
45755
15334
63080
92439
54912
14432
30498
14032
13706
55787
45989
38942
16612
11524
87338
51923
77447
60233
9300
26908
9917
66648
39265
98189
90720
97574
30755
68521
45217
33145
82249
32111
36037
37411
39766
87844
1322
49051
73395
95098
4807
56474
17664
71226
8049
88366
35237
64691
4121
91934
69031
50910
87795
33467
52919
64365
80594
99007
6500
95792
20687
8646
49968
74980
84553
67205
90784
67673
59142
31275
83661
19294
88535
13874
51704
3882
25017
43874
82075
7882
2328
84387
44378
38530
50862
62812
6648
85250
79529
68301
87685
67975
78571
20709
17877
80586
85227
24481
57484
73129
31737
40066
93654
32144
23038
92458
67411
29348
10721
31410
81423
12012
97958
63531
80496
18044
31442
29423
2120
60447
13610
96419
57803
44288
79000
28044
7834
12725
22639
64714
9885
11209
98950
44757
4368
74084
21280
60467
95668
8122
82573
33268
74854
55405
55017
5162
13933
15519
62178
22856
9677
1720
96375
57621
56824
60975
79035
71821
37828
86009
16505
46613
58360
69388
57938
31769
5184
19567
56674
21827
12896
68960
34208
17242
25732
66465
62436
40629
19798
81216
28131
34842
26921
62721
76597
2776
72146
6378
58328
54493
45047
89227
57357
42581
37152
12775
72928
82720
25001
7396
53862
26126
22553
36107
20255
78489
90925
76220
6906
29215
21806
87602
69784
89083
77985
96270
54696
3551
95165
30435
80210
34544
58039
78941
13615
60990
76409
60270
34229
13055
80497
36823
49873
58887
24133
12815
45549
66341
72261
15795
82353
60413
8921
42698
46085
84221
78937
82900
7733
74847
68955
44911
79085
80890
30215
5285
68228
42213
64295
96021
75221
98537
59546
22172
69351
93570
42280
42848
4399
92626
5903
94969
3660
86402
98523
44220
79216
62902
56437
54245
15742
55659
70770
74401
17838
61455
20556
75286
55630
70237
81263
41647
80355
62260
48937
44039
53805
38324
10692
28273
89704
45076
31472
29442
38798
71842
89817
12572
57498
77656
19960
69463
47592
13463
65509
32654
55193
91395
53898
81092
95570
37915
40755
63761
87619
80339
97250
95500
55877
80944
68991
41591
21309
96703
50028
80002
94269
86450
12822
1117
21930
80984
87271
2845
15480
39736
28601
33322
48497
48202
42885
65731
80084
11442
16538
93198
10938
51897
23913
23008
38580
75754
77884
26853
75025
52966
43559
22157
22716
35013
85846
34355
63681
48746
76038
37291
87056
5473
9041
24136
82810
95511
76929
88359
20857
1302
12933
95899
60812
67612
63425
96886
86719
79639
14591
80656
81833
98687
1572
66039
12783
95600
1246
88788
83206
25858
52473
67094
49846
56903
41713
90109
88249
10272
69057
76100
17027
12316
54394
71852
83004
9838
2927
58274
27048
31882
88461
69292
29640
78972
58248
84757
53978
93318
85073
68978
96795
70708
62468
4688
18828
2012
99869
63804
47154
82135
20714
89839
85271
85687
16092
54740
62767
53189
40471
62968
24149
79384
51305
76716
31443
79891
2103
13145
65536
18747
86899
60898
72036
9299
83274
84143
10776
90103
84314
20987
7752
16210
11744
98619
75738
20156
92079
92488
14408
45747
36637
3596
17736
14868
78871
23270
65230
46934
99989
87673
18535
47332
59880
45879
23302
49749
12400
64837
94460
65802
65322
83340
53056
44515
24679
13276
64718
32318
88120
92028
34508
7085
70500
24914
41351
78706
14332
64267
12988
32154
89830
38504
71058
68852
36405
24550
9093
42989
40570
84712
60446
95977
93972
71971
61789
4319
61506
12326
20601
50769
50201
63203
58718
5031
3410
37567
25877
86311
13723
59346
6049
64627
22285
90010
29317
36096
93981
86915
100
38414
94604
62763
48512
58536
55513
53525
89956
76122
76503
30861
44669
29290
86905
94194
14915
3957
32649
23077
86325
21031
73528
87085
84002
16886
89391
15332
72772
56315
18596
23233
36551
80078
68137
81923
27368
51293
68255
18838
42552
6760
36136
70629
83296
26556
58265
56893
98174
4395
52910
71898
29933
54500
74679
66864
94531
60084
65648
32088
5203
85529
74671
50229
38035
38079
83894
59554
15641
64601
28265
21498
36990
72029
62329
93251
86052
92316
27679
14871
54676
5116
73060
94449
11040
96021
92349
24113
23175
64196
88916
64716
53430
49263
86945
8915
33420
9430
14871
10909
89750
4882
50523
48948
1945
93613
49968
30842
13199
49021
62062
71989
25800
58430
40721
48862
39985
38571
73101
93602
80370
56121
35518
69971
73746
31536
96254
95982
99861
21415
18832
67497
47525
18395
19418
37145
4398
13771
71535
67197
27459
32755
44106
29259
31967
27812
89431
94549
75270
99260
59595
4504
3946
88231
86100
61761
56937
90289
80074
66811
81651
22662
46181
24889
44233
47657
21224
15868
61153
53261
70459
50850
15046
11379
1975
62220
14780
42529
11867
91403
67842
21819
33595
34310
82416
97537
2040
28074
8320
93893
77770
4750
38281
58471
64921
23425
68006
37167
34988
66771
62197
47142
23352
60445
58267
96561
32858
41165
57284
69066
19168
10354
54057
77309
6530
26273
61034
77181
41678
85602
10011
80321
46017
45658
39644
1150
57105
45781
32959
90017
39975
12079
76654
45577
62026
7648
90213
82079
27606
55522
7803
61300
60908
7808
37246
39445
95651
12189
54172
18413
38044
89981
89022
22935
39059
85076
86671
64606
81425
47433
68314
90164
46943
44967
7057
43467
44277
68480
62666
41427
5584
95550
16484
82193
65761
74952
65127
27320
45858
45869
38569
35974
36
1968
53133
2590
901
24304
84775
73949
9181
210
70490
24635
78679
63533
40674
7777
51740
39602
83501
22753
17898
25622
28259
67766
8228
85534
63111
39097
39012
11142
52918
43836
91468
76526
48941
33511
96793
50049
20711
68398
91800
74403
53091
5995
27187
77270
32804
66397
87460
73961
18
32028
93546
43742
50141
60695
12409
36758
16290
18508
97964
55004
12903
48932
49910
20426
20384
50217
60437
83804
77780
95684
69032
11951
43513
43799
40023
97013
21723
63892
65937
37625
66236
48152
4883
52777
95062
57256
16420
19460
68956
63270
61726
29890
97983
80784
99750
62074
91339
26197
62237
66676
7281
85044
25039
23724
42848
83604
85160
52095
39117
9594
86534
694
41649
77226
90474
65100
85585
5661
39272
99645
60217
49946
55358
12045
86338
66164
88706
18770
44915
57409
58675
64895
98051
64531
52466
96109
16060
11316
79593
23688
90523
25282
84905
78324
90292
20517
17394
37179
42963
97609
42987
12948
75261
66141
96401
41584
30741
47206
20428
10788
46938
61184
80989
57934
58861
91507
46164
36167
96401
41454
76351
36164
60203
5346
47644
40424
76681
83485
15375
55817
27263
33250
46223
84925
32716
11970
16154
77025
47995
73465
90441
91141
31558
36167
37663
32856
80660
7337
23131
9740
52803
21683
51724
99238
86017
23693
39556
91588
80308
47559
64869
34219
93658
77466
98552
17099
24138
54141
30077
53265
31065
37441
20061
18378
14681
90505
56219
43023
91548
41737
4809
69074
20566
86682
32662
42722
97088
20438
96037
97694
56057
15671
46265
10644
30599
36743
77324
29653
49339
4035
57631
68503
43955
85937
44588
16134
69529
14715
6135
42216
11720
72135
92899
22443
47854
30164
57088
174
99469
18995
91586
19209
13180
87839
4654
26073
1579
63835
74093
71756
44100
79207
44067
76485
53740
7583
13945
39245
60840
55504
61046
97591
68445
18230
56588
60589
1712
89751
10863
36092
40940
55638
26273
23865
23841
94166
43048
2574
32297
66667
20000
88549
18183
37950
27885
40400
30889
28893
49481
44851
63212
16028
72892
10735
74526
73324
96938
74219
59070
70134
77542
89313
96767
8661
70084
89698
17516
74221
331
66087
52358
75851
6377
86581
16553
35643
61185
93996
68493
51904
45920
86412
50663
9940
5486
86757
1391
54492
55391
30201
89981
60838
32073
25360
61645
17986
41584
87448
86721
46554
55772
55447
33318
51024
87692
92367
94670
46610
93924
62444
2492
87772
43938
94477
37631
72683
29071
25932
17557
40473
68624
20588
93137
41338
32828
54046
97176
10034
11752
51440
62245
59184
83678
8531
30316
31339
32557
74823
80507
97080
60121
4901
70940
28165
86259
488
7543
61173
39715
32569
68884
61113
98337
19382
89023
49959
39332
59807
38372
27513
44018
33596
85242
11972
54741
83694
3708
86419
91663
75281
3474
45408
9732
6122
3182
30863
40598
94515
11058
61671
90638
26304
93391
39918
56438
32269
65353
3648
26436
44454
86518
78923
88400
74866
46949
96457
34694
92925
60635
15227
95543
23393
91832
71519
95306
51408
66328
75854
87888
26017
51894
16853
30133
56148
92331
73709
92594
17604
65684
99769
27968
48072
10098
64060
15623
96261
23370
69204
47892
37588
9293
79991
85609
89547
35122
82792
53358
1547
10814
19286
99365
89478
40422
79314
38843
84266
86763
81738
57050
367
61125
37959
91292
86105
35867
99103
38043
90953
15949
62744
36323
68454
35029
33338
7720
88580
2498
94576
22292
36623
20420
17915
7865
20374
34854
67922
86212
3318
30388
71769
76754
26562
65214
85629
61341
11756
27861
1354
68655
48563
32499
31913
69080
70345
21847
16954
26458
42015
91501
27145
89632
46991
77740
18704
53519
92357
86681
66953
53589
27308
58826
64942
6750
75985
84740
16
26502
29174
74789
59088
68808
69813
25054
64828
47253
1870
61144
4393
47201
55119
96248
60938
75799
11360
52349
51627
5420
55592
37221
93484
62033
61279
44208
66525
45826
46256
44540
10227
43035
30058
98063
42820
83051
24069
71763
18564
88224
57900
89500
78941
44450
85194
75237
91876
30844
89333
20761
53022
41332
12786
2061
76751
13948
64643
67978
11802
74593
66292
64584
55834
4993
17534
68214
34395
64570
68309
44631
50294
29277
41845
48294
41160
47008
41028
24122
10382
84083
82819
60036
77694
88907
52727
75797
20229
75898
26062
19133
45273
12544
79152
96590
85466
41723
67908
76543
48426
16697
58043
21292
56773
55886
5949
88731
67839
64001
10063
60665
31417
23041
28254
36707
74272
39413
19627
37249
8386
55120
31954
57836
20269
10115
68792
43729
93702
48301
96048
80557
55203
63374
83178
19128
41990
14745
54234
96798
49686
455
82144
32904
99163
25288
26873
54874
14710
55669
90914
46037
99931
19105
44676
55420
84716
76078
25376
9044
19859
70587
44183
53701
95963
66491
50551
22461
44107
22529
29790
116
82305
46423
97196
23146
73543
52302
20265
1516
88949
87088
25424
19509
12899
43473
76215
67057
38248
78308
72732
8733
85076
10634
88781
78058
97734
72197
22228
46561
23275
90218
11901
92832
34036
90261
27846
26114
60562
65399
54914
79901
86417
97162
1801
19269
45294
17381
57088
62574
20758
57866
79648
79535
23997
70365
38150
6753
98776
4080
16823
45670
26967
59513
52237
73223
18018
3557
16802
53750
57199
1797
57431
76690
73501
77927
60002
1705
73105
77216
44147
75480
10666
51045
86145
22061
87459
30072
31765
34733
59140
52607
33874
10674
63365
22097
18976
55948
90177
86698
51060
16041
87283
21822
84317
17135
12591
46058
2190
43525
16575
65126
96547
75538
69080
10262
99122
99869
23417
48832
13967
75731
59808
62392
24891
90664
86857
34646
76234
7700
69667
65961
38032
28510
73937
1765
64168
84791
73306
91352
11201
65885
205
1371
72389
24960
77332
98340
97318
43650
30772
17976
42088
76535
90719
11933
20165
20491
44406
16685
77089
75747
34302
2182
2155
61147
48285
12351
63468
65807
19889
57781
30287
98933
81006
61380
7981
76392
53106
63377
60371
62112
89543
3780
1651
8508
61972
78611
36836
59649
95680
25945
6359
92700
87492
3781
54487
15875
80268
12047
32252
39482
25386
76933
23948
30482
86838
33924
36014
5451
10886
5250
39885
5146
45702
4840
57893
10886
32853
12510
73549
17005
63228
69406
18752
52163
53003
63946
44426
92634
45713
24089
51340
75165
41847
15788
20172
91318
41242
2239
37309
83184
996
57307
85414
19222
59782
4329
47057
94970
33204
8065
39186
19570
91005
39008
79602
98973
4741
4056
18999
36836
97280
95649
12274
79195
1101
11469
50116
12070
12813
6266
80525
83064
91072
55904
65299
71415
40954
2346
34828
98204
20870
71969
66313
3606
98359
1284
64479
88430
26247
92212
98866
59077
8142
89772
33407
79001
20609
87629
14471
14822
52964
42295
60852
29802
13549
79861
73225
98369
44887
90319
18314
2927
95007
72546
25989
47868
91423
11661
30587
74585
54277
49762
10959
65153
48463
94045
88586
73594
70693
90512
71177
58043
23634
29276
28548
80808
17216
90333
82459
7544
89776
58333
93278
37719
12755
81608
10937
29192
37256
31743
30683
5890
35731
16582
5122
29404
22038
80280
75749
88515
99694
88410
11454
3687
13388
45229
65521
82166
21262
58845
67581
3392
72634
93558
64926
5050
49206
66967
52796
36574
29991
89502
62291
78831
19620
71651
43744
78362
50199
75265
61637
31767
53200
43631
24474
99248
61701
12076
2704
28345
73385
97625
72003
65821
67271
95264
72987
80825
20476
95666
58655
42177
52431
24207
28631
15265
60494
28734
40796
46655
66822
39133
17374
68667
16606
45970
19537
20344
2449
87071
34517
90740
59462
90676
46753
53587
71598
29983
96844
22010
88441
67742
96151
47191
11413
74261
69434
19774
42436
20059
59401
65231
42360
51023
99331
32275
88238
2344
84056
24484
84773
33450
90484
86444
33625
98228
16811
59974
58624
37846
22115
44257
44929
27999
17977
50019
19564
84373
32401
87754
45337
89694
75165
52654
20865
2363
66153
3682
53779
71573
99041
32665
78548
81327
22176
15845
67190
90843
16822
93402
22068
95432
3637
58545
57447
44793
98456
72969
52712
71985
1967
97289
17283
23979
61548
87776
86036
99334
77540
75052
96928
55325
10530
58617
73586
86068
61774
38562
68945
27982
90837
77619
42011
95196
42741
28783
32737
97648
11431
80461
51806
29391
34122
17181
54612
8005
28424
20073
38373
38355
63783
51702
7595
34211
38382
43882
47092
91356
30545
21991
87806
80689
75900
91285
97995
99635
8088
88415
3489
97287
69276
35603
49537
66866
46644
98765
22689
4689
82694
28653
19592
90758
89639
2340
60902
92748
8313
95246
8494
24331
20831
6170
25201
13191
16959
79973
85815
28403
56338
8803
36668
83683
3211
99231
43365
95263
86465
67515
82462
56115
36411
67984
97202
60483
41783
82937
11974
56764
88599
9771
79826
62726
7817
28668
58749
79701
49266
40261
77972
36511
27190
46754
30406
56520
55686
3798
25951
45849
97734
82091
41375
60303
9914
27703
81879
85551
94252
74170
90463
36023
33661
16644
51607
32176
18470
98515
8376
78239
28457
56122
57013
41819
7449
25566
30612
14490
79491
47706
29283
31492
85239
25890
13848
4840
31543
66564
1226
59725
95578
59786
83813
97536
48669
77692
25198
61069
34024
11907
70324
1417
95417
96712
43471
10924
67567
76987
23576
12540
50804
68272
40676
12388
47719
15075
33149
21219
28582
89404
75519
18081
84853
302
47308
40317
26445
953
65261
80033
45860
2479
86054
62487
3284
79028
11157
43381
52747
69534
44518
11603
52495
67836
68950
83006
86412
75603
43906
83460
51259
81892
68075
57232
96784
84105
39336
4592
7264
80190
36808
97201
28589
80540
15523
69292
15728
8320
31643
16218
77346
12171
96724
60739
40551
83906
13293
36532
67127
16598
46011
9199
20682
75710
66529
19452
28384
72000
68973
15166
76362
303
19633
50816
19352
76045
96285
71598
16416
19858
57046
92191
57480
13541
53909
22704
48048
14343
33246
26637
77695
7311
99035
88712
60776
35055
75221
46060
27352
68214
79471
73706
69887
64911
7359
4914
94201
3239
72393
72671
53272
78316
44569
70089
67056
63728
40477
17470
3070
68333
5021
61450
35158
68674
98168
83698
1320
89916
71196
60097
93037
19440
17025
70714
63828
40772
2083
71404
85284
78093
76411
83427
48653
80403
74073
35259
9999
55217
74879
72688
18758
72409
27997
27569
22929
50197
27012
68466
1469
90663
38601
52865
99091
23985
64377
60880
26107
44497
73523
75217
97004
75652
12039
6240
26065
82412
40105
50298
3321
95564
94641
26699
13658
4144
19442
44389
28643
35913
63668
93708
26141
11318
48465
14223
28702
52606
77929
78257
714
91386
82947
64101
61093
87344
11872
75768
66330
29113
477
29608
41793
41028
77189
22131
6096
11700
6576
33994
26433
41348
63677
58084
91932
74123
16871
19567
13281
59323
91591
12929
85812
21155
89829
59596
72421
72916
90108
528
51354
25824
84842
54123
38876
3678
73168
1100
86011
12010
8748
86789
29087
1162
47185
510
51436
69964
77696
9637
69264
42283
2117
41955
29421
38608
68592
19947
190
57620
74158
90412
19111
77220
92515
53542
34781
48637
21094
76537
11759
43991
67898
9976
66384
82398
30277
20381
63458
51035
48206
41462
38369
58130
45080
91005
2729
27429
60885
11493
45284
58613
45673
5072
71636
36616
3133
61438
46202
48454
25435
68639
18976
78365
16301
69898
617
24901
25933
67558
67027
39486
92872
68613
73126
37365
79380
84849
89084
64454
56202
8350
56653
76731
95074
19071
28821
89298
54539
21525
99524
40188
63203
19330
52515
37250
61785
37340
84638
18018
56444
74749
23058
37240
80032
7062
11412
2264
15213
75716
19803
23415
38851
82331
59243
79113
85486
42495
35231
62660
20929
17745
56658
27044
21266
22790
79626
35753
24691
57524
57090
59194
84520
10597
98195
37324
53130
32238
98142
36734
85175
44154
89176
95516
63251
41279
91922
49091
11935
25618
12708
84868
39988
69974
73398
99074
65948
81167
38795
15093
61486
6709
63818
65201
23140
11652
96170
1792
80346
43440
41241
93324
5989
46934
85481
99481
30190
37518
24248
28815
22794
33500
98714
6805
91223
39078
52293
12888
21333
78240
40889
15980
89182
73475
81866
96074
15043
80316
64043
43031
33253
75808
34905
32037
34317
68285
17537
57490
24105
75660
32271
78190
67299
57475
14100
39835
55999
46663
91571
92333
98096
45566
71368
43504
27224
44866
6133
84521
40027
63570
80555
20725
9278
48835
33489
49133
80482
50867
6324
29771
85911
59710
36843
22790
5310
76425
16614
67545
94175
36860
30451
53571
51171
11981
41036
55943
27599
64375
2144
57907
91870
66858
53948
89373
70618
9595
74454
70442
99927
17500
55798
80488
26732
19399
50018
7387
12335
42388
67492
29909
22571
38345
76058
51134
84160
78289
94457
24948
36888
80325
54175
69483
15777
44967
32724
85365
23180
79822
53820
51005
75297
1564
5116
33102
31901
75819
85830
1968
61257
63109
130
79538
6264
64627
4699
84867
98941
93549
28548
25306
46534
49745
34213
3958
66393
11727
60454
6112
81161
83232
81494
22893
41653
37334
45592
11743
85725
73711
28235
62442
15682
8931
85493
24820
37241
85629
32171
89462
12140
40199
36127
25023
7757
63453
27911
74072
93624
30468
27174
67106
2468
91155
9241
14747
71493
40751
98944
19232
70177
32917
79783
13005
1868
83921
32303
47039
91299
1067
42078
37722
80322
18881
96128
90502
71170
12175
66905
27988
30803
52235
97544
1983
46257
97485
20281
88686
68326
84715
45799
15573
86236
82851
51083
64955
74045
6866
67622
88023
90537
68770
79400
10068
93939
9408
17690
24755
19961
22922
1774
27567
45246
3943
70176
51195
32133
32049
55049
63400
1804
48462
48193
89699
14563
50717
80078
57179
76551
69099
19501
44480
76800
87621
56796
10471
78099
15079
18337
35178
64260
87347
14075
73932
89260
56990
9955
33946
21459
83172
4254
21901
22475
92284
73282
75084
98825
67333
61282
84015
30175
36768
29080
98270
56122
80728
38734
81335
80342
85020
35914
40015
61785
93069
69011
52976
82739
78514
49892
39552
20464
27849
17964
56418
28791
26456
60094
27798
84706
90241
35644
77499
17210
17364
48412
22549
5070
4287
40244
15754
65232
32449
60135
31430
97772
96028
39883
26270
28902
97704
47734
81937
32495
52868
47398
45098
35747
36327
69258
66659
32515
97237
90384
26052
57994
46797
427
89257
99021
71135
21728
52353
28660
155
81550
81043
62256
30404
26007
92859
43384
20164
75631
95569
88676
50841
41121
53290
26597
52557
95896
90297
18175
46243
72273
33070
67940
13677
93818
1534
84110
32699
61927
14691
18968
40141
23633
34778
13689
26858
87691
65642
67423
91913
84675
41700
23940
39885
2864
48390
38895
42925
14558
56314
24170
20081
41716
10076
38748
51321
30878
29368
5698
61175
77884
4305
26830
36701
79718
48287
78268
82801
78458
33104
94381
9565
18852
56046
47810
60098
3752
2785
35511
53069
67183
88300
53465
92290
72972
60722
20229
99669
35658
51931
29567
55511
41300
85490
69388
45549
80224
48166
19244
75581
94329
1040
98615
32962
69287
57716
80691
24510
58045
97792
24431
14063
70527
79537
82432
6778
29774
32053
22549
4100
13458
37740
52344
13024
90947
40072
53828
27330
82963
48211
68990
45938
67515
21519
57553
7517
77889
48632
46538
97765
71523
97446
67308
824
99331
71727
85809
47710
72622
91209
70015
31340
92266
96909
41122
77653
6876
83095
55339
46240
42804
75114
89541
20597
62710
85488
79887
74545
32229
8799
2107
47514
15021
90583
98435
91948
87053
14056
86210
21329
37696
209
60822
58735
13767
38531
42192
35611
49876
28388
60053
79371
4405
49199
90229
25257
34139
68024
74149
91300
93479
80173
55291
70721
74384
19129
52582
45774
20595
17410
24711
80855
31095
52658
25520
93201
42779
67442
86263
69428
9887
67858
65750
91174
74316
9190
73795
2130
1569
4523
39751
69816
97339
31911
32605
45502
9215
89133
52330
94244
34343
68800
37747
26836
47528
22991
76959
24
36956
51519
48330
95878
72496
678
20514
2295
50732
39187
10658
34229
3418
52236
69481
45586
55317
12335
57782
5045
67920
71802
4258
36624
51039
89989
40634
17869
86086
44941
73432
12263
22333
79308
2141
27700
92508
56068
909
25408
48969
43451
3303
57845
87067
17343
3391
79510
47241
16874
43033
22603
82612
69025
21924
85623
36430
62007
84689
44197
90470
69839
91535
62593
80082
20894
78373
33667
34647
37039
24331
73413
31767
37856
98949
30838
90743
83721
94140
73320
61292
91773
42363
34915
16546
50665
55811
11484
66153
20889
82603
71424
84412
68602
95864
48587
51695
13690
86581
9877
25108
55851
73839
91244
88138
3623
6800
9245
13539
21710
76566
36523
59857
21066
84847
9410
60588
25524
51954
22117
10178
88495
31325
85475
51675
17329
199
4072
8200
65922
6274
80208
50120
55838
35151
56247
67991
47028
81821
41324
11603
67761
14111
63044
62091
32983
68073
49834
47623
49478
33895
59444
60302
76445
64826
56721
60312
90105
60112
18398
88753
3292
41759
73400
16295
26825
47997
83947
96112
99372
94847
6409
29626
35031
63948
46807
81232
38662
49790
45665
99654
16356
29652
80846
75202
4999
20726
87118
62311
19062
73415
98255
99487
33322
46112
82127
8932
39634
71535
40748
74635
6577
87467
87544
78637
7427
73682
56072
80500
41245
32417
76299
76478
71505
71087
54935
52177
64240
58822
62046
73980
96235
28383
73632
85509
36530
57978
47771
10228
41469
11287
41886
35931
46473
64180
72571
12608
1081
9315
77530
52937
75390
96710
11850
89763
73522
23818
78898
67407
88318
36861
66918
46186
42684
27118
50101
44919
89750
76672
10815
970
84845
11082
5380
45620
66518
30958
19832
53254
92927
98452
39283
48772
53647
77346
81316
69641
62315
87642
59237
8304
57524
74704
24841
33573
17518
22086
52402
81385
1820
48231
17760
20252
2951
90172
27716
92490
80030
9454
72434
13653
31158
73945
50741
12250
41363
20360
20988
27523
73439
27507
95826
90728
62486
10322
17291
86339
47013
96989
98011
51567
32359
22466
62849
43260
34894
61697
97280
77585
19331
13959
2541
68158
47397
47237
72356
67870
3853
33453
12246
9797
78898
44169
80318
70188
10664
42296
58545
90038
24452
57029
82131
49213
19130
6501
53606
17086
97383
47277
78589
55614
65643
18478
51406
57624
67086
398
55110
77732
51299
36388
42999
42085
39625
71632
32460
54254
66030
80500
85822
29842
97359
67283
87007
51400
57691
3781
92947
80023
88054
89300
19806
62948
64824
86550
37784
20789
39829
89607
4157
53952
21304
84130
44034
84501
47944
67100
99810
72484
59981
34237
54134
68237
92747
98587
22787
99555
56909
67797
17804
6171
37117
39209
94568
24983
21744
25779
25615
30153
15135
83683
16015
5702
59183
8314
85499
77481
36434
93120
77122
84033
4615
75844
28605
63513
80700
70577
10946
46401
95828
24938
56214
84478
7011
49154
54528
55755
15094
72410
43736
3081
56335
34200
74494
23083
19566
49696
93574
94839
58540
92242
7377
93721
60897
7167
99736
36298
90437
22377
11842
84856
89107
59223
6324
55795
22122
37746
96072
51380
23533
82366
64854
1033
83562
76856
65454
17633
65720
74345
12808
60337
66393
72100
4371
85665
90943
34210
47082
9590
81067
58423
29413
75548
37456
51696
33867
17071
82998
39052
39652
73862
86747
19636
20205
20381
71252
64440
72325
61310
6545
62568
39588
33131
29566
81132
53164
16299
16133
81120
5751
13167
52241
43951
63792
76415
21230
16298
77085
67205
6860
45829
72346
32502
97955
67471
24417
4056
58352
2125
19365
83989
80349
16177
66687
7675
69278
27420
50335
45100
8408
92237
34148
77865
87484
57380
68102
50806
60785
72152
82704
3690
5424
3282
35724
53782
29448
20580
50519
30319
43874
8681
97587
85786
45472
91321
47995
17075
95166
41001
73041
86329
21978
40766
17235
28825
24847
39532
91533
79542
54589
26799
18536
60914
54437
11525
29791
14268
38640
67430
690
69526
82575
16513
56659
75201
34045
11284
43518
18215
12225
77415
36934
34949
74576
78342
3754
1299
58351
34329
92007
33234
49494
83266
2663
66545
16880
62227
76695
63867
76318
2601
92566
52608
64091
32201
42985
5726
25178
74037
82667
43853
12076
64714
66530
13572
1823
38393
46253
71787
83104
64705
65945
50462
88768
72550
19955
54042
27060
67600
82264
61159
57174
45602
41288
93090
90313
81140
22008
36390
68698
58000
91463
5655
32515
42662
70792
40746
12073
96748
42366
46324
89445
59734
455
59854
45119
60878
44463
78786
24597
25455
61093
33684
65244
40676
57098
49744
39998
51064
30342
41708
11969
2425
5332
31513
54217
43503
47518
7692
63443
4275
77027
43971
49826
18861
58965
87894
76759
80494
79967
23036
67545
72838
41219
64759
7156
63075
73282
79261
11485
17768
12117
47459
8084
38821
78520
33672
82082
34104
43878
23548
74018
44064
49568
92172
20124
12890
89286
79818
72236
69819
37224
37213
13633
44904
63158
7138
47458
55380
38708
78622
54539
33239
17865
63041
10773
11464
95447
98552
61843
81431
29413
36368
23416
75113
5527
31778
70166
38417
79583
57183
34658
89960
2317
88249
46068
56968
29602
23211
77290
88523
22466
1126
13003
36251
87624
6938
36233
85429
13267
70909
81312
79391
23294
6267
52955
67842
47694
32058
92213
56198
22308
21224
34557
77641
52402
75075
147
20732
63946
82853
48784
50970
19602
45770
74818
68742
12916
63360
77076
56288
90034
96170
27020
82659
68631
87024
55277
60702
21032
68199
40541
1197
93337
40057
56865
45555
80796
53072
50789
54742
50292
91588
73624
46263
83399
34750
96371
83853
1202
15656
14010
83805
23927
69684
5371
52824
61042
10790
15412
92273
62377
92446
98033
13049
2593
85446
63699
53721
5933
9300
86412
94444
20642
39932
5574
55190
9702
84438
52451
45284
51910
74407
34367
60001
30919
96975
19186
42323
24276
81230
90354
83376
36598
47603
57526
65248
47298
35171
67605
73552
2251
12098
76428
10928
21689
52225
70814
650
13202
95301
29718
30879
33044
2416
62824
15680
19044
95502
94293
43526
23745
35197
54541
51278
41298
10650
64751
69461
16574
57668
6156
59403
49530
95119
72266
98455
41372
71112
49540
15527
57647
35296
91054
96722
22207
99799
97079
65101
79092
52710
94215
57382
76156
80136
5864
51904
77857
11430
72257
27627
33274
64158
8764
47423
22396
32079
22121
87029
87985
41508
36188
27714
27073
44090
87218
94513
46317
67728
57617
19932
8379
80298
66669
27207
29771
67298
80966
23321
43847
46859
93295
75543
81753
57507
32138
7167
80055
15125
84654
40094
43514
66696
69163
64494
16365
63464
37476
84048
85728
36047
77018
74050
18235
22895
29098
42973
93584
57055
2157
24525
57193
72095
46558
39629
87329
15881
2424
7935
12527
36502
56413
42694
49404
43786
22835
8672
82965
19358
57544
31683
95293
82120
85111
43154
89050
95657
69667
92507
18895
52723
33600
55377
34410
1684
51825
38018
16276
58659
13419
5172
5350
75718
98201
92992
4923
89534
52697
23115
63200
82927
91108
85661
38887
82736
99082
91584
45499
92619
5531
1431
11566
26482
48995
42904
69774
73215
109
74696
27511
43365
45928
70513
58914
59192
73287
16962
45114
27286
84545
10691
69871
83249
88633
22964
73572
89946
94969
77473
24610
27755
85495
3652
31248
99344
63258
55927
13850
86355
56469
98100
61166
97699
57649
94731
11782
54337
22922
88319
15007
17127
24112
75325
21768
80789
4237
22074
30870
5369
454
56168
84148
92058
86427
31413
90488
93090
37320
36993
42257
71685
41102
50873
95196
15282
65292
68917
84054
72597
31686
84202
57996
96198
61672
87628
50670
43474
90788
90916
31330
14915
50807
106
5716
77935
72297
86848
37035
21786
1651
11690
20023
329
55675
65837
57127
35556
60731
85731
6487
54087
15680
15288
14950
58438
29806
80581
25797
99866
65889
86118
30795
1836
35310
42362
32518
88796
92264
36855
68717
55278
67358
49863
5232
90674
71585
24195
18289
89295
86692
4426
22475
32268
35132
60830
90320
33819
54247
69915
57650
11297
72329
56629
47127
5734
37649
54893
38319
79478
12442
83823
37185
4017
86829
87851
68385
41429
1828
88878
10495
91782
64713
34045
8505
76440
44317
88814
92496
70521
12597
4546
99159
72061
60351
93123
53224
8966
85026
66806
49298
112
33891
45212
29517
12343
91268
747
32813
41638
10887
52964
27092
5373
97104
65937
16514
46974
49544
3069
10344
82004
15070
56175
44475
12192
98984
1764
3331
18049
40295
33673
78867
54463
62536
78162
71379
34741
23047
2970
28920
8921
62958
61335
77270
13256
88476
71609
16492
83091
39040
22655
96701
33504
60388
40821
75999
75487
25543
69294
19980
59882
53763
14171
13494
59831
81645
25541
28184
42557
61306
68044
22311
37377
40894
65660
75687
99068
8560
86377
15706
65002
71850
22792
69811
24242
15597
28585
7177
52941
56897
99636
1639
83669
90713
30463
97024
6955
25301
76201
25919
28165
80737
89270
72093
90066
17947
1672
36300
33931
58258
56470
41680
61432
16618
57131
7245
27292
36443
85342
8124
42367
4313
43722
7351
65078
2255
35913
84244
5136
56325
46674
2670
86751
47008
45131
77534
37634
54952
67053
66921
54891
26021
4627
83571
67857
73283
41566
74129
90580
29908
69961
43356
92361
86548
835
94785
99745
88232
33838
54582
72634
59648
75187
81703
84865
16443
40192
73134
19490
10058
87040
673
69007
96525
28341
33765
28233
22649
88564
58305
62829
69883
47100
92365
25278
44630
94933
84329
46187
3464
68994
17066
68892
91082
39010
57007
84575
39639
97896
95698
71273
95908
15221
81018
61419
69805
63759
20589
16627
44401
99264
8994
15227
9715
69998
82292
30099
3938
24370
27539
8998
23346
88343
89877
68267
92489
465
394
88971
47318
30744
16173
74857
16667
22047
14486
65555
12555
67765
22988
2340
46638
24344
98744
67923
46018
48016
19796
46875
23516
52015
68931
40648
34540
7267
1978
8283
78686
92630
48348
47066
96733
78723
92547
23703
63186
51252
9690
37307
87178
31132
10920
71151
78325
17230
3334
83303
77451
84185
2322
72012
25385
85120
77532
79780
37849
77754
7709
99519
21584
66403
61384
41665
61936
6877
22105
78055
44622
47623
55113
89464
14894
26199
18660
33833
73386
70551
57809
43981
18546
93722
28560
57016
9197
64762
90019
60942
56061
96623
36035
38956
9825
44557
93971
87570
21076
74907
47441
33580
74418
69035
93865
97404
14715
71163
23684
9030
41232
30471
95869
81208
22970
14569
2772
9843
65131
8559
70780
9882
74108
30198
54639
21430
52821
55400
6145
195
36619
62128
61841
32699
60035
69846
40988
99645
60117
59707
62252
53146
7180
92370
14446
91772
94537
46073
76674
40658
90375
97555
36395
24732
47706
15492
68677
70896
94897
69640
67446
36135
63418
15408
3005
22056
81636
19482
14087
85998
13472
74540
15969
37560
64705
92652
23528
50605
58594
45087
95868
59241
83719
67324
97043
32073
11611
41356
83433
18863
92056
36993
2549
22386
71718
87056
93303
83494
56282
8748
39214
11395
58048
68161
33158
89205
30419
63657
70222
79167
37513
86702
87624
84108
80204
41341
93145
88628
43779
58979
68928
51687
44143
91399
31108
59417
75985
44739
53925
64010
58377
22144
53717
33808
9657
40110
8640
56452
90760
68349
80774
96966
72098
96859
36841
52334
94716
54122
50817
94320
56182
54108
21133
25163
60698
88686
96453
10990
98816
87710
65547
28263
92916
68971
49759
94186
11407
3464
43601
11322
85985
50940
27761
74135
43313
49593
99587
92036
56571
31094
65263
69203
61656
30379
27028
27856
31260
14729
6749
35143
6072
69652
19243
10067
90399
27615
33041
51299
37030
44034
351
7819
71429
61625
31606
69029
90874
70748
8603
30146
38572
60118
4871
72561
34701
41797
40730
79017
94777
89582
99599
67319
9787
25946
62987
2783
5487
64976
22191
27793
46498
34224
2573
91050
28629
86570
38200
85124
52289
6329
49076
26363
22356
17855
23116
36828
46425
99837
63458
11724
64406
62223
49921
97490
60559
9443
56622
65058
20968
87316
12413
76551
17511
96199
65056
82604
73848
99169
78010
9160
44042
11779
59090
27940
29271
6019
93059
92745
44385
46056
3760
84939
67767
83042
84917
95660
89463
79715
20536
50990
53581
98942
96158
41913
27386
28506
1627
65765
14576
47379
21441
72357
16057
75086
14809
83344
52951
9783
592
27565
55623
35801
39688
2810
42591
48697
27856
35129
23094
33519
11054
2808
50691
8673
17240
92155
96349
53086
93378
96040
70721
51636
13777
90991
48306
93519
11406
60404
55547
45935
9335
18139
87440
67300
59343
10062
98771
12137
98006
45902
50034
57914
56819
35283
54221
27795
45485
28578
28405
93030
38873
44234
94736
84121
39086
79099
18809
82298
59540
23332
83877
36959
66043
27879
63936
23742
90792
61915
17558
42982
53834
13021
58541
20825
69067
68181
6383
48486
68482
33152
99142
99655
97349
17663
87232
25908
32891
44315
15667
73377
26639
46931
83833
89339
14145
96837
13116
60731
59415
53749
813
7780
77905
94364
74733
37087
65722
97615
88079
15632
91290
76427
57461
32340
12009
28378
97078
91001
21917
17477
69538
27931
62916
56983
32828
83319
78605
62953
22470
88493
63553
90703
75643
82391
55983
44990
57525
88288
67493
984
33678
93571
31227
96694
23300
67553
9961
55888
49686
26366
78008
18188
46507
37049
37590
56865
35890
46758
9859
41831
94179
35946
66889
69854
63557
15059
61352
95543
94057
67153
58735
78914
43891
9876
22503
6709
1176
11587
489
42421
43427
62486
51952
23332
63282
56273
25257
49544
43582
93278
50023
4980
37976
5734
89011
98549
90542
76331
2528
39099
82700
92069
87612
30786
58656
79607
68771
71676
20534
9773
66318
13500
6946
39925
21481
14946
60892
93751
88002
25662
98980
60849
38044
83875
92551
45716
80003
78153
76123
39541
76186
86526
85732
31697
29137
71051
46361
19168
34451
31135
42848
8468
51323
65658
40950
70062
99046
69400
49771
30333
56707
65240
2698
12789
26439
54247
90294
64264
27806
89358
14287
15427
30652
13941
85940
97832
5745
57106
2147
79011
69498
8466
97436
62571
59476
63107
55491
71831
22956
9596
17124
62490
40818
7369
45329
75676
47660
13494
12199
25527
80423
77495
18927
50027
5672
80563
11008
81054
54400
94443
60641
45812
72958
31594
14828
66886
1182
34250
40783
26274
59231
78336
69196
26207
71891
80678
23359
3195
26639
5604
4352
70260
53730
53882
39134
13183
78979
18539
14668
23816
14754
53353
36024
79846
73601
41306
56150
60058
65308
93508
795
88868
68579
60250
19461
60066
91944
34499
86008
27846
64979
39203
88355
89587
1300
15400
61025
81140
23728
80595
72796
67129
18556
93729
78412
7375
82056
43478
23708
90714
22258
48517
36749
21553
84091
8541
79029
32951
90071
85523
52959
7761
63774
53128
93078
51369
22655
31064
61180
91518
74612
39519
38164
52934
63633
72487
4736
80929
25430
65266
18532
70651
38276
12512
58793
31581
70412
69342
60254
94577
3971
77739
28441
6672
21842
89576
67771
65033
15305
93980
61074
12497
33780
63713
42840
66
89125
88014
13240
60018
6257
40738
11825
22928
18903
53034
16755
46428
11866
94543
15270
56068
2448
90559
84297
40055
74484
67606
34744
68200
97910
93128
2311
15201
23794
62830
26540
50369
20829
9131
39769
77972
25691
82234
10534
20781
12718
65942
8141
13762
31113
68581
53135
62532
29059
80354
57652
36186
85639
13286
70576
62457
95464
14066
71905
13122
27570
71099
78036
8536
81308
92018
46727
94620
63737
46575
7913
97543
97069
49274
3326
35587
53117
7349
93791
91910
97791
68297
19454
10541
51633
57484
43238
11185
61029
14156
15649
17320
91706
6395
53460
33850
90246
63414
6661
86046
91023
88883
93597
89521
22201
16871
33512
27443
66937
38354
16984
33246
82600
10664
2890
44419
58324
21116
96000
99107
94064
55659
66957
44198
51372
65122
24016
72828
60383
75436
63800
36526
55840
43964
46789
93280
37365
17524
95887
48261
98242
85712
97056
22047
6147
84626
90108
71250
97013
20875
70881
86595
28014
80642
31081
75538
51309
23652
588
49425
16396
77608
10339
32960
66258
29885
23559
41415
9925
6451
3320
84207
48828
1795
83642
55069
75219
70972
7865
3596
1048
62411
44301
29478
12610
96582
19384
47198
72033
12053
38700
8717
13136
42269
24331
97960
33031
42634
10886
43674
73613
73241
85830
5059
94027
5600
49993
96781
80764
1370
63236
84198
61312
17522
18632
6175
52848
1899
20767
46688
3083
10729
51189
1797
56687
9088
2195
72602
23940
9464
58470
28334
57202
73081
36606
27415
16307
51417
23699
14306
95554
40927
57442
92180
74994
25267
11478
28579
38908
20292
88545
86570
85009
82869
54057
42381
59374
64709
23904
21481
78925
66009
59051
83510
5847
28905
75204
61117
43927
2340
32187
54992
18218
96928
3255
26122
24179
9794
15322
62149
34635
27846
68259
35793
67573
84524
69101
70039
46639
41503
41717
54731
52997
55619
57433
80487
33792
56954
40827
17226
27676
85011
79685
99628
65847
46513
56998
7708
5956
71155
54906
27865
40608
23525
55400
79689
54940
74018
8774
19737
32472
20643
56311
23282
1713
25417
42612
66164
20690
75843
33608
64626
8198
32860
60980
47594
47565
27013
68596
13182
74124
43770
67801
27860
30239
86772
43125
52358
79658
82635
68758
12455
30349
83205
29033
29203
81845
55263
15776
1042
86447
59158
36910
15465
48440
92338
33678
53756
17489
26993
31748
72548
34286
76940
62587
7625
29644
520
50830
48668
49154
35579
68194
72244
30833
36664
99792
60227
41781
50745
43297
19156
80766
36968
89522
57347
46008
21418
80086
84728
26885
89000
15675
65762
46765
83004
51172
40012
35948
75764
44598
74047
4681
99622
17743
9652
49287
52945
59312
22996
59829
42027
52891
48014
96480
22636
36983
30708
8744
63670
13136
77810
88431
45728
82524
37611
37646
60381
93304
76626
79362
92494
18385
92131
20068
66561
31519
2652
7542
83747
55948
16859
39544
88233
96530
36021
85019
25015
14561
7663
75629
81900
84512
82813
6963
55306
20940
40405
48437
13189
31580
73839
90994
23944
85316
93851
76436
77822
99576
9343
83775
20131
62536
39084
22147
75112
40170
54364
42833
33117
45846
77674
51851
69246
4106
75757
22323
49885
94222
62642
24677
31272
4050
53494
47137
11798
47955
27901
29568
1235
26268
41682
30952
94789
41321
14267
52186
71067
71175
57335
50889
53457
89336
69271
72837
87138
65458
86263
51413
81451
43015
36440
99780
1400
14623
1755
19282
75661
9505
40059
20522
1779
74449
76648
14420
48701
50675
6108
94881
19862
81613
84411
36068
72712
64171
29548
66112
9643
46044
16942
58684
53897
15162
79993
95796
42410
99303
55475
617
86049
14930
39307
91480
46258
75545
41013
81575
85758
2729
69730
59548
79117
52896
53467
16456
1974
11284
39707
23873
65742
78956
7303
60429
30314
86572
69738
86714
58931
62798
75761
72842
60966
83948
52671
83212
49124
81946
33550
21766
95549
97391
35427
19982
97364
48997
12108
72312
48206
97206
21081
7977
53405
19558
22357
73867
77476
7360
63903
96921
47974
32984
23529
14874
71279
72048
77932
84938
57886
16086
6374
70836
96813
68907
49297
26460
49471
96542
47425
97144
69189
4246
26266
65663
66061
81647
38572
65434
3784
22651
37516
78551
9655
49258
44272
49980
4273
92580
57766
82168
8594
12787
49137
91445
63523
61630
47202
83882
10627
37008
70223
92717
86479
32504
57202
43078
61939
84937
68993
78462
34413
18657
21637
40342
96314
66854
32793
73172
21535
14028
33505
24216
55510
90996
32356
14381
57171
87535
85608
99516
59762
34976
90377
78746
14559
33535
64597
78721
74722
90297
85703
27356
94373
27061
1214
53499
11043
17073
76345
29607
3950
52939
36689
7951
5437
2429
53587
21057
58033
9151
1976
51605
1410
7536
35843
28291
35434
8687
76183
9173
36270
60771
99698
1974
63365
72923
69994
80138
13798
96048
77731
56887
78450
60294
78474
79329
89755
9617
42737
90772
68048
87893
70406
42042
66054
75173
75378
34188
18340
73677
40908
87429
73355
44939
3511
40403
40448
9816
58527
74950
62456
93061
38571
63915
80927
34336
60479
67506
95844
59094
37522
83498
30917
59698
17638
53551
16338
86628
21385
84826
3136
67709
49127
17303
16461
37014
87594
79220
76715
18608
51919
60405
23084
49302
91718
4452
48072
45086
97958
87685
14189
31151
34410
7560
56515
8765
99724
58232
77050
79695
20125
40144
30707
81666
86974
45709
82601
57382
37694
53919
3322
44422
51760
58809
2581
37925
8295
72776
16450
99780
31697
27488
99592
84736
7822
8369
78879
84952
26476
45080
91091
99660
85569
29555
33265
63552
34019
23853
86545
28128
20455
11415
29408
44415
54836
65207
66889
74552
88483
92154
64960
91061
72374
83813
11595
49997
8594
69097
85805
51975
40922
18997
99215
4605
57097
19269
59085
41117
60524
42648
93371
50761
19194
19872
47954
90078
14384
42547
77788
50961
43277
76350
78999
65973
95271
48632
3593
61242
61513
54420
80128
62927
1258
16881
74692
61064
66250
50604
69724
58202
51627
37045
83066
29859
39658
45343
62468
487
83544
57680
69984
46390
41754
51256
45435
59465
69337
83647
58454
88490
91175
31607
16397
19411
50511
27921
87397
8303
9079
82283
8146
42750
14773
97287
19970
66228
31371
5590
76330
28192
72160
8819
77610
96617
36733
31309
83743
19764
71200
21852
36358
11331
99744
85
16392
35992
19519
30968
53638
16728
14981
69127
55682
88522
14078
49073
23591
28670
82738
90732
46359
57802
89564
22752
2895
42544
84874
57920
75256
47324
66225
92564
74797
73128
71145
82002
25444
24738
52204
5292
64475
78438
84647
61090
74369
3077
20634
7960
22238
60679
95250
97538
51871
42764
47872
30939
46818
16430
96118
23510
61274
54562
90877
42539
95136
44830
27158
72211
35030
54260
15115
5583
18009
75548
89905
56930
23650
2160
7997
19008
91673
83985
15104
92190
80792
87528
2208
13480
36663
76806
14036
59441
55640
44844
83899
62309
97809
18183
11834
16539
26034
39539
29264
28582
46514
82560
13752
76331
11515
54002
61723
70668
82254
71618
78511
25059
41940
610
2384
21962
30018
13758
21752
76855
44424
26718
71614
90374
13142
26792
91337
96654
80171
93666
84336
25717
96604
44597
64847
23135
70942
68141
66791
93922
7184
30396
47123
21109
65447
27647
30563
86535
48375
51929
80663
36811
49115
78203
51098
24497
57154
45637
344
45104
77494
61318
9789
9248
71530
6046
85035
12324
1599
3333
63799
35652
88435
56709
6209
22328
80295
4386
83087
20097
72715
58490
43781
38738
93288
1064
43842
94507
44873
194
89402
34246
62055
75778
11979
4426
28400
84257
29439
24573
89683
19999
61022
84567
67563
67136
5772
56721
41606
55088
21926
39420
99504
65191
20116
91022
49121
21352
96332
40312
55807
25091
31427
28051
30129
19706
68176
91384
66466
91745
55935
75502
76654
98911
49839
69470
84876
67761
27945
75683
71544
98285
55837
