6017
19270
64415
10330
5117
62216
80349
6212
60089
76785
56902
66434
7207
85781
80468
87716
14071
71726
8610
12043
93734
90521
20168
82203
6307
16381
12881
25007
191
85676
67226
57734
60561
68769
26186
11163
16003
68873
89544
80434
79292
13567
5886
23726
39178
56752
43976
38880
56332
19709
18137
1562
22298
11102
61770
95938
55282
42595
48831
51394
39584
73942
29049
87132
99881
19388
11889
61498
84596
50939
94711
33379
34900
55189
61832
52970
43350
58835
22405
82561
33924
56221
39958
46059
64564
31173
11322
81006
7089
80675
63337
88039
5636
28763
81609
44120
12670
57403
93193
56220
76836
48320
29502
32411
90487
25625
87159
94873
478
72771
77343
31977
47187
33843
93006
71232
85576
31506
12044
39172
71796
18178
26916
2402
33821
93759
74624
72286
53411
34337
40615
20197
32743
6398
63888
94879
80662
35116
3617
32225
31991
96196
27848
40350
13900
69954
60341
76126
47176
79177
5587
88038
19054
45827
51938
43991
37729
64038
77618
46195
68749
23507
44381
68121
69041
18744
37313
6418
91880
36724
4856
75396
72755
48186
61078
31140
90500
63247
48447
24232
2633
75598
53443
19322
15028
21003
64984
80745
22531
70069
32849
30394
94608
17492
58624
29628
55639
63089
27397
42072
5727
63029
62066
36007
31463
618
2909
68445
22383
38430
22528
87140
50496
79397
32113
87460
2169
9342
63289
37885
34967
26574
6452
14903
16832
4585
54116
61393
27916
33999
14257
35830
84912
60914
8513
51949
60328
94518
77808
78575
8512
42706
94220
27828
15296
69875
40080
30118
15858
13567
66299
66583
80977
33558
48780
72783
18928
86165
16349
22621
9348
17845
92953
91342
89038
82608
86330
15036
30633
83235
97891
77182
9580
68559
99767
52861
71133
18010
29493
84454
9299
84210
87793
96859
69158
78834
71215
61476
9685
76829
82974
72100
84403
66374
99791
53638
96590
15058
35729
2838
68542
56822
2859
31212
56007
30202
79669
40707
24811
14399
67891
18919
86351
30140
33934
51117
99848
90788
97585
78941
88834
7076
75645
95946
30829
59752
5002
22018
9540
29085
13754
60320
45819
97009
32891
28319
46660
49975
68922
35177
76446
88390
73694
60814
69659
96513
21896
62032
49229
76306
64741
81787
41644
61583
74989
36786
87750
88318
99131
42180
31460
15925
41001
87550
12564
78810
19720
95546
34840
12873
35897
16885
70443
500
81739
8573
47787
58884
60881
67433
15400
92574
15999
23620
55207
20033
673
57409
50451
70988
82296
39538
42721
12732
41394
93555
72286
86355
90533
41825
1207
49268
99112
23465
9476
9675
15277
17787
57651
84746
68191
89404
43117
36749
43732
88091
63654
49887
74863
87611
48134
43318
96213
82703
16495
13593
11817
39909
95211
24418
42886
35289
64916
18462
92633
45930
58847
13840
88025
10313
76774
27574
62148
61453
10512
87748
88343
44036
15071
67117
52393
72804
32021
49504
59076
66144
48196
71374
35746
48566
57585
27817
32448
86148
67236
87720
9377
42971
46543
32584
65506
55244
85432
4653
77493
54367
41637
96710
24764
93443
50979
83470
1636
38528
66547
69454
24988
63271
94898
48607
6608
17675
6627
68398
11622
48041
56891
12153
11284
29506
51784
77589
52668
38377
56863
92946
39398
99192
19361
82422
1560
59741
23881
39942
21268
38482
10772
51684
99054
29514
91726
79345
31625
52583
94869
56115
52077
24937
49772
75474
80902
17761
43998
34397
91740
56355
80877
21322
92651
45370
3958
89882
67551
67029
27363
55706
22189
56831
70189
44806
75152
88397
78219
94504
78079
19280
45819
8766
67208
96522
74028
82554
59979
30717
71910
97314
55541
62847
1078
51896
38520
44938
19354
37460
22115
12463
96966
34318
63587
88363
56976
22264
62070
42450
72734
25479
32775
31272
19818
28402
82027
16431
3982
63794
42039
20922
88594
99306
47260
92223
36432
88545
63264
59307
96000
45450
12762
44048
58213
16197
17674
74810
67827
52830
85139
59583
67515
54898
52981
7956
11220
82866
23115
78012
81320
96705
23038
59771
12184
95032
64868
49737
29005
90888
56089
92099
79516
51327
78392
29691
61749
55683
92342
88207
73993
29756
74363
37111
40981
61999
50686
50072
13071
59428
21403
52950
76043
72009
20468
97574
67819
71567
88354
81089
47137
50034
49558
55252
30562
73687
88880
88276
31050
46253
15194
17583
8773
34998
26147
94078
27169
98783
64564
4887
29454
5291
35024
81055
81870
95182
15948
14205
52671
63221
31592
22953
96546
69795
4170
85091
41415
81141
61174
55392
66423
15591
22668
69982
69118
54544
55294
84633
64019
58920
16203
44695
22629
43979
1341
67518
85987
48885
2748
87717
29384
77676
31501
18439
1314
26014
27978
6132
60125
40703
8191
12961
8753
7188
12414
74816
47365
16238
18720
47243
702
48494
55929
55162
5960
91175
27287
29428
24191
72578
3958
39074
28122
57050
89250
46206
47541
96775
9547
92010
27610
87480
13278
88126
94124
62617
2662
35257
93455
64245
45790
52952
34743
11124
90993
2405
40811
66565
72400
82471
59445
88568
13840
58359
26090
54050
28637
61682
25809
56259
2303
77930
44337
77636
68296
16024
51835
6681
34710
3084
76465
83047
91307
40421
8177
24127
21607
60860
60995
19592
23007
29722
45819
45243
75228
43593
68362
6568
73810
24904
70888
4886
20347
33753
64406
60775
57392
20884
76947
18777
67939
62206
38237
96457
9596
2837
98914
83635
39214
34338
84834
276
26389
39665
50434
2960
32943
2780
784
61967
80628
83843
18510
79459
20243
25080
84637
15461
37098
42775
95272
54301
50657
4819
1065
97919
22308
57836
3836
56978
20028
56124
38430
98669
45032
24432
7969
75483
68541
35860
42287
50749
65367
64487
41144
50542
12507
98510
46587
75234
92939
70084
35597
54151
32516
18127
49224
6766
3544
71182
69939
27811
13507
16846
15594
23703
9228
41852
35050
28543
98490
12597
22107
89781
7184
57
51770
83484
40839
7710
15330
34114
28838
97536
63543
20638
21952
8982
13614
53880
7755
14400
15324
90248
5976
316
67226
87158
20564
81368
79090
48417
86394
46722
38185
40571
15218
97788
84776
33841
5514
45419
38472
24361
31152
8174
69817
14180
32361
59211
97552
60611
53329
57925
98219
84805
66607
20106
92770
27022
2836
8361
6892
22340
49456
18848
62219
58739
274
97684
97685
10224
9242
81690
14624
6427
32796
29938
21993
67357
58835
53459
23904
98033
77887
63617
92212
68895
33948
58427
12055
1379
40321
4913
11341
68813
99122
57267
35095
65825
13026
66949
80822
53310
10697
95471
27646
82108
68350
67152
87033
68814
25393
33938
70548
6759
16552
83864
27754
43578
99283
42228
53675
56281
10638
56406
77993
96095
72179
89535
74367
83369
35865
53684
6046
64030
84173
74061
86582
72720
80203
39309
33693
31803
30073
11340
61759
60618
21120
72623
88930
65817
67016
54297
76596
78612
55919
83611
49619
63423
99814
64520
39417
83663
90313
59907
99779
84405
37848
26041
67836
14811
46486
62059
54730
48935
27805
90084
66165
76413
49372
70345
58255
35232
77295
63342
24645
43065
32217
84133
85248
68528
65249
79825
59608
4663
85510
22905
4150
91079
19935
62072
63045
24673
47476
68209
19924
31574
76563
80543
81450
69443
62576
53674
85927
62580
54716
9207
45042
58570
29920
8663
49860
54231
32022
16159
65392
18053
60260
66839
97038
77974
52630
19980
76355
31335
33656
19968
34447
2734
4941
5473
76562
33090
27726
55255
90747
16505
21154
86935
25359
57900
6998
8213
82227
8631
95450
36822
39030
90397
86264
46339
16573
47881
84754
59609
29292
90927
48598
48638
40622
7312
44896
50030
87970
37116
44332
33843
65378
33778
32791
20563
27216
88611
75026
16163
78944
51669
21089
1690
64476
32035
97622
42112
93592
45986
74084
1957
49619
6014
91875
96238
59622
92194
49440
2217
73420
95319
23102
63586
49742
56868
99501
35759
73002
47156
14373
72358
69183
80693
22719
7950
62296
8252
95984
99474
23154
53285
19203
70770
49548
93592
96530
71988
13034
20040
93729
51384
17862
2838
11191
75497
57812
36882
93849
24078
92848
63393
78661
94593
91174
69690
76392
79927
94813
1706
53053
86206
60353
34519
41154
45733
37003
54274
84952
43444
13295
89413
62999
33757
49699
95644
98283
65258
5255
61953
93392
2294
77461
11919
91909
26744
77639
43880
77776
87545
52511
88082
68590
58727
87894
66108
29077
83522
34469
26622
53768
58835
35881
1182
52822
63069
40023
92271
85583
55115
25052
20180
45284
65225
40271
39203
51290
85231
39190
9860
80843
77400
61618
30296
42137
14897
91624
34967
68367
35980
14540
77266
4438
20404
94956
65847
43633
77403
97718
77842
90358
38448
16679
2480
47850
51884
36369
70367
26359
12939
25864
73682
98092
18008
40234
34977
85778
6080
7817
64492
1990
83337
8470
54144
19223
54364
15243
8082
52990
38429
62004
84809
25973
60187
15963
72696
54454
3235
72528
64489
92817
655
4849
1909
67657
90364
42940
13039
50603
66649
96654
15200
54188
50075
82358
81197
50143
35629
58299
63158
60207
28613
25446
48696
33823
67346
82158
14097
27036
65969
6718
78467
31931
15967
77989
36018
96404
59977
68410
98759
41403
71935
67338
94295
74775
19495
35392
96062
53312
72685
95951
66789
94266
19064
21695
31618
43592
57016
40273
90303
97487
89788
75185
68723
64489
97792
53847
64236
2627
92323
73754
93070
97875
29974
82226
72596
60281
61745
49384
31093
83440
14528
52604
56995
28689
762
25458
82445
67173
98258
73339
49893
58565
3398
74427
99579
32176
42005
90364
66855
3912
18958
911
47110
96777
32515
45306
26748
26503
62428
11298
2808
39363
17736
96598
18453
84969
70062
68149
15676
20905
98626
734
14631
64529
49428
34258
52993
15363
54594
8424
49801
19064
45165
11661
86357
2353
76297
2389
90674
12629
64685
3427
93706
98668
19275
67728
4255
46742
12186
33052
30739
14185
30126
10222
73002
46854
83593
16841
83335
12791
12267
12494
4499
82503
8261
83752
25949
6877
9004
60248
81371
69463
28200
64669
64526
52415
36716
17343
36644
49804
86144
80633
27990
84632
16154
57825
44786
34009
98187
4917
86099
94143
86805
43811
1292
23657
46618
46452
26596
84900
45488
15575
83002
40865
34385
88646
84042
83665
72303
2839
14088
79103
76837
55265
36201
32331
59624
70441
2
91967
58876
48712
46248
45327
15235
77114
45622
24242
15568
80998
90732
35703
57722
37477
39924
67654
59436
74673
94945
93269
29977
31212
17456
78051
83181
5737
67568
33332
33982
85498
65246
83242
67713
3928
86025
35708
48217
68169
36949
91478
66859
58577
66555
59596
53261
59799
24365
1084
9916
50162
64566
18527
85293
34993
20640
64812
67739
85284
560
35882
48095
5930
68043
28431
4862
91927
72284
81817
93308
41058
68430
23656
7694
10505
75955
71479
27437
94273
13031
53237
42567
78589
16975
50052
50063
17370
85819
8078
48052
50950
94059
19550
39439
63243
66701
22754
63831
54779
8804
63835
38319
60857
47556
62718
88734
84994
32090
46347
2175
67958
71081
91591
13935
53351
2735
76088
75427
78749
61286
62652
47580
56931
40038
53446
75763
10385
21959
2263
32719
63319
37189
87605
34966
98915
61340
68106
73567
3408
17331
85724
24069
16107
12309
35908
46936
99202
51930
74094
33294
45196
45668
48172
4695
49135
69541
84630
19630
39058
83070
83298
99787
71007
39106
68604
46261
12436
91386
95874
18901
70407
47073
68863
47206
84852
66703
68482
27240
37572
61075
78842
50675
31163
25786
208
41289
51838
44364
74657
32260
77760
70389
67958
74223
86216
16289
26850
54193
2208
8097
17304
19875
16284
46762
22983
77123
34596
7868
28467
67521
61344
81536
48720
24279
98432
28075
86525
38485
24741
85696
82683
7546
63343
68625
22825
80287
59492
51749
69182
98445
35578
98421
73601
67983
42241
12881
60040
48578
40656
36864
84972
99656
75402
27364
92197
69756
38637
92700
42887
8448
93879
90339
49529
79955
11540
16597
40046
33950
87369
50642
2593
40813
29335
23675
21042
88571
32460
89050
50775
46214
76363
9566
63425
3969
93814
13571
8845
18504
50134
14064
39426
4110
34696
63770
40878
28019
26403
11430
22616
58321
96553
62348
31169
95254
81482
25367
63133
56364
36400
7849
67175
11859
26123
20443
32454
31824
86425
66657
55930
34654
1968
85772
19394
74051
49100
60905
44270
2654
41424
89128
50140
48860
48442
31255
85970
65386
62920
62988
22295
77989
65057
15041
25741
11085
50114
48090
94990
63384
2213
32866
82403
92195
79599
61043
50235
24483
92791
90869
57934
83769
17806
19582
3375
11971
71183
46999
22151
33168
25317
32511
31251
66988
28531
43176
82812
49913
75172
71647
21647
46142
3696
24106
19257
41465
83143
86762
81633
42737
45629
82304
49762
10759
74418
79852
54787
84202
95709
5168
30804
36777
68884
33203
65831
18531
32827
82049
99881
87258
39206
32624
22908
64838
98221
10653
53650
3078
56427
32853
63048
42322
1459
27152
57180
94124
5712
58231
95885
59412
70262
51110
3566
99675
24458
98797
79238
60271
54443
69616
75431
13876
63676
34894
98184
10388
13008
2463
95874
32974
52208
99063
4707
87722
64491
84967
26355
48140
18747
34691
1633
82087
60656
85149
26408
16168
48315
93328
61379
2899
23257
92345
14058
8812
94074
57408
3561
98444
81549
46452
60891
14899
62794
98836
30792
8060
85275
51243
41336
55596
70760
77651
47987
77540
30909
83609
44438
20855
13050
73217
83316
52373
48600
7904
11175
96933
1171
54120
49233
32241
61176
41313
42740
24027
35884
2353
90537
23214
34038
49790
39713
4527
95018
98891
13686
1106
25971
97599
88589
49161
92957
42947
66763
69015
24700
9993
44177
323
68508
15690
64693
71688
58214
19240
3486
70825
88523
58546
47068
40546
13616
41958
5633
6073
10870
59376
4352
7860
49285
67601
89665
47172
32885
48059
71422
37342
39065
31864
10013
74411
6056
87595
77257
8373
86185
16270
73295
28642
57210
8986
24147
84221
62589
25317
80141
49743
18304
65926
60836
39437
78920
34068
54276
5259
42425
94444
58303
88430
49539
61169
20158
19711
2956
99054
74689
79516
31607
87511
14107
76136
78831
15342
96067
75011
10578
65537
67128
59924
82364
51504
55285
578
93006
27340
46381
10178
38971
35771
70883
9099
11471
89721
25640
14789
2652
79192
81169
77152
18243
96520
76181
76257
58683
42225
19104
9975
92929
1373
22007
53324
65597
48243
71465
32631
33740
73694
96109
35438
50703
21804
90366
42008
57200
92818
64880
21057
35340
4141
33709
6951
13537
82275
54737
15345
2037
57384
24350
96415
1216
50140
52349
81308
32120
91250
91026
13264
66231
62476
12314
50130
37643
16738
94308
5275
11193
61729
59817
45269
23759
29488
6505
60499
17157
34893
37571
98906
81839
18102
66577
96381
58530
84420
3134
25990
85248
67986
45797
34896
74018
27483
9831
51570
1537
41953
73001
50166
19136
47498
2151
55623
44410
88261
17497
22760
6180
48939
1825
23874
39134
58592
85421
96534
46939
45720
19375
10160
11338
63830
76022
27580
98497
76848
3977
79922
99365
90670
96384
7501
51033
90609
51391
4602
14944
23313
66512
7468
98864
48991
36316
21996
34101
65481
38949
21261
28927
27484
42403
48382
71658
2275
40153
91416
51496
685
87059
76759
63917
1613
56959
88486
16374
80219
73957
92851
16854
85240
8452
60385
22239
47534
47626
65244
78857
50518
84143
67368
17219
25875
69071
26386
33171
50492
94114
8008
35275
61848
57658
5476
24203
801
16056
41539
36972
64650
97868
34133
46224
13757
68743
26989
49220
71325
6206
58711
75598
66090
62462
38633
75065
98275
26374
21650
49242
66694
7653
96048
53919
13491
60849
33886
69427
87887
4097
10729
13616
58755
21064
81444
83425
37444
99502
51538
74131
38318
43533
28224
14488
14186
46789
63573
64919
87663
76284
3201
79251
63812
15574
60403
99446
67044
52268
80551
78202
92506
93388
86684
1333
20779
86253
54212
90878
38707
43374
7860
39520
70375
72938
77211
62426
16410
13593
96720
91088
85531
36006
54372
23538
16859
73352
87222
27430
37933
3936
3173
7668
38694
77742
57216
31311
38660
25744
43001
44219
67915
50649
14361
68671
21930
45129
76653
62505
44733
58222
55933
92664
62571
10199
27613
80906
84719
65873
14301
9218
23476
17568
52603
66101
79321
69916
1368
3058
22324
91045
80712
28011
28435
44324
26019
49413
60797
9151
69561
73400
76823
825
6754
15971
23427
91460
53074
88751
8323
33123
98412
20830
9467
97889
52558
27184
26004
91400
66826
10642
21757
68799
42228
46627
21516
16419
30743
56324
50467
44512
57603
52156
34125
71884
19265
805
9095
21824
79239
85751
57851
69140
57894
46830
57992
47894
43072
11418
10686
96391
72504
86339
18373
28658
77858
65079
33149
72233
39065
42482
99007
78622
42511
95145
89795
84604
68223
97139
7035
36991
85566
38932
39965
70614
28560
82503
7582
75059
69783
25543
60921
39053
29095
96602
72974
77619
40628
1498
78888
60588
92653
67714
93111
26351
58434
36882
61276
23388
25823
95615
45411
40758
43549
95194
70410
75102
27566
85595
40128
19501
16823
87338
94249
74957
84794
39081
14302
46293
14672
80385
72401
97279
35350
96392
622
16775
30143
8908
89084
84578
46791
72159
58563
94873
64231
64511
88424
30656
83428
95552
23668
11319
69186
90200
35091
85693
21686
24678
20664
45164
88410
53856
55773
76405
52089
35512
21735
40153
38538
40171
16585
98689
93273
13670
3903
71802
30624
91093
54747
42480
35638
33129
89213
62470
71550
36740
7322
92368
77312
9700
5663
3725
26932
20138
51631
74916
70330
52999
28808
33049
26471
31938
8804
74092
57722
72296
988
90223
81997
90832
9670
12642
38791
67498
34399
42541
14670
79459
98435
6745
35130
63991
80665
67019
72836
73588
58796
10430
62077
23719
18356
98140
97403
59750
66580
71257
52622
69977
87420
80716
64817
96838
27278
9642
34428
98327
28477
36225
16342
63145
28306
3982
54632
91060
55945
53051
48141
51954
87992
77816
24773
23022
69903
33237
70729
64363
34458
63834
52921
13326
82468
48644
4752
32872
15254
32924
90905
72644
76829
84692
33723
7050
44266
18529
54000
29453
67634
53136
33715
84343
59318
88103
66552
93263
51613
23929
46293
38916
36637
13956
87070
42425
98328
1835
10735
13133
80067
52523
67586
96550
17634
26909
51968
57977
69839
57863
17940
28152
8762
76767
64251
50904
3306
35197
48344
96222
79938
47323
23684
54150
21118
3564
78882
89968
75452
44630
81
90055
83000
96493
8698
1839
81840
22957
51401
46667
61542
94100
72537
32136
40804
39418
53576
28745
58329
48591
99530
36623
60642
23055
34489
94309
1092
27108
41769
92550
52949
98360
72026
55499
30746
29812
45159
72885
83403
13786
56667
16979
70291
4252
85283
94801
87316
78520
51870
62141
6183
24817
8689
20599
18433
75402
43800
18516
51697
23937
70967
59471
59269
8325
36910
28333
56844
15670
44299
28427
72823
24600
93337
58374
94521
19187
34006
49607
59022
8586
14978
90057
18487
44886
51411
36200
6083
75359
97381
63656
7785
90295
39087
44639
87026
93554
59186
28096
37683
99045
18506
30917
6488
92090
93799
76600
86973
10541
31797
8574
48405
44775
7511
96065
10446
35892
62386
36152
20396
91939
5381
87189
80593
63705
87767
94218
42814
32114
39721
82233
82995
56310
77994
48887
24594
18964
28841
18620
71426
15262
39077
69066
1039
59936
32513
15576
52591
2238
75379
91706
28480
29097
89947
57134
59052
68733
44657
46437
61038
56506
95575
72235
91727
3613
62605
83350
48649
48539
37572
86695
43917
98105
98954
32960
25599
61035
29508
81827
59071
19271
27610
14146
20995
66213
203
61864
82847
53366
63554
72546
41799
957
79072
78764
18891
83854
17753
43444
71201
35810
83035
4813
53089
53652
41480
15859
78729
86491
997
29173
82977
78309
95530
34820
41113
86092
9370
65174
29038
54071
59053
55479
89259
26096
94345
49326
40492
97981
78320
38951
28670
40477
6162
6978
32323
62626
78498
17751
74129
98981
87206
4323
19034
26762
13257
98100
3974
41105
79243
68590
57852
16886
49880
7767
90432
93638
18581
81285
27542
98526
20598
22050
70181
45377
38125
16217
56278
87734
94
3840
66491
39420
36590
63809
2637
28843
71449
32999
46574
37673
88578
17057
35566
79877
9317
10806
23368
87635
6281
94726
20044
9221
81937
76761
40312
98754
12913
5190
52991
70981
47166
92098
88588
56277
61054
32227
77887
35836
33439
52175
66261
79015
14371
60934
2087
13529
44441
62569
44137
18444
63623
4293
10067
41445
1251
94112
23260
34770
36417
34943
42273
41571
65479
89361
87110
28771
66812
97660
78323
76945
31806
29602
22368
89759
42451
79599
31979
55206
13272
59234
3206
55012
54901
11702
22894
53108
47377
42155
71989
46792
6690
42550
7649
39748
23260
46722
89646
69178
88203
31393
64078
12542
45724
9395
75505
66118
47317
61361
38304
16000
39909
70807
18594
74480
31894
66412
76450
20708
44383
7247
45960
91733
23414
21375
14723
67580
6499
14407
3112
13359
46191
30341
2548
53271
97115
87638
93773
58863
35885
59455
55431
52731
98406
85242
16803
56451
42479
65211
36914
4778
90385
62878
15607
28943
15843
66576
46730
39327
28734
68790
32632
28757
60781
16477
87240
12624
40160
45503
60153
65519
76832
40815
46439
92203
45565
93729
46860
29169
45826
14297
36259
26619
87786
7886
62823
73801
59948
98747
51930
9697
22322
51458
75266
8737
88104
26269
20270
39837
55151
39011
46807
88057
41009
9042
42305
69668
57071
30015
76609
7535
59669
84984
87864
56649
34319
52338
44413
38680
46742
52820
73592
99798
20291
49599
54315
17094
44132
89816
31147
86257
1100
54548
57868
30626
82180
69215
18268
41562
27007
32648
45765
52208
94028
31917
27574
65001
92804
54558
20731
15663
39811
92273
44648
2866
43572
37506
44821
86200
87653
49060
91907
2978
90938
4680
41021
1148
26941
19720
52922
6784
72595
12209
86750
87849
67945
68427
71072
47247
52525
52999
96358
86883
34970
6820
97645
4040
75051
26685
88709
65324
69744
34866
3129
53698
39934
9842
14732
16478
19425
67682
95551
20492
35021
59692
49455
55021
30930
57223
98587
81550
87566
3967
91363
72839
92764
20961
53836
78030
88042
44390
19360
6229
80872
14009
76306
28038
38588
32902
47935
27769
77075
20480
94192
52912
18194
72463
12028
57712
49162
39989
52138
93660
92298
12316
61076
57391
36622
98590
96744
70006
14422
84271
39336
48008
60721
13259
36145
899
15096
34200
24536
67651
52151
19095
33808
85953
23590
6893
30185
30055
47350
552
29298
53324
60998
49744
9983
54512
94933
94924
90278
19797
83538
21934
78627
41080
23888
46076
86523
94155
36757
63100
72957
99376
4306
12955
18852
91316
73964
1402
36058
9349
80760
97781
89495
78545
26374
51601
5063
15229
88628
37218
81321
85663
15236
69910
69555
17593
31944
16418
45427
15219
4729
86375
86160
6003
24166
78496
49584
11803
458
55114
10163
83007
30198
84880
38588
71265
80590
66706
1487
59979
97296
83602
14166
45960
67310
10108
85853
35584
12189
8783
96382
50767
69478
54987
17399
14272
24601
60985
75479
7787
49378
60561
72088
23560
94452
80172
60581
26286
35073
85672
33181
36685
89036
81777
62128
82148
57205
69458
32998
55072
59251
88088
56031
20978
86753
87582
35637
91212
97455
25466
7805
74168
54265
63076
56877
81236
22036
56990
94903
57166
62820
56837
46547
18711
76012
85715
21948
90631
34365
38445
68113
18734
32431
36720
39963
34226
81677
10611
9517
26378
50538
51097
13063
55190
60338
52213
79318
97304
56764
70586
26230
95347
81371
13407
4727
44894
84692
74091
90781
10533
10473
16482
89377
97213
52244
34124
34005
24290
86064
702
45349
35887
99408
81768
78169
27864
65171
99994
67575
42279
22607
34963
1637
53426
65450
86312
47596
84981
53672
41198
22328
76530
93183
81924
69468
40897
58118
6271
25394
18837
80076
79891
8352
19374
86565
89307
74742
54324
93502
12934
82836
42198
6034
89566
15017
30847
20405
81110
38646
12561
9709
75119
85680
7745
41249
90823
76740
96335
50826
19551
6710
57729
45478
98631
12386
89691
4491
72840
13379
99004
88280
81837
42897
76920
43047
12111
47749
16430
16127
89660
53144
3397
24166
92035
64938
38056
57748
51263
40447
94523
77826
59006
41572
91640
70402
55308
92943
2699
31656
88961
60547
65702
39621
94435
80818
86626
56532
41401
62174
33331
14477
31246
85880
6662
13080
88606
14378
80569
39292
71713
69104
3831
5237
20176
84864
65103
49347
85304
50506
96273
37759
70906
14651
1348
40681
29437
43996
99398
29116
78993
84023
97185
11907
97665
185
61702
83045
52372
72627
51754
94140
6975
31131
56697
79876
65163
99311
96219
34702
37502
24345
11169
18292
7465
44718
99532
1575
64365
6289
32411
26340
48011
86709
334
35333
91271
27359
67580
57203
39288
61321
46093
50905
8975
88643
6357
63477
28769
24693
6190
34439
87634
38559
70160
49292
80064
35425
23568
24804
62921
91638
30546
24527
18234
17403
92876
91574
85238
62094
65433
26918
94815
46545
3095
3447
75139
24334
55454
56971
21574
78005
14717
94034
4488
43968
91858
87754
8659
14871
78373
85892
61668
76143
98753
85185
19155
4846
55217
19100
62304
88170
59156
36384
38364
33807
92124
46362
85265
90687
67528
11402
97551
24499
48731
73619
52949
17792
77273
92242
23096
54101
69183
59179
34354
67041
764
70590
86602
10833
69327
42393
71963
83799
30654
58343
27780
91206
89584
61126
19628
35930
1320
65398
22384
75892
53470
43949
51787
8227
63772
38216
59617
47487
56242
50716
90151
94734
4374
38603
30034
14377
63259
12274
730
59129
58829
84478
3531
57083
41223
62014
30985
66787
89585
83732
2557
12284
31353
61254
82752
333
37292
55441
82850
52280
34705
25373
14936
49020
25795
76779
704
70362
38026
14250
79090
4212
35028
10697
92804
75857
31252
41736
16058
22558
95447
38791
84329
47598
34144
59008
38055
97890
44671
9168
32944
21604
55794
73744
64727
93773
85976
1250
31431
68167
18670
33895
15989
54668
98568
621
98981
52941
71181
93190
24565
53295
78671
62323
95241
67791
48326
20479
37396
75622
45993
17865
81823
31208
42344
24218
51226
42183
18824
94900
42653
1268
36764
68235
71897
49573
68732
94893
63583
85010
80997
65532
82188
74714
4877
38205
73745
63522
2945
68201
48795
94557
68924
69441
63651
68840
29254
9310
63155
45036
54920
24774
52787
33030
86151
79707
92112
57987
45893
82349
97257
11237
86287
43536
2037
10851
99267
30888
57716
1004
19715
65024
95312
7883
35791
53883
81711
29959
10914
48226
45112
55906
59019
66075
73120
22529
13893
14362
9456
97706
76405
82418
36053
56233
25953
48676
60995
31694
59656
91352
8263
5552
81825
19530
167
95349
25331
78043
7736
79849
70126
96264
81405
42091
75749
92824
72406
19528
46089
93454
78284
4415
37571
9502
12023
93955
61389
27037
64555
42079
97645
13202
79837
16019
1615
15592
99509
69917
7198
47781
37522
34643
10239
61397
51860
56109
78155
2143
60586
30176
85383
87513
43288
62244
833
10232
3845
86966
25192
75295
74655
51098
4520
33560
7403
985
68577
48193
79117
33096
96676
81310
59120
96169
66889
73229
59922
3882
11856
8982
42223
19148
26994
29216
35849
17438
67875
2817
16209
79367
7814
40942
95188
27363
47180
35056
72613
64069
81771
34328
58627
15098
12952
40841
73543
3822
43073
98995
83660
4296
36392
90816
52571
18992
77247
59687
76241
16945
32125
5630
71952
65082
83739
5869
67679
31006
54190
39774
87038
27355
95265
62864
70763
152
57614
79082
82762
40263
89240
13836
97173
81930
47720
84546
85375
74034
43459
97234
52454
84834
15044
33300
51189
77106
57371
78785
77459
51663
31873
57124
70764
34752
80695
1262
67961
85700
98587
85798
77390
3191
57669
52701
448
49267
18020
2558
64946
40531
57136
72228
70267
54451
60524
32967
41301
68467
83034
40174
51780
21307
70522
23688
84512
37240
88385
24886
91297
75811
56050
49215
89767
16483
49019
14631
17732
38441
43695
15450
62790
72346
86779
771
14532
3818
4071
37113
3107
63202
70092
59608
1126
33060
15244
76845
53361
47110
72754
23307
52344
43066
28391
70332
1449
23758
85998
81393
55282
91631
65405
4858
58512
13800
51288
24497
79829
50537
83755
25744
29653
84579
96772
51139
72589
4047
8683
26040
11281
88558
18176
25427
73553
41003
18255
55582
12327
33885
62865
23070
11295
13577
96290
64704
94339
43460
53787
74706
97858
46165
91340
68655
86589
35097
76408
99154
57134
56801
82028
19468
55509
51861
78173
68880
45344
1404
84157
97003
82389
5523
18266
36241
26976
51931
51155
76338
22964
8752
1592
98860
50560
99283
34365
77050
81647
70089
95898
56906
81883
13884
68834
92045
70800
11199
16958
55559
39833
98479
6662
79814
18761
96181
87675
83599
91655
92553
54916
11955
50903
44208
62947
80577
12673
63429
85586
22678
30177
90390
43072
99151
85226
78373
32546
14463
30807
97007
60535
86011
41264
16138
65661
46675
789
50311
95530
80604
5418
42390
84712
95560
93407
82441
75311
5654
61787
2801
12544
78886
82469
95909
6268
29221
78830
9313
18719
83270
51102
28202
53917
27122
98489
12975
64919
71126
34062
51916
41433
72891
77532
65672
89395
94099
51937
30495
8658
3343
70657
10234
41658
96494
83631
23673
75395
74799
76123
66674
17165
13927
37560
70003
26018
76910
65225
59524
98534
34868
26119
69032
44285
56945
84273
58626
93625
15194
76145
71637
45726
944
50663
80931
38933
36178
75124
14071
88169
5426
5797
18590
19873
95013
2746
31503
27962
48148
23986
54988
52097
36240
92981
42592
80490
56931
60670
55496
30288
33153
13826
50767
68233
20956
39169
91314
39652
2967
63432
45218
39458
20466
44609
99847
70607
25285
26712
74369
79067
43432
83338
67178
92921
49711
83596
85400
29140
97619
4469
95102
6569
90762
41609
52562
60037
73305
94627
84553
94683
768
48639
28223
70402
91507
98721
85491
8393
95529
71333
61294
67992
71086
77060
996
45925
65619
53343
9139
62223
98885
77548
49513
63770
47611
5626
43106
81671
42953
48162
59342
18607
74545
50956
86929
6173
95353
57179
97444
88229
4215
18934
95450
14405
17929
49204
39165
42230
99170
40995
43254
9102
895
54133
62315
90902
14871
6440
8034
12771
52464
62897
32644
99732
90767
31748
67741
53382
97671
8386
40704
12023
17939
68223
72647
83925
10046
28494
49880
51522
46975
58252
51044
96839
58019
52006
52777
95538
91331
75720
3223
16813
5492
86244
87439
83004
85372
12506
30150
82611
80066
46954
76330
36754
14719
85331
35196
63582
17841
86727
77403
90908
60015
84621
84801
50317
48982
55794
42183
12097
85889
51886
65508
88217
5207
38863
49170
78333
68255
88324
85585
85046
48622
8967
89413
23690
6689
12167
91291
57842
12614
70161
66857
46457
33332
56635
56403
35507
90332
43374
97001
20215
39415
61965
7022
7291
68126
358
25171
27339
62553
22963
2498
65189
87759
32205
91959
86836
11036
31759
36104
28806
2017
96674
77638
7724
79445
47946
97883
58766
11416
55308
79763
29481
67656
65946
34968
92007
51245
13405
74677
28217
464
36542
55996
56722
95561
10193
6275
44067
18580
72670
71112
55086
51621
13325
58070
64010
82003
41869
51936
96691
38352
63618
49482
78026
17977
78409
36775
43152
34312
50024
94652
33499
84679
43991
80195
43634
62527
5797
83276
34795
25070
5001
8767
20383
16183
64966
94205
62662
35059
94809
70628
14708
52070
69122
66000
62895
50925
1709
74334
51724
2835
32764
14188
44293
10114
2483
79581
2618
982
91359
66712
27745
94701
55332
24464
88043
24315
8801
54463
30996
97178
44962
76747
63398
57247
49058
14954
82379
66440
34555
61858
83341
4465
65196
24841
55405
49381
40453
77675
97884
16018
13778
8650
24184
71893
18914
63040
34246
74741
41875
22879
74729
78316
57179
82426
49085
41663
15029
53021
97555
3950
77671
69174
57609
53287
17324
86839
31524
80309
81122
24723
21165
27094
22610
49126
53157
19627
3384
72434
54598
67720
87086
13731
25560
10731
33241
39572
16749
79145
21231
20939
34714
39940
45668
74047
71794
40185
40432
69338
21728
80981
14910
24441
60224
33064
19347
47056
43931
11698
86073
44714
12990
80761
61320
72879
63382
18077
9232
29342
70730
73890
50309
95065
59828
41165
28839
88992
54045
93002
33068
33846
17620
46698
48109
56256
99979
9610
22538
40716
43279
49646
22970
82382
76450
65036
85748
44133
5878
33925
96307
99772
25991
81071
49481
41292
26614
98989
93859
8190
24446
26432
3765
751
98837
25398
450
96493
68481
66465
37737
43134
8084
15363
51151
57567
46981
16901
43654
7882
38156
5895
97879
42449
31770
52465
44305
89254
45683
17480
65229
8765
54793
23453
3133
60905
58678
9599
78929
53283
62677
38929
72230
16106
42782
82966
44748
27332
10204
88360
31378
31906
77069
61800
17360
68289
56598
74735
2704
8909
96479
86403
31161
21216
19858
57446
1754
86664
17100
95848
69712
67719
39165
2685
43892
50196
28482
33642
80740
25502
30044
56280
73132
78097
59212
95978
75025
22353
47598
32715
58394
91043
89231
71489
97499
23404
61837
62207
37439
86096
61001
84342
69809
77788
50123
26698
14695
34048
31507
46115
90988
14388
96695
28666
43400
90555
45374
17652
975
79525
67511
65355
21059
97454
40759
24199
31494
20036
46285
26283
91936
74886
57412
27820
36841
99495
60597
63869
115
82514
87269
88197
40439
23720
84162
78866
42523
19460
17846
54055
51677
97472
55046
32209
60383
47760
82057
76055
69967
94764
85960
51567
2417
7756
10319
89806
64107
1580
43661
77879
25197
55982
43437
20437
77115
36894
46609
64004
23256
79153
92296
64649
4496
66823
30253
66913
93186
8591
45148
99639
84617
31433
99536
36208
87942
78535
55806
50240
90092
84845
58824
97119
85447
2040
33151
31670
73673
97147
73336
40531
39699
58340
22505
59165
90268
67677
23233
81473
79009
53998
83585
8874
79017
24287
42011
38127
92468
94203
70021
22343
15040
67665
22778
15480
38039
88340
87406
21260
55224
77378
47979
96708
32736
44386
70604
10375
73045
92518
98806
2803
18799
28240
53998
87605
91811
40977
37275
13811
42829
35821
95321
31334
19258
28922
81623
54821
99728
43335
79374
96892
38842
35320
2814
47612
50419
54448
70182
5291
49646
4392
18976
11036
43808
45211
65879
93946
64299
41828
62245
21342
90567
77087
50318
20737
88495
89836
42739
27147
91430
22803
24243
33513
41092
34241
75396
98012
8640
62448
87594
58382
96380
16196
86898
11968
76776
90226
92398
60223
16116
84603
20589
45878
68725
87894
3382
7964
8339
34988
22593
72910
20333
43997
9106
663
13609
81696
25715
67787
84860
31015
8845
26739
19218
52417
77698
42083
14139
43993
14890
81256
18002
1883
47879
25853
32491
64695
82887
63708
49337
57758
54199
99025
45145
20425
31199
49066
13982
66522
73917
19787
17530
73850
59265
21855
18437
99265
32547
42312
31469
39764
95644
2007
70779
47592
75527
50679
96574
94916
1845
56964
51958
43077
14279
76665
27934
76828
47948
32903
4695
15762
33144
13761
7758
73995
16061
92532
22121
4552
76072
48021
28179
60902
68026
60882
34241
83429
91553
75530
25600
79011
15507
93048
38749
43782
55367
87819
50865
30200
19024
74993
3719
46060
77398
80977
26668
99840
84466
84280
68721
47739
29734
47724
75328
4341
22200
44956
27673
48918
92841
23960
86663
90326
13493
66301
8100
57796
26793
68104
88709
54786
60188
51308
95875
6062
69932
94079
88520
22299
35959
39023
7539
28893
12050
88849
22823
84452
6280
70042
45686
58784
87059
23974
87589
8963
42992
38486
4253
17156
84258
61879
44366
43935
38214
49213
65023
44089
48686
53871
16950
51746
8189
85755
48256
58643
20318
39658
7838
35511
57697
7278
47565
96518
82290
17464
95600
6028
35671
64583
38108
28809
2759
22651
23808
39569
30434
97863
99599
99540
82928
5924
40491
41527
34266
73410
79343
85281
68383
12665
40856
56466
33620
81726
78290
86221
28220
52146
23451
89303
78239
29812
49686
9016
98218
47799
24975
58526
5219
88686
39110
23328
90726
25059
64857
91104
2945
11015
68210
88266
51177
93283
72810
68761
53367
70318
79416
29817
79619
94039
63259
82951
39547
66754
86783
53172
81408
52944
15151
53800
85341
17078
61272
16388
76676
78704
94646
21440
26151
48174
62942
10770
50832
15500
43622
2000
76350
35328
80692
53357
42204
75277
6050
13919
24992
98164
92587
50178
57053
98858
22293
89013
99557
63236
4443
51937
12222
41774
44373
11642
8479
82972
77670
73087
55112
40888
60898
7131
88220
93690
16122
18702
59036
80694
5221
21701
69216
61774
78669
97637
89812
94504
49428
15080
66126
47035
87297
97566
89064
90435
82570
77044
73086
6420
26687
10610
95397
35595
9073
48414
73509
52639
88061
95231
95637
65974
45849
71004
39762
79029
70458
96194
44379
97904
1119
39972
31852
36511
78270
2845
29621
63729
18057
24881
38615
43514
11389
7153
19002
1608
5063
57501
32942
83092
86578
80580
49308
65523
23313
36840
13607
2028
56325
10108
77989
96900
300
6351
24820
30389
25768
90530
37883
20445
17383
18709
68862
63538
72307
36480
95517
53172
2616
29821
99818
24763
42381
79523
38917
1071
11425
98188
30069
22647
90916
6968
25285
51273
35407
42155
15481
79744
9200
25874
90956
49387
64438
51235
26312
3329
24790
2946
39232
83955
75864
54144
19309
96314
67713
51997
4419
43536
39869
63822
16592
96346
20328
49178
1009
83938
95994
68126
73200
63588
99853
7761
71005
72990
67596
62369
78280
27082
30842
84700
18425
93832
635
13387
28716
20884
14467
48217
35916
93848
75609
94129
74539
22490
96136
95397
93147
33493
22306
82059
78316
56421
22449
88898
86946
2460
59964
47442
41522
15474
67186
45169
13434
41017
33206
87778
80506
3822
69319
33048
61491
35275
1034
87801
88826
59482
23830
37405
10392
3012
10620
61622
2625
98760
81265
17833
71119
6375
14458
76058
14043
73083
64083
32646
92408
70152
35868
12906
84556
82411
33376
62881
66475
33647
43235
64522
62962
14654
20231
48808
1820
39380
81595
82274
7012
43280
85057
8139
65720
14468
99162
21245
10775
1611
58609
44382
5031
31162
16288
38245
27765
52943
55203
822
85962
45542
34615
77928
26982
30603
21678
83623
30875
92521
89939
84565
25737
18401
67348
96716
82321
31094
337
62751
19161
22213
16799
13374
12155
26899
30040
24216
78282
91806
15651
37211
14274
41685
22748
75511
90922
17347
48352
37664
21577
70567
60600
70994
67874
22207
76607
31151
53038
53059
67473
35236
25909
14574
37554
12490
11400
47766
696
76200
16157
19325
662
77397
4040
3712
13445
56091
51059
46349
6801
59799
59034
7633
84510
25213
38117
62735
76246
27961
38435
13485
44240
83312
16479
39688
92701
42917
69730
6216
13778
46007
34149
73967
87501
56839
62096
68842
63079
6936
92628
72106
95765
93295
29474
29420
75450
87834
76614
12244
30860
92589
41539
97337
19585
96071
40076
8313
30582
43731
1053
38093
48411
55850
63060
96600
24639
52406
40654
47929
69524
5746
47202
68448
33855
48813
63636
29532
926
72813
99928
11634
51350
44880
47780
15691
48376
97517
67504
22437
50383
85785
67148
36553
50120
73414
1822
39580
55870
71942
54230
44239
97890
65805
26416
39569
76068
25716
5222
80101
57824
44218
10095
1422
46407
55365
69144
17062
94089
32838
32766
74990
7292
99291
7269
58496
39436
58477
88471
89664
70783
25562
93724
9137
17443
717
30483
14948
64727
30441
27979
98411
7603
11557
73984
21099
30996
88913
81557
8432
39144
61526
63754
89882
19218
91388
72826
56021
79899
11589
73972
62919
19606
73334
98964
31203
44397
30422
14814
33466
56685
10479
16214
84305
70731
5618
52510
69645
4721
73655
33773
82507
937
79042
82216
38508
40805
77280
92640
35118
63625
92401
91657
13462
81430
54688
95698
16968
26707
4909
80485
29657
66714
36363
24764
48188
97020
21925
32862
14297
76498
93628
98549
18204
31873
61676
25517
78345
37129
85004
59628
6669
88970
76532
23848
48783
2484
10553
7401
50374
85673
54740
57405
58212
1617
30081
86033
55088
64378
10114
63411
64241
88042
43171
46273
36422
43331
74553
88621
18963
73745
41060
64400
60918
10483
45620
583
42552
20483
56423
96943
94783
34148
75632
11321
71551
65255
77972
14729
14032
33338
67405
20561
41627
85550
68561
42629
65519
62691
68237
36923
8240
59250
78731
17601
19791
42582
17779
46458
35764
87960
44366
86838
42904
96822
56197
10829
84719
50512
53576
88600
65250
50126
57867
33005
13723
39249
89642
86965
94777
46997
56717
4715
66116
18655
80102
66323
79962
19177
60311
6740
86312
54631
12433
20052
56436
61845
88792
49038
26039
85823
10498
16178
27144
87276
70366
85082
62643
11144
57745
41989
53929
29677
80219
51922
69361
86573
36984
86682
33788
10783
93763
39849
72310
26723
4789
5051
88217
18164
25419
10768
95227
54185
68869
25803
44871
30887
87851
10253
10569
88871
77258
84040
60547
74847
87772
68099
32957
31216
80134
68585
28153
77452
27291
89102
80324
87234
95581
15872
59497
53127
16739
27109
52544
97538
18999
27191
62211
92851
91542
49209
17120
49505
65370
48468
82795
15616
19061
71186
78955
65500
29267
42070
37653
13796
36322
20822
10870
45973
52718
25495
56201
72290
92357
26468
51880
95517
87801
77930
80575
16901
11044
14450
17757
5836
88037
60987
33572
79843
20488
4468
83711
54372
9476
15956
41107
95228
69630
74422
52462
12179
17963
77876
43837
30425
62579
54718
53945
62287
6065
36983
90369
58671
62199
33965
14211
17177
5198
13203
29075
20028
64315
57212
94366
60189
4797
3350
47001
52774
67890
29793
58482
33390
79769
78827
17736
48257
75923
24553
83383
66796
36611
8660
54891
30663
10740
37853
93366
66303
39386
24110
80636
12415
16464
87295
92875
33370
96417
95954
53065
79928
44354
52075
23397
73243
97020
56367
92079
58636
79847
37720
65988
22055
37874
22643
19426
15552
23680
71223
10746
15376
53580
14945
83683
9280
74701
51152
11050
75696
19796
43450
89383
82533
24178
55625
63692
4589
28087
90870
55063
73040
73717
32672
93510
81493
86499
71785
3690
99117
66621
974
87987
29888
37993
832
56331
96915
4532
99236
27744
32531
24667
26979
97529
33665
84230
43470
63561
76121
63630
47379
11905
42912
46751
72404
68544
4329
6425
2314
4998
2341
17745
1686
25862
14309
20564
12127
58746
37613
63723
64333
49744
88502
3001
90529
73089
33184
13186
49615
41666
10675
64710
12313
46836
6736
89963
43241
58775
9785
2265
76266
81019
49465
31486
46084
78454
83025
55570
85394
29426
82752
57236
99042
72926
93998
52563
1000
97060
55926
92234
75071
35483
24206
70051
48701
87379
1140
45916
40978
493
18550
66470
41053
81613
71710
49706
80267
28424
75705
13926
47597
16727
90018
29845
20565
47246
95119
43021
46060
12390
90103
28770
24851
2934
82111
26856
53908
71265
55840
97877
69860
93224
66743
29157
67479
91072
59529
29847
50688
39774
73360
91861
4516
96495
60774
23761
41146
87397
45389
66698
80801
73035
29752
41518
5981
76217
37850
5241
23312
1187
70857
13148
12561
94572
37934
57817
94892
50264
68748
38827
32246
77118
95307
1154
89675
17629
12384
90284
3941
69062
84443
10127
59355
5462
8332
18770
61076
69383
10802
38108
43526
98397
75682
9428
76528
4283
87792
3463
48560
27544
60797
60136
44609
20684
78590
92210
17493
99172
39876
15529
2635
54485
365
8351
17197
59021
17191
77106
10089
65157
97372
44626
31818
96978
21662
75361
82386
17723
84913
31251
25814
65797
27631
5044
82230
80522
69116
97065
29656
73577
61607
18414
77567
40118
60889
20031
22061
1458
34365
7698
13170
12117
52140
44577
34000
86024
58227
14118
8589
33967
93316
95648
23604
14723
16150
16882
50824
90110
15386
34153
60166
63247
72507
79070
42774
97102
91761
87186
39053
86954
54594
24982
59939
46397
6037
7245
19468
92481
38549
57513
80021
66011
73022
81842
69404
886
24743
95781
3084
80907
24875
69497
31988
88796
61206
37629
73187
50176
42217
81149
68163
36600
78731
21155
57839
9280
16204
7513
85649
11906
94582
5037
12829
89252
54994
28174
91652
5025
30132
85683
60725
38197
997
54107
52246
41394
54859
25327
55451
18608
79383
65859
77729
91394
88010
19259
68938
89315
23940
65578
57717
14478
25195
46006
50393
77613
34165
14808
26238
58890
35411
63551
54008
88833
97434
1460
22656
21430
93262
33271
84433
10019
57197
98313
43004
43082
45013
84931
76617
58441
9747
63044
50539
29739
70025
77704
77534
41466
69531
13299
64415
12851
17559
7213
14888
31890
2110
59431
32166
59500
12435
60699
21465
94460
59551
30002
31624
21173
12191
2144
703
52758
5515
24393
5766
57531
29123
37447
3839
20496
35031
71587
20411
77760
94260
1
53049
57836
20294
4056
81180
32632
77615
53726
98280
80447
68898
45507
10521
59686
46140
91252
60736
59886
3808
40256
11291
75907
84685
30647
94416
31186
64927
43533
3974
1111
90206
63070
20160
39540
89222
62348
57174
1213
72884
72644
913
3952
12842
16543
67043
18179
62272
25636
18497
3798
58887
74283
26655
24295
86811
41980
4358
30884
78884
86581
32756
19323
75529
24522
89712
95437
73618
87751
70824
55617
7512
98769
30121
4884
14187
62347
65978
82510
89695
21461
3254
52593
1172
46414
41764
16331
57697
55130
40500
25802
34269
87614
47736
58799
49001
16200
74141
44667
27325
84780
29061
14342
62574
20777
94595
47342
90040
41867
73618
70828
29198
27913
85457
40099
8859
79630
8863
77010
74324
59413
79727
24521
80156
55053
68488
47704
80787
74588
8476
28706
84892
68064
37827
70224
86986
11537
46099
45602
34246
1346
66782
84705
86975
39622
78440
24880
27567
92271
54980
45985
38758
12145
47274
68132
83830
8325
53367
78393
47130
53034
22209
46983
37507
17734
54324
68037
19360
47947
61870
17525
34409
53716
6996
34673
9576
93198
90447
66845
79845
37492
5991
19644
59661
73426
634
27903
9950
82635
30360
60440
10129
36182
10398
89805
2405
42179
85326
81095
6436
25052
40007
58154
23188
31622
3398
74431
80124
4199
24793
6669
40944
53697
36443
26631
37756
45724
91698
73918
23145
47458
67457
58903
89455
324
23817
34328
80407
98778
7939
35611
30986
11272
72947
60869
9468
86716
86090
44048
79279
68083
57402
60933
35270
27515
16534
40261
78855
34931
48966
64070
43275
58575
46372
41435
91717
59608
62102
90668
21388
89296
79816
66757
89127
46963
15685
87658
16756
29881
22930
40072
25717
54424
839
5607
99096
4230
84843
28156
10850
1756
7179
87674
73175
3702
61334
8744
37448
41814
18648
74574
26937
31497
22769
42601
40622
85985
68561
7070
63090
3266
93939
41803
50531
81464
60179
57017
67741
43461
16333
69582
30145
32697
55124
92959
13666
50842
17451
17538
76557
48099
24739
99425
97426
54472
32306
48682
59539
29655
3852
32228
50055
40410
74561
50013
63724
82041
42675
59390
92519
85821
70834
75424
82873
1359
65461
7543
81856
8479
90615
5068
34086
93249
140
94793
30730
4785
42335
75054
25194
38295
5033
4512
78858
25478
82192
30881
5571
35390
75610
18939
31211
1297
12876
63285
75548
67587
91779
71720
69540
52010
52398
36972
44457
15445
1030
7851
81719
7145
64844
65847
13447
47750
35389
32023
37133
75177
91316
72380
75614
23019
77948
77234
53852
32262
68624
80499
56992
15991
64018
99317
72195
62015
40132
91300
50601
79107
90758
67818
75274
86836
68396
36714
77342
52809
70235
73708
83877
85192
15681
96818
28272
83171
40174
16649
5679
98079
68626
69692
9560
65008
53012
85955
19697
48897
91981
33144
7930
79
24287
65962
27258
83157
66197
36554
11748
75458
52824
9091
86885
82950
10026
83943
62445
89356
57923
35908
67160
81761
74822
80373
46232
66291
31520
93941
99649
69236
25308
41806
85904
96606
73701
47695
39129
86256
24729
13597
74636
32759
5063
70016
7362
12200
35077
84798
61386
78409
75696
8645
3883
9039
80800
21186
84309
90978
38951
51855
64200
12157
34759
61256
90784
46290
65517
5758
31324
1450
16558
40229
76010
56842
56252
45416
73520
72977
62212
97084
77497
2622
96936
63026
66363
9486
29012
45606
41313
89955
40703
45237
27578
97536
95264
35851
4220
1552
93642
98074
50294
36935
26406
74887
70642
83713
61228
27966
30275
44326
90461
13029
49168
45871
40671
42478
77820
39234
81110
9127
89266
6392
60380
7499
32650
89504
86653
38523
8442
43773
44145
86823
99836
66154
1398
86470
89528
24990
5706
66470
63470
60523
68578
61469
29826
32992
13578
73022
71876
98318
9018
76231
83994
64167
55664
69238
73613
90978
41424
15036
10925
65115
12021
69482
9602
51928
87282
44744
38672
6567
13610
63909
2086
6530
31336
91624
83619
86805
79548
60772
50917
46102
71827
33451
83631
57618
65202
22233
89590
37129
28590
55313
72009
68912
62474
10950
48027
39572
94350
7855
69295
12222
78081
61085
42142
81426
22659
32841
7783
25553
10090
94150
63572
11327
44247
84918
93092
66239
19251
25497
77883
51642
60683
13536
32002
34206
84197
53183
3260
82851
80158
61376
70087
55785
43522
82292
32235
46461
32967
77797
39874
9882
64935
45448
33668
98349
51000
37646
99630
88945
84873
11545
47310
87448
6011
6251
59469
80619
23641
42265
24857
69736
96534
68927
41582
62027
60386
37646
15361
28520
25256
63680
8041
13876
6311
28044
91946
22595
83595
34709
79647
86923
93128
49181
7555
61064
38546
8310
13468
30073
72923
16633
35365
15592
69738
57968
45399
6919
9236
13
48723
4438
24442
36574
15214
94689
90591
98264
44794
74917
57636
47344
34956
25939
68098
6505
64015
56941
91172
43175
94277
87086
7902
12738
69973
88870
44909
17174
53846
15683
46605
54967
96182
42603
77201
33954
84583
20838
44546
34895
25607
98808
68855
96707
47466
49228
36046
39617
66886
72588
35876
40224
42651
48621
49079
97272
82269
4231
47317
79926
72511
91266
20128
61808
31390
74476
9665
3218
4391
29895
69925
59574
70598
47456
55096
16305
14252
95129
3677
77770
80220
4777
45288
82663
9330
99801
67000
18720
30896
99119
91540
84788
44967
96839
23713
85722
97214
90685
39261
49008
1314
81320
14395
53071
38858
19072
93499
96928
33766
14496
34789
36103
76292
89095
15746
24317
24030
86360
81560
99933
15971
59521
89216
56692
99648
3320
34565
41019
61387
67041
2651
20352
80460
53165
21753
30688
27945
88413
50804
4946
72428
49188
61434
94013
76979
15178
22664
15273
83731
9421
89448
51923
78154
96481
55659
46874
29792
23608
61311
38198
8313
80541
99437
26600
41114
1210
48498
91532
66421
83866
85207
48524
67890
75753
58863
62734
75164
13527
37420
27214
91398
47963
47135
95974
49368
22740
65994
28105
62714
95499
23043
11279
12635
75412
39400
58570
62878
12916
59674
67160
81794
78972
54168
68145
25261
95731
40536
22336
52212
48818
25603
5839
97642
65256
71310
19547
13346
96478
42865
32326
62146
69557
21222
96139
81670
48075
7392
22156
65678
54621
7430
56679
49190
25734
55530
24103
70128
54662
65962
29687
8175
3038
57730
53809
74578
14039
92971
62517
3356
46946
42708
58037
89100
76474
58844
23693
12302
16742
7849
77136
56509
17338
37897
77565
48115
89789
56354
26544
27246
46086
52248
63125
88065
65119
66715
28184
94516
91084
41545
33432
60697
85445
73607
56570
44845
83038
88952
31385
51334
30055
50871
6682
66399
52016
33623
21182
81725
25477
56949
78833
3197
87639
31190
70816
69917
26746
85123
99207
88003
6859
39261
57992
26606
63594
13598
51640
70519
96773
73934
3987
70307
5653
81438
55600
43304
5281
64197
24015
71481
34528
44501
61582
33072
4157
10073
39451
69047
33715
31053
72644
77780
22807
38138
22954
98702
53429
93261
74260
81696
90003
25106
85536
41881
93298
15602
33844
49676
28306
92550
76307
65243
66549
76247
48235
27356
97340
45300
84874
16677
45357
20975
26289
88313
16310
50869
35905
86255
36428
93223
94450
41339
56236
54969
85987
32571
35234
90887
92555
97728
18856
52975
62766
53463
88646
74255
12267
99187
22424
87036
75634
23929
31277
31196
89907
31240
51627
26209
82353
28098
85424
91490
70198
33116
4212
5975
24416
80702
32874
1648
76057
11383
52805
86707
24324
47872
58487
47857
80403
28299
86005
67492
65878
69256
10742
55463
10414
70163
42042
14482
94911
96798
37224
76624
44164
76887
15087
61151
68828
37877
61646
85123
31906
3908
32495
49223
19258
70155
35693
93105
28391
52502
65335
96705
93882
20293
11149
43910
89413
57584
85287
83261
90862
10741
39861
23335
21151
40768
90113
82181
77914
48502
8529
59730
82441
33181
59144
89566
72659
68523
82188
72707
90091
14090
17954
32774
53443
15621
20085
85291
75166
34834
24758
1141
34402
36252
76094
88633
62508
29963
75918
60157
57662
92818
41399
77587
52499
60053
69270
21516
5140
76981
29815
36507
25475
99194
9018
10535
34675
95420
91059
23404
75963
73325
82123
24526
20096
79398
77893
33915
93999
74061
63931
77436
68972
66112
84710
82104
91332
29633
80700
64902
2719
88029
57043
40684
50994
50298
1924
79289
19441
90141
57291
33147
95233
9622
66667
85213
46410
16873
814
85857
97900
54617
69290
85942
97289
5074
8735
12502
1632
6611
2589
11455
16890
49815
47395
9388
79805
53471
77314
29775
78878
94557
99168
30765
55347
72767
72376
80982
77766
18454
1950
55935
33030
82147
31072
7262
78904
35869
43400
97057
62763
2689
71391
44460
87624
76726
58860
24013
8008
49691
49977
48445
27455
67120
88950
90902
6679
56382
86359
66987
29368
24900
1656
47817
91842
66239
77538
52968
36445
67477
54725
73133
44744
5213
32581
1184
94670
49839
75025
75044
92502
20900
50606
60984
26297
27273
19954
19850
96431
97478
99468
15571
24194
99173
43201
76210
99908
64001
45394
34025
85501
55789
64089
1614
65500
16157
82930
21807
19214
85525
30711
74246
60397
81901
1667
86772
95856
14557
63928
64541
86240
85579
46491
64287
5482
84046
54429
53456
54352
74461
13141
21236
86907
98521
11881
55288
38859
41364
11372
71950
81006
55549
88513
94821
8143
34410
10973
13411
59622
62016
96555
61378
29550
93025
32201
43045
6899
51282
90991
24054
19146
94952
23024
78429
19227
17231
29369
48798
67705
90135
78390
88176
69490
42619
91732
41110
83169
21295
6529
69628
97185
80453
83855
40943
34236
88412
68728
27833
25378
20710
65244
14103
61237
3317
49765
83161
96897
51905
42379
31862
58697
10616
12244
29802
84988
51202
80787
75181
87943
14032
41905
65392
30212
75233
87657
85110
81232
85681
49741
88013
2586
40062
73063
46921
59894
73175
41562
16379
24914
77252
46726
52979
384
66349
98441
19087
6610
50024
71555
11326
1124
82113
8307
63125
30355
37448
62781
9229
30284
9042
19597
25624
94591
67405
55380
24510
54993
29477
91505
23256
66481
47915
64492
21000
28290
64968
96731
55027
51959
53470
64487
98268
86558
28375
82569
19903
31155
87757
77070
45766
49013
13685
44698
12011
28149
47048
59529
73323
88650
37104
46672
14051
12610
49035
43137
53546
55283
29951
69581
99179
32752
36571
13764
85629
35703
40869
51033
89664
10919
27301
37601
69366
76270
18541
65369
47292
85440
88035
98823
55876
32965
62477
31289
63185
31977
92088
31690
74221
54327
73573
23715
53322
51295
88881
61822
78099
67092
59711
34757
14671
75827
55748
88793
74322
45277
80366
48047
15263
20709
54354
33973
13949
78405
70096
9458
52117
91915
32422
99755
13030
39217
31150
77601
87141
41930
65460
66616
92116
71800
46009
56019
46141
52379
14653
2235
77100
73764
28940
17982
32198
56295
55848
30708
46826
24655
41134
43709
10435
21291
15720
51847
70055
99590
92718
60235
47055
71573
29594
28854
16594
36073
43751
58982
34016
94532
81605
54762
2105
95656
27228
43212
38280
10571
34489
57483
99103
17639
59674
74880
17104
48302
46162
84546
69765
32026
32474
66693
96828
16034
43541
77373
56035
93609
16733
18817
13196
65585
89679
45419
45325
43405
9008
15388
99254
72563
69595
77627
54608
3472
4648
34302
14383
80150
34458
89921
25747
60017
2949
97811
19201
66519
30905
38129
83353
83933
41968
90538
77139
3942
63088
71745
86619
41046
59710
98225
19910
8485
92864
46987
38000
44944
44012
10010
51092
37513
65682
63400
96071
15438
6818
22041
20369
57175
5276
94037
4009
11497
10835
28036
64300
12680
29084
8465
63545
11433
89177
40113
47660
31301
56956
73309
6133
89513
49082
92442
5844
85610
97934
79930
67316
10775
69927
5084
93601
92007
56016
79374
64455
27216
88601
93778
13672
14745
29703
78207
93818
12424
47637
70686
59003
2197
64837
46517
98033
83488
29351
94273
19491
67230
64452
74588
60045
38254
57351
27102
2052
25545
96553
32319
41063
74264
63448
71418
16829
33856
58820
46638
24721
19960
86438
43326
30439
93211
99821
81688
72762
3129
54757
31507
60371
48712
73830
36753
66728
8791
57975
85956
55310
10179
39005
47469
67709
41827
72100
52703
24607
57374
66344
2082
16692
7389
9152
49044
14277
3770
1928
16554
56834
82871
45610
44116
49722
18828
77224
63454
7319
70680
42921
71666
19604
13592
98590
86491
82204
34070
64015
61893
15681
41241
55014
97920
19253
71674
51096
37923
29704
65431
28587
54414
46814
9536
19145
65351
65164
67918
21088
40742
51887
31603
47219
74060
7274
84621
36960
21454
11386
96117
74894
50704
17911
64180
58803
12172
64777
88564
51104
32081
24164
37012
59754
61576
21474
80950
20086
43186
42716
36274
32288
590
30085
45934
37895
32727
16258
42053
6392
5481
20329
53347
38742
85476
9814
22067
99459
35273
20004
81935
66190
29825
37422
22519
5625
93853
7234
14206
91493
43128
38654
40893
1340
42297
20235
54410
39899
65429
46962
9956
65594
25137
38591
93253
78426
52037
60337
6170
8298
42331
24570
87503
13045
30263
81210
10275
7819
44881
22354
51035
76778
8829
37063
73363
89226
23756
43510
38158
99394
42603
21966
43246
59898
27305
65038
44255
32910
36439
61340
23438
89659
42632
69055
32600
68777
71127
90746
34845
77749
54311
56166
47411
98490
82053
55594
43414
8412
55594
39610
12509
19344
38430
64873
48840
9547
31574
82411
78837
61094
7038
67564
64178
2443
82801
41799
43021
14846
1509
42788
78408
93867
57956
43410
7432
68264
15028
76796
8076
47590
30584
78346
45850
36250
60688
63767
47989
62370
31580
36011
31883
2454
56094
29300
46379
66957
8988
19014
31347
58473
65925
43660
45864
68800
12267
8201
70623
37064
60398
10352
64728
37917
37690
87324
38410
30802
93671
13933
85145
85363
16446
52928
57796
63346
42715
79721
74715
4310
80813
21775
63278
77116
43419
49221
41025
95497
77121
70401
27164
47661
727
1018
46110
26485
45971
64579
60657
34414
32453
43294
59768
38897
97536
10943
4709
23631
60729
20574
57960
19354
97159
30776
23682
60557
63403
93187
40440
41241
42121
68780
994
90926
43028
81935
62883
60482
56775
25554
82451
49537
50352
82527
21015
24433
69767
62428
94770
74624
58844
40520
26613
65228
73743
4436
24179
8751
7353
9019
95344
75397
91080
64831
62743
46108
49063
55394
46249
62231
91195
84095
78163
84095
4906
38019
85369
45670
65655
9802
68687
6297
20328
82778
74343
86049
63337
54774
28676
9046
91017
27456
84077
77729
79201
81615
59581
65196
81621
22760
7319
63977
96755
65884
24438
1596
11641
22078
20931
61445
91091
19647
21888
9454
93089
65544
48705
6605
46007
90163
55034
52822
30591
5991
59923
25729
48441
21358
91257
50067
88450
21716
80174
98956
40306
94270
90272
63340
41887
22469
16279
35714
37504
51886
88584
79987
95628
80647
16615
195
47552
19615
25497
676
22111
26435
63879
35480
37331
83505
21294
44772
16626
81850
10612
70451
83677
86521
68789
91971
17314
61899
83291
93745
59393
47754
48268
85276
58923
14154
97341
89016
73222
54766
11493
66898
90349
62792
69324
79643
28980
81644
99778
20627
31882
52975
50604
44435
65655
8001
35928
6998
81349
44004
99250
28229
95546
30952
16592
16318
25955
61573
1064
18912
38829
57044
45441
38038
65389
17227
36902
38845
95424
58995
37655
89012
84716
35431
61946
69247
48485
87722
65295
83544
18251
11301
60897
93363
4689
85821
24088
71179
87161
81357
2251
86798
19034
68069
4914
76162
46947
22559
39674
99379
63802
84537
43570
47227
67005
64884
9282
620
87050
73576
55452
48477
78010
67618
79658
65198
61159
46811
93735
38649
57167
75702
69546
24215
89233
65109
53116
74444
27188
67576
45643
4433
7814
18772
12215
79100
78914
35596
98793
73870
78923
50831
46084
16121
70901
16270
72467
24555
50563
32279
77442
11323
71114
27890
46825
66255
53813
18008
98883
62856
5058
52395
37853
45963
15721
38103
24265
74188
4541
43587
33298
12249
6283
80179
46602
46880
82336
44477
44704
71614
72615
40517
20301
53605
54959
15992
23469
94857
51658
73058
45707
31592
57234
33932
8212
44692
32679
48981
65134
54558
81524
31788
35042
49760
73167
2823
53620
27206
4542
21635
83187
64954
45847
71865
36588
46316
99008
48505
72153
83834
78837
52806
29463
59329
15048
1422
88885
23584
43139
60676
71656
47205
44777
28059
1243
6487
83642
30529
78980
37888
26901
14901
24946
55796
68568
65895
46242
2562
72739
12843
94097
16374
23130
48218
41388
53544
52745
60293
75651
67557
82306
29558
15836
20663
49729
28581
23555
78388
849
33523
70431
12864
22984
33095
72512
48576
48973
93603
23093
94813
91898
92930
64538
89808
1276
30544
78126
64848
43351
27845
3298
93013
34823
62016
63694
47112
49569
45181
44062
65129
46968
35378
57321
19068
47195
18732
13922
42257
24219
84800
52615
51343
59595
66928
34711
76509
71584
19069
38657
15277
96952
69988
80279
87269
78871
58070
56705
26794
72108
14391
40590
92267
98514
67379
21638
57607
95410
55800
74778
10557
99590
59572
17789
84014
61560
92332
17708
19217
83849
86805
33832
29523
97390
723
26341
57800
52085
93484
17402
27250
67013
83016
81273
22413
8099
64456
61369
40693
7921
23775
9614
81141
9329
94929
65563
32589
68103
34695
29
84383
37340
54764
28328
34838
54079
89992
2128
35027
79238
60822
61214
30133
81586
44739
75714
80868
37872
89798
30151
35195
52732
32790
88834
55632
62976
62829
44804
89440
55642
54807
14991
51836
61628
91478
40485
11050
88717
17910
74460
84922
54445
1832
99758
41894
28917
49469
95405
64580
66589
80897
18292
18411
67511
92465
10488
24800
49848
17850
79581
44572
69527
52080
80197
91387
36302
66503
94691
41956
49694
49938
40878
91504
87023
58518
64849
83129
17300
63721
90751
69344
46733
60748
42788
98587
34726
56227
58582
11993
76189
58125
95690
90899
73729
964
29571
12242
33525
92819
98950
69655
32468
47759
24457
65514
49039
39443
60425
56258
84594
38332
10043
16685
31492
34013
15194
14942
95309
54016
98783
42577
27762
19578
31567
19035
72636
12778
38382
50290
85014
59694
87569
97430
23861
64609
75057
73916
21106
84597
66012
89973
97619
10857
49637
64383
2728
66567
29179
87975
95504
82237
75384
74298
83356
92469
55280
19495
21611
68531
15785
89842
37269
48779
25513
81111
19620
58077
42731
11929
41755
10894
51756
49447
89210
13412
38786
51273
68794
68253
82539
10925
59667
96557
60131
90152
84542
71250
13072
43595
27892
50133
19288
96196
80277
28096
96114
1678
86020
74774
24858
61302
2223
9076
14173
84938
58413
738
4724
23808
63361
73493
15118
62561
25179
49380
84070
15696
74589
26725
67636
55419
69178
71524
20383
95229
15418
61951
12080
8109
7323
65057
99906
92998
79410
21241
36053
68180
44815
65462
23361
664
97726
25089
97544
93848
88842
44631
8676
33446
44572
46114
37120
5995
6337
24531
44931
