3732
67865
55488
94694
47767
63224
31777
78597
11730
66090
96922
83836
27163
90489
36035
40449
62295
44857
91915
53244
63732
60705
36556
22002
48374
95367
1312
69072
25135
73046
71917
84624
31527
17167
11995
29867
9852
3641
327
92539
77314
98822
94416
87948
71883
58532
83694
37758
12418
78556
40962
98393
51442
71050
51913
26030
18115
15450
53866
86470
23428
15739
96239
16394
89188
57027
13488
61102
91418
50047
56330
70586
49221
79797
45199
40854
58734
73112
93559
1265
36298
9991
62805
46286
40251
42594
92996
98380
98293
2314
57088
17681
26910
18869
2353
90642
46639
73834
89985
37537
15959
44287
23311
43796
76991
41804
63260
55854
76872
73419
34787
32524
26928
19023
94918
9198
32564
22366
75811
48959
43567
10957
87845
68003
17409
85718
99447
9085
64651
88
13875
91994
57238
38252
80697
25853
62003
70911
21787
12936
81853
55984
67829
30275
38043
99112
12186
97709
99905
47121
5513
57852
53942
17781
63614
11314
9137
276
30789
76958
82588
8353
77226
52364
93851
47194
98316
20618
86694
55138
53904
18104
657
37660
55921
50796
60045
25158
45460
59551
50887
4016
99226
94583
82542
66391
20431
41905
61266
98787
73024
56490
34344
13913
3402
34251
95242
9502
50284
64975
38235
21001
92350
39475
87272
18690
22235
82713
93162
50013
21690
19672
34248
32174
57275
12771
77946
21224
13276
33748
40904
83382
2987
87509
95920
26068
67510
38443
58983
23691
93502
67040
4983
97863
33322
87115
28518
53111
29112
23390
8695
24321
142
63340
96778
59807
37231
92821
35614
36250
66249
23855
29239
42881
6571
84307
64986
62854
211
31521
26678
95637
76485
30608
18333
978
6552
57078
85967
84654
82827
4368
60311
12325
13845
20464
76303
51416
96506
21632
49279
96930
94233
55895
29027
15673
18626
30455
4778
28866
85893
43871
69370
64913
96454
20244
63569
60572
69548
35527
20807
75515
13272
20259
18031
61823
23475
27542
82268
74188
3169
91418
18593
28180
41649
25886
13360
78001
55862
19061
85379
38270
40432
3675
86169
70290
86755
50976
56249
51387
24426
97874
36562
35219
77284
86571
48483
6562
92812
5300
95030
58127
29766
86484
25927
42884
92693
91930
12258
72445
64426
56387
91242
4684
3447
39240
86838
79885
17954
65799
3927
86497
9845
88140
8532
5865
53234
2875
3382
20897
27587
64893
70976
6198
86447
67109
54965
87238
65961
86014
4061
61810
9539
43603
40547
7074
93792
29882
71254
62357
80198
21438
64239
78883
13650
91431
27314
82066
28454
61256
21581
55953
19549
31685
62589
34677
84256
77855
40080
97709
64209
55262
11942
74148
98052
91097
39984
22514
24813
63525
11067
35327
13844
47448
92102
30806
46149
19353
79982
5505
57796
60102
88395
80871
84734
26528
80819
10686
54075
38519
77628
51055
39312
37966
74399
75077
75761
23499
49496
18609
53923
20829
77290
58622
35823
42506
46783
60108
83154
39476
12653
41355
67857
30472
24852
36373
43434
2979
56036
72776
63046
6688
732
42302
30603
38242
84397
9227
39406
88315
82429
96435
75589
4407
51847
51910
65211
98760
55391
5273
35068
35982
65299
14850
65040
33219
17870
44368
76133
38240
21174
46788
70276
88336
97749
43216
52998
66287
4372
40042
92608
86110
17539
76780
12153
9030
37878
75404
93596
43237
38122
98227
38568
26938
2405
46077
3749
3274
31290
64460
70194
98285
48172
10184
47322
56504
81642
84951
7557
11847
64345
91413
14602
36999
44527
53264
66305
51389
35771
2243
74774
60151
4387
48589
5147
16525
48581
43021
45845
46450
55967
20957
95350
7645
86473
90024
70667
34383
30080
72136
7243
66944
56030
20384
56560
21515
37765
21459
55042
95570
34299
84768
20878
77423
45294
50395
92246
52953
23800
45672
76451
1647
26238
9494
757
24196
87539
20086
93435
66343
82106
21143
43357
96269
8168
8032
36246
55902
49096
74889
21632
34297
69368
48950
21608
68708
62416
61904
84096
3092
96163
93794
61971
71925
89918
45229
24499
36854
2477
84489
9230
8085
3645
64376
48927
60610
72316
97768
72833
39891
59644
27974
79998
84132
61399
78937
51654
5160
43853
9762
42299
18320
3464
43854
937
70039
79264
70517
91955
35560
61915
55026
44264
51916
24044
60511
39253
35124
44572
70061
23828
42687
87174
5853
67938
85512
73148
830
33934
84336
11176
68131
49772
31555
57709
97056
95050
67433
2763
69569
77562
20524
45345
29479
7022
20193
45228
38048
45634
13333
77646
80930
92979
10485
65034
77507
1934
34970
78860
87384
11139
30863
28134
58409
75383
14688
85716
56397
82233
74049
36001
46375
69900
47288
52834
96348
49859
97672
52705
77519
28140
75163
28852
67675
25827
10315
96779
53869
6215
20301
35625
43708
51081
54106
12938
93094
48288
65307
3619
78472
10010
36049
18886
24057
51117
33055
29732
20675
6380
11892
82829
28896
48853
89752
67636
38509
74343
79059
80494
49357
94352
6165
51609
50365
64133
61253
16088
40239
36619
70185
7324
23493
81585
51790
82783
23852
14273
46005
10090
54419
22508
3418
26519
14822
38626
31362
49840
62123
98275
94337
59734
6520
23215
38982
38238
36527
70809
96579
98006
64760
84923
83580
35237
30873
11427
20171
85872
32820
44075
70350
84152
98717
96039
62350
3681
38231
77143
64652
86094
70090
57595
15978
60520
33154
52294
84020
26558
10535
46860
16009
74085
23029
6901
80426
8576
93016
39091
38045
45724
69413
66352
25438
78898
94487
30017
1859
75984
24837
97303
75755
26001
99453
68692
31106
20359
55359
89850
34611
34843
51320
36735
40683
26860
68922
69597
40678
64083
7508
32422
35672
10919
34003
99284
42362
82780
30325
56222
99886
64935
68133
53863
54481
54684
60728
53553
22653
90744
46595
77135
33432
14843
44663
8088
11228
98157
62202
16534
61380
80673
74691
50878
6511
48118
61042
69595
92724
16218
78730
43555
45155
2634
63979
50987
77044
37845
11504
21878
72302
58719
7266
79561
18741
18464
78423
78426
53745
37676
90251
98662
12472
12942
55385
47297
9655
51821
70646
65096
42210
95345
31402
58291
49461
60798
92971
48519
17894
9983
93816
60648
23338
47582
54896
79467
33632
59440
48013
31849
13790
95086
72000
95183
40438
53213
30601
31666
1188
34991
21810
52193
9143
10691
32042
7347
98873
77863
10649
78111
47613
65854
87813
72970
6852
83836
46592
10426
54572
42605
6379
6057
53014
50294
77100
91254
13810
85972
81159
4150
70889
76961
17884
95144
29607
60757
57277
86245
36611
9640
20073
72662
61804
91317
266
42624
97042
43259
63048
7610
55917
75581
89640
20383
13806
56425
96484
78271
161
83414
5768
1072
89627
35846
58950
60418
40134
89835
27799
59151
86726
67366
17647
36433
92263
64714
67483
29646
31749
81471
90234
87119
40888
62531
87221
25038
26458
20971
40733
80205
3190
62567
59007
61092
80334
32707
66598
35378
7209
27881
67629
59957
42167
10116
54015
30356
85635
66816
93069
7961
92916
25389
46283
6780
24863
62083
38600
42331
55405
81407
73481
82406
27525
34475
93185
37046
50613
51163
71950
66653
70562
32755
44530
25433
59050
73671
53741
14371
62450
24827
69268
70532
50385
16457
75248
68486
19736
98400
23605
7080
69756
20873
43709
90220
41986
43877
72929
60683
47045
94291
8787
14728
15047
70990
74907
49441
15314
88338
64524
4961
78250
99551
60194
74675
20337
14774
14971
56722
68694
98048
12015
39259
18299
9134
31053
86308
99489
73915
38931
20358
20178
55086
35337
93621
94667
33628
26203
85552
95716
49578
16146
38772
97789
6608
76205
34763
85191
55001
2913
51329
85837
51078
75914
95703
30685
18194
59181
86961
24598
35664
99148
75275
98639
58673
46692
24904
79522
39650
135
72618
53780
12179
92593
35070
20385
80818
6377
60750
8008
46805
3254
7290
7857
28726
92155
84865
4855
16024
40432
80761
6774
42824
16319
48094
37457
89152
97656
13287
42336
90821
80721
39572
67381
751
79326
49827
87529
92873
7529
58562
64968
8846
88302
61567
3382
41684
58517
892
38876
12933
17452
13406
28563
3943
90241
72324
57260
53598
18105
18292
33305
48711
14096
465
40476
12965
92909
92169
39754
54457
4193
58059
66683
138
94012
5078
28976
73220
16332
64140
14433
6172
7156
7717
15843
46961
70949
50784
46995
43279
20539
47508
92642
79502
32982
14277
29276
22743
49298
34322
4822
97670
26886
21099
83124
99402
76982
81729
22676
18282
37749
82901
8378
77186
72507
46162
37465
83307
48415
1558
923
21336
65553
29579
6157
53660
84023
14837
32810
41609
16385
32996
71651
24660
12267
28136
24679
14517
47439
5412
47957
99338
52164
90748
39579
52506
47575
70312
48969
33239
89508
65963
22904
54845
55985
41469
25584
13399
63303
7395
73338
12704
21550
44257
59075
95079
23364
92070
41290
92780
52762
32997
55111
19016
69996
35908
9239
33641
90394
59181
14632
58042
86055
36706
97661
71457
19789
66413
53950
96897
40251
53557
24800
48480
59821
68077
23180
38467
49926
19815
97839
43030
69709
24454
11294
24072
45633
46257
96643
92498
21817
28259
22632
39000
17469
80767
11103
47848
58075
38848
26507
61120
53255
51791
82063
82828
58930
68142
55697
51629
45189
17489
14795
23989
98106
93580
82574
89806
74199
97287
60946
52154
75816
3663
84223
44981
38937
51654
25041
53559
76205
54618
56716
61398
97437
61011
27260
15945
73904
21318
24742
37287
91827
74119
1457
95405
14198
9371
15467
81214
5475
72043
65690
13028
19419
84276
36703
28565
2415
10844
11656
42994
85720
48031
63315
98793
49555
66919
4218
77402
25981
26042
39328
96918
71622
92749
39990
88259
90869
73527
56010
3772
79065
24032
29484
70069
16806
46296
99582
98205
35892
38596
97080
37404
71088
37971
40438
89628
97629
91406
39038
10884
71051
58606
3377
95678
15250
14536
11118
99386
59275
97667
50077
94476
42123
15754
95647
4273
64925
70365
1839
82447
39099
37602
30133
20442
90793
40857
32711
68210
82542
81197
85116
46314
25007
84582
62703
48804
4842
73883
70604
74359
24780
7620
64890
4402
37391
9262
46245
32507
36788
25576
62375
19248
4793
76955
41938
9231
65271
65238
98684
79025
87770
17543
34440
10001
56990
21925
25133
98346
22082
11978
32805
318
36876
80126
42708
5171
10265
15983
67795
68151
14527
76061
72376
92069
3649
61649
83524
69824
60814
44302
79240
87644
8374
59872
65909
71228
70346
24624
39007
74901
34607
57849
23245
48690
31647
72021
75711
17745
47804
465
12316
68970
32017
13632
83704
52688
82151
91466
68766
26416
96801
80837
39871
77335
88245
92252
43575
61456
16904
99787
77529
37098
60644
65933
89207
82583
97400
51021
27536
52561
24204
23256
77333
48632
19840
60180
15545
76343
22208
79978
11669
47652
65254
31998
16054
84517
67436
1919
88388
79024
68140
14458
83375
75947
21014
86569
59224
44883
41773
51689
77881
51864
27262
74185
77458
91812
63582
81662
46961
3580
28224
62932
38173
8447
55471
20990
1663
18028
46798
48046
97966
1057
52362
84929
19158
80606
87608
94897
97059
94663
83888
63822
81072
94312
24005
42887
55046
98355
13536
86306
84307
81733
30617
99467
74058
83622
58290
39497
69424
66287
66479
58796
21642
44390
81493
37539
8960
5477
17342
69034
37294
91609
15287
15200
29447
52742
7318
47030
678
65608
54907
3588
57939
58516
62081
79062
5487
45981
93665
95267
21820
8402
14308
85918
69067
4772
60227
21157
87619
94950
17181
59351
13515
94157
20500
4995
65300
12311
65380
65083
90694
16168
481
94599
46630
75247
19468
72246
19424
63495
32337
64912
90391
9401
98976
40455
74086
26847
52071
40203
75666
78659
78280
41628
88238
58470
11676
9530
12106
27325
83044
41241
38330
63798
74631
96017
49502
79480
16653
19761
31155
35528
59062
75507
29013
55880
73240
98571
90287
48634
95060
70169
25537
22498
90260
75774
4364
14665
77571
42474
23486
38462
13192
15028
61909
57463
68833
77220
32849
37269
68312
16426
24378
11813
78980
58705
24746
22947
67199
24974
43705
82457
23423
15698
78980
1094
24596
33951
25785
43865
28349
72920
51458
8540
167
86576
64747
63534
24995
80068
59058
48489
1154
98853
47594
81282
98255
84590
53611
16174
89834
99156
17209
1185
71613
47387
61135
44274
81788
83333
81289
36283
20158
24933
63243
38813
87634
92114
50354
11648
21120
75607
39476
27191
14302
44231
21174
80130
84331
66158
17450
95789
26155
57346
6499
9974
69824
46552
22295
1228
42241
54611
79375
62707
11994
89720
30190
20163
45823
45949
82044
25904
84782
14112
5870
19621
63360
42131
98835
35146
13036
10836
11261
92228
33433
22811
60618
41563
3645
32493
94319
66071
11734
48782
79200
77955
80324
19251
28766
46580
83202
45493
45149
70659
27167
65026
2033
36310
11869
24557
61813
40733
31782
42630
71607
34743
49381
17284
92195
86133
14248
12190
31211
84630
72496
29689
46896
23282
38962
96027
1103
98131
10222
24543
35403
48957
53993
79170
61298
56430
75625
19962
12719
42271
40428
22246
71852
91499
52261
95327
55842
79303
48245
63438
831
57231
94274
56728
18962
75202
80214
4436
91125
86211
89399
53246
855
99201
64286
26371
73382
11632
28726
83740
20342
49398
22836
86904
47536
4482
63757
25234
63578
88214
29848
22178
69567
40933
52896
48591
34683
9623
35750
41762
23876
33706
19218
2678
79160
58931
40499
20779
67936
74850
24507
50809
31422
90211
48912
88130
68568
84961
71056
9217
1120
94117
932
37854
78399
27644
6943
58243
91966
14294
13460
99977
78673
84715
69778
90699
82720
45080
95677
5244
22035
32359
27241
30069
82426
62701
54389
81926
61686
89292
24418
52014
99432
69273
48815
83910
75443
90872
81907
44343
70320
49251
33909
87180
87215
51082
5099
23234
17572
52276
95598
92571
49782
22435
71318
92018
78303
27094
78519
2474
57728
53383
55832
17855
87013
83061
83691
99837
58128
8349
97998
35663
64677
70049
77374
66992
43761
52010
6226
35070
99192
33034
17851
76524
1370
10106
53206
94486
38529
77186
14090
69967
60233
25751
5861
1239
17580
6174
7566
75785
53609
35055
68966
12080
33520
2773
30465
90425
87437
8721
30042
62563
98255
95998
40600
72659
42388
79440
65339
85156
77427
3542
11586
47388
86021
90046
53341
20666
43888
74839
14602
48588
41522
86706
81039
58429
39623
12642
26994
45706
374
99490
52536
91957
88990
67829
80856
43379
91641
74505
77276
11393
98954
37557
32147
84244
78056
22658
20565
93485
16007
2181
97429
91307
53343
73642
90044
51290
59803
24396
53831
47753
25153
86081
15071
45273
91001
11507
97041
83634
42971
79881
29834
21328
13177
67268
36433
91002
75814
54245
15905
15443
11267
67852
70401
67017
6532
28827
545
57003
83523
70873
18291
98424
65376
31378
38756
7218
79091
69915
93878
78258
25488
62420
40027
4949
96150
68615
87696
16851
3220
84588
51923
72304
35832
56687
49763
70444
70006
33417
79507
40597
47793
26058
31466
2780
74729
59481
72634
89669
90337
16786
36858
99831
98731
54446
35331
11988
58899
93985
61827
25443
17861
15836
64449
39817
10779
37266
81583
72214
98983
56568
84677
20539
62810
15398
18495
5177
39854
70522
81045
18932
46326
2107
38227
63719
4480
47259
35220
42513
6980
7030
16896
41262
10476
57303
78207
81152
11552
60570
28473
83660
30093
92812
11147
87233
21073
96110
63016
14066
24677
81593
10090
62469
88999
35707
3475
90916
33380
93375
41925
12433
76446
42059
87897
24791
31135
50563
87872
50939
24635
80299
85844
20465
82331
44489
52634
79915
15467
12873
42071
64877
6657
56986
46092
62043
17192
48950
47471
40659
51977
86366
63975
11831
45909
42404
10180
22083
83922
44066
67448
94878
59487
25992
75190
6987
67333
52691
64582
12830
75420
39865
31681
38892
38007
13601
36815
2555
18541
12846
54747
5560
59045
63901
98032
50792
37597
41604
29715
22998
46423
26426
98844
57835
26753
16054
99602
46716
21855
5967
58337
10749
42839
83714
19227
16435
69913
66610
35496
60264
20329
99690
27659
58263
85962
57566
43508
1831
14633
23568
96763
79380
43267
90990
92287
87528
20788
38040
25371
64233
84157
52255
80802
75533
721
54569
84599
24424
99836
81105
60459
81030
99217
33804
25875
75092
44622
31302
91813
60632
65422
23659
44496
97313
26219
24481
42294
26552
35757
38034
11367
13302
90708
64680
74202
94736
57886
14417
6410
30798
63573
67778
8363
7129
46392
87704
30215
96754
31972
66618
17594
70687
18847
8761
70
56608
24674
28825
13844
38368
71584
42698
78952
25639
35030
30703
88639
15852
86385
11775
2376
51560
3223
48106
84924
17734
57011
98195
79579
51574
20449
85468
57156
33536
62929
34752
82545
71670
88251
65145
7501
19747
20640
23105
13331
23935
79577
47958
25700
13540
84223
91735
80292
90235
12630
65451
72914
99727
91414
80705
30339
26468
35863
40049
25369
66560
59704
13761
31365
26759
30604
133
7574
43397
60643
74910
7324
59203
97040
54146
254
69661
17788
43324
37652
67915
73190
47434
64802
66779
95221
12613
10834
55167
53884
36478
1517
44482
14504
24259
72629
90998
50857
5408
62050
60010
46522
58531
18327
96023
79151
1976
33312
82777
46203
5875
39147
56795
85371
48811
69152
92395
56611
45635
25374
37837
2210
92677
53619
55723
8756
18344
17815
2121
70724
10192
56262
77654
26748
21076
16760
54815
27755
98970
63071
4926
23505
29055
93756
71600
92490
29267
96127
23941
6132
7328
57113
55920
63103
15692
68191
78941
87185
17140
12861
33730
16563
90616
56693
80462
38491
60054
16883
69311
29718
75982
5262
24208
11666
75556
24189
9775
96421
77124
18643
25100
86398
97056
36792
25933
83494
11317
12806
68766
73938
74476
88893
31302
18984
45052
13923
64917
10892
21644
97212
33754
77638
55158
80737
94769
78993
91911
21440
53337
67458
84324
78032
37668
49843
71078
43056
59175
83563
80454
7867
16433
59468
75827
81545
11577
22809
7968
17477
93424
50946
73467
86950
83541
61805
28376
72237
6951
87363
76684
42650
70453
47988
85557
14411
722
8136
3863
1331
45924
91139
96833
98482
68667
18227
21902
64502
34463
96345
96968
77102
83714
33714
26375
92967
80052
22433
18774
72293
94133
64827
78422
55712
40294
30191
99612
61688
74648
7760
7702
65238
63782
23616
89708
99072
1343
13466
49377
88121
54683
52892
65656
74195
66479
58800
16275
90897
63515
73141
20054
54654
59616
70831
76522
65540
15983
78503
63806
79850
87965
44672
12200
31149
55794
28408
24265
74553
89761
98262
36271
81316
93106
20631
91572
88711
76955
96687
69571
25978
26413
84702
86171
36843
72906
26672
10091
3451
59893
27985
90749
21077
72642
35948
30992
64203
72972
56446
1470
8719
64517
87291
42588
91243
38760
93916
69952
45278
67562
66756
73916
27060
22223
41934
62312
37312
55225
89525
36894
10777
13244
76511
1855
33134
24109
30503
94003
79494
46328
92325
92110
27448
80336
92125
2894
88132
57953
29185
55136
18445
50721
70563
36354
93876
60101
24378
37347
52658
16177
91696
74887
73009
27367
50983
15879
11048
80577
60454
79509
65521
10745
17508
88380
74504
54149
10927
39686
89666
28416
5912
78872
75367
31907
58687
30424
3150
69491
45655
84719
47668
14228
41686
6537
29945
23612
3836
45016
71607
27042
15197
46328
77279
42004
81100
40622
74866
67080
30725
92234
83225
82442
54199
48972
92097
7477
52845
45123
16886
83389
67544
57519
32731
82824
21307
34920
3652
18685
47090
82520
27088
36852
39775
67715
9990
58221
3698
44295
21738
1085
49493
17150
18620
60579
23505
22976
92846
48953
83329
57414
95040
24230
1681
41193
70426
98544
11890
82473
84197
27695
69533
97866
78022
88892
21377
28888
38680
56456
37867
10219
10821
23145
81873
22661
33281
5135
38139
29464
28259
37621
49006
88358
43072
61267
57046
9472
34886
14897
18448
59759
35090
98037
73201
54257
7086
34909
67414
28155
38410
9961
96266
58014
20278
71407
80941
23684
13338
31538
63079
98969
74771
36525
10889
70214
45642
48552
91419
3352
18577
38157
37384
60543
89181
39221
76643
19219
12155
62588
22676
74385
23185
18835
34530
1603
37970
88884
25375
12350
68924
90447
67243
7941
27698
94531
39078
91499
38961
7369
72149
64245
24562
68842
89455
26877
80635
32593
86533
13875
226
25115
43469
4414
61727
86731
20042
45344
12364
8154
79257
34872
30907
22187
35449
32321
95285
87805
27864
40440
81867
18201
10071
24763
22522
50636
79929
89548
83712
55246
5261
20725
26165
48256
10837
98693
83017
20149
39091
90456
56376
99975
44335
16565
45484
71114
26887
16049
35535
76990
31508
10034
18378
57150
70036
33550
41215
19541
58586
62193
87616
80048
37678
81052
74091
5806
51714
82283
87619
17301
55346
64655
91243
25726
86806
9562
39265
25008
78504
12698
97780
52746
17229
79484
88036
12954
18114
92466
41045
60491
19493
29007
14639
60923
17468
18126
65333
70666
31845
71251
50656
81454
90364
98569
4952
17284
74786
5035
63982
12513
44208
27582
54201
46054
22520
97499
25835
93746
81876
40395
72111
31473
55342
33290
68705
76018
85515
15438
94570
1591
40309
26433
32470
91141
6339
39818
89076
77083
21127
35403
97225
78432
58868
49347
19729
26869
29673
72787
64660
81705
96415
16701
12385
25931
49675
45128
30986
21530
82224
4384
90651
7449
27556
83419
44440
25662
92669
15766
39218
60329
89752
57406
90085
47890
3526
14731
63793
251
10036
62631
56243
13925
45205
42380
93248
88222
21774
29898
36861
14359
15741
25224
7486
77972
38823
20706
57081
32989
5693
33937
64678
55378
38154
76105
1654
86587
31900
30108
6668
41789
21964
90683
94620
7400
23180
40604
54207
83693
13228
77687
28880
29069
54824
44650
37734
92013
13650
58813
30607
52966
63191
45568
81861
48152
23409
31504
98671
49918
12553
42552
11447
32381
25670
77300
12835
95767
74518
46033
66738
38172
23384
816
45781
27328
32196
81226
58440
61479
99000
61070
53164
97372
73823
65061
64066
2977
64480
9750
58374
93601
50593
34981
60613
61249
35413
48150
92828
61110
5481
20815
72846
83024
22951
26876
18338
19763
76325
89324
81239
99942
63086
49017
87077
21764
54026
36229
93266
74608
96972
51551
3789
24102
57752
52581
89866
13837
74127
40900
35994
22792
70072
71930
58151
49483
14605
41629
50313
22187
15327
81748
1800
12462
53607
21379
86286
1346
81739
54436
51912
22218
69704
34224
40345
28818
83746
71550
95867
13475
94309
88290
79635
94322
30743
62647
6991
6931
55389
94711
93663
44236
45767
94502
70190
75492
25880
34799
7323
49562
55829
17286
47544
70929
1034
50957
59518
91337
48851
15474
50283
44169
74318
82934
53946
9816
28411
74376
8413
81260
26124
22511
70488
37786
22639
24838
27773
70699
13493
22754
58784
9903
19390
49456
46615
91659
40515
80057
96624
73870
84928
79431
98447
12674
91612
69441
90562
18494
89142
93458
76866
31640
46254
31944
9352
45080
12365
44153
48682
61703
3442
45408
40561
52070
78041
72420
92056
26620
95978
18713
99043
19367
14140
54560
22810
24403
56932
83689
67872
1608
43934
17530
9332
94813
53942
3303
61059
39339
21684
33217
45928
37309
70146
6572
43586
61475
82107
31975
26288
53254
92977
57680
54251
82422
66939
40224
19936
49567
78265
4946
24232
20921
34214
37762
37030
36830
93241
3056
59613
66967
69432
77795
332
1424
28409
19850
51911
67690
30838
52414
83506
75599
19789
51299
10044
49056
86801
58541
24054
84906
63728
18656
60783
91511
12194
36911
33677
19488
72171
50310
33706
98592
15981
50115
21385
60292
99981
94719
39891
11519
64415
15787
38354
19482
55729
95733
19978
87176
12594
7434
96975
22008
41661
10325
42983
2468
96134
99718
16444
76102
25983
91342
26910
10633
90279
54502
61747
74653
95280
68015
71708
5733
76107
4308
56581
40683
81235
39019
99240
67668
58386
30523
48224
47693
52340
88312
26341
10980
53158
71817
36168
3860
98506
11435
52044
48664
3482
6030
32863
25568
92375
22653
30580
65249
73837
45819
49247
35047
75044
79209
87500
30630
58310
25540
86940
81806
87720
17579
13564
86205
51447
63710
96740
61742
99744
56673
37897
68463
63963
89696
23264
92336
33013
20941
64784
47319
69465
9830
99986
96145
7611
94321
58664
75075
6977
89705
18455
63422
39277
86130
52258
73681
9163
86887
92676
88793
79668
91158
28362
89683
42429
89089
34347
17041
79423
23237
63364
97643
62755
21079
93940
42189
88906
29578
50193
28367
97654
67149
94662
25410
75641
29586
98634
46021
61816
67722
45053
75127
9083
31467
21089
168
89364
10035
2483
91880
10185
53894
36069
833
4000
74612
1497
37664
96102
47254
90268
68045
76123
31414
37980
50109
11966
72078
5415
55901
42705
95401
73858
69647
82344
16550
93155
16273
53524
55516
87660
67704
87558
52567
17317
93404
2274
35679
180
86093
55650
35705
64635
92579
37571
42951
19118
98899
25457
10827
22927
24381
16394
45738
32232
27906
21489
3915
35428
30323
85457
32030
52235
38181
33067
92921
27225
10049
43167
39262
31225
35768
37939
30072
12131
95443
26595
36036
95855
86408
62629
47853
58964
49768
90679
22672
44418
25622
38696
54078
51928
15954
25727
39935
33251
59635
76428
31987
7604
76084
39561
76307
98077
20133
22701
41207
23400
37186
27405
82577
18195
95904
94607
32663
55627
51812
81580
26590
7492
14222
16513
88481
55315
82226
43571
9697
59593
95559
92604
12455
13132
18712
55414
44996
95795
13017
11587
65465
41245
18932
75383
19923
29135
75808
44035
37614
19273
1843
56830
38458
62211
74734
44529
68379
11017
89399
94848
24010
62704
49636
32336
13849
44788
6227
62586
56020
51568
2166
11498
17187
76760
57644
75188
86380
15446
6315
78260
73173
69312
22841
34272
50887
93042
97371
77580
67310
73710
80772
30425
85820
79308
70606
37020
69230
5759
22375
88903
19239
96134
92099
30486
25688
27084
93647
89272
71681
70429
49030
59671
39632
9317
24508
5926
43944
33798
77687
79334
46302
59861
56062
40212
72221
49586
80234
32595
34537
81379
68665
15634
35296
77132
27137
60762
56829
61772
98017
83895
11638
73975
19539
25824
86021
80492
91902
35204
44387
65970
18313
56594
53488
27092
30025
80325
99664
40054
7707
93322
5231
27058
71021
98896
83077
39828
94710
94411
13557
23374
85190
12837
75727
17304
53688
28610
99797
55688
76389
47086
13275
57259
83730
46277
46567
89597
48969
21438
25976
80138
10661
29845
36516
78369
45190
73172
64953
98834
63301
71485
26437
67684
52482
91318
68048
94069
84217
34034
93063
32143
89202
22264
78644
11043
58744
7570
39688
58629
25217
9204
63707
70628
90060
49031
25323
20068
31914
97009
62336
75322
33362
13635
45168
14435
94008
89375
90398
21666
29336
84803
68604
13812
64620
88022
71410
68625
10942
17710
18455
49857
96759
84220
13916
7704
87925
7285
14120
77264
10971
97181
49022
43457
43010
57426
65371
23200
25165
17331
80347
45265
69659
5291
78683
94314
25750
42013
17017
44422
7784
74829
19607
1315
53901
12169
11295
29785
46211
82803
91072
14583
66750
36780
34967
76923
84792
85758
40009
12429
30565
30725
15212
68280
40837
49180
51078
62183
85331
76544
63021
26520
33914
643
40461
74592
9352
87983
87848
27131
52314
90356
10135
59373
65398
67312
62191
86426
59000
48282
95263
36415
24420
27339
72790
54859
98202
13386
5985
37533
51048
33875
17138
42875
50521
86691
96668
15660
33419
86658
49786
92499
23710
35149
23856
12776
50793
70143
2186
39061
56294
92507
45504
7274
46958
61785
8923
71389
11583
38058
23825
85761
65849
62026
19340
82178
3976
89474
13513
98939
50876
37142
7579
69140
82996
74609
3408
74139
19385
65579
54508
88765
78759
32949
47313
72961
78950
37729
24544
67330
50359
91088
3897
58887
16297
36185
4287
23777
41932
18195
61751
98304
2941
40992
99086
54322
53823
33718
73210
29402
95627
60362
61337
86760
19198
69339
1654
23962
37553
83096
14954
78703
47750
75184
90302
13924
30654
78741
68879
91437
62343
73291
10634
92273
1747
83282
35031
67490
79940
30157
47251
91192
69923
81039
43349
35786
15343
37218
95090
39656
92147
37491
28699
5495
38993
33917
90596
62666
57562
30448
46496
99801
4543
92030
11016
10593
53697
55586
70266
41240
17957
3949
61758
19242
6340
62094
49668
42549
13247
11357
7401
47006
28783
55301
72217
77135
13338
11148
41582
60141
36354
67392
98934
91993
87703
30431
93747
49603
89773
49187
62779
60582
33096
55016
64288
5093
92724
85371
94538
46688
1809
90626
56352
18930
32747
2786
7718
89994
21703
80496
53376
95555
98906
21912
69749
35330
44180
34019
49103
12653
30137
84265
62270
6787
70544
36179
79036
59131
13397
25195
77259
80636
25673
17442
59803
17686
88905
56382
15080
20380
63548
42655
18848
85407
77573
31084
20705
89928
14713
44894
54209
84689
75818
54600
80807
67744
46146
86785
28567
76385
44140
95729
37900
73311
69259
47860
51325
77951
63694
27693
96033
24026
33179
25450
13903
36404
95624
23760
76799
73789
54858
15875
97836
33796
49156
91892
15067
34675
63649
5416
33652
51819
89884
34848
28975
68349
19164
70698
96811
85857
25022
22404
58711
43767
10698
88232
99635
79736
14696
65976
74513
46072
23403
75431
38741
61370
61323
82082
30524
99951
98449
65113
83992
45453
28331
59438
73849
51561
79455
62841
97288
63120
74620
60469
79085
54663
57644
90635
31664
55005
62854
14105
35004
21418
10945
1566
8544
64775
28610
46564
15471
92201
44374
12971
56231
13339
90619
22606
39214
94839
50872
24405
60025
98080
85614
95638
40870
33663
48486
85800
53097
67417
37929
10021
87684
53417
68687
79195
15440
63103
15791
62832
80632
76052
76021
50608
964
17289
39121
42325
30771
91035
28332
35601
23137
81829
52534
96250
70568
17651
84795
96210
29283
27326
75092
96594
4270
65480
79289
15539
77993
53654
30132
64473
92123
41989
72240
13469
93395
4234
43921
15637
1098
5291
11390
91586
79301
40307
64793
76309
83670
84150
12559
75614
82529
30337
53226
97203
1468
16252
26051
57242
74224
31520
24245
31539
72029
26255
8014
47365
54873
64340
5470
36995
29785
68280
53138
77243
56744
6078
23418
20539
58708
55004
56774
73696
19560
36118
3920
62748
50356
97976
20498
47267
37129
21648
80408
27571
44896
4518
56528
83837
52538
91450
81598
87700
50338
69560
67340
70897
28271
35129
97599
43361
8006
73657
42820
54123
89756
4113
88169
15394
39928
51153
79241
69059
67383
10492
74783
23211
19145
82879
57756
12761
22681
4047
22323
76635
298
74590
61425
33240
64989
47002
79210
58201
7087
52578
84174
46165
88959
27974
10299
45335
30990
44858
75596
77646
57886
19062
88527
4849
48989
77101
50069
6604
19387
86792
25378
19404
83542
25503
42180
79907
32535
26291
55136
48025
71733
30763
71367
67919
59480
94185
52424
2417
45976
58887
75072
3543
19140
12051
80556
51608
63966
42021
33759
70860
54179
43513
37903
36059
70248
34734
63657
55623
32001
98426
95813
11604
77339
48551
49300
32176
84713
72109
56821
40770
83708
13325
25480
92659
16458
32008
58138
60883
60753
21882
95711
48010
79190
68886
56829
89117
98374
7679
16964
71864
34301
83169
14396
61950
9573
69002
75672
58474
49142
79176
85446
11136
4668
83583
1992
35350
40727
391
41852
13304
50011
30720
20695
31325
43095
98868
60977
69092
23475
12935
25786
33514
41010
20509
20139
16843
71799
63752
65879
84145
72836
91948
23583
2430
53790
62866
86692
17011
25580
12869
64856
84347
78078
59340
92750
66775
25163
28868
60080
40454
71922
79674
36622
59856
58754
78050
13460
76111
11221
61782
57397
46971
47799
68815
93347
98289
57540
26457
37665
70399
98128
32310
60848
77134
87360
92210
50469
44652
56533
30813
55387
51445
62601
57066
78277
27262
61714
59716
58876
89118
30723
17384
56854
34106
81522
33027
80504
53931
91220
94376
78114
36909
6916
28846
24712
22023
88035
32708
52514
32146
