99681
6601
87838
54266
61725
58402
66260
23046
72948
69290
96538
20243
4812
88872
34407
32718
88864
36618
90851
94408
75300
80135
31422
4929
94758
21268
44701
16882
27953
38879
69615
96502
79915
49035
55486
96182
46718
48488
44096
40464
14228
81038
32813
79811
36603
79862
63147
73562
91656
20949
14342
53778
31608
44918
36027
22410
78641
36979
50451
29222
455
21648
36877
63872
26906
85172
45652
27756
37053
5668
59824
74949
51633
65438
55960
35417
85296
79663
64933
94767
56454
47601
1601
93488
5018
92357
53982
36889
34986
26921
26852
59899
42708
58102
19202
56941
58897
72472
15430
54095
74811
939
32455
91995
31952
16814
14111
74666
56815
20359
33431
27553
60126
19123
78874
66646
67534
22824
9931
58434
22550
56713
31187
83909
23357
94405
32530
62129
23636
93644
41719
85012
10783
68655
83274
30885
78963
74547
46663
10506
87131
44273
54085
13540
30069
37102
76276
536
10393
26706
80614
63706
49626
1415
44420
44152
71237
62576
99553
94656
15110
12131
395
33263
7306
71749
67389
19863
16575
73248
56434
73580
31416
38787
83957
28172
51629
45750
87028
76617
88287
94777
62674
4500
61880
25272
92091
39655
30865
34637
81650
76622
54285
1202
64967
69939
42979
87361
98788
40870
40473
76522
96518
89957
21323
50608
40393
7085
26795
9312
33436
36701
50819
43791
19348
32996
51510
32303
83517
84551
73316
29006
76106
88944
63084
26828
53325
42357
57260
78614
88707
8932
227
9092
33767
521
81272
47115
7654
88316
11508
43103
39314
26314
37610
75241
47856
18238
80470
71713
98541
16107
6211
49353
18541
81112
35079
40645
63172
18281
96937
72346
90077
1127
15459
25346
57783
80203
16642
9993
85072
10284
40714
45672
38074
31522
76983
31100
70954
44726
8670
30497
76239
69736
55441
77584
44959
49148
64834
8466
57421
92643
35199
15424
26359
36673
18811
88825
86684
17120
75438
21215
36811
87249
13810
66350
92918
83770
30062
66362
85669
69536
19888
28036
231
70354
27763
97400
30084
89615
92193
63334
32622
2358
94449
60923
75509
2824
32977
8252
16473
40604
32799
32255
99514
11615
84177
90278
32588
76421
89397
85880
1607
76017
69010
52605
36890
92604
83501
71989
85311
23717
21576
46966
77610
5526
39844
14657
34555
33775
23592
864
67187
41842
48986
29438
24259
66410
41801
44354
48255
51192
57581
16234
20082
22491
92391
28800
86507
35547
51746
52283
45525
91795
56219
43029
44101
83193
76572
7780
44972
86315
69827
75800
90892
45303
81026
62384
10984
77190
50944
18777
91508
94407
29469
87171
21067
3892
41426
28770
36415
17155
55671
39358
19306
43691
5534
62327
40228
23729
19740
826
94894
32014
78152
32216
23626
87230
6204
17641
26286
63432
99129
93148
781
17605
87079
86457
68949
88271
11961
81654
28952
65031
35055
62930
28002
57379
11189
21713
7081
13426
49769
95573
49411
82637
97434
75573
84721
97757
11787
59197
64632
25571
48343
29121
43344
35399
14447
71455
82710
37312
45951
59536
80444
14364
56910
10219
39008
57230
93476
25847
14426
58770
56742
78346
25007
64797
26268
30402
20067
53605
96596
61343
58347
66122
48512
316
53025
9441
27066
70472
72080
48891
47207
59717
96782
96438
10745
56444
89802
62432
65455
40795
39419
47619
4855
36557
43032
42289
38004
91380
9126
1709
75291
43013
31020
11859
36822
54176
67138
22342
70315
28266
19880
67285
18455
50921
9203
21800
55444
63931
89826
31277
54810
86835
17327
27609
85826
92210
58112
40509
32581
34398
46685
40839
8963
76225
52509
88306
82975
63937
59161
17707
48839
1047
48578
17312
28818
79342
39374
53991
69026
77178
27597
4777
40649
59571
6073
37930
39560
41357
16556
67605
71475
67828
10381
1192
3856
81545
66306
27993
20286
43348
88841
70116
57618
84964
34913
4242
69916
54987
33731
39559
17320
10447
41198
76968
79777
17422
39136
25607
18512
8625
42528
19469
74050
27435
48248
2115
72871
79407
38625
14685
20822
2444
44278
74052
62223
43142
4970
37630
9689
50673
43478
70779
39977
27532
10347
19263
51684
30136
28741
711
66459
44180
48544
50650
97014
42295
35684
75086
79660
12104
61596
94067
25581
17021
3333
40768
13474
95119
79202
71864
32941
28502
26668
62520
59178
28518
77254
76769
91127
30150
20942
21340
6384
50216
63056
94511
22450
62602
7156
62938
45506
72584
27256
85806
18694
2684
23481
68811
11280
94164
16138
86996
97852
64525
92167
178
83663
83441
40004
85953
88478
55787
990
72251
79249
82595
11283
98367
83676
76730
84365
2590
57037
69315
10361
84098
3845
73660
96278
36955
68285
79561
34985
18983
11914
98987
67598
1756
6522
87393
25672
757
79550
31899
54361
87736
6338
51191
98670
9760
28599
71931
82930
82124
2130
97965
65379
68387
42958
69714
13921
87138
91884
2305
42562
32099
91131
68419
94690
63595
14674
27946
99480
70865
52249
91403
39716
17190
69800
44441
47589
26757
73735
15104
48231
66905
90293
90
85145
75525
66277
51473
22428
15348
64162
23890
84408
71582
54995
81546
42953
25907
4665
59552
73814
77479
59061
50607
53986
87770
390
18014
2075
15747
28432
82877
2480
81816
33945
44990
26528
96573
57294
33038
63021
99686
72898
90383
85776
42091
2838
93395
72774
34535
15827
6615
2343
74092
97300
10969
74807
40552
99777
91320
20406
27852
7863
40679
71890
62526
81475
14925
61276
84093
10957
11932
54840
5548
60625
28651
84078
86526
29736
86738
31293
40764
33285
20706
39407
50165
93308
12767
29672
82019
70045
26396
33816
80950
52702
38417
90480
97471
45782
97146
26577
85979
34022
40111
65855
58810
20978
50588
98389
52299
70957
39164
97715
46406
57363
70231
84498
97909
74543
98837
75127
23520
61405
63677
13190
91251
19338
40687
18574
55214
99063
28347
19042
4234
67741
25020
37704
48963
47690
14068
43242
94438
85961
79236
28683
5176
61088
584
93907
5760
25491
62926
811
5234
76165
56497
81764
21433
42175
53462
19697
67936
95785
47810
55701
33118
69046
86166
20727
31068
14524
91912
95826
33443
23776
77343
34857
34759
32336
39339
61111
51178
15114
42718
47301
75406
58203
78827
86741
43739
68353
89082
21339
16649
49329
68388
76524
85771
32309
78225
42798
8600
58797
79340
89231
13495
40502
76576
43089
52454
51241
59346
9602
40263
79194
48410
28682
99368
73280
99039
86110
19629
64564
42189
81298
76316
83987
72534
83148
69381
67710
33186
72019
33356
26657
60372
42757
17301
67376
9244
38856
86922
68588
86866
76472
10220
50309
99477
3519
78548
5690
77856
6947
28996
78045
36677
39770
75279
22386
9802
15352
81537
3829
38205
31433
49772
7482
14612
87450
15889
14608
84229
94289
31751
6911
14783
73853
13227
48369
31588
36072
64677
47629
97731
37160
97682
71550
1814
60661
81875
84754
3061
83862
4177
16030
97909
5716
58188
62751
79200
57616
5855
23899
45522
90928
58769
91494
95437
88276
81402
84193
29946
51207
33039
37596
81821
41553
58221
26972
35731
22185
90911
21720
7115
73608
35083
42589
32414
85433
40767
44018
20332
48652
99795
42262
17940
82794
20347
71364
24080
94370
3980
89048
49131
66978
50920
24236
80864
56609
59816
8476
30800
84089
2725
93544
90495
17779
86146
77559
78028
17723
18938
70775
76300
88018
4193
93571
22145
84993
98874
90334
65468
22827
20181
57244
6540
86300
23330
81088
31425
29726
11543
26976
37314
34986
83865
99237
53319
11515
938
67726
87188
78206
9968
99315
10099
23461
48606
85895
80621
66171
74145
27895
38372
6227
57001
16560
15152
31705
50290
28541
96500
2570
23854
62253
87164
67263
5904
50227
21142
29091
88120
71847
67562
34854
15062
18762
98967
8043
6077
20327
21867
55804
25349
24756
12414
1149
68221
60792
89900
41086
8555
23047
32205
87945
32353
39240
41363
99388
65854
79447
38399
80753
41438
38439
51201
63896
88352
50687
69962
35110
77426
997
61103
51558
14490
43641
59036
718
98211
24600
7827
55565
97730
37184
352
10913
56357
78291
81210
5669
99191
78613
88792
20199
10162
78544
39341
24983
37409
46967
1409
70075
68657
61063
97422
25151
89940
265
51284
5194
48849
40596
27385
35661
61771
8879
56161
21396
86892
79508
19525
31775
60014
69040
98899
13738
72454
93543
24418
72039
22894
56629
55920
32142
66830
59055
50971
46507
36838
78632
83128
90549
71226
71439
77875
67679
54745
79574
67395
58471
11372
68461
26601
97580
93816
17005
68741
7261
22704
10513
53141
25261
57019
21758
15756
42018
56221
91203
2122
20876
80324
81915
19357
43891
27762
71343
6132
51241
34817
50617
92284
69790
65816
57732
23385
53075
75497
70063
85571
52998
83811
25456
39738
24076
46427
97109
76807
46620
34835
55877
36080
62504
55748
85894
85143
66055
44525
91767
95249
91502
67895
14141
37918
78909
74692
2556
74922
7125
7284
50491
97311
86919
78708
72330
80004
45032
72259
44063
15990
17312
54850
1307
89473
97602
93336
60684
634
26582
50303
67467
7837
39794
8558
51206
24607
95175
36548
74168
81839
21880
51086
35092
20174
31333
28725
10625
84711
84293
30983
84767
82668
54066
28832
9064
87919
71166
89973
13265
4282
16676
40476
42959
15788
73562
94427
71735
20017
51394
44428
74430
6684
16511
618
81439
38627
50020
13084
44411
83000
35880
41338
96026
30783
95862
43520
77167
49104
81217
44494
27226
57675
89141
94937
83112
5523
39176
30386
19829
8201
53232
3025
70033
67494
85646
38910
53055
39540
8423
84155
58042
41354
69108
83121
96083
40418
57135
23030
57206
29656
84174
31032
45323
35329
61708
67977
22264
53381
17698
69894
22755
28411
23701
98854
35284
93248
94441
21116
72793
5972
55572
14920
83332
87153
18125
34784
7631
47368
33987
99638
87296
33754
64137
66695
96423
48816
41935
17760
64772
92855
89996
6284
72613
36219
4663
32574
96237
3167
37397
6232
95281
26903
27405
49366
48796
15106
72536
90042
91698
96743
54676
17621
66481
3914
18583
70126
14323
72203
31840
91410
73136
86556
37385
8312
47905
45117
26360
37039
67039
11414
6517
16007
91210
19440
88183
36025
62245
81904
27287
77076
28831
51729
99878
77381
72140
69725
42554
45218
37426
99944
37763
31443
25792
4489
43516
14749
38840
77845
62910
57485
38574
37401
43342
42749
79624
46836
9654
48102
42757
112
944
54850
71162
62875
16287
28988
4375
46054
49400
92183
31113
75257
74430
72407
44248
7056
31788
9712
94320
81847
39466
53930
92030
12573
94659
17038
75824
85464
88301
35791
98559
67445
15111
10135
54344
56058
83617
73293
38805
7450
2581
7296
41915
14483
10707
24275
40829
54504
3994
38789
87117
1622
61827
11003
13810
39958
57751
73389
54566
2062
2241
50730
92662
33651
40350
35432
51437
17440
9553
47052
71754
10124
18611
77298
39789
73002
25928
47930
3057
84610
30860
38607
88147
17096
28524
39157
4560
48310
92849
45006
41453
63595
86070
66154
34288
66303
86907
73001
19372
29826
43507
79149
43034
75664
48376
98945
28674
19699
36831
31872
45817
33173
60165
39907
38820
55231
30760
85195
69403
37395
25106
21895
23401
10211
81840
3778
76272
3245
63810
54253
16297
34931
67371
16357
67465
18555
45927
87552
57727
3936
91676
79257
3930
57330
11337
20533
34375
84017
87676
95825
55127
46785
15680
3466
52703
71498
22451
58281
5562
75023
78997
41737
809
3657
6972
71142
25755
39200
32005
32708
53671
67557
63909
12505
23318
52623
53053
13688
54334
30640
85804
94299
35880
17683
36798
49100
53811
2452
60354
75664
35922
91963
44314
46352
16528
79447
55115
86182
29524
60756
45045
41088
86527
94680
29340
71892
43538
71007
18244
96929
20301
63793
68315
61021
23794
61917
34161
90496
38184
75317
92195
31116
15740
37701
54228
1880
22081
93169
76956
39160
18648
94986
37851
24554
5515
92044
30310
46175
11603
83543
226
89251
70073
18408
30351
7115
35673
5716
75099
41979
25635
58432
63352
77106
17916
27360
34823
60018
28449
73098
30739
15215
25195
86518
27163
93588
93870
58101
84999
33676
70811
60394
39068
96212
38950
33577
29546
35610
46242
26187
20546
68817
71847
52843
4901
5429
12150
21248
52056
44629
94291
40887
89108
1442
73457
88013
88889
14258
41004
99014
20195
84465
64528
11853
70837
93957
42903
32904
88177
66653
62863
77046
11689
59157
16857
63080
28464
83272
53902
52250
72042
95667
30524
68045
21058
81730
81166
62786
8122
84985
68170
64212
157
36513
98612
32211
16145
95885
85296
1689
24968
95624
10725
25290
49621
84797
78077
27597
55355
68641
35624
28865
46017
83009
79232
34750
10946
73796
76679
32810
21985
44125
22412
48980
91514
22256
51501
33584
17108
9150
30870
22895
94866
49871
64648
58875
75209
63674
42261
83372
23755
79668
93032
48170
162
66579
1825
3903
38136
95485
35582
23352
70099
30066
40373
63768
9790
30770
70009
62658
4621
21517
11840
27669
12934
95132
74523
19945
80387
73096
71930
91812
14355
53522
2664
66447
55292
74246
91844
91816
77024
51512
20288
35987
6731
11210
39733
71149
58588
61066
67841
44032
62221
26616
22238
56371
45505
95622
51008
93497
24778
97592
32363
55242
40564
6922
47983
65518
95953
75057
72545
15637
66081
24505
3927
28804
57949
96782
66399
21995
83424
17943
26301
67794
97012
31388
38399
60720
59413
87528
2558
44126
21251
93641
66579
93568
99945
18388
95316
16131
64741
98822
98602
18341
64308
16262
48336
8845
96283
30822
80010
8379
42900
8103
44447
97146
56883
14524
36885
49554
86452
59303
35976
35674
76164
23680
56966
45323
67656
14581
1162
31216
1229
42250
17331
16090
23981
92129
97184
51471
58971
93621
6026
90562
68875
95552
51006
36318
21121
27357
83381
78460
18484
14088
53298
81076
32287
14785
61944
99311
26020
61039
96262
20379
61341
70337
56495
73496
37760
60815
70490
3888
49134
83936
13939
30084
26777
60997
26028
6753
21520
29602
51860
87985
5896
53293
41809
77965
43240
25135
74621
29296
77617
29191
28219
80903
264
33262
5140
25413
96098
2709
47890
65875
587
28042
28121
5637
96082
53018
92701
35559
9653
12176
93412
89750
98404
68763
76888
49867
85813
18542
79464
59218
86787
21857
12477
64377
21475
50709
13109
50243
15750
12277
33757
28765
86020
8024
85583
50504
35659
92547
19237
35765
83171
5514
11033
13359
42333
68983
26684
22193
43192
43587
86543
42904
97039
39330
60513
58867
21122
79644
69317
52952
86879
59893
98831
38384
65134
76269
80587
4338
92150
32227
87129
78701
60143
46037
84073
97439
18341
83043
73392
20163
60677
37170
98372
21479
91335
69356
69210
86971
85945
80324
15065
3366
58564
87863
36410
83538
78044
85422
90751
84615
11465
48960
73261
47510
57709
75285
49575
39595
21170
29477
99880
19782
70417
83614
39869
11619
44641
99460
52861
81045
82779
18611
54341
33233
93830
25889
44116
6566
42147
24671
57312
72427
22231
60509
47444
44401
22544
15437
98695
28856
96182
81087
92921
2493
39568
98188
31596
91632
88528
40591
67165
43491
68892
48269
80926
70335
28506
2357
40337
10513
98039
71491
46882
1602
77076
57054
98274
46340
63757
10209
80956
65959
68871
29239
48246
81132
87478
62399
31782
12721
31560
36623
48814
587
79442
47797
51542
530
97716
15321
35172
99062
89707
82430
81818
13103
96692
42343
78188
34610
88536
74838
56284
51679
43736
56720
21140
94967
42646
23964
3391
62795
95517
68842
90469
23120
17519
51728
12289
81327
71849
44591
5249
67801
10132
97461
21274
45463
20779
36956
89413
52671
72932
96976
54873
46627
18142
97485
82630
25091
36005
42886
15371
88162
19972
13570
51445
77047
54023
71041
69237
34330
3564
58109
6685
10014
17638
36204
59927
72254
65550
74817
25601
21552
19046
59250
19432
46262
96363
86740
2976
66323
83031
36802
85310
82234
33647
13021
71091
37186
30128
58989
94053
5559
55345
10374
40971
55562
30229
24070
10084
12072
84335
49242
3413
69063
30994
67456
69726
47517
33076
30600
6167
81099
53119
41619
9100
66711
65204
95517
81394
67415
89692
13208
42981
6537
70796
49614
91711
60768
76212
73799
3351
24
69348
13867
98836
80074
42683
98527
67725
28732
48110
684
4542
95408
76850
33054
13769
23420
64198
61768
7814
78362
92255
59716
10856
3125
73649
4440
16174
62212
73751
51637
6499
64435
23840
84056
24403
80733
49910
84947
21418
88502
52396
13702
51594
11301
24163
87367
62728
34990
65241
87809
20292
53485
92463
54968
80228
87007
97941
89930
40396
32474
13876
95121
42427
66942
24471
29670
11141
74563
8727
22719
72873
97841
92354
19609
60430
26862
38663
95441
18783
43473
13281
6571
86943
50774
67358
86134
56459
29515
9418
15207
88971
16135
74301
50113
23445
15098
5021
82775
98718
96160
21777
97544
57661
76655
41956
93001
40415
89103
6354
70784
75904
66857
95602
44492
61580
7416
40928
40386
79698
48924
60006
24915
75010
18670
38598
77673
7875
18254
13959
51184
77491
67704
92793
1841
97596
1781
96870
31194
95695
70669
33336
59929
83360
15290
53185
83911
43102
3735
9355
21473
42957
61976
98908
91250
37346
24659
40517
60045
1690
17820
73223
18005
42520
89423
34467
33503
68601
22982
63453
6479
63925
30411
6988
28512
20372
3559
49728
64160
13994
28216
43376
53527
17873
97921
51360
76360
68737
1595
19308
12975
83471
13641
32883
61483
46655
65578
42594
91157
47175
92264
19003
90478
64034
32365
31523
2584
79470
8565
34501
8442
89059
3678
78790
30279
84687
13148
19430
74232
31571
67593
81967
13494
90740
26393
90526
58964
51134
31692
27371
63736
50236
17501
15926
83610
33260
95768
32560
32773
51331
57640
48387
56699
57725
14541
80287
35158
8286
70220
83170
26728
91594
44705
40004
81188
80574
41616
4636
65877
57001
17305
58130
65612
90026
82218
57153
34903
93351
87118
1480
15565
36551
80099
23758
24262
18349
77002
78960
25031
98321
31959
43945
859
91997
76136
7836
11421
16993
91666
45665
24115
83091
26326
99818
37108
18630
20499
15472
97737
18598
63413
41503
19185
38766
36812
40123
48255
91622
93943
17741
66590
31740
87231
31630
56565
96445
10816
6542
11110
99920
66466
17185
30960
77680
36550
11976
70452
87556
8988
24120
75924
18589
70001
39080
68503
35659
98533
79260
45322
42332
5594
48489
3681
44946
59081
37636
10331
68704
2831
45580
19138
71873
13125
18513
55665
25749
82189
90399
35697
98808
63080
27627
74908
90081
40548
35128
99939
35092
2259
66951
55211
63876
53847
93625
77265
70121
60921
79105
87407
24986
80089
77163
96630
80679
66239
79300
78203
71669
8400
54948
81135
21974
84796
5823
57766
32645
71764
70627
75384
87100
56346
46894
64870
18290
95152
88336
9045
57523
2354
72569
71766
39229
75008
63199
50918
38165
79636
80877
81328
72101
72338
61803
51921
31730
47548
21606
6324
49789
94565
68541
49787
66550
70813
57575
14623
10104
94379
5572
72303
43846
73882
87838
61012
68288
26346
62043
82197
85825
41639
35106
79286
97015
69047
45512
64955
66080
32588
60118
5323
62910
7417
55513
81392
97207
89249
26853
21338
95596
47116
45254
91811
88308
1363
29605
49837
31924
90202
97012
92808
87261
93661
68214
46992
11874
83747
71022
85618
3124
36943
77218
13455
14492
55190
67051
95641
59028
64139
18556
27
60450
86709
88045
30966
54802
10178
97379
73157
63663
76885
93757
88386
11262
26650
60254
91521
42520
21786
62674
79002
73025
96555
84638
59332
96713
19231
47209
6205
73343
79068
94913
16902
83757
66924
98859
9867
96372
77386
40427
74017
98213
44125
15756
59879
45432
2882
73196
69359
99213
83233
45063
61110
59581
33730
15519
20559
71196
71192
95269
9790
20333
34491
67462
10047
68545
82164
9397
8743
206
42641
42001
80227
64328
46968
35954
20957
29375
4664
50998
80540
5397
42172
9922
75499
84154
36153
90135
98802
81446
52550
23283
87136
16146
96715
94625
6955
25939
94129
35966
67726
36852
39801
80329
11440
77775
49673
22886
28165
2087
70018
75598
10446
85605
76301
27575
51644
62862
25619
80252
43378
3613
70700
97097
8616
91490
24911
35045
93324
93142
79688
7131
10339
37242
72839
88071
89292
78091
57813
79290
21894
21732
62818
13130
12008
3377
50298
4538
57934
78827
76566
75553
18004
93716
35214
35385
31546
29873
97836
82182
27783
39647
70716
12192
74026
72051
94207
68415
96220
45330
10495
78851
84673
32330
26141
77693
88398
45739
14886
96382
36388
96870
6084
43034
19834
87648
10672
92183
69401
87186
326
3736
93408
36193
11377
92193
84520
7925
60197
27878
55586
44248
29259
73684
3933
66349
33590
74652
48835
74058
92373
72407
44579
7731
81026
77787
39785
30356
27895
15673
85449
91067
58560
27727
76924
83024
11147
51761
88193
69810
7004
18575
9540
83056
94397
96163
82907
30688
31379
25017
12045
19551
79788
50043
50350
47430
96596
10264
58790
59685
44454
23153
5455
5247
18751
86240
17405
66305
31631
11588
6232
78272
36489
58829
67236
65038
74170
84321
8834
77625
5430
18409
2959
47072
38477
62812
82794
82643
6621
88581
1683
68454
45345
84979
93167
69905
27432
52989
33608
88295
47104
34576
70705
23729
22640
48790
50792
5671
83333
68901
34708
59146
73828
83585
64365
45313
15775
34511
17786
51085
39779
19191
94326
21195
62125
42932
24748
76198
18684
56796
71746
96759
30050
92615
44082
86746
76789
33566
31730
8014
63746
14785
18325
17192
89825
34708
7083
36213
71363
1415
70723
69802
2088
11521
94705
49129
97613
1064
25995
85971
86626
56176
97293
708
72058
86910
71580
42415
35419
6647
26792
38199
39574
42314
91242
4456
51952
37078
46157
10800
86655
89753
91113
65757
65361
70295
43626
32499
18117
54755
61327
30922
99421
53357
72655
36322
46059
12712
18870
94436
39432
31926
53420
10135
98339
2995
19607
44860
24695
46715
40983
51526
76982
28633
13423
37849
90977
4397
56675
79390
36761
41304
81789
24256
63952
24135
15338
88390
42297
26650
22465
44237
83166
69520
79204
50178
11984
18737
60319
20825
82616
3991
19565
28204
3148
81754
60729
28660
74206
16119
68482
40957
62446
24956
77656
6505
33920
83379
40100
41795
5384
5640
29252
22494
76898
71128
61811
23850
81886
6296
25414
20339
15992
86655
77779
16918
89574
79985
86381
74784
91146
10729
52842
39492
7207
25475
39109
65465
66705
17315
14303
6766
83453
79461
97761
55691
58967
13794
1116
58885
94963
85371
10961
8926
92603
27590
40749
92535
19782
92850
3052
1490
46090
33592
25951
32904
10152
79264
70567
24900
23654
18765
99137
25114
60155
53030
68444
95080
86787
34018
47237
79367
16305
70031
14052
77773
31972
13983
19359
7715
25906
15344
764
28670
57986
78551
94692
10268
50614
42152
82275
9245
70085
72804
85804
31996
31462
33151
34074
47976
13960
4044
55345
54435
43839
27432
83490
34998
33880
83936
12525
65647
20942
28256
64865
53816
98261
5625
20735
21909
47060
75662
15421
40602
69648
27132
1222
65958
99907
99683
42654
85921
95339
53781
80036
5261
17758
3513
7632
87531
53915
84348
68123
26446
39485
22870
55934
82772
13033
15508
78739
56902
12518
60487
97336
64557
25580
63817
92338
34511
46324
77415
461
58949
78192
22319
98241
79418
57396
65047
52273
35330
67889
30024
26157
60116
92291
64581
34936
66438
35040
84316
64964
24292
8336
58855
62936
41004
1852
90335
14547
27976
84447
37887
60427
17545
84826
69552
38990
32573
52868
59606
53930
54317
79518
73110
69640
14934
76484
24674
66642
54434
27135
419
14453
63489
90935
322
88002
12841
91206
11859
78607
21576
29480
30
23227
89761
86990
50091
58062
93931
67794
8233
93982
42594
88037
71868
23118
14151
48644
98177
4785
22011
82793
98014
88748
40148
91486
56715
57882
72377
77548
77559
38121
27680
29394
46297
27489
35201
18896
83764
21381
22647
80451
66981
13746
88083
29899
71660
77156
71900
90024
38933
4536
12039
74532
78306
2988
7694
68457
18487
29795
91152
98067
37089
51877
34406
12096
3011
83522
68637
45540
19231
82359
64341
1402
68318
92169
66741
13108
52572
9519
17288
81811
883
98476
68472
28530
40002
7193
52453
11325
62105
63265
47458
32415
56612
1222
27085
46265
34322
12514
46025
42606
94176
80552
82234
13211
51527
66344
11260
45764
69119
34193
6880
39818
11022
50832
99363
8792
32018
90583
88077
17149
86150
62394
97155
6068
95956
18770
48906
81566
38744
49380
52857
60593
88620
58172
21081
23114
71093
96403
44924
51583
94953
10639
43479
44751
46684
75209
84189
98586
82790
7370
17209
20205
69266
2607
62311
6293
25189
68364
9840
71733
37289
30957
2081
18771
93046
94135
80327
99404
77724
5932
2313
36232
55887
99118
83297
28136
15567
14235
59768
24124
35442
90998
7869
7057
67888
34663
79490
44999
89740
23800
16500
93377
51610
15136
70836
32406
18705
3133
20055
73604
93711
35962
47862
85924
611
10832
2259
41240
38203
66345
32265
39041
92266
89855
71662
21166
97462
7715
63976
85134
45755
13274
33929
31302
53599
3586
81352
69822
55443
41554
39677
93654
44579
72575
30329
16823
30811
2267
46912
92228
63989
39895
2372
5838
65059
44265
74943
85639
57205
20586
68236
28430
44008
44342
4803
90377
6892
26230
98639
44625
22640
74650
76846
90055
19659
88095
55236
11428
81546
98929
46364
86447
93425
54410
51165
50695
51120
13881
48036
48224
52836
71965
23620
17643
85926
82032
47735
26733
81716
49441
94367
3153
33082
66905
28157
64090
36125
55904
56749
16465
46564
45048
76124
16701
48387
71046
86312
68080
47813
99185
62002
11741
81077
8003
58050
52968
42633
70988
12984
5526
39628
42214
41994
96164
68198
2836
37247
66995
50186
48003
20230
47872
68349
914
32020
22066
15902
68302
50840
13197
80214
13398
23581
52163
93884
54366
80603
84586
29765
94414
68218
92489
64551
51594
76197
13035
98921
29101
24807
21334
73641
18798
42596
6358
42281
66181
21430
65875
39959
14247
59555
62465
61655
13900
15671
42261
75407
40018
11268
88565
14478
27994
23442
90280
8986
87024
21924
18445
34262
10697
67753
67912
1100
57157
3100
34647
18236
16211
17433
98594
86817
34932
28827
78193
3836
34999
43415
24535
16896
25604
57455
20780
74457
63317
6100
57689
53817
42877
65723
82381
99169
41164
87610
83820
9864
8331
93920
16102
63467
48034
28366
21638
58353
77434
35926
23041
92538
12924
40270
42542
33283
25431
35697
68661
9241
77217
22514
91872
54360
2869
65886
47214
56446
52411
69805
62502
88721
64165
42949
16937
44937
41237
81259
1472
27963
20028
22662
66100
80195
28509
79698
23389
65134
13936
27518
11762
67073
19683
51267
93439
10698
11579
39457
22709
41601
43960
10423
64955
55738
88566
94494
20738
85514
75632
2435
73974
77330
76991
59392
400
76781
94943
32374
47560
71315
58451
60361
36776
93255
31327
61272
23516
26148
44211
51575
48902
58110
26280
77515
31054
86744
94915
35009
35510
55970
98454
30219
42475
19276
85126
36984
53911
73899
59431
27119
6388
88806
91171
22696
23003
94015
77529
74375
250
77433
79938
67222
70564
36554
54608
65277
80259
32798
9679
58497
98696
26373
50221
24822
35235
37818
99382
71970
48462
67185
33559
6416
63203
85117
20004
38766
98606
50811
83222
36292
99870
83678
38892
5296
83317
3224
89426
46434
39742
84833
71615
93297
34590
4231
52696
92089
74851
69043
53842
19538
30137
79219
41365
71182
32955
10538
45916
10222
87463
57712
47864
84897
48138
56295
86260
36859
85659
28955
16628
17486
76356
74453
82582
70439
93370
28253
8347
73607
54254
60809
991
52540
411
98982
75971
87420
36576
92065
37388
17406
41256
19891
42820
6741
65412
65927
5695
71241
39131
71081
43384
60403
23320
21901
8409
35125
60769
34393
29210
97844
93832
7857
12576
62804
4314
67101
57575
27406
86388
12696
9498
89392
62166
26135
94591
76433
87632
4755
52400
84431
36281
13846
37348
44359
12638
20190
55276
48849
63831
28465
91705
66837
54197
51294
11578
28462
97304
65067
34595
94777
31805
12257
29290
62617
10804
35312
26539
16971
22672
49503
42828
18977
22040
49108
57914
45790
83994
19228
72242
3821
98239
78200
22748
18366
95482
16997
98481
40061
40250
82950
67933
98608
68766
77392
21983
95694
55688
370
59438
42935
15338
70750
58646
44403
59389
91992
14464
41195
15729
9627
31183
9790
86335
15650
58982
74625
75930
87578
41352
37975
54883
23777
94871
44104
9468
51194
56318
5505
57012
8177
50378
40967
545
26597
69075
87257
97484
16695
49368
69218
15942
39214
18408
60472
5753
38916
8381
51924
33497
78672
11171
79662
40057
35472
5015
23220
15833
64691
65322
23015
59261
38657
57797
82194
10426
66152
36678
88967
2313
12772
31624
14520
2974
16649
69089
21423
14162
42448
64837
69451
70268
32444
44487
49047
34014
81352
81408
38248
93275
6223
91496
25075
18119
25303
95809
26633
75287
88442
37748
49681
20632
12531
44435
9984
46011
60322
95133
64823
62861
97628
41472
37304
36229
31762
7928
28454
983
87227
22869
8985
15494
78081
38492
49467
34326
33093
29124
19298
23774
41968
2624
18154
73724
53368
94108
29903
44131
36235
8705
60291
39184
25435
60723
80082
34107
31589
49785
81840
16616
43423
42204
61914
74972
41982
61672
36882
41965
37793
77393
33009
13363
28734
36015
33032
37274
27559
18569
66903
16409
92121
53648
43433
81405
55872
43010
1354
23551
29290
89935
65991
92212
67047
34936
37568
31811
84505
32467
37900
50865
8190
7307
19241
74520
52695
24549
91933
96342
36181
31645
97967
28578
27711
48910
7708
89753
95842
68529
85590
62743
99317
31421
69375
66977
86471
71085
96254
39198
87720
92543
50684
78022
85937
34136
85566
68851
17968
73381
8415
6580
63188
66972
54313
67233
12178
60001
10511
91688
81874
57764
93802
63814
35993
57544
44366
69873
86067
39231
74665
81682
54364
96240
36247
33136
39404
96539
35845
30087
91581
97331
62144
46904
84442
24970
62137
99642
74214
95018
64215
86926
43205
88639
9209
7696
42443
1555
87239
16809
20319
1041
73555
59265
70924
93771
49970
74930
95012
55287
84177
82584
65041
57428
86005
76517
66074
17546
52627
77329
19150
97904
61545
64974
80528
99687
78519
83481
94911
36451
42366
12013
59264
61609
65491
49713
90666
20916
34335
7122
9870
99858
15254
93611
45857
35628
62770
85280
46856
36002
61068
30923
2367
64372
69559
84173
75205
64446
3225
40038
36872
70075
88774
33792
66824
68490
31770
98438
56459
11246
58739
45170
58365
62575
85769
21379
17057
22238
11531
97485
11800
29237
27928
55946
13388
89661
70550
39599
79578
49993
10162
47674
64891
58432
81717
91783
45069
8312
86718
74018
76258
80254
40642
53494
21701
4146
37630
27684
57476
39630
32756
36272
62334
41639
90921
4341
34507
89901
77210
61656
1250
15885
70198
50042
76971
11733
62141
15750
78658
15735
45619
80235
38372
19431
11904
39012
60570
45119
37767
4531
13695
96897
72033
6860
30543
10332
7990
56237
91854
4360
23639
17995
90482
44396
49018
97160
47245
96639
23059
54241
76027
107
67436
86564
28453
40237
31873
31487
9008
32249
44218
81714
1925
80795
31750
42310
91870
54808
58672
8152
81001
2131
48865
78830
85084
29419
87794
50442
61269
85954
5451
84668
79949
46104
55645
64241
4505
50038
31193
85610
49499
99846
17035
32040
76012
59391
99574
17154
50814
93215
92749
77913
52306
73458
74443
36515
40181
80303
97712
68835
30487
69921
38489
98650
7530
83010
99259
73495
39027
90499
69659
55434
41968
2505
88173
73846
41734
7538
39335
5316
59685
67381
4449
58708
36186
58216
70795
57711
19250
33402
71819
34264
81766
62144
74705
53504
24999
66349
73849
58233
70119
58907
37373
72290
68610
8230
90676
20225
4519
61399
67883
26032
46823
78143
39454
55278
80984
73497
37748
86037
19078
62226
6932
7244
58807
70884
18535
78866
4761
55198
