23356
56208
25694
70872
93404
18833
90126
75191
99754
6579
87617
95421
852
60206
1377
46521
92389
58905
67265
92110
64032
36026
1890
82385
64760
81206
52130
79309
84558
77286
25857
78086
18535
88618
4177
41786
39561
81079
6810
81315
69939
4589
14440
69818
83063
9476
33042
55861
35124
96324
50599
19537
56660
57587
8182
12779
76446
15784
68826
67368
8313
75071
30112
16532
83263
63110
86295
21543
20761
9492
97139
71076
9948
59961
53054
15515
14240
30161
1276
59566
65817
29298
50905
61553
16052
52708
33041
90410
11344
40624
5211
80536
70230
8945
18035
83472
92086
92040
45155
31331
51903
26155
13165
93979
731
37277
41111
13220
23461
14457
69524
85287
29000
51912
83851
52882
64693
34674
10790
97523
35168
64241
28473
54883
44440
56896
25229
1472
74529
7091
6952
65202
13936
38497
67483
4239
16706
93979
21960
55129
59353
62432
11437
58789
60020
82857
64306
97592
66186
76512
49162
17098
38467
9646
91561
86956
38099
69489
46755
71525
59092
53196
11485
3416
51231
10392
53970
73089
16134
55801
46468
33951
12369
28139
35965
13676
31507
12987
50240
46278
73032
11730
66737
26994
36333
73708
48862
46199
40124
46983
43977
40517
70531
23287
98483
54329
99872
62582
77318
32920
11099
81049
10654
12280
28896
26717
49462
33790
60503
8000
63243
74594
80002
53517
79279
62224
38770
46287
58476
54983
28903
32006
59346
35780
36706
49912
41471
70425
8808
76926
57098
9494
95413
2751
1772
85225
95514
33627
36908
2818
45142
77277
14886
35759
6700
68563
44087
21767
58694
30970
16679
98
92134
14323
84723
34373
1541
70386
56502
41948
26506
44437
24275
71519
64712
45201
65730
5143
31444
28519
96500
39386
43746
34326
7813
99953
67483
53003
24318
92571
41533
72755
82755
60907
5647
2097
92351
81229
12959
48810
11242
81030
47771
53629
10485
99128
45416
51057
46482
85156
53026
98535
54978
23018
34416
19599
60924
51340
85027
15798
25783
85394
85291
5564
14005
67078
87862
37956
99244
7423
80454
37028
56113
19899
91470
4412
27875
4293
85065
13668
63122
46550
93558
33406
11178
1815
49748
49515
11168
37381
11382
93178
17239
6061
45732
4826
42063
93111
35246
16144
92331
99200
80589
61636
23070
12159
52887
9462
41714
72041
31390
91022
62708
77647
13415
113
54655
62053
41090
27855
17411
10366
90795
57945
45170
36691
66619
45425
30471
64194
45995
58938
74451
32531
44711
15342
99269
15446
41707
43149
19093
776
41949
72083
90670
5749
102
58403
79830
61271
54414
83359
28347
3004
62707
23354
97467
85029
27782
48356
2480
64267
75650
45092
52854
76669
60009
90725
13659
64580
43677
25127
33922
14343
47896
73814
20595
27722
87529
53976
28034
70449
50188
71583
87067
98115
26660
43742
74183
96586
20119
28985
99166
57302
99174
66741
46665
94049
56552
67406
34930
71373
45890
84167
84491
89546
64677
92476
70775
90132
54531
21716
37657
68984
16623
48242
95895
81431
25361
26091
29194
32996
85603
54130
29797
10791
1196
67246
24288
45668
89430
78093
16992
82229
75053
7602
14500
40948
75094
36553
27310
24245
55177
97404
25964
43088
14349
61534
85187
53916
44367
87396
82455
96823
2463
68052
81433
30562
11079
93045
55982
89033
88648
91558
50135
82529
99378
54666
81250
17353
92000
12065
21261
16115
28334
43251
77138
22524
27033
81349
95219
96375
60753
73901
86819
88008
19005
23490
71727
48747
29675
95629
80039
85365
6002
25436
99981
71379
37798
88149
78233
24751
75127
38568
46950
33425
24551
59901
78333
6305
96262
45580
76508
75338
75692
9803
67330
92282
48978
18082
44602
8615
82669
41850
53313
97484
97000
94196
13749
19632
89404
86295
21245
44583
45775
70369
67023
16338
61255
50622
45602
72002
95081
61558
52272
84890
46963
73217
78599
84882
31922
52182
9133
15128
54912
45441
48046
62353
79645
34098
32548
61789
15497
42194
68769
60248
39292
46545
91355
10652
11618
53723
32436
26852
83894
24585
52165
29772
19834
68915
38439
11508
71408
90179
55902
67907
94745
55909
80227
58088
15687
32506
7468
23996
43744
5068
11546
97155
71762
29820
10014
50482
70797
90679
77224
44362
74210
42535
89902
93474
43414
79269
92150
41187
72866
96045
96416
29100
68491
85002
69779
74550
66841
83248
81443
34994
26838
47400
76283
1839
26244
25190
49132
95832
57723
4502
98738
38937
40159
41077
61215
449
99834
26428
73191
92611
41051
19543
51080
84344
54122
55956
66867
31231
22534
95383
64219
22212
84893
55722
31257
71102
38760
52818
66362
88881
26977
59101
32422
76948
72450
27799
71245
26830
22683
81883
92623
97786
11694
7623
89160
60649
48619
43144
40855
82374
4515
29908
54858
9044
24364
45367
26184
52916
1936
84325
67354
65155
32562
32655
14711
27712
27262
53296
13066
39851
73548
18087
92226
42921
59153
68351
21078
51844
30849
32617
53619
32912
24741
20683
6403
95400
4212
68050
62907
9942
37586
33347
27234
81521
1762
19152
6265
32673
70409
12934
77548
69438
44289
11234
42739
77462
87286
74500
40805
17294
7329
54811
93626
45408
54718
27072
21722
59554
29548
74239
20487
27751
17760
60432
4165
19199
60902
74884
81474
65434
49142
31099
81637
41193
50127
80434
89431
84005
81874
3321
4232
22761
95262
92867
30848
72282
48131
83383
75172
37608
25221
55779
60160
65548
38383
97616
37783
16177
38481
91344
7812
8111
40984
596
7851
8850
46569
16410
10082
83641
77081
15972
90358
36315
4812
92036
46907
79044
40328
49203
49075
46268
38773
4929
33754
649
43251
87334
88780
60171
85624
92951
87699
20421
15749
6420
33265
31772
8228
11999
83815
34903
50752
40423
65728
84614
60544
12002
18749
43744
33793
89241
45085
81348
86863
73789
55624
68289
15072
42903
83480
29233
24846
14013
77637
25088
39983
86433
33228
82730
93107
29347
78011
35426
35641
12263
49947
96944
20205
16769
63098
47442
64258
3117
77653
41347
16584
99195
12638
58712
18762
54151
97680
21831
99783
519
35244
67747
94603
27357
58222
20866
21610
90924
24049
66271
41240
96968
64316
58683
49032
3686
16200
73599
83615
53842
9678
30524
95795
60704
3090
97011
26245
65562
10886
22001
69592
72920
8988
11410
18606
81325
70989
60327
73726
85214
29375
57202
73299
75725
50709
54413
9636
71924
74329
80234
37931
93422
52031
32341
78085
71343
13654
25526
29989
50515
3600
86675
86069
64692
23115
5426
33258
83157
87611
34908
51874
30811
63926
9085
67709
94492
73596
34920
7413
13743
4193
19384
66044
21731
56185
47921
53361
85100
92575
89124
50622
23447
21217
47953
68272
38239
39851
87111
90484
22776
13454
96743
76395
26281
81005
55495
69257
23767
90404
26674
16944
59676
79510
7308
58660
26166
21681
74068
38475
53531
44544
55746
69763
99051
64621
92271
57983
9278
98576
92468
19968
124
50361
72619
64940
36395
10614
32370
92045
69027
23265
28718
31208
99326
3818
76587
87097
87275
76572
42529
17000
48161
36270
70643
40586
38448
232
1682
89014
68692
32272
34174
84097
4387
62224
58124
79097
98725
58310
50402
8411
6340
1000
53919
40850
5145
28657
15449
10765
65157
94701
17054
4571
33889
43869
604
19813
9709
78503
6620
22888
23557
13757
54056
97037
57490
82888
32942
51143
52156
90992
44668
35881
34045
13163
24939
72737
29937
5153
1561
36053
53738
82199
17102
48920
55359
90816
57152
15817
35332
69980
82546
45545
6709
40843
75543
67991
63661
80531
83156
30857
32915
8074
10628
19913
37043
23648
94421
71146
60171
47307
75887
21253
28380
98929
68533
84404
45408
96908
95268
70730
70427
29949
92664
32302
56425
55056
46958
28722
59735
44263
61060
30708
61710
7141
80893
47376
63370
78106
41921
56480
75722
32486
9120
83825
65151
73036
97303
55811
75399
17780
58379
60540
35155
44157
25459
57482
58980
15613
53970
63252
69653
34742
66433
69083
29202
62040
75788
72178
97030
85389
40339
95799
61650
77124
26416
68173
18841
26557
95416
84087
29528
24366
64282
12851
59635
72304
25477
86769
50635
72393
88295
58287
26987
16758
18159
82963
41762
46389
92788
38915
63243
11053
84622
79812
83015
82330
90114
68589
5325
79673
2844
12039
88311
64108
88277
24387
68638
54378
71763
16120
96960
45094
50960
41368
18013
41370
45426
73230
47330
56945
51513
69623
91580
63118
89976
80858
40654
91196
57115
43524
44574
18834
76167
44772
17801
5506
18047
14400
11447
31103
47650
77043
13353
66793
79121
34083
41871
95543
36558
79171
21558
60383
63137
95714
15294
20708
34100
84653
55402
46813
30718
19624
71537
56126
87645
88356
86225
99014
60476
94174
45987
80068
76436
86548
64777
19238
25679
64069
27748
48511
91079
25859
84995
76404
55341
5847
26645
4004
21766
84786
55295
29298
99696
87084
60490
21680
29250
46747
51763
25033
81
37840
37286
94891
46543
98065
90341
63344
76909
73839
49025
49288
29410
66149
78668
612
54404
4396
53957
76385
7890
34620
36498
93518
90068
1123
82668
29084
16314
86107
95988
36258
74786
20236
10212
202
53493
97022
88864
96028
41137
88408
78090
6436
71201
91770
74485
61826
37287
85843
41842
47631
8348
96544
10854
69479
38703
42082
44669
43031
25065
71867
91959
23587
74386
74308
65600
26004
65964
81038
45630
87773
24476
81619
58243
17097
89545
42808
89314
72003
79229
87074
53151
27554
7656
79441
98239
47054
45028
28797
76479
67123
48020
7756
38112
60033
36229
46382
99711
32317
90422
33845
7555
40872
44916
97492
79792
43690
82878
35346
3064
59643
67560
21003
45169
2702
48730
59044
16226
21498
77272
12617
49335
84870
36093
82180
26803
33616
81824
70972
88965
11450
92537
168
93876
50417
66173
39470
22292
27291
6404
36541
82330
93917
60076
55395
45516
55943
72343
37452
34673
76125
91407
37272
77800
55426
87497
31031
74869
58243
99719
45347
27062
91485
2712
72570
91732
428
37178
65623
53812
61265
72160
92460
86029
94174
64366
58558
71476
80194
89601
81757
94930
23884
4620
95743
35320
9693
76188
24184
25321
6287
52957
56343
78325
48220
60150
95616
54567
62732
51344
98913
12692
3454
23060
36052
14963
62866
90609
19152
49036
35025
83997
87372
57481
18810
14195
38513
3049
4938
92507
21275
11059
55623
32807
72332
81544
87497
41049
47405
16241
49222
93218
28962
44440
32280
93829
80584
92434
54796
92634
85709
91705
44586
33903
38700
34328
79196
70921
62468
81216
94238
25256
49269
87832
21888
71656
56630
4625
1402
76260
38421
93495
63085
25045
61580
55715
74098
62264
60508
35949
86145
35277
31209
62687
42176
11803
92626
80645
60518
97906
81995
86593
19851
35848
65657
82043
88846
32997
93225
84341
60258
69434
56941
36828
74486
73292
43444
56154
7168
54671
43333
29161
26981
97165
68184
45890
86951
87622
57457
38451
92908
31217
31673
26959
90599
26720
59803
71328
74917
62465
33944
13111
98613
86401
62568
35140
26037
40620
32654
51873
4182
7055
50550
84904
88267
67103
72525
51238
43635
43378
82109
41447
33793
71338
36708
78032
32228
85458
9104
98219
81464
99617
12665
65597
552
30556
42683
37972
46365
52408
97262
92220
53288
31421
53348
41169
55880
10470
10654
45166
52601
8292
57099
51748
66841
41986
11166
39270
38136
54020
71403
51169
9948
81577
91647
68553
29933
56783
53497
62319
28067
8597
25096
68206
46603
86875
28322
80869
2768
60038
55261
99071
46604
70625
20110
26958
70794
41501
60445
92150
93078
59192
13985
74885
9892
76603
44093
45088
27258
16670
20246
67993
60923
22918
59664
98781
18289
90447
16900
19145
50006
62340
39008
95645
72351
77259
46331
2793
12582
83358
44243
49892
64530
66260
82597
70043
81253
93182
3432
20422
514
31565
23879
19446
49625
144
69369
66891
64592
49051
81247
63522
53167
83044
47737
53164
93320
11911
8773
20505
79522
49386
74581
15315
83393
63098
70572
296
22067
66196
79636
16511
889
93152
14175
28715
52176
66135
18905
28925
29787
12933
98470
76179
39471
62217
84349
58607
48346
24602
70528
4451
86737
30212
27159
77320
57749
49232
13512
41486
81441
20513
78742
91822
55987
91867
42067
88603
66324
21438
12322
39350
92326
19440
47534
7201
2953
17912
4896
35083
5930
90694
83489
51754
38120
27473
22349
64551
45156
20729
98544
40051
8772
78954
34688
4568
8036
9314
150
68746
9627
62153
21930
63196
15013
72735
36362
97231
85010
65044
58038
99844
59850
57681
17115
72115
29819
96084
97515
6868
7041
96536
17365
91611
57360
96723
66375
2849
58657
2041
636
50973
41879
42589
1443
9393
48204
99384
56238
69345
11069
29762
16851
42142
69551
99517
10019
3232
76445
62738
20036
17523
36095
71475
66574
48872
66008
40223
26910
56493
16732
49316
96090
80375
50364
54238
5090
13594
93264
87038
74511
39387
96288
80998
10219
91677
58190
62480
4428
31095
59683
49870
58958
54215
18613
27021
26380
35264
15153
74099
61723
48511
5675
61447
35715
86492
93824
30191
23675
92795
4580
68180
89184
13633
41964
24803
81170
3108
55450
18573
34283
83996
15969
14221
75324
97078
35220
5225
84709
49511
75439
47378
44401
57308
53665
33862
29836
36560
92885
49525
59298
18616
53724
36032
36278
90456
50040
15869
12091
36824
98023
73975
45266
62225
1290
34259
11393
54594
63857
71245
72396
61471
28933
16769
84915
16744
47058
43493
53704
28056
79215
67123
66091
42260
10156
21861
95556
16611
28310
46297
93244
68349
60393
88820
55896
45276
7635
34211
43826
75759
37505
88060
82134
814
88456
69059
84759
81415
32178
78344
23020
11415
21956
25230
49738
74612
22440
71751
98078
78343
97371
20730
74503
12247
72212
17415
95822
49184
40208
55073
19396
867
69559
48986
58262
67767
34828
797
29871
73565
94742
54644
43370
2993
51238
26921
12883
97884
48708
33834
62937
48998
71930
41445
76753
74665
37053
90611
54378
12321
29940
76690
23849
36768
35846
55083
41377
87646
84932
44242
14128
47789
56848
70955
98681
42666
4265
54825
75673
3472
212
95921
88648
53222
9257
94270
4751
34841
52215
38750
24576
14980
92308
92474
31414
56299
91588
48467
51082
52872
32421
50599
16975
39260
17014
47986
77098
61799
54018
70001
13266
41235
5197
17250
6432
24139
82937
48232
50451
77257
95317
5803
86275
58220
52259
27644
71103
53000
24869
43349
68837
45240
48163
37759
13502
13390
42363
21709
57908
93963
60517
72422
97392
44042
34914
59680
4500
73335
91073
70504
83346
63454
32077
20446
88583
29341
99095
99420
73656
3643
46939
60151
80967
76498
55217
11679
34898
15367
20211
91361
97512
77787
70118
41611
22184
69402
82663
45711
30585
21136
71539
4129
47616
23675
38034
56443
53185
77564
91106
37088
18933
87943
39164
10172
52579
25530
63556
50378
81471
37483
92626
49680
45628
57273
90200
89829
3247
10692
86736
1491
49121
43449
69924
30232
11697
6406
76057
86438
76900
70668
57464
38345
13001
14193
80186
81448
59758
61141
12016
63461
51448
35389
86860
22752
76899
68587
40816
9880
91799
76431
42865
24752
27619
91478
96295
91120
59256
43969
4148
41410
73412
34801
82574
42141
67562
2077
33515
7872
91035
79686
37288
14260
71411
65922
28758
39251
69074
77140
1858
53703
13013
91965
42335
21386
75792
28012
18289
48813
97995
14385
55385
27061
77750
6063
71320
68608
7178
5999
17218
75974
19710
26417
82849
66554
78979
51838
15555
76590
96604
19385
4481
89238
3069
50964
48652
17894
64831
73054
79510
53525
79037
80922
48154
65986
42766
30667
45834
8181
46143
61003
46611
11199
10860
48027
2223
44859
85115
88244
91782
52822
38102
58429
30626
37130
3107
20150
69070
58822
50369
80496
32233
14858
97665
97087
19469
78541
31071
46056
74103
94177
93147
87444
93650
3727
39448
14439
18533
17404
78001
75946
82677
30029
80979
62596
93272
52999
84603
48551
95480
29135
73708
56839
48255
50256
88300
7557
72229
22203
48029
41418
97396
59144
76531
32719
21204
48378
19223
2617
62040
45505
19095
45538
14339
12537
25479
48754
8440
54960
84472
9869
91102
77925
68627
96485
45932
85228
71891
92528
9078
22446
70204
84693
54932
41965
95452
40928
32140
71236
44604
51509
45723
37389
31714
24769
58693
22013
51303
28460
46038
98602
67824
33002
46548
36236
11851
24497
91588
14465
8232
64612
33045
74699
84049
43438
40076
93204
77160
23115
76941
4946
79835
28064
55331
33829
16390
80299
46957
3868
49030
89941
23398
97208
85973
34883
32622
1641
79111
37676
86298
31092
37184
5381
85716
74294
99920
92312
39312
33090
7372
91923
10733
36262
73705
80733
24644
34700
73207
86371
60753
57724
34265
81009
61307
69311
96701
4988
71553
31390
28508
56891
92450
49512
75759
87158
64777
50195
27275
10647
19092
5850
19579
45886
39647
47557
90713
22288
25202
88167
87401
18831
55236
50112
90098
91332
99081
86210
25050
94041
3071
38800
24061
41251
12978
49218
67625
19997
33799
41190
45337
17584
91691
88577
90155
16238
2136
50707
51456
98238
94080
37145
85456
90513
94457
51243
43240
59539
88486
26693
75681
19805
23646
63620
1022
80808
94012
26662
90370
32956
42210
97875
45611
31878
34602
80091
39567
16199
88682
33173
69329
19145
6947
64871
54464
95630
36998
55907
1165
55777
79396
910
14694
78957
49489
78332
71380
85708
45620
17143
33421
80567
19278
52255
73655
36573
52452
24203
77754
18191
63754
7149
16577
11256
72814
77620
3053
99305
64639
57355
75765
41938
20792
46847
4893
90509
70956
86685
7602
68341
71503
75706
29952
83604
65695
87980
77296
99161
25166
84053
68194
98920
9805
76577
37603
14668
57718
37477
47210
95848
95894
41799
31540
60171
98773
10428
43226
47201
81668
56268
30093
42054
63937
46290
28622
95029
31754
90783
66667
80255
16892
81663
70713
47000
20678
5331
85963
99819
46447
17789
88621
36077
58945
70491
87583
77039
77328
36586
18961
80205
64427
94251
56536
9091
9566
6243
21194
16607
96897
81309
17179
83282
3873
21258
35701
40321
69897
85033
81581
47864
51437
88545
54376
35965
49426
62282
27754
76098
74237
72876
23094
82740
51863
91776
73191
32401
60441
95315
53385
7990
83034
82856
49717
25398
46738
30652
13544
82183
62954
24165
22463
65719
41475
77268
25424
36092
49503
65658
99240
55176
56079
69607
13085
14299
43866
58669
783
435
81319
23779
99136
46462
85576
454
4716
47536
65379
857
44391
25424
60702
49389
63794
50540
50277
90651
95578
31725
60731
47598
1069
6662
2971
8863
61529
10950
52586
79640
64099
88397
80444
65049
97985
44570
9311
71321
75221
12963
23655
60100
97734
24478
54039
80995
24508
36028
39465
64538
17368
48054
1978
22858
10062
33311
90517
11799
41920
47321
14906
75268
58072
96131
65643
76473
3041
87600
81747
24775
84770
14163
339
80674
96089
53430
13483
4205
55568
71818
8705
56404
63999
71577
4785
81842
84158
65303
94321
27667
2116
33591
5439
51764
84865
84346
67561
2727
15956
59746
27897
13522
91562
99044
20827
71126
31892
57660
86252
78126
53955
37531
25666
47950
8963
26651
53650
42538
48465
80115
26178
31928
36538
16997
13227
8366
34610
20181
53610
27525
8590
90133
18755
88992
86494
54523
91442
30213
74154
67700
2832
77033
7560
86129
52191
10315
7288
75487
92947
51990
76924
5398
92828
7978
19030
18343
18963
60533
55392
88408
61889
89690
19107
56716
64871
97107
84788
29563
61805
59155
50097
13985
47403
69316
49300
74770
43117
61167
76209
61419
95110
44539
58578
59268
37333
68780
77837
36545
72396
61036
68766
24552
40291
12936
166
91789
18200
34449
93248
46408
36960
13635
80060
40296
37743
24962
9434
90369
6720
98879
61124
26561
46401
539
24872
6305
19358
65891
35025
59255
66473
65785
54401
86599
70979
36499
57901
94426
35402
26748
40277
67623
70398
83289
93054
61485
52657
15431
11694
46307
52267
32351
70147
74630
41111
9019
10609
83666
78094
50962
55318
55980
80862
97535
98492
44860
71126
4768
44874
95480
98481
65882
63303
87803
39548
94586
89932
43796
19814
40182
83973
22907
19331
69682
55588
55326
78877
50943
92289
12090
34071
93822
90194
75397
20319
41762
62243
26760
75248
96115
7347
47754
80513
18254
75307
26376
85806
39305
90971
25696
16513
60053
27282
80941
8668
16957
51449
77517
54085
84523
29293
56893
89966
3978
33272
12582
7968
85702
95883
81681
61093
8847
39354
32246
70607
95452
6996
65202
2439
95595
14717
77655
28981
12007
70345
84317
45801
23299
6904
45878
46501
34787
47849
75743
37607
37627
18140
94899
71542
7790
40039
49786
8072
17176
56500
24158
40173
92519
26198
87262
70684
54500
86535
37019
79320
76016
11391
79439
29823
32265
24851
59038
89519
68844
44199
51013
13013
46452
33137
19567
35476
28512
90892
67239
48302
88083
9269
60519
88561
74037
83846
90959
61953
26487
16781
98193
23550
8852
12872
49160
29362
66931
31039
45641
54105
8104
95965
56082
24941
59098
89261
46368
55021
9759
48909
91772
19370
82660
85233
31093
79054
93225
88119
74697
69993
84265
57731
77916
19193
64599
54455
8940
16597
82947
80976
82043
28598
77148
61887
8107
66051
55376
41506
72840
58103
99247
84191
68414
71345
1998
30652
5484
3288
26151
3294
46128
41865
85597
44605
19490
47615
80189
576
10301
13853
91776
62810
62391
14202
87661
38816
20146
44746
22203
96037
33803
94597
58036
19989
91664
30231
19446
62858
83535
3331
57203
78638
50729
24404
83352
17230
21157
87650
96714
93559
35553
10941
53772
90832
66691
98106
62781
23444
92589
17879
36863
52554
14191
91468
63922
78115
80791
64719
37279
3919
16515
22180
24945
65532
26935
9504
64605
91212
36138
27640
31298
97777
16155
13323
3083
93064
83137
27816
25458
63984
32863
95069
64703
70853
37143
70046
18061
80894
16981
56558
31630
34015
82412
11917
73957
52059
29662
23807
27921
44329
67893
63348
52041
49250
27887
59129
11586
22165
10198
77594
45454
51175
67277
25650
16863
32330
81766
47153
90985
45817
73488
77992
56422
35277
15662
37588
83411
34879
45795
22885
89687
19739
31369
34282
83395
9117
91426
1595
86517
62314
96613
1635
19543
99246
32090
24519
24324
96749
61697
36727
6443
53096
29643
36337
33676
89935
94764
53196
97855
21149
14537
60647
26740
24276
95020
11310
51092
37014
15126
44006
37959
8477
44788
61111
90223
15255
71178
13331
86450
86658
13195
64230
99221
73216
6795
62108
2819
34327
45964
93545
71213
6088
19604
12281
68171
47337
90688
55381
39265
68321
46994
21806
47324
90688
35749
37962
81276
25689
45633
69768
86796
83421
45930
34385
90668
18324
55411
62397
7312
14394
57648
85375
63937
29653
4521
74319
3297
56622
2378
96722
38060
64147
81431
22759
89338
56264
82909
57136
24672
89542
86436
37435
50710
50897
21536
28044
9268
19033
51527
48618
91222
86349
10813
57987
49599
88726
61642
67292
89753
63512
88302
66904
36154
28704
60715
85092
20418
62441
41984
93693
69729
23378
40822
31263
86550
68852
89202
99564
8785
41410
5995
18805
29338
96802
2006
91399
43819
32194
89565
15509
46936
34488
67343
35037
36463
66715
31249
35578
73402
41400
33361
73894
63490
41809
76187
87178
50445
32376
40228
41667
66056
63972
34020
26866
71008
60910
49633
13057
93577
27883
62630
62125
29442
86661
89746
45876
18640
42808
94541
5596
82182
14086
67798
26558
84422
26296
81463
36205
96578
55378
97594
47047
10939
11218
73973
55447
1163
85381
94624
48420
3325
59557
65031
63225
87738
12978
1147
80306
90175
29996
94723
17952
98217
72650
88337
28409
14643
96795
7791
10271
34646
9271
8151
21099
83087
63520
46370
79510
93055
56794
82584
36452
37836
32260
73510
82605
74244
42483
45550
1385
641
11082
51736
22743
2376
95319
80967
65099
43436
26188
88422
5138
3664
83961
88064
42339
22761
88963
96719
48003
18433
25731
89357
33589
98328
89469
51814
98268
89477
46619
59759
35342
28187
67270
32943
83864
92294
97185
32315
89992
13077
72034
99808
73147
89425
47565
54521
24899
88459
55310
80417
38004
29301
19731
29954
98955
22502
87652
28332
44219
86177
45984
72161
27446
80111
54293
1229
63605
32360
80731
92563
62148
14193
36622
52866
7693
40064
30311
59750
92223
75899
25558
76795
14363
27934
39485
94557
84410
8795
19116
20091
29374
15387
65012
94857
12692
47459
16682
1524
12611
28274
5915
1745
47476
36006
62598
21647
92093
56095
90811
76715
72972
94619
53742
83585
58060
97792
96439
82336
54903
97241
90377
36151
93657
34296
19820
69195
10428
91929
20378
9354
21461
47879
56211
19386
4746
51639
87710
22315
3711
84210
4636
72651
6236
47825
15274
4056
34652
18913
53747
80592
48245
9157
63279
33028
6623
97531
35741
71947
53922
68567
92664
48627
75712
17515
46233
3058
61820
9256
18760
29530
2598
98142
37152
66987
68965
53503
15519
49155
49663
93250
24998
92656
32488
59780
71763
43846
85028
1416
1785
7596
23739
31711
13145
40625
76344
62755
88831
21084
45917
5437
48347
6657
89863
66919
87706
77103
47290
34187
89504
99622
91241
40042
72516
74630
33540
44184
34089
63298
40350
58853
49141
61268
34297
44023
93808
69418
80016
75602
87418
16062
89633
17210
74440
26211
66902
44784
85373
97531
44527
66231
8802
30277
28941
84762
83554
90068
29565
83591
22468
71739
57823
25267
55909
72357
58834
66881
77425
80353
958
27966
55070
53466
70877
14435
13701
87780
49894
97565
72414
17938
18616
12201
63192
98053
30592
16217
13362
40799
15623
57523
79096
29558
23675
91673
72093
66916
54712
88451
10577
62266
36435
58760
40607
68245
63139
65436
64806
6057
66924
1651
88338
90905
88937
98308
53270
23017
71766
71816
20616
62859
82263
49186
40538
32693
85768
94201
54480
10740
45377
84064
16771
93594
70214
39990
68881
47442
86985
39337
67390
83765
10364
44822
59915
5780
21623
40363
19473
33141
61442
72750
53370
67740
66240
25750
22973
34654
75000
56151
7316
74043
20897
28731
42299
25028
46761
87532
66023
29047
20930
83406
12897
3756
4585
50633
24510
61383
18837
31140
16636
20302
25689
7469
78299
14165
17077
13621
66741
27797
63903
48408
96379
31291
75018
60218
87726
73244
59920
47117
51735
20518
15426
82639
79972
2226
14472
21009
92063
44790
35606
78130
79692
76375
25774
61289
93182
41531
99276
28738
27287
45820
18707
82367
72635
70745
62705
26944
46704
20359
77745
25022
51124
95172
29757
94352
23642
99468
18317
86033
7682
43556
16976
33529
94644
55028
3478
45255
66329
19410
61305
49024
88918
39993
1158
1105
65510
93881
28779
35505
93939
73511
81790
30434
69809
97557
90279
63126
9175
77149
19627
4653
87483
96726
31895
27453
48104
66441
71525
91243
75582
89534
74830
25525
92263
25647
20428
59666
20338
20734
4203
70449
31437
79234
75275
42398
76003
8445
57108
10755
45008
60297
92503
39883
18557
77392
41885
73249
98461
12187
69583
6072
41571
91138
71552
37572
19133
36994
63707
63333
23665
68781
42660
8004
69426
99836
56654
39381
60319
98687
41081
59388
76696
14996
64037
17613
1374
34166
80919
28875
23718
22221
14439
48466
25946
29731
70404
50161
74733
68567
9573
82446
21784
74219
6540
87597
12725
59031
29337
71660
67959
64704
16585
95077
1956
18083
99464
43575
89009
11371
75738
46718
94744
79203
95618
46782
74808
61926
16813
35487
90793
8625
74782
74258
76187
66649
76855
97458
16394
67833
91296
78086
45120
65412
99127
28035
92007
40665
71509
87566
52457
79093
57241
93950
35878
95874
70835
35808
78065
72748
94095
11156
13480
24596
21819
30389
63182
2526
47159
79638
14118
70629
79065
12968
6830
59023
67833
80728
84950
87291
99776
93109
91835
60182
10440
97807
261
16236
84879
38107
4793
38204
34334
42547
43035
26021
36336
506
75844
39420
39522
83709
46684
67744
58902
66389
49813
92228
40099
38090
36388
99883
59868
17905
57308
30643
70203
8565
46984
96840
75754
80788
56420
94776
97614
80096
74553
10343
47121
21478
39315
48921
55434
76363
66977
45612
70475
12882
88681
52777
36455
58267
74789
17327
93374
19845
50494
18863
35430
56628
31075
66583
86007
40462
63206
77830
36276
91551
59667
88094
17841
75580
93838
3063
65125
12260
59528
81551
35949
18947
6333
94560
15834
29136
97742
65226
54873
41110
66422
45520
96317
25424
64491
33919
59435
19854
62066
66952
94818
49268
16543
90926
30373
52289
72904
3163
99110
95373
85637
72493
3344
62571
72967
75150
70225
69006
89298
68609
43458
15816
52440
27736
98293
51117
55347
17859
12154
40023
37822
34786
91054
8707
46320
89852
54368
57368
83735
45704
45441
38056
93997
89256
73544
46190
64825
47606
53247
56727
10917
29399
5869
14110
5784
7564
49857
74608
85455
48391
72696
64238
11196
68218
20331
94800
28667
16459
44888
58246
1101
30627
45418
88602
75123
87494
12520
1521
69801
99326
35416
36817
99036
57648
87662
93469
86217
44720
52629
2107
66100
86927
94584
84630
55650
76690
55469
28575
76627
76095
26270
42094
10655
92209
66070
92999
46700
11466
76133
26200
39945
79752
27920
57758
17995
53072
8824
48072
38401
935
24357
48819
64821
83456
21582
75092
46498
56527
4360
27060
19629
29436
51241
12085
34785
70451
54744
8819
97195
3545
7570
41222
81774
55001
82139
99780
50404
56700
52832
3747
11091
86678
76837
27676
77735
39261
92720
25195
36977
24149
12336
12627
27548
35207
31787
96351
6087
88720
81155
2370
31460
90197
47365
98432
44429
20533
90382
3110
83134
50935
63801
92755
82290
52321
5033
4826
54621
88106
34576
38464
1187
74472
5850
93728
81172
92099
45273
93230
39717
55531
50861
81625
38124
8292
79568
76105
12920
58975
64251
18407
39530
31621
40728
88604
19604
7084
29222
80050
89676
99340
24162
95319
20332
57259
97272
89663
51018
11028
94086
63817
73487
56231
22537
77818
58967
89642
26983
8230
79108
1276
79640
90381
45630
12170
5233
91777
28299
64187
33870
88646
28551
64870
39068
14963
84896
27715
31008
73909
20657
51999
42407
44434
52121
52489
74668
48362
81975
18569
64319
16346
54245
20433
81112
16411
75309
48747
84632
71719
83628
15665
24951
40827
57410
79132
98320
61816
25651
47732
92613
48900
18398
5767
39216
39117
99383
18837
16296
10190
1794
35143
96748
9674
24654
61247
56687
52821
92940
62923
68512
10673
67211
98804
65748
82582
28402
48211
54034
56555
40473
48802
6395
21137
29956
11184
67477
32032
83420
74446
59762
61704
20204
38471
58273
89689
67221
66189
53777
28862
13358
21870
95102
38372
5916
12358
83929
99705
97962
44781
90136
93328
53765
74513
79671
22208
32055
31806
46857
14476
19038
99130
2911
35166
48584
90381
73620
2860
38829
41054
29042
93884
4616
79545
29381
83044
65747
18731
57115
3050
50591
24912
57396
30762
69805
68356
55627
99318
27148
17238
13569
78999
30479
79163
95298
70386
83114
35518
23574
67014
60201
33077
26823
86674
60877
77295
89226
66099
77156
32425
65932
42475
70052
88800
97306
70910
7747
28544
58125
35381
62582
7387
19152
97285
2084
86390
59151
2506
63719
19933
24798
27628
40990
79671
7843
56228
67153
56404
10465
94904
19139
12674
80290
54850
81581
7135
36864
30223
83389
53417
81583
53091
69130
6993
90027
48793
54866
5391
77978
72968
58578
26094
62142
22338
48321
87848
70010
4694
17833
26284
94557
97333
34755
73179
76655
20625
54095
71283
4887
82113
1517
39395
5511
15842
2203
1181
5990
63992
43659
75689
60056
67154
97791
24630
19083
59019
67524
16971
55968
79852
43401
13788
46131
58190
52602
28728
55849
72702
58941
43679
50070
71418
84328
53169
68584
98167
65949
6690
90420
3877
33028
31081
49435
11690
14371
26136
11608
49259
20796
77734
69097
91658
7299
37351
56663
11880
43482
28093
10083
30219
55948
99336
18927
55163
4770
70904
5735
51143
9221
84260
33898
19493
73617
8723
95481
82070
38161
96888
67386
59175
