67612
31175
16052
98485
5622
61877
27173
89847
10228
80237
2178
67153
84690
63978
94951
55706
40071
31128
87688
6881
68495
70228
99926
80426
18490
94159
30321
44438
5136
53265
64964
91898
39295
73787
75042
79282
3042
95493
85946
31086
64816
21477
70329
42634
20863
66865
58877
73500
40947
93948
20402
53319
19462
82620
13931
28972
87829
2509
23326
52000
78437
51630
81724
55768
34577
66344
15435
73216
59729
42351
64194
25900
16552
14913
89953
98726
81258
9548
70443
84742
15656
9676
98593
94688
8730
12722
35644
44598
81415
74304
6822
78574
55636
62512
57365
43135
17127
76277
6117
13285
53398
9465
99217
60916
90545
86949
30190
39848
60265
95935
18500
72347
98620
61710
43434
52688
40350
28345
82525
67149
86244
9869
90812
91430
75664
75933
73283
16883
83637
72228
27203
88259
30758
76774
35290
27786
75039
38868
33044
55446
24463
71118
10461
77535
80769
95395
4737
86045
59269
72276
58371
54516
10048
17847
18422
69546
49997
86616
78171
97913
63214
13369
73720
81311
26835
77913
56977
49842
22501
6611
52422
30994
80496
48573
55977
90487
76939
17041
54522
64521
84869
37705
40801
42703
21102
53027
67111
31263
28031
15652
49105
88691
31943
20601
61625
96637
6355
40344
24427
5361
3544
48581
62106
13281
78752
41617
62588
24006
85007
54524
33705
83609
88402
79579
7051
450
36931
75125
84066
90888
30810
48839
48087
16135
42931
49448
77979
95776
40056
68806
97755
20074
76876
41679
95842
90022
58196
64204
32331
59184
42113
12519
48449
92529
59934
1838
36118
11442
40210
50224
97596
27595
2483
20932
52355
13625
69640
79433
68048
5582
68472
6375
98006
56289
59252
58196
56371
5511
94302
99507
3018
88538
88981
27703
25304
30197
33662
11398
51093
56738
59921
54936
13641
1514
64700
71295
98377
93420
99288
35968
66573
17641
86182
65887
88015
5851
29701
30809
58465
74246
39092
92554
72235
96551
96734
98448
30465
27337
2727
66247
72445
51830
45105
6866
35454
51306
68619
7099
32316
41859
74135
28722
98662
75701
78935
79218
91738
59579
82803
85857
55361
32488
62377
74166
612
57819
20049
79892
11343
96432
94284
6645
7713
69459
40361
48738
70285
82319
53619
25342
92432
17541
79067
42627
43087
56440
97597
82340
51724
49733
85425
62833
84740
34960
86993
43545
16041
21658
78210
57290
56983
38767
81249
47732
72277
18939
33803
40587
61131
60125
1736
40523
12410
59699
31765
25238
79675
70933
3213
47161
3032
70846
62388
65677
28929
58660
74304
65816
95277
94185
13444
99188
62542
41194
41722
37000
62894
93012
74060
40210
50763
74519
82463
36550
56621
30387
80828
77680
15456
73935
47004
52917
7315
51560
87472
89592
61931
870
20042
9976
46500
10635
60812
72534
94374
88100
84011
7765
9472
87554
63519
75322
41891
57954
9610
11731
61853
1448
44834
58292
82321
30347
72413
71644
1456
75913
3352
92246
47158
82395
18660
20027
36547
88804
9837
37621
44724
44867
4872
97503
48797
54215
14937
53032
87718
76322
88543
25974
43679
58934
55580
42695
93313
5837
68452
56722
22723
88325
95937
40492
67286
65127
52480
42887
68157
3544
46877
54005
17836
27593
80646
62186
60155
97001
53486
93727
44039
6875
93712
95795
23751
34082
60510
58188
86790
61816
63333
98331
97537
78846
99519
21598
57630
56590
16660
5822
71079
75084
54637
2745
42146
75131
6072
37242
71950
97996
18641
36868
55516
55792
67379
5998
72679
86319
96603
61992
96498
76466
16564
14683
92285
4954
54437
42575
38947
26931
54483
99718
90356
49475
59732
32197
44713
89149
35186
12755
95625
19730
38551
22138
99703
28295
66875
34571
26678
61889
70632
59230
11418
37405
69574
40982
27756
93596
95560
44963
82682
49371
42929
81057
72120
40033
86436
72958
2679
29330
35304
6233
48832
40481
42612
89670
48910
5698
16700
14382
66949
90045
98296
46515
26930
27710
13037
90641
35489
43305
27867
60543
15893
2154
53987
77845
15752
91723
93074
41768
7903
58367
92142
64081
7784
97020
11931
57515
93587
7718
90923
4315
38250
85669
96896
99050
83854
96152
8959
97870
81520
43043
49203
46023
69321
92068
2715
63301
19767
61252
12721
14566
55796
9385
29912
11581
94132
76647
82465
34542
96123
30902
18650
982
17624
89471
87828
63208
51650
91857
98639
12402
81102
7472
60132
42302
67018
57709
3759
69972
81497
85520
45719
74045
16524
86801
15259
47938
43865
16679
22522
94227
89818
3128
85215
56099
85828
32847
1672
92625
13954
81291
32689
44770
95278
59764
19074
98249
11948
12552
45425
86088
54019
96596
21909
55280
46745
55038
74281
24421
45322
38751
28345
83869
44740
95982
91021
87271
16225
7607
76751
75304
51106
29675
68697
63712
89509
67313
37376
33515
23843
31290
41399
41380
56873
75986
80098
69636
51024
77010
80824
65672
73691
39635
59475
76464
25933
75229
22456
59844
33668
74845
13117
20593
4886
82965
41884
44145
3078
74061
52371
33161
95043
43271
32724
27980
64158
75568
35472
75804
30949
60595
3131
25072
94625
64039
94076
92593
2152
70793
94932
94879
7200
11364
48936
18929
42129
77772
85164
65370
15142
171
71182
64966
14944
5683
16477
92547
58998
90386
47892
45469
34860
51107
25542
1506
15279
86752
73095
83204
97899
54005
79061
68316
12745
15377
94178
12396
67849
70102
24095
61725
7095
91151
28998
61255
74061
29121
26596
45231
99973
49050
27201
25162
66361
66342
26669
53696
88121
44065
31689
13228
45032
18023
27888
46944
13268
47878
21312
19813
35344
61205
37576
90784
85104
50686
34447
41647
42368
86678
39518
43635
90400
90606
23052
94632
20480
61282
81669
26896
11220
39950
52182
22446
79573
78081
56439
70285
7028
49641
11413
43713
75003
5774
26139
84805
51778
4667
60252
14787
41707
91766
82912
40787
53915
40753
809
54107
98741
68057
92065
46324
64948
50572
86049
56365
1604
98824
38688
36585
46142
59294
40918
93475
99967
66309
78700
88914
52483
32586
39235
39239
25187
88389
52861
40819
33033
9128
3851
73478
68235
176
66708
86482
28812
87198
35807
7054
65899
68511
22238
79990
23237
27143
25687
43184
66958
20893
48783
97001
54439
64720
56533
45118
17948
15815
48617
38775
44958
18645
51015
72269
97720
81067
1364
76396
83760
93928
16612
22100
2940
2188
13253
88313
57341
11850
36523
87403
46685
29723
61913
92592
18689
63023
96233
67724
32203
83807
86872
31651
58478
6846
69489
59637
8782
69582
42132
44264
45556
46
48835
90820
17836
26321
24393
30231
86235
3658
72007
49913
80224
89635
79645
71081
86629
49582
561
72726
9058
20370
62526
13563
60814
90119
32028
23394
98371
77116
96552
34505
50925
23541
77521
51425
56111
41459
47710
35634
39795
34252
90207
90365
48747
32921
16782
65050
10344
71598
83490
9696
1910
48292
39920
78627
63794
36402
58557
62711
12873
99931
95845
29618
56527
83968
73761
88016
29145
82710
72313
21904
85207
94930
92038
27420
10993
43073
27810
69190
62909
26517
24207
26381
37562
68793
27040
4191
83629
98885
44104
17016
11797
6605
86589
93513
90701
28115
48489
83124
55549
74590
92397
55092
20477
90466
32689
98169
52200
18590
62860
84656
43449
78405
65933
25794
33380
37492
92772
10963
41779
74531
65584
7754
62875
26231
26374
88817
68987
50547
26170
63858
47729
36526
10990
7969
58041
3168
86580
62969
69954
86422
31265
44798
64047
14341
90832
34978
94055
33019
69007
68899
39417
92784
11146
94577
94063
91740
90643
62829
97006
26947
54827
30637
63432
28011
66768
52989
71134
74382
71202
15743
87861
10635
10739
31379
93043
42998
71339
16593
97110
52528
79445
79987
22162
8977
28618
6032
29797
49377
16216
25699
84281
58695
52046
16010
84245
48185
93063
1163
81216
63506
24496
72400
71539
38145
2520
66515
51258
35134
95699
92181
58023
28791
85963
41383
49234
64393
41795
4812
47665
41547
39657
29942
29072
46595
42040
95245
95566
56828
61575
75854
24500
8079
42994
97424
72433
54142
32130
47938
97303
18848
35324
22703
67724
45270
78019
34500
52878
98204
85834
78440
53927
37564
90554
76778
34280
10428
45052
55929
40677
17079
27461
67084
61421
77737
4315
59522
10436
56324
75975
61859
47582
36864
22841
39142
58778
70863
30578
27148
4089
60655
30611
44393
46746
5080
28704
21923
39636
3061
70384
70290
10895
43215
61011
37096
61439
29253
3264
74506
13246
93560
53690
51740
19972
58595
68191
75644
11238
25352
21421
68932
99432
30949
52113
33490
63680
13061
67021
42789
5097
35794
34725
63006
93472
17321
27879
39142
50911
20838
86741
28174
12788
84990
44432
50192
93949
52332
5538
87317
38114
66403
33319
34288
90638
30722
95577
38664
33227
59077
25783
88788
59578
69336
45746
45246
71916
49382
72244
36585
1696
96720
69549
86415
250
89082
19867
85027
79931
28575
9045
39766
24995
89028
64660
73237
98816
62346
1119
52687
63473
93565
21649
91156
99003
12234
96521
44216
49479
51565
1358
20759
48247
63688
65373
83443
52643
71375
66512
44665
37781
79968
57709
44898
51165
79313
77768
28021
56977
93762
21110
27882
81956
2993
67887
74121
69825
17644
41567
17168
43301
41440
54793
12787
65559
36016
536
33726
52581
2050
26660
54166
69916
39540
34461
23198
48515
84364
70136
6518
86229
15309
18291
90205
28985
39044
80453
76535
65376
7682
49127
60905
69018
26693
56826
9441
37237
6959
57396
85555
77683
88663
10410
59678
14534
35550
8923
61326
72779
81818
16054
37882
49345
12271
37385
55181
55012
6716
9736
89314
93226
94225
4246
54824
43194
49598
57299
2277
6436
4966
33218
67511
36032
36818
9942
88917
97095
33826
3481
26997
14440
159
33048
37799
23528
23884
41101
67389
2265
83963
78154
3342
20789
59996
53504
81200
96344
49455
906
71619
29496
78362
32473
25613
85730
46007
19484
38304
63665
40229
10315
81079
89261
42367
67761
52191
83262
52649
86931
76403
92332
12838
78017
42367
75573
19751
82296
33734
83658
66558
39666
35583
97990
95568
19883
51482
84139
67977
71984
3425
58075
59786
91750
14265
50256
5661
41236
28776
16824
43753
68335
16144
12465
42305
6048
4473
40029
59990
2963
32269
42786
45869
20991
59485
96161
90124
77965
88609
6768
32973
32423
34269
80918
97717
29662
30015
62915
88222
44472
34372
5706
14800
13076
57178
58780
75247
61947
4896
35649
56878
24517
93066
63797
67777
35301
3937
8541
41392
72498
58567
24773
5799
9715
66488
88600
17130
78343
84780
69179
95782
60654
32761
86758
53763
44055
95125
12768
48918
47142
94713
83414
56338
65921
25377
40791
13150
57464
13199
17679
79938
87888
36400
55870
56923
72426
81206
28949
24142
97236
25445
81964
66009
90507
75593
26307
69125
68363
59172
91059
37816
27574
48166
20783
66950
50973
28852
68381
84392
64141
13291
79083
79525
92472
74879
41167
83532
34015
20732
47680
22244
70778
34989
15594
41819
18788
68314
95218
91898
8709
60492
75655
39066
65853
74924
62337
80431
81322
2794
36185
97282
61303
15770
57347
24733
51713
63480
57036
29280
9190
83756
31437
48816
59052
6184
66921
13423
81996
52911
54057
44295
12121
26160
53905
31167
31921
68271
98719
4912
74751
90821
2783
79761
69417
27486
55854
81551
73213
21760
91273
48313
56147
92811
39921
28055
68255
41756
14109
43898
81015
61899
57436
96750
55739
89333
38950
64301
34021
27284
92061
93101
61454
2793
33093
5017
6233
88028
71165
8990
34209
21787
36058
75547
73563
10398
72703
55100
33735
33515
96922
12544
93081
7380
68445
55125
58814
30334
63416
91302
60877
98589
22288
83243
49355
86619
66142
49758
7099
94904
61126
40974
55360
34284
61554
37452
81584
56295
43371
49411
26616
31481
71284
56229
61382
43213
24995
70848
93687
59536
24668
13839
78781
77648
66379
67660
29195
64735
95326
21380
8289
3575
86717
11139
91599
55
71719
83534
94056
93676
70122
21104
87461
95755
88734
66892
2226
25786
48927
15825
84729
83854
15878
67372
37993
25839
12163
41398
48642
2232
62712
41134
22592
84411
16660
78722
69282
92417
26283
13063
89206
65455
57327
6536
97987
36484
52046
48666
55250
98847
41639
45710
26393
47741
61481
23200
84997
48960
1291
94797
93476
70475
33122
98081
59661
56393
73090
81006
7692
74094
28595
86009
71566
48501
46383
67790
67237
18345
64918
16691
18488
11520
38831
76986
85451
25088
87515
96592
2310
26117
45111
2515
37796
13435
14958
8097
83899
39366
56312
72395
34018
57697
26804
96520
16004
59971
70109
59526
70272
40541
72299
6491
42842
9440
84457
87002
73282
51036
61743
2817
34015
65444
16892
23790
32119
56685
44465
78258
73726
19508
45228
69918
19160
62559
50080
32506
21228
79612
11022
77972
84968
93893
27490
55862
95051
91781
14764
46064
38835
90229
37848
37492
91684
91967
15053
50081
96977
84516
383
90743
65546
67961
74962
54538
23362
27979
56300
77617
43515
75139
48692
93629
81328
44389
33517
50151
96415
59634
10569
85058
9618
43086
51180
88496
29673
47836
41119
76529
88997
30789
12844
26709
29907
36183
57437
46195
77139
810
300
33938
23556
76286
41798
66116
41613
64896
64129
38163
13675
12043
43286
98900
57138
23115
34909
37592
80674
8349
44901
10112
83176
17779
90092
95217
21677
90004
64705
98173
6623
66879
46291
90849
9882
70159
82901
10030
67571
2138
89874
27806
25633
67988
40135
67272
43080
54002
38689
11855
80771
92104
17107
63252
65997
76051
21203
47404
40397
53106
67794
85325
96092
54863
15319
57986
42707
59740
22520
73757
2134
81145
65556
86956
7351
68721
24847
43908
22632
72324
426
6586
87457
54240
3902
53297
61098
12328
11093
32205
31941
38263
7494
58790
74780
51293
11467
99096
19874
45576
98624
22135
69033
77662
91962
75008
42911
22407
61218
65035
95845
68295
87853
8957
1615
90153
63225
87449
80241
25687
26118
37302
87787
22597
71598
45516
75475
88014
19586
29992
17564
86967
68131
64767
12416
24271
73562
26816
19279
96408
41332
40833
81556
93759
42270
93147
86240
89606
46841
68050
41430
39044
24793
4332
47218
10594
18560
83460
70231
73478
43410
13622
31475
33516
94772
37242
70737
6480
79398
67310
50618
68233
5563
651
73929
46575
26673
16218
69002
34013
89553
54367
45038
42481
62628
45683
17262
41137
91247
30512
39482
82024
51661
39366
21821
7245
20712
11659
16046
37796
71028
33230
53
24126
60072
72172
72503
87676
25114
67228
25185
95057
73205
71781
2605
39301
82073
19183
93684
96757
62640
94646
89360
32280
29960
99451
25964
36829
47378
60054
64043
61264
64470
70822
48242
67259
77041
28808
91091
32617
79148
69926
80951
92838
67034
34086
70823
34722
43886
4388
83350
60692
2454
23322
49582
12859
24376
47707
29590
56864
14503
49023
62110
95383
8258
40632
59399
88037
55913
54692
11249
94043
28349
20443
44161
69824
89971
58472
38191
27309
94549
20405
78602
90609
92053
75743
54120
26101
41711
39080
34446
44794
4730
50763
82681
55550
33866
18410
94118
45886
36549
98019
45412
14997
16831
11265
55508
60803
51189
28207
53338
77641
91459
10727
98403
54608
64066
25448
37042
30057
23202
69735
86505
73807
48319
52604
63792
5416
32931
33917
54245
13163
38808
3625
44609
20444
74920
41146
1795
62291
12595
17181
53179
28762
62284
22430
83381
89557
2865
11164
56415
67707
25893
63323
697
83267
67883
35801
36728
49178
25089
38552
38071
12305
72279
35802
1371
59635
97642
44011
82242
75924
27682
91096
16391
87525
91268
99549
88468
66979
4340
32444
89988
90641
42827
57834
97011
34298
8753
99971
31653
70136
23672
96414
98640
16978
35956
33179
77096
30207
31066
5688
53285
75210
20564
90627
18610
57710
5119
19882
64020
83168
47489
64654
20565
88204
51050
22262
14924
1144
42086
7744
90475
61125
19068
36882
41317
11891
75494
33711
26490
64196
75597
30437
44640
91545
75968
22050
92815
1336
34897
67975
18185
22255
57996
64021
27749
96658
60053
73860
71895
92961
84413
91411
6749
50277
63712
12409
60936
249
10270
48090
48357
61189
26037
78965
17383
23589
32919
66330
95219
82568
97613
29529
67752
94452
83624
61205
22217
42727
75455
57912
53032
15161
93706
12480
72816
51357
23802
1463
67279
69862
19923
39744
13342
81510
48743
41773
29775
53330
7632
93774
90802
76289
15465
56580
19300
32787
94313
63187
97044
87279
28542
97269
8339
93892
80002
19724
35736
96849
48988
20464
31885
41504
17046
35014
52601
88428
77302
14801
28747
79844
71036
27970
44351
75624
9495
39627
57073
42992
61380
39890
27227
87052
35492
16993
17612
5478
76184
72698
78696
73604
43388
26151
59670
39433
28413
54383
41674
15803
94360
61349
10767
47167
88209
53659
33040
44000
78061
81364
75619
82959
96012
21014
18962
52741
77190
24286
10088
52643
56033
98350
29461
59482
52684
43297
12702
96999
31547
77663
8804
2998
52096
61836
97679
6215
10562
21051
28022
4526
82429
79233
37390
44404
14038
61252
36045
61596
70360
65425
2681
14880
96080
65932
55922
99032
19841
88514
42425
84412
28741
95643
25884
20642
7778
11468
80031
17985
66404
77736
66760
2838
22844
40406
26054
13155
61877
99358
96159
82741
79406
50558
27573
41823
52025
23929
78005
76386
58800
48334
24988
69710
31150
26502
36421
30946
50801
9511
38899
59983
86026
46086
27064
25499
28638
58425
88288
15297
36061
51018
95229
24309
52284
75624
76495
39013
62609
8120
62895
78139
43947
18792
88665
36480
43851
71524
51668
20635
28450
63778
6272
57590
23273
46487
75514
28353
48247
87661
40462
9232
62051
62860
83418
56799
60598
10260
52603
98550
66155
11661
36631
55336
84871
19414
75206
67477
62863
35578
51069
4912
93962
33888
52984
16762
82708
33377
99364
47469
98555
12149
14758
30901
33914
16614
50955
43800
53040
50118
37165
18359
95516
57117
15487
6252
53367
34106
62454
19603
5838
35946
65332
51206
55195
40679
95089
48960
6783
40615
98344
74755
63198
46838
66395
64788
80599
45374
85732
50820
74686
18818
33018
35530
71223
66986
15356
41932
57361
59161
4541
13821
85533
8634
49356
24896
12906
99929
15198
99306
1311
92494
58074
83462
21268
82260
89473
55506
44013
49047
87897
74054
50579
99724
88244
66517
1969
68890
2945
25355
54504
63702
96879
49143
55311
86670
35897
54819
30443
69403
51315
14142
90119
40441
34320
12698
86608
28914
61229
26929
79920
5558
7165
67394
37061
86535
27441
23034
19772
62769
21187
73230
59855
18871
78848
31557
44601
77768
46385
4402
62226
36561
66052
79102
40716
14412
69788
91140
64936
54133
76657
58262
25365
13949
88068
71134
19142
76280
17924
5886
89775
77458
42006
49657
78780
45118
59397
47146
64494
79406
51654
46226
62707
56062
83334
98480
49953
49035
52594
68808
85070
53250
13443
67654
68783
51474
3332
20667
42923
35843
8929
90854
50939
1856
91406
22415
99329
26352
47633
11788
56130
7715
51469
73030
3170
77000
40075
26870
37178
60923
41863
33321
84472
62298
67125
1795
37587
95289
78831
27967
10408
58060
18332
72372
69751
9250
85566
92884
77140
56657
39031
66926
60170
83916
24089
83219
87250
99793
56297
93046
97388
98846
4175
39884
48760
88676
53053
4146
73972
72596
6682
39278
42066
24054
79785
19406
53748
36089
26683
76013
12519
23045
41229
21108
57977
16331
12863
48093
23353
26590
16435
90578
90794
43195
62430
7508
91075
17923
11278
99832
73478
95529
856
49227
3675
91623
4669
72759
12648
4875
18616
82845
36399
53487
20839
17474
21316
23590
28147
73703
79433
57682
21917
62576
81705
82067
24743
92486
52717
1978
94589
11991
33790
38939
55390
9403
15384
2433
683
34450
15782
54331
82538
71337
57664
84628
22551
97948
66462
2465
88136
93493
94680
95891
38587
71410
93692
34764
27647
82821
74442
92750
43132
13045
62511
70223
14304
9697
26940
19049
9030
421
58755
58957
90501
99733
15566
76536
29394
27974
13052
55134
11507
88268
73560
33443
13506
75134
14071
17321
71898
49782
58222
73507
40288
38228
78830
89351
42225
86818
24189
78882
45412
70835
95602
76006
46172
99172
46349
49023
91501
67012
20304
10147
28840
69648
85822
92103
88484
41719
49263
91918
92715
55004
14125
51932
24318
34042
77934
86345
57670
38274
67150
10674
10552
99935
14760
98185
3620
97915
36720
14060
46971
48634
73265
35507
78554
92740
34398
35107
48407
37281
62167
21856
86151
49308
99546
1951
48553
70858
16355
8953
17971
81764
95842
53435
6423
76335
78648
15546
65969
97501
9773
29764
62192
59212
30064
30994
74462
48653
11020
44922
33582
15647
76772
94049
6369
74234
92619
30734
26293
23143
49378
66009
46731
52748
31215
68738
1875
40966
90710
32158
3862
18767
63159
17771
64256
89727
88387
8837
90536
67982
68796
21874
68637
51095
32073
34519
51758
40825
8915
30958
28022
95607
69246
73711
16707
96479
96647
73707
73154
2760
58775
81271
72040
97908
88769
51237
9183
37109
62014
91983
31755
55084
51682
54253
91928
88780
3226
69382
69122
92893
83141
25538
30625
51549
11788
35678
24271
32800
65375
83705
77462
59288
71406
55019
11131
5233
81152
73526
24001
80595
23732
96948
7708
84266
55378
36336
15955
5634
21068
80721
83185
33067
63318
61136
98792
38076
34911
2410
33762
82708
44843
75729
48581
15132
35983
34494
14850
93833
58249
87521
70171
38429
29401
34265
24975
8525
79711
10718
53699
52477
60754
60796
44174
66023
37242
28730
71265
62586
76204
95352
49905
98495
74400
12440
27426
3319
44239
87186
84306
89185
70862
91979
13568
50520
39202
62689
98615
13848
12447
42205
63386
59425
92289
55467
96942
68020
67654
67557
93726
47866
51590
61291
58223
90244
39792
66767
32898
40973
54242
11981
92991
94204
59044
72152
15811
8742
20034
59120
681
20656
37284
99663
71758
24402
3948
27970
6532
10102
79820
28821
9365
40352
2273
42311
93522
74152
50063
94589
98487
35202
96059
53394
93596
47807
46271
37452
32155
45900
45101
9578
56760
12568
38692
249
17650
75636
18408
26374
19749
25842
74177
4526
77849
31600
29906
6897
27307
15310
435
40676
32822
90490
77518
26886
49982
813
31475
46091
45177
72335
76536
81300
36154
46901
18353
63487
90426
4683
98119
4090
46693
94380
73144
85267
17375
12782
45452
49419
15985
8667
81231
72586
96916
51865
15535
66252
10969
30891
16980
44056
59762
20241
59671
68721
68064
41547
88320
45957
23322
58971
63520
11363
18551
39079
76647
64905
26073
44285
77347
48892
17046
72690
87255
51601
38052
13091
16595
16680
60224
54717
70773
58360
13755
88471
348
453
53313
76285
41189
98414
96103
15560
62116
23459
59696
39592
86401
39604
28381
76579
22284
63397
86159
13912
40510
80670
91322
11580
99150
95166
89736
95526
4556
2735
66246
25862
39421
56628
85711
39663
35348
90943
8979
1846
54186
39840
3332
75890
87961
8472
66173
66051
57179
67436
87536
4176
80665
22100
86858
73864
81523
84018
18564
86250
37068
23136
3433
64096
73806
45347
18015
72070
37121
24060
53268
81129
14755
85437
57927
36650
1541
62905
45679
27649
79298
41299
21676
94175
19805
24952
57416
45900
95382
40777
98698
89678
76968
86513
54807
43819
78498
38549
23077
87078
43392
9737
65885
97701
84901
19391
97068
43251
90583
14010
81990
49793
69207
52417
99096
25224
95740
24079
86249
88394
82955
39334
84427
5142
1685
78564
43268
51914
55021
70766
95796
88978
81252
22026
80578
92462
92163
91177
69287
36242
6405
92384
33943
60552
69294
90615
64135
26384
7851
97914
55327
44391
34279
63950
90718
94117
92296
93822
61924
86624
48132
77171
70401
86830
86243
48418
66775
57928
14610
7967
29422
95659
90593
33135
49172
90680
50522
28059
15694
75226
18782
63328
17504
71879
75486
14340
78613
57760
15315
51075
3052
53971
41786
94503
76639
88352
57615
47286
61393
12824
19685
65733
40883
58401
27936
4330
36018
22518
78415
47568
43457
13131
69481
98404
16191
26639
80771
67436
96933
17002
91339
33814
60910
2693
86884
86830
62243
2889
75838
36874
22850
19840
79409
22400
66762
14744
93590
49623
94662
99270
49026
83034
62932
55047
80224
393
65456
32129
2698
13738
52897
26344
96132
6973
23200
96156
75573
50541
54305
62608
29826
92257
61696
51909
38345
20275
62665
91221
32535
92536
24163
5676
26022
75390
13146
55665
12151
22548
44935
15970
40648
33986
20799
75741
97618
44218
1781
2651
98273
74982
52332
99926
91952
39265
9790
21772
98177
66882
45794
57916
49623
7762
41565
27308
15056
6079
89639
2765
49377
11529
16793
29687
96784
86905
95952
93486
7080
25874
50145
6310
79965
51519
94809
26818
82653
72716
49743
60055
83982
81425
78345
58608
82857
83049
56776
10187
51827
17153
21873
32384
41620
58283
30456
38818
2870
82546
21291
17054
86396
18472
40280
89248
66492
38236
90140
88597
68347
57159
31978
69228
61699
50597
12692
63445
87267
99040
61400
51851
65795
72392
18634
73038
99
448
45626
43464
16367
54130
42882
66834
67585
8578
40751
46895
71891
36575
39337
50390
99902
66390
53920
29837
71893
29889
34517
60816
16471
19837
6050
60049
55701
70457
57863
11770
53953
34442
75762
89326
5614
13595
85258
73357
93802
81762
54168
76438
28565
11054
86611
92679
31580
89116
57638
33567
10935
25321
65856
40933
84027
30434
9848
24642
4252
70135
80955
71017
61827
17454
37268
89046
20648
54707
8502
3636
7244
92333
39529
16697
27414
37260
30894
57772
15112
7999
58801
48455
17789
37026
67978
16727
40705
21364
5584
24416
10285
63846
27707
90942
14781
24400
64436
52294
36752
92701
17851
75595
9436
92679
44885
42876
99179
54558
32560
85226
43446
26593
92180
94568
18908
44879
69575
85515
25887
1975
2589
63473
56315
14187
26683
57181
61667
63955
66566
93440
49051
47710
4109
73493
84780
53363
41232
94499
49255
52742
60939
34661
31257
53319
88483
55621
15207
61652
78443
29860
55015
26318
52563
9815
93562
89673
93518
83116
44074
35100
32607
46090
74427
52153
71168
16854
27313
12023
97550
43762
17375
96106
89876
79296
32551
18868
36914
64580
27155
42677
20361
42855
17646
18750
45702
12568
15199
96228
84649
4844
68195
86127
96209
6151
20839
18
10695
44851
99903
27477
77187
64365
58054
43086
1374
70527
11378
14158
42581
90599
47347
63031
74038
56119
54952
73771
48139
55990
59645
24224
26272
63396
37221
87120
95474
83642
96657
50925
29334
7024
47594
11698
57156
38872
45904
76276
68094
40519
13167
96311
87872
87380
69435
83933
37030
79641
18889
8409
500
73879
38569
23970
29542
32342
55235
86659
29589
46569
21997
47151
90371
20400
39622
87122
68771
66551
69010
75202
94888
6652
9299
98836
88680
6382
55360
37611
53132
42448
43524
56140
57783
19005
94934
49581
33840
83590
73393
12811
75566
91767
45487
67195
93440
29175
85703
52632
44854
95278
10687
64859
6479
52353
73104
9833
3647
6040
82709
68678
52509
43233
96143
93223
90343
25646
32921
62117
85330
33177
56674
11181
50930
75111
13964
6773
99521
49034
79104
56649
88272
17441
74028
76195
61480
20475
32891
38041
23803
58552
10255
92081
57068
5584
11581
10351
26200
92556
30724
17455
25343
39698
13036
76301
38387
15871
13015
49185
59388
50509
64935
905
12453
59092
7404
47775
43367
86829
18024
45034
78735
36305
7265
58512
11150
6688
33377
31176
39998
95517
41582
64365
99596
33686
55713
85487
87271
15138
62341
95812
74755
4963
86158
45660
88777
65803
76532
39378
63327
97211
67562
34430
41391
12231
37471
20039
95703
28885
25585
27094
95853
32900
75784
61926
60877
65033
80758
46167
29792
60980
63721
35041
61002
22449
34699
65734
98641
30827
66423
19488
72773
62571
84791
21722
18608
58046
37630
54139
2363
68340
42335
62556
56986
4581
56456
5243
72437
66894
61375
41896
72180
98617
20152
87677
73415
54074
49456
6090
39567
21846
82729
50254
4076
74271
32290
63010
1892
54522
32497
51471
56429
81025
47936
51104
47351
21987
70786
54162
8633
37641
4656
42791
51574
89205
44069
59962
38764
82467
37650
39181
90713
80849
1214
77151
88266
39131
60318
80697
73121
48703
80877
47591
99746
5951
47560
94756
31002
33252
96905
53933
21677
19167
59709
16536
506
80812
82020
20254
48525
94992
90245
7379
63234
73537
61900
18007
33649
87396
8449
78916
39674
10576
25381
36648
38829
21938
99275
15885
59798
66923
93521
58867
54692
64308
73722
1919
42549
69890
48554
17900
92032
28707
69757
26912
8158
64680
47812
54842
48693
16829
71325
43335
86115
32915
18542
8884
20195
18111
73149
56094
71551
70652
28719
31589
4531
64139
30235
50239
66617
25883
41962
60361
82071
49027
30510
68087
96545
71947
26652
10605
91243
56907
23207
26918
42736
81515
89114
4721
5528
46986
22514
83933
42057
37627
73398
61641
32781
15337
18996
78301
77724
2555
52889
45111
22310
30930
56556
11486
71615
47567
89639
10483
63879
56561
92179
72901
52405
55901
70272
10883
53919
54806
18654
4204
137
7852
52123
92386
41000
32945
55320
9405
77329
48934
38442
71804
85410
8468
99339
58423
54925
89398
4218
44464
33725
57428
20181
72775
36038
84075
29618
22156
7726
67432
34133
57872
34929
26355
5776
1844
10485
48488
80093
20259
23916
6976
21873
89084
78239
28718
53150
24935
60989
28902
2312
83656
288
88760
94721
92305
27448
76794
64868
10610
32662
31459
20362
7212
46071
61780
78924
40900
59115
24561
62101
46963
50209
57901
39523
54361
56145
53892
8315
53553
47717
64865
58534
77728
36805
47840
82763
21863
84798
48590
66762
60441
12462
96428
82867
46150
18830
92595
55457
25429
9884
52881
93590
96912
82628
71601
68051
99321
38795
69785
13236
39419
42584
74029
56775
91643
77727
73137
32519
54541
58859
16555
80345
46755
66952
68615
36322
10304
13194
75700
13283
53099
94749
34219
90034
32351
31850
21072
11510
86367
89538
42385
30526
28903
86378
2060
50527
7165
99844
48238
81193
59655
19638
49525
51716
61750
19032
54966
24588
81407
39551
97115
98374
57739
35586
12868
1374
98212
85605
69102
1407
23632
51050
48114
98222
28794
87280
96836
71331
45419
31301
16763
12388
84024
21552
42192
54912
97397
7092
31456
49445
73191
84802
70476
1503
86487
78686
70976
41934
85123
39883
18096
27682
21870
24374
50333
37910
73528
92508
73015
20262
21512
70617
44413
70414
44869
30766
43393
38848
64836
60782
81447
37282
44348
90469
88683
83266
32757
71781
62945
31798
20351
46831
30264
62548
89791
55195
440
86187
68388
21252
17035
54717
87512
49938
42936
22361
72498
5541
56490
36153
52040
38586
44015
76117
45793
64894
1340
72865
75625
10957
95246
91466
63102
55781
14731
47944
58695
79852
19815
3841
58052
45978
92579
23643
72896
75589
24879
95323
73539
53191
93936
61246
98052
79694
14045
41522
58524
14720
30883
80595
40437
99272
58857
31614
40322
32609
50414
79635
9064
29534
4461
73772
38394
2324
35523
85492
98882
31109
135
45030
29499
94794
7704
17475
76572
34012
37813
62063
65775
8575
67333
98537
16799
22443
10902
10597
23343
41400
90275
34792
44712
10565
10511
80415
8107
67493
63822
87197
21060
53799
74339
14095
32223
19073
932
28093
10580
71896
42106
88095
86846
78287
63364
86041
30474
36233
56091
72597
77739
71740
54191
12572
34282
8277
47953
43312
49114
79809
64298
78697
13194
26591
21768
25450
20083
13216
21113
10879
96305
57560
40592
16438
74159
86884
44485
88695
39963
7383
95577
35264
68472
75491
35895
56546
85842
1569
69685
79346
63149
10429
8826
86604
13910
27073
89018
77963
36603
99227
48956
91070
25526
34894
61148
36647
37380
97650
52237
94901
36052
29769
8342
92604
25692
2016
12989
33518
70597
84701
19746
55608
18886
61739
61890
74363
30926
89952
27900
95494
55227
94375
66895
92525
33575
91438
32194
98568
87394
77262
86142
76906
635
61394
99990
67355
96632
91943
7527
30677
45094
