54593
36394
50568
56080
74512
45396
3514
58877
14881
44246
166
14589
91758
69938
64084
49108
30527
29486
64839
50428
45708
36257
14790
33381
80143
84902
43848
71036
52612
22675
62748
5065
27777
65796
89234
59922
22988
11088
39369
7005
33725
2430
10005
68499
56114
49552
2956
40032
66889
98940
47790
47287
76221
46716
86159
1651
41151
24156
2755
65560
18736
22129
58308
86583
98457
12648
5251
38640
6120
60124
25609
85586
87463
97249
19016
33822
75866
12030
27331
65418
1269
17304
42198
34817
11000
31592
40643
79015
16104
99023
42363
37082
72779
84768
59142
95541
43391
70235
41103
67694
35639
31034
73710
73247
90995
74341
44723
52162
25947
2080
30764
50453
17561
48292
92819
98109
16720
30282
80343
30310
78012
40867
31142
67240
1159
28966
29204
65190
11141
4865
83210
92080
73742
54992
25325
71849
41237
27884
48874
71363
32713
21978
17052
92581
9095
36452
62201
22574
67098
64261
91935
73524
20945
70846
10806
92645
48091
34886
62082
31471
86785
32734
80424
9915
50527
49666
14874
77203
19841
62331
88737
80932
35287
92785
55206
11135
45460
58846
86621
93690
10377
72958
81902
64532
67961
52290
68353
44949
11832
30852
2598
5267
89061
34709
31038
87313
78945
41362
72937
13282
20107
40085
68909
81515
65081
52264
68863
99687
8085
71092
55090
82596
39825
45047
74425
1770
77929
91156
6554
17884
37588
34501
44818
38423
54374
83563
29183
50167
19749
81190
94029
77401
88966
66400
27904
79291
21796
56483
14523
37408
18172
69483
427
59376
46791
49270
59028
61851
67253
53400
7573
10014
37538
70412
89818
52382
67704
11012
12446
88977
5602
53025
26939
50781
27751
27518
3248
83608
55019
67175
47054
86798
15166
96519
29758
26785
78655
44319
35474
38763
63185
77586
76807
59871
74807
28061
74196
56813
33199
85316
19825
22340
86249
91847
14983
85489
71555
11316
98640
78598
5826
62902
6731
19607
60271
27916
3550
65309
46635
19060
75720
95773
41232
39013
79842
58691
25510
94364
63985
49095
6143
28686
83596
26322
65552
14013
7876
5818
45612
52262
33396
14377
86686
32215
28134
76284
92387
37629
52192
47719
85665
1147
79337
53622
24968
27319
26940
69998
35556
42894
17448
87441
97308
98088
15169
36961
25002
86822
23527
20636
69463
91576
73840
23173
74194
76139
19637
37283
92749
29887
6518
32259
84245
6647
84363
27897
88172
41002
32392
95972
93892
68758
95019
95823
58810
85716
57573
51347
4492
62854
14147
84762
34360
25229
97913
36798
38227
9016
44618
62480
32803
61814
67766
59925
97178
25356
67840
82571
84783
26242
90586
97833
11194
90840
56367
73348
22220
33815
82861
89262
89705
19010
82286
51192
46691
21866
25377
47288
32980
50432
48122
75142
81720
34950
56882
10241
30180
34559
3676
67311
83079
38309
92358
97601
539
36185
4616
53684
69128
22004
5196
82324
38518
27612
3065
74235
77356
8435
46654
34295
44554
51978
94040
63082
15391
28306
21504
30315
38184
46579
26548
72842
25766
92533
23456
52112
67290
26332
68617
68932
72192
14225
89814
90987
79430
66810
45403
21735
95399
25740
70083
4832
80296
45911
569
26240
85069
98432
54995
40631
15641
13708
18524
82655
10657
21527
21533
6522
11660
42021
28615
30840
99466
31024
10367
36469
50893
91968
97542
36319
23944
4536
14980
28693
65634
12301
71729
74154
67351
22898
87616
93993
96748
90830
87272
81139
33740
42095
98895
20068
76964
26328
85
14579
7448
48758
18491
71224
27136
84720
93455
87496
60258
58717
23125
6363
68205
51727
7027
51631
26639
43501
9881
94853
33204
702
48747
3337
32699
91905
5548
71312
77847
64282
79209
10810
64703
22247
96351
68118
5010
44784
27209
27493
40139
33629
52523
32598
58396
43745
41780
32529
93546
83700
49811
8271
67429
40575
36058
10310
94722
75856
92583
21187
21367
70094
89908
47600
78675
17990
3165
80853
40855
57539
49962
83226
13589
55133
69464
6955
68259
43624
49224
58100
19292
36845
64131
11020
10356
11606
76328
89774
30165
84098
48564
51745
95483
81688
49133
96986
54952
72729
6603
90392
32036
38958
24099
21197
62933
99200
73810
58236
68599
30247
75170
78045
96985
59450
19836
63134
53044
293
81162
64100
45096
36089
3559
82831
62964
95549
48166
51387
59730
60674
55324
53442
66733
90900
23531
64863
86944
62252
40811
15886
91596
12418
79735
15984
44437
51616
55122
90794
50170
22962
37812
25484
79695
43482
38869
13519
40952
96287
66644
99128
45541
67846
5572
38841
18405
99161
42068
50359
23624
21219
94265
95302
77269
33502
64443
74128
1028
9795
12441
7892
49913
32960
59225
76587
43645
19176
80752
21351
87835
88165
73674
40884
83956
97096
56215
576
6624
90945
17139
87511
22658
92458
63504
95494
94406
99869
91937
78721
69753
17638
34565
45153
81253
60084
75054
81989
2920
54249
18094
42937
90224
92400
23294
36052
76021
25518
34058
69531
2578
20625
8763
55427
76642
78501
55362
28916
52627
62405
36350
62792
26154
7311
36555
19827
22259
65552
10471
76061
12610
6463
18530
73994
22667
9958
40801
88155
2362
59834
75023
65518
88368
96683
77505
88928
79964
50135
26340
45394
90801
18042
30054
75209
68649
9824
36957
47535
40246
39898
5944
16248
68448
74895
37696
34399
11233
84714
3434
96654
69273
62417
86428
62621
71662
4246
19577
34129
66595
16326
37035
41062
54708
13406
6476
25159
88587
94078
46673
58202
31171
36534
94004
38041
18839
35196
25052
5498
84293
15744
91787
31441
27172
7991
5124
42123
41567
1491
64438
9339
93773
76628
21226
8562
34702
74167
53765
71175
63461
7500
6362
90614
29005
66470
47791
77381
15705
60972
88234
95969
8939
35404
55705
69959
68688
27311
89563
29566
63511
62600
49677
33218
15276
46982
73717
21308
27222
47176
35588
45580
86185
76464
75852
5545
83528
8592
72127
58271
56667
5793
75999
32759
69320
5715
49031
9844
31825
65183
20309
37625
27915
43640
72850
98505
73558
703
1888
97382
5341
2902
53599
54299
70380
39116
24923
95733
89865
99319
13526
47820
66033
5920
46733
27743
92240
76760
13418
11485
82747
41801
54598
42176
41646
29575
71544
89108
28637
66501
92223
26422
78585
3491
42440
64919
20642
72581
59740
47136
19139
72416
32872
12975
36302
25421
8394
55007
32917
67168
47350
30566
87298
77490
87459
49719
89620
85977
45812
95592
71255
41690
48102
92495
14622
29237
91955
86469
66239
17983
14177
46092
86411
25357
60555
89965
4712
5644
29545
3834
60845
21069
5982
98770
96730
40893
66878
63394
4594
59155
59770
75913
92918
78787
2314
31028
31967
87024
34645
51912
57911
99838
64224
5055
17844
37732
16145
75561
26770
91680
99806
22195
34732
36197
39031
94469
69335
24080
82829
87526
56155
31928
3805
10778
20079
20004
19069
27019
52688
93526
60322
28837
93501
12453
38092
19771
38802
99848
10542
80104
66591
10350
83422
57968
46725
39531
73941
92389
91820
73805
93987
69125
84388
25933
15826
40736
90742
72416
41813
65527
97189
91341
28718
63680
26823
64217
33049
24902
28474
9726
78072
67757
67877
61658
2107
70516
73964
63012
69803
23379
36591
18873
77364
41444
67200
12404
99597
12350
27903
32925
57573
25340
18868
7160
43884
88732
1575
72542
78907
48387
95423
78409
41985
95005
92630
78120
29259
7299
61046
83155
69390
29525
16882
2712
66580
4487
99619
65715
65633
75289
88126
84701
10881
39389
97198
24635
24657
28093
37683
36824
57286
68021
85078
72845
42621
32604
54983
10140
13440
50848
97238
31804
38290
92879
46987
12046
62104
93106
4866
94574
56611
68372
41542
8837
34238
14688
58121
66587
38800
68296
75389
74634
83887
77474
26386
16142
17218
38605
91949
68569
11344
30769
91905
1603
31082
61413
47500
43486
13778
29226
61169
50567
75207
93012
92397
71256
58958
37256
30840
42843
49566
44225
88122
54169
64776
58285
75816
25393
56834
80244
43738
89540
70158
73401
57258
53420
99339
50489
59434
49869
42616
79889
74818
94244
31040
41020
98309
57532
11751
20217
52048
70943
7695
69579
36766
73578
97447
95898
86059
6873
33169
72311
89251
56481
66574
16508
93093
22268
75721
56018
83225
8159
83933
83084
50731
89480
6403
42513
97380
95539
91676
18647
6564
844
57719
55594
58110
36542
80479
14253
35599
37866
67908
84503
58428
13588
27909
59742
44263
57879
48951
8530
26605
18040
4341
12095
45728
24567
92036
2774
32124
80738
63649
52998
29864
25061
55113
68644
47531
23804
33380
23593
50281
58697
73839
96090
12344
32704
80933
65667
25539
45535
31242
75421
48442
69243
5492
56687
1076
43350
58038
91920
66786
54701
34218
37642
48913
60110
99642
94330
6684
28230
25034
54132
5868
80312
36614
19556
38541
42730
44452
96559
4750
28858
83894
69528
38484
92398
34382
44702
74107
17544
9294
7171
83243
84376
45771
46919
33939
15275
92125
60594
85412
20418
48806
33745
2476
73149
35580
38840
63150
75958
51477
48934
18715
63787
37230
54918
47791
11315
49592
80498
32746
177
63455
86034
53929
96486
31000
2657
39456
14433
45767
45296
57847
8658
84234
20708
36350
36956
56198
219
7182
93288
67980
94924
47454
23574
97639
93612
4126
93263
43140
54605
83700
49142
26014
95873
95249
61724
24166
2972
72590
72499
19020
95639
56264
80378
25516
13169
29046
48119
72343
83184
97987
95556
68285
33957
4844
384
69076
38574
92503
53509
49096
72117
10733
1049
73471
54261
10583
68670
81672
36060
65105
90341
99231
64780
57357
39840
63871
11772
86662
93620
40325
42204
73919
46445
63644
20470
3896
45323
28971
51279
89868
74203
11575
19596
99434
49792
51830
27602
1198
96560
22961
53510
60156
6203
48085
45811
77208
25414
34807
60905
98244
13302
93601
77538
91351
28680
30
50977
5783
1310
31165
32852
14003
75635
70309
99768
37471
87983
44822
25947
81228
94134
17207
59420
33571
47354
59458
86446
49502
21233
35624
77692
708
94178
83810
76935
28671
31929
92757
27179
92540
74362
67041
96128
59262
20082
89255
37435
1343
5928
95828
10676
11492
57331
73966
30115
62555
23781
46361
33796
81620
86789
9703
23129
79161
58587
20602
53679
56139
6692
50455
45720
90811
66917
53673
343
64770
33436
4655
4123
2270
88081
81283
14723
70089
80364
77736
45887
30807
85633
93135
14551
8428
77126
33734
11909
2935
2501
43326
88221
37327
48012
97495
45741
86569
98626
43690
94047
67571
61300
30611
13947
67632
46893
35896
90121
58192
40229
59195
36981
95532
24592
49304
8779
93147
48279
69851
33570
97011
62276
75169
98869
65599
96118
54953
52268
72633
3637
80408
55225
90117
8287
67749
70910
99786
5089
14887
6476
60846
50817
63161
61735
10988
6296
41511
73605
40373
53309
24473
41269
47264
82493
5369
17948
42863
85126
38273
91866
38112
84546
43846
21420
94476
28130
20347
5674
3136
51824
24388
38384
8373
54246
35000
76954
77454
44796
10769
31561
56173
58172
980
6594
59347
59410
92247
46070
82675
39488
60628
55068
74289
93774
89193
49753
38172
31582
32904
27266
37636
27134
5218
54713
92794
63542
52811
78803
79428
9953
31306
74234
73177
13592
62880
5518
2335
3754
57842
60934
2782
20392
20276
47412
87840
67836
41556
68839
64040
75962
67872
746
40557
63919
50230
33321
50257
91606
47238
99444
36674
74986
42149
61404
51660
46773
21617
86747
36824
30054
87004
38832
91078
36257
95511
3623
32386
58225
86940
76951
73478
59897
70136
56165
94796
92808
44211
8455
53198
714
30589
57859
40732
98843
7479
88308
345
43702
69467
24046
95091
79788
18090
63385
64765
34000
89008
75930
29131
15183
17621
13840
35592
12286
56290
3353
10743
4555
19118
92629
97445
52757
66405
68290
22503
14136
22420
97446
2134
82112
4371
65420
31235
23903
40015
30629
31864
92761
61523
65391
5837
84444
73746
80692
94212
39310
88788
9
72930
75327
15515
49431
80810
80029
13744
983
21655
49893
18671
74869
28725
7863
96076
33559
70557
13603
79008
57687
47820
94624
49588
29260
59486
56860
21096
66439
47276
31053
95009
5497
2111
13029
8397
75410
49584
58628
60980
51492
54399
78119
93565
58310
62059
27391
17178
55860
30804
75933
57137
22388
9035
46857
25383
82291
37266
80049
45195
20334
71253
91582
34717
69709
29317
72195
73817
96393
49101
51471
52548
27695
81203
25985
75442
11548
31693
76283
93457
63944
91708
95983
44309
53631
90570
17623
69537
72202
88412
73889
96047
34637
17939
48774
96092
29641
89093
2492
87187
91137
7603
68385
72500
47258
74759
46424
12449
30748
15597
71216
37349
69909
3690
38240
29217
21885
18877
6863
37044
16372
70864
58959
98279
53447
74522
34762
42034
69969
2709
65780
27790
31294
77016
99584
84536
69163
55184
56239
28479
29609
20416
72610
35306
99521
10257
58321
67401
31377
57879
43221
5302
12692
28771
54239
48391
9888
63326
46124
50452
25929
84329
23279
47679
61283
23374
31630
98021
66501
88994
28842
39007
58376
25145
45109
53
81998
11462
2920
66496
74048
13742
68972
97018
29904
71976
36822
8229
7677
35635
43888
21172
17493
88084
3858
30426
14613
55914
83952
41421
86155
59088
40045
99478
3548
22510
12429
94969
80386
90108
47304
12123
90861
32853
34650
99700
35595
62835
72759
1907
9026
39789
13148
11432
91257
57994
62560
83442
68215
40416
15274
57958
82467
94734
35772
62648
83082
3634
44621
54185
15008
44424
10325
34734
9341
22271
81665
31097
72873
19481
9926
27206
90834
67008
15314
52451
93625
20672
34718
34620
35117
83908
65055
12451
70480
9040
1884
35769
27958
62425
23354
27643
56427
52668
1331
15212
53876
12450
65446
81083
7405
93710
40136
37713
17906
87839
65399
47417
71834
80873
31246
44300
25949
36330
48501
2136
4118
45484
88624
64972
22755
88534
21368
19971
47977
25967
13767
13194
66837
89584
19405
17744
55837
83556
57855
19305
37285
66336
34639
32318
67902
43481
96822
25333
83368
67334
70222
44089
88408
97331
37181
66662
48949
14622
92651
88915
95901
93074
67028
5212
37060
24958
59417
86250
19164
67666
71825
57506
56912
81205
30973
83591
42314
3749
56410
41996
87221
54380
73231
19450
36764
54363
13701
71642
72753
37734
29623
19360
90954
73371
78655
7189
19014
53793
9008
20991
11950
76233
96930
15535
8918
59283
66503
92390
43458
31264
28444
2533
61541
98799
10364
76016
42181
22487
8942
81661
66491
58496
96447
24191
46678
30
1130
75946
79455
2027
19764
68738
49335
51039
97076
34053
84668
14094
41167
80017
84779
73119
8130
45011
56063
87749
30904
53037
79031
68764
78076
73283
92758
79969
27464
40867
18180
78574
5371
45998
67474
29905
8682
41415
44347
89224
59277
59831
83365
80379
62458
20219
22407
67157
82799
2347
45925
82240
5992
33575
18774
57565
17201
63232
22119
57021
3638
47296
55832
13855
28822
27127
75555
37958
59925
28963
13950
45334
53328
30715
70774
90188
93932
13336
5915
21591
35623
9696
20347
2006
38416
84465
74374
46734
8947
2823
97233
3464
96012
30026
53942
57958
37533
20887
27800
93568
92571
58152
62692
84416
20802
54915
96787
73877
94472
20156
76716
92120
63151
72776
24102
18201
27540
56543
27819
71108
39365
88589
28632
53494
16112
69845
54466
88150
3798
97890
8210
50738
58174
47980
5905
5943
51525
44707
24990
69964
68116
47611
27004
90828
17674
65973
71593
95774
16728
7077
809
73459
69451
30917
36930
95355
51588
28758
60159
9540
26692
26733
32504
23152
73507
39938
6985
89873
3839
31889
90270
14596
20978
59594
4464
7048
10588
53019
97385
23545
79551
31512
43140
69965
90538
38884
81392
24714
61645
88959
68179
55074
73835
32876
41739
68685
97582
26750
35984
46242
30580
1150
79093
17873
45094
25148
26573
29183
40586
8527
79338
14078
57678
52010
80608
30408
21733
50526
12937
23097
72175
40358
65953
39175
80528
72691
8658
76255
78434
25172
58634
66748
32486
39809
94439
3430
60310
4356
42549
94853
50134
58309
94415
5729
17417
13425
64257
62072
38400
75526
97134
86842
61485
42110
61965
79781
84566
55701
47598
66008
60549
27128
30331
67318
48155
38156
39642
5945
83076
77272
86670
7407
41382
89745
20060
50838
94420
87008
44556
70000
77280
99697
81766
66659
16812
94331
80699
23088
87617
81991
71718
39021
62041
27615
55143
79809
75190
6164
68623
44476
67766
39467
97467
98993
69406
99174
31767
75280
71507
32491
16099
8388
88999
72947
99795
72166
46833
85713
74256
67516
52277
27804
2844
23986
28835
85659
64242
20243
75068
59053
44364
88324
78670
91570
60991
41757
9344
52729
93377
4037
61001
49670
50763
91977
50876
53375
47705
56216
79421
18612
30830
94142
7447
46313
61332
60827
74950
74626
10305
71584
9199
33674
41749
98725
81680
30015
34432
5609
71954
59037
192
78247
40315
90245
19624
27506
59808
38634
17501
11373
951
59097
3642
92586
74922
31042
26803
59292
1672
81927
99574
92090
27893
8352
42285
95763
66658
97192
13920
16937
5623
66055
58200
69100
53677
39037
72511
43540
52760
37064
73250
48057
80834
64466
65656
29842
35123
65531
27932
96361
84587
1854
70710
58360
21330
53538
76985
70306
58662
67391
99045
27408
32340
22603
87180
34150
38179
59233
17010
71170
23689
87724
61165
84848
3009
86677
35692
79981
48628
66471
86772
41462
4916
24987
62246
95563
23432
34981
73692
84678
7041
90266
30482
34674
37420
64029
74401
3178
14080
23364
77126
88496
68055
44107
47874
85862
82681
85941
50458
45836
51443
11195
8479
65782
68839
53427
10472
97097
63293
15005
5403
85651
30679
4684
29995
45860
40355
77040
35834
75661
48489
37244
49504
87059
7428
35673
77764
79471
59182
85638
4199
43461
69587
62410
9216
64927
34631
30840
19585
62246
51252
57246
24793
40765
59340
61034
11667
78489
88605
25144
97148
60353
1538
22589
4706
47326
7094
42121
40279
85726
70307
90237
83317
93036
11193
8105
73116
18500
62394
65632
62262
55957
45233
11259
32443
86967
96579
28390
59024
69606
81567
49483
60203
95675
45935
37881
73489
21669
10224
49264
56289
65385
39261
91692
57929
25363
41447
65996
45526
41016
22530
50686
83305
6762
53625
51529
452
51639
95106
77430
60805
36798
1131
68635
27689
46798
67123
59813
5170
42749
10326
81154
58051
55618
41185
24393
95432
42001
69635
21382
8146
55280
24932
76230
37504
72090
16527
61755
11513
69583
37355
33740
61686
51189
72424
99101
95037
12464
6004
86614
65703
23034
27693
48402
4611
94623
33232
57638
32884
9207
69969
25772
55861
93568
74212
6572
95965
29144
74487
42726
86078
37812
79458
54046
4359
60448
80183
9348
82217
97812
98612
83711
91510
30671
5880
40053
41733
3986
64241
85721
24243
5531
45331
65394
4515
82909
12933
17252
33830
63992
99254
63582
75926
35483
33133
40127
84668
89170
33566
63717
2001
23981
38232
20468
46530
85424
44891
97055
13612
3344
46055
90133
26279
68625
61295
90475
34975
27353
90892
28771
57534
20815
44719
18422
29477
97974
60014
77539
1881
25760
68352
79764
33530
42097
5539
45481
53262
20273
56282
29283
49949
70221
8213
83023
59349
81227
37512
63468
33550
92584
55102
98843
27912
82065
10822
81027
88912
86938
87563
8254
71074
33853
15809
93700
14088
82130
86587
91314
43392
93895
2138
48758
59515
66749
45120
4537
76034
70848
25731
745
54228
32800
65820
31362
71914
41488
42111
93849
60923
32731
22949
66469
10523
84830
74373
90218
56318
20613
89634
79427
635
32326
8798
28171
95307
56852
44684
86953
37329
99553
30722
33238
75379
41940
16941
25643
92038
60898
24799
73355
66441
56460
19331
28203
78632
82165
15281
5818
30816
54303
69949
74673
88578
43521
29866
93848
93489
94086
96860
19857
94821
51108
83243
97029
94642
10712
82419
42378
97090
83323
51177
16942
16831
15363
56456
73123
67629
54041
23720
29223
92404
23506
35216
21742
68859
8268
16675
60366
53103
83591
32726
51303
64068
24573
88609
88173
20147
24319
50708
24340
63361
29902
82529
91606
1760
74963
26487
80291
14094
8859
41231
93542
20827
57715
58911
14832
24457
76700
72619
14084
18508
10922
6972
6366
56784
41599
43657
51232
65338
2463
17938
4859
775
89647
79403
26070
34352
39151
64981
34238
48015
71601
10920
14571
88795
19958
6989
16554
22384
26692
47657
58444
73642
14181
47411
72490
18703
76542
82150
46515
72844
8970
1809
1877
33112
40115
63084
31843
62741
76237
21670
97673
25972
52271
5689
88137
28088
44526
7135
24528
45011
9624
65726
6299
37133
92202
64254
38720
24356
85807
19388
18330
43821
7477
83415
81524
17783
44589
11719
29617
528
31839
25453
96406
72034
11528
26566
33589
4757
69649
14969
41943
15512
90733
12464
48484
58
50382
8163
83474
48595
90821
25263
92872
78112
68500
16934
78350
59562
14770
87648
22835
76488
90586
5552
1723
31707
5584
84049
94435
79831
28946
53631
22833
22754
78710
33826
42365
2901
53638
22660
50806
74911
43892
63812
91602
3529
71612
69155
30358
65748
82677
66684
72830
37758
91955
76049
77802
53732
83004
84160
54310
57090
8900
3156
8756
40309
66248
49720
87319
85985
82404
12614
6015
33326
65937
28510
27084
83245
60895
92274
39872
80825
70762
13054
55718
1209
74780
7413
57401
33986
7935
11958
10099
85528
79581
44989
91123
77621
41590
76662
87497
60867
28477
54253
81633
4003
32495
60417
28777
61360
44561
93815
83809
9725
71238
9130
57342
62075
46986
96000
17179
1687
35245
54359
7549
85376
73135
7231
44801
10822
61972
47201
88933
57086
44837
25021
53712
37858
31619
92882
2238
88469
15144
7125
29643
53284
41852
45284
62555
50760
80209
85941
32228
6088
95739
87720
19578
4892
4719
46779
38325
78412
65367
58492
160
57174
66128
22137
55648
26543
37344
17459
67327
65281
11959
73457
51732
52434
59937
99121
84433
94085
47876
72665
93769
7098
16925
35532
21659
73680
90257
34104
896
3755
76819
48460
21773
21489
88785
68294
91493
1998
4091
88970
31711
2711
6034
28399
40751
40811
25608
7540
36883
26582
73721
44336
77116
84623
70213
27367
6135
68545
72042
7608
47767
18919
85786
35699
92193
86832
32510
24296
52212
38211
94887
68123
57843
49084
27308
96115
40528
58931
23237
28178
49078
40830
1731
19390
18099
37389
20969
44286
30080
73971
93995
28737
11471
82628
19970
85079
9680
3962
30570
86947
47776
33490
12280
7048
34414
50163
63354
55233
32715
42190
66669
95565
88686
67713
14901
54695
10817
96694
54045
27123
2091
73385
15595
77749
49659
79430
37311
38971
37837
63344
68744
10235
27740
93055
63075
70519
21157
27233
67665
32668
46964
3137
51763
11947
8686
15844
40837
35342
61018
82480
69460
95148
66156
51399
10045
44568
91502
31217
50948
57828
52781
81817
83917
80947
81182
57550
94939
47243
18252
35177
88515
14377
84352
56750
92684
87535
39467
39019
69669
473
26226
41629
86274
74765
44566
77778
66517
98672
27998
42794
54117
24501
41092
6423
66030
32048
94298
86595
79413
84265
23543
93328
9285
36876
53729
68922
16459
99069
35320
79193
80842
50730
84445
57507
83900
51160
59678
494
27590
68511
22591
37779
92471
92498
72133
95502
14013
94134
85474
834
19620
60500
48953
8889
40171
28393
66605
53609
90340
8506
68106
90323
27496
8101
98415
12804
18901
86611
49303
71454
99942
98090
16643
32337
74701
14335
4805
37091
98863
35592
83564
95375
71676
30544
24711
56777
90537
30787
81431
38463
72844
72969
8021
66652
15251
91984
46813
72678
44642
25249
91766
64967
43623
84149
57119
66536
26812
81121
86904
75385
29752
22604
98090
31854
70674
95041
9940
55812
90771
87456
88179
62785
34070
96590
82349
4696
73183
96685
16410
86604
71830
13543
75535
96172
7551
19428
15336
86109
51991
7643
70674
58165
92684
20676
16306
3
74137
23084
29429
13901
62077
95650
25973
65969
81463
20782
8741
36973
31776
52449
59290
77818
2981
58184
82293
46674
8992
3962
97105
69266
34130
12337
35429
43227
12319
28597
45015
72307
75461
99283
45694
4168
54010
92077
59250
51668
69314
60172
71890
13884
80490
69680
33041
51475
20356
66984
41630
57436
55487
75036
43950
2029
65186
44647
64744
40238
47973
6755
8173
99232
65643
73821
42754
77370
26176
17383
34140
44335
52075
7788
5543
75596
97713
17630
14803
24989
82406
94475
70235
65359
98192
74350
23827
98608
97946
87138
94221
48083
32913
72465
9384
77423
52415
73643
45207
21607
17793
50386
62569
74308
83047
36850
54393
4767
42088
55470
38548
24251
57344
34038
97187
19694
44007
68436
16692
37600
38990
76069
62889
93037
98777
18597
64637
9413
42132
96515
47118
7378
10483
68372
1036
2457
58762
39107
6716
85625
18117
59462
69737
87569
65221
51211
42920
76734
97240
67922
83910
59586
1651
74708
55312
93248
23151
2977
18174
54532
95422
82568
29054
81824
78920
95375
42649
57008
94278
74242
55940
78495
86778
89928
35908
35491
40777
28945
31454
8931
60055
22059
54523
64184
80925
36180
43541
44177
13224
26506
61313
85809
96529
70590
15737
13716
117
76519
36548
11823
7697
8659
18500
98772
13948
19736
31131
97397
19265
70377
7259
41344
47991
93860
77129
50280
8511
2696
56269
63044
32729
98404
50745
38065
45474
99114
40083
36691
17870
56706
51393
73080
35583
47099
46032
96893
18560
67996
21665
71274
46816
31801
36305
35225
62382
24961
52131
41237
24141
21364
62284
52348
93876
73810
97082
47526
33093
55759
47874
96064
2311
34402
37317
78481
26787
69980
75614
57214
71128
97142
47498
89320
10011
11268
28117
66227
45134
50278
67965
85986
49051
87580
48421
24286
43534
45817
85592
48054
51469
56913
23256
41056
58964
70732
95458
35677
99889
14524
94464
83418
26617
47947
54027
67666
59173
67374
7418
67986
90413
51446
13931
61461
57502
52165
95469
93293
34523
58909
67176
56995
56430
93908
91370
55190
36681
91908
45966
89567
26206
43359
6219
17301
76855
54271
70550
12876
83570
11931
90421
50201
71389
43702
98882
99952
79370
35954
83159
13134
69135
93186
32476
88723
16381
54813
39915
32103
52378
43182
72764
14365
96541
77031
80850
78677
15270
79382
89985
59739
96695
16464
47194
51276
58483
34250
62868
85113
75634
79207
40281
98469
64254
4588
56234
3080
44013
67439
1488
73174
43579
39917
13952
14394
78915
10234
20618
5947
43193
64723
87839
18657
89799
39760
30300
49104
52675
97718
76407
74771
39274
80233
91173
92853
74235
84958
55589
1640
32594
16078
22157
63272
59775
84646
63567
53433
9090
26524
76967
32269
53894
83900
80772
52451
95511
71136
9648
4521
57473
57694
69182
41442
69063
19771
83823
50146
62428
63645
71457
89686
91489
93918
56213
84672
12412
97597
2619
74560
6673
64047
85340
98863
87104
60051
91716
46405
21594
94754
88074
13850
2433
16165
26237
52233
54300
5409
43276
17073
68819
90573
96562
87893
53549
67556
98109
76387
29092
31446
74202
46642
40354
12473
14462
83780
50586
88445
50803
9611
60197
4252
26909
61416
88983
23632
66440
72110
65149
87295
26768
10949
26326
31922
42892
26091
96203
73411
40568
15317
68300
66836
87870
54163
35081
11869
2721
37009
10313
69629
88389
377
14411
18290
97566
30198
34967
31715
70195
22900
86623
77530
2287
29379
69431
14575
88516
52123
70894
75296
2588
75513
71048
55645
19037
13703
12026
80895
74424
80089
11202
16985
98479
33876
55040
48294
28640
79753
76084
68194
5779
59999
25461
38965
28860
9839
95243
28458
14764
41033
77035
92253
18203
76563
7628
63251
3050
13618
37770
99780
94104
28417
21175
9427
8707
81150
76441
3614
80921
14980
644
94544
90458
43187
9716
28628
62155
33804
65958
16005
22778
17464
27956
81888
76905
8201
24812
27739
40633
16856
37101
35183
98805
96300
85661
14736
69783
32124
97033
59549
79547
5804
90265
53203
97406
59732
63119
77852
41682
99007
10909
15749
5825
14862
14208
30445
75771
13212
8284
30680
34495
37917
67861
7268
53954
55519
7304
61811
73502
35507
79012
15623
63386
64997
75656
97325
15634
52294
2970
59727
39779
36235
92033
78573
19221
27758
71424
82022
23237
13874
43632
3088
66222
62821
75769
31367
3572
45822
36108
63426
33613
84453
88959
18625
4139
58674
34822
59331
72074
37485
31050
9620
92211
28852
81513
21731
89675
35452
80139
89009
3643
74671
92572
93893
73532
94164
25738
14429
58526
20684
31965
8031
48086
79127
97773
57646
26306
60471
20805
20184
24922
78285
66291
300
88661
24032
35528
69993
69397
53372
39346
3537
28016
30550
2323
40892
35100
59310
82366
64425
48310
94061
8686
49231
28014
69614
3267
38354
49715
52857
31866
50162
31703
61578
32103
86493
77534
64944
67602
36452
82473
4882
19179
71914
45625
51468
44683
16793
70210
5303
32329
19951
27214
93478
64885
98902
33066
22892
8436
82098
96433
39420
13081
32115
59667
98728
7484
4042
83490
65611
81594
72215
81401
86178
38281
22913
90826
68692
41078
32447
31522
77043
88637
39956
25786
92091
10820
85272
30173
24887
89685
55184
54833
57123
47542
25408
85380
96683
47238
22135
55636
4818
71574
41288
30491
53520
20289
22553
7030
22931
64490
13300
43472
47590
38705
33787
23983
16271
69521
29112
7835
2801
20729
35570
8038
10226
80869
10460
20285
86711
98680
82856
91978
80940
64984
13401
13890
19904
7718
90038
24210
25164
63833
14778
86625
48084
23318
33128
87841
32166
39278
21371
93528
47936
2804
78908
35878
9838
2617
92205
25458
21777
54758
77442
30997
51227
65397
80143
88706
39478
89549
31132
62577
70116
61432
96438
76711
84385
24834
4255
93252
91429
61232
82437
14152
80806
66907
23888
15810
33243
75464
33205
85047
15195
54597
60808
17612
66595
73154
58222
13712
19638
86217
67280
73448
98911
58491
85996
36792
35090
71817
36773
78667
55920
33868
8378
57696
96617
16929
93172
62769
3324
6820
27449
21728
66170
34920
17246
38145
39945
54641
48730
19358
69924
30062
78389
38987
28832
15542
81983
2471
70857
67358
52541
3147
28746
99892
47870
26994
18444
42939
51851
17029
75190
99043
91229
16130
42962
30788
49929
95080
59024
22167
48950
8098
94948
19537
61488
41837
97675
86173
13588
16456
71467
86677
62155
84279
2648
80029
49748
12948
99954
60892
28794
72883
55468
78551
74565
72048
34696
78156
3340
50839
85661
64360
5704
59535
58715
56293
84803
97412
46277
96804
61135
23471
13245
29218
39732
39557
59997
91770
90305
43481
1249
4248
95524
38990
32579
34357
6068
1981
44446
94676
78699
60384
48596
1623
52050
16825
92971
1311
57716
17697
44562
43262
75252
7345
88801
72731
77947
7622
59326
20705
56745
17365
16124
9316
73389
70347
3198
2801
62127
72927
52858
17041
27595
9335
69848
61306
87416
45204
24121
32146
30726
57851
8597
18945
13287
6432
64444
52913
77732
91217
24414
23973
24848
62844
3271
17907
65561
1118
11586
96287
65754
23433
88446
47382
93326
4434
37518
8740
41088
86228
64297
4754
91166
92420
75634
25183
72523
58642
33427
23034
20115
78104
16130
35353
92793
68546
85254
42906
35565
14491
50514
59987
60697
26448
50191
58103
79514
53154
44825
32584
44524
87918
70048
29012
78238
58001
72046
47790
55109
75738
59688
75593
5421
1936
94254
38963
94729
68124
71548
81964
57803
29749
26003
72545
752
70598
56946
52937
62643
32158
93821
2396
87041
26836
14240
17995
71788
62005
22893
13920
66265
59820
1089
43955
5429
48396
25572
24453
35908
64477
96527
95997
81914
11904
18248
25693
26914
87265
79945
71968
53883
6520
61568
15090
98563
24316
92879
85548
51340
84901
66962
98762
42315
34620
70304
80491
21263
81153
67499
80005
5678
78777
81506
84866
21947
11122
35286
15163
63508
48916
2138
20175
84728
59813
83811
95391
81142
38265
26895
64778
65344
86933
2754
16320
30238
2622
44395
51173
99519
82275
81605
32229
48523
49764
29977
76910
73844
63069
84865
