48831
76858
54584
57130
50625
39558
77898
6261
93968
75474
96366
42870
15542
94360
67200
45673
38542
2565
52427
50733
3755
95037
14695
17556
87560
2300
9426
56275
53036
98711
94666
59033
87129
38913
77124
6557
67474
5098
62348
8176
13191
94113
98041
5969
52958
98905
51916
32607
49536
26058
10213
56681
86557
81615
26370
10017
4860
20077
98549
91536
60003
33331
34273
8739
77888
55612
43281
4674
36402
99665
34165
65857
74519
9644
58554
44496
24306
25048
30724
81101
15992
44916
10410
62137
95128
94710
95855
62728
13125
48876
54616
42322
20065
43037
52463
45415
56615
67439
96339
49471
85813
80705
45370
14478
65108
93176
53156
51991
29030
66264
42813
89880
94699
1512
7790
63619
81424
31032
56128
3308
79125
21790
5071
14238
47992
6523
5543
59881
49763
25501
22942
5334
20175
24349
83982
66651
27764
42889
56909
41801
35854
87388
43178
31362
40013
1801
31973
99849
10969
57335
20748
37618
10112
43462
27278
2872
54078
34896
93566
73037
64744
83114
9126
21420
18485
68233
89317
77898
88009
5730
58695
86635
68607
92074
59775
4465
43282
90620
52803
21359
71400
94873
38180
42460
11708
87753
62409
84068
59814
52895
12455
37400
56041
22971
26911
55236
83001
56682
6292
3937
56551
51912
83079
98785
7019
36869
54385
20328
6701
93220
81788
70811
40560
56992
59838
28560
59387
48042
87956
19557
26500
86958
66295
26124
443
1332
60573
43268
98321
55234
60814
51971
94244
38366
45473
25551
91496
43184
63603
97388
42483
86886
82244
44783
13828
96178
98222
28210
19729
51182
30946
28576
9677
81824
12417
16752
64722
95096
94291
25870
42608
34838
45256
27572
50546
6760
11369
85337
86249
74129
74362
52896
55511
22438
13614
881
23706
24370
33351
53188
50676
42329
70601
5657
79315
40345
32057
46085
62305
69676
23127
33671
7274
10922
86645
86265
35557
57900
56179
51650
99234
19915
65113
5672
367
41223
84496
28067
38758
59075
56477
44652
86134
82478
30747
73588
31244
10077
48276
27089
57117
78675
76315
82963
85171
15650
96009
821
63667
7851
83859
43183
62343
21090
48836
42600
74668
41997
90780
13257
67386
22635
29381
91405
15947
82289
16397
80660
13386
7535
22277
2327
3578
35314
62005
12470
1824
61538
65849
84204
61582
18572
40477
98276
99212
47514
77936
94469
84901
61533
11560
5737
61099
71053
1074
76619
52104
83207
18067
51327
77827
40181
13344
92123
33771
1196
60791
27219
15171
36367
28633
91747
17162
97680
21156
53573
53286
15159
5680
26498
81260
70523
57446
8645
69774
25037
87256
56459
86529
9460
29441
13847
47690
51602
47994
32098
99013
12230
4214
7695
23762
22155
36379
48157
10877
54494
41150
5173
54439
25948
23993
72803
32278
66858
11243
37474
81942
79662
21644
83504
69706
30875
67371
81345
75251
26058
89223
87183
23996
20003
3942
18542
78048
47323
30197
37406
35224
90616
98397
61402
13157
43535
23198
83661
52118
16910
907
52804
15191
83542
24769
16798
1014
16704
85093
75264
49459
87297
80378
53126
98979
90440
31323
19028
16481
11972
14555
80970
29490
81378
32918
25238
84083
95891
13652
16707
69537
45133
34042
12879
58885
45672
59116
5626
52474
63785
7907
87770
11036
24027
38183
54603
51855
81432
14921
7652
53769
97288
72448
64486
38941
8193
79582
84717
60901
44652
34734
59177
94795
22600
48332
82182
19828
64616
32544
76262
71498
33943
76537
2897
16996
53052
87682
28931
5428
95992
55716
99332
28524
78892
68952
87349
71118
65400
99463
53125
36815
30334
76672
43139
81064
101
5269
43502
81881
65242
77362
12585
18937
83984
96602
38410
12734
51208
80928
55441
36581
32620
9344
54966
35775
9845
28376
26139
41977
67084
4582
29728
14598
2542
71487
40822
52971
43944
69000
82347
70406
76034
55669
54116
604
1144
81308
46409
86238
52003
22997
72345
65943
7415
36944
92639
53461
23941
83443
68156
21009
13921
46767
61252
16828
9694
98654
5765
7624
32660
73755
42145
34449
97604
91293
36989
35974
51250
96465
20177
97176
12945
30804
6560
16734
75293
21162
85794
961
75970
47134
13501
49867
39866
63414
9427
60167
22803
41649
57588
86549
87246
14752
19091
28077
11780
64479
88822
53069
46819
67919
92488
55392
49462
84785
87241
24237
41187
68992
24805
93497
33070
91147
96321
90778
71707
89263
17393
31706
69713
77453
63527
85508
80538
9453
7655
62286
47302
29390
62742
69570
95151
91304
3664
56043
84791
13376
8760
59737
84813
47080
106
79504
4943
30673
87180
50355
68457
25069
33124
11113
17852
65989
65475
18890
47418
13108
91391
7016
69742
12607
78142
67420
952
69617
15822
98731
39414
99286
44689
8853
26366
52916
81430
39291
59752
46594
69315
33194
37128
4998
62510
62152
36632
3342
83659
5626
74165
75722
62400
43599
64512
69028
16948
4589
98021
71358
93093
95990
98104
75175
25689
44214
54843
249
69549
99372
9692
99538
94121
3571
15771
53612
66900
86348
8362
47867
53252
91433
3085
65891
55277
22040
38432
82292
57435
85738
33560
98243
97211
16703
51105
37350
52051
56304
31879
93227
25874
59033
49553
65013
77826
44225
47367
78069
4762
15207
33268
88065
33840
94475
34534
21587
60652
81302
36402
91777
50967
2758
34389
40788
98130
634
47510
46983
53795
93111
25511
80158
74570
16213
48586
76736
91859
72297
20975
78835
32260
9871
33979
34291
21013
36403
46117
526
84031
41724
72859
15071
65229
70678
42145
78053
49071
91547
55481
87711
3662
57950
82974
96006
84410
54675
13610
38215
14526
86942
71032
81147
69973
86742
72356
86821
12566
80470
38190
75720
2475
64224
80221
93250
90496
96974
28480
28777
94838
77911
18319
57921
92119
16090
86257
49911
23139
97801
52599
29948
74505
39509
76613
86881
90162
32306
96593
27756
27768
38664
67620
10485
50228
26901
6717
84447
77812
13538
97493
50454
9963
62880
64541
84833
6210
26846
63043
21572
38764
23659
11380
82998
53752
19042
86139
76089
39359
42039
86215
54683
81245
380
38667
15112
83933
3024
9183
96586
40205
9349
84516
4254
21073
47532
68517
75156
70419
84479
13113
82531
47928
46699
92581
80870
36941
62232
42045
16375
65152
70519
27339
38183
9931
17543
14824
32055
78700
25603
35496
52054
18512
42155
74835
33303
91789
6894
95949
38477
24079
17265
55542
93606
36746
42495
16877
29666
32910
74924
96304
36399
25465
16327
31103
90275
3686
91132
24255
68180
85507
49572
65498
38711
77536
85450
69699
61523
93731
30170
81655
10753
95385
29959
44191
29123
66855
75577
97298
87358
60862
14546
11448
74517
38509
38268
73577
20227
72624
97809
33363
75669
19463
20678
56027
12961
34113
68916
55930
83815
52631
4708
79625
3363
44661
67959
36696
59052
26611
84783
57719
14157
41282
446
34200
7901
15233
55433
73163
19548
36367
87128
81257
74316
29531
72796
13613
72809
64568
5118
69980
62343
33388
60384
90661
17672
85991
95922
95268
57942
71153
71700
62528
29187
69852
99619
3668
40442
63257
11298
24075
67041
31750
98725
49636
28142
26149
82909
22229
95555
60424
9659
53004
65095
34824
79747
49713
85155
98228
96207
10183
88117
25863
13916
8721
73780
94194
60469
68625
38434
56953
74491
34604
97639
42458
53869
9929
61519
45031
38138
80472
81954
49045
74880
47567
10555
70541
15743
21616
73032
61535
45280
24262
78845
95031
81372
45518
13781
73608
18186
70163
6791
99140
32520
54161
89409
30765
63204
38555
9475
36166
9512
26488
97722
26051
20673
52648
69111
94080
24266
23813
66412
83309
15610
58021
43298
97446
93862
38171
81178
78112
33684
733
63998
45151
24061
39712
32579
58501
10750
27679
64126
17926
23324
23291
72448
3607
29649
71228
54223
93828
22519
75734
64994
35168
35408
72295
26072
10967
65296
79420
38390
32128
87815
44915
41243
85806
84335
41788
33090
8230
72334
13144
65972
9194
2728
15460
77607
57908
61317
30639
90454
48575
62202
71366
88990
93790
90199
98832
21203
76720
5452
8661
65533
1227
25497
96571
80274
29237
7024
66376
63569
81074
90153
79659
60504
77560
57890
29878
78339
17694
1553
99268
51138
85523
77576
65912
1493
11050
67779
71878
73575
59443
24848
46058
70340
39877
20508
59606
37207
86904
37526
70858
34373
5455
2
68700
1568
30930
66493
78679
49865
26810
5544
88607
7493
98949
82931
83762
21819
2473
75815
15146
79751
38533
15343
50720
21054
80371
73860
39594
3294
27642
68276
86757
10161
77184
175
14606
81663
74269
80781
59049
82124
60362
77919
2597
12789
24152
26705
40535
38946
1470
88376
93315
8681
84170
15614
30297
67391
17336
51079
35355
82587
70496
30814
74653
30185
43178
85601
46917
63720
77053
10503
55250
67297
80341
28106
92441
16196
84626
13236
35499
66880
13645
65098
53490
54527
614
68719
87226
70012
82488
85751
39628
66434
92750
71689
42390
57762
12751
92847
88198
88880
7733
68861
68309
40955
48604
97468
87648
78983
96405
30226
43602
81865
67706
79152
80254
91134
3644
99128
67335
83464
51448
54696
23362
52295
94984
10631
44499
18991
52789
44939
70933
203
26090
88709
98870
40687
10149
43434
34430
67570
96582
60190
94224
19760
21162
5279
42568
11450
81521
81835
14277
13048
53371
1167
27200
22909
32273
47982
59386
48645
2944
19626
80725
93326
60832
5522
10553
51055
1042
48231
77622
18105
76169
32204
64009
4329
93440
32971
36023
15751
6441
47294
57142
28927
79941
84384
87531
53434
49583
54385
49614
47319
13074
37599
2218
84939
96027
43320
42689
31442
93930
31785
48077
26960
8194
23057
74656
1097
70144
35943
67885
37657
13160
43844
36607
66738
17306
6031
37031
66352
85188
95268
99955
92922
49777
90495
7674
89975
22655
83723
54516
99401
82670
72866
95462
29099
9076
33279
88443
73187
34734
86888
35598
15172
46353
70545
84389
87332
73599
14031
21527
41396
12885
50171
38541
63425
39616
52382
66502
261
51823
70655
4277
95019
90084
19942
26534
36958
13477
61644
57758
24364
5935
28513
49983
86940
22314
34810
88394
39369
14935
52469
76895
93370
83045
86986
1184
50432
34275
53040
46517
69995
11344
65480
6952
51721
82127
24746
19632
65308
663
87243
90603
45943
2566
38920
2819
80693
28565
29489
60244
99286
11462
17717
87684
39574
2458
12805
47984
11052
61471
63656
68840
39164
49254
72379
77841
80793
68691
16482
13833
18523
16110
68272
935
85496
44919
67727
59007
77859
52278
67468
43205
10334
77424
31778
87530
82300
33142
63329
19330
50840
79543
95258
5478
96491
89877
94027
73012
45998
30965
47810
74324
45581
93680
81103
76854
84836
20039
88554
96887
88601
48499
70302
16835
70069
88570
52657
10484
31872
42526
3473
47960
41272
86991
27804
79600
11150
82369
28587
30069
35549
98936
67005
14198
8424
58559
8764
924
23438
14361
83886
53006
48300
69871
98011
78512
96784
6151
85589
51430
12054
7189
13704
75831
84641
17452
50112
43085
56823
14381
60530
22136
73241
24640
25416
27058
1694
79840
87948
84573
96555
46737
64527
33289
30129
1581
31031
5330
29923
82043
14947
57285
56946
20801
89468
25155
48070
22320
97755
5823
69948
71038
92753
32289
61527
38258
63926
25101
18532
20215
3537
60285
67950
65043
23329
65131
77178
94290
76966
41931
58496
54107
20655
29173
19175
66308
77281
27072
12252
58945
20032
9578
33007
40792
41725
88372
45514
81712
83772
55306
16814
2600
8961
84097
71787
77764
70679
26584
30556
31201
65980
17761
32542
86186
31629
6329
75243
48931
38377
86259
22006
28099
59364
2675
93893
50239
72043
67317
10790
77952
78126
88398
66032
55639
61359
77643
23735
69287
57094
2006
15403
13248
50862
41207
6350
65644
45488
42742
5680
22338
83625
70462
82377
4440
76123
26525
75730
14998
26701
45385
51232
57606
17216
51325
29214
78023
82575
2528
81222
60864
90145
85862
86395
62065
28431
92336
8134
16614
89068
51055
88715
26565
85046
50438
27624
47078
22360
70285
39114
81186
64089
68850
68747
57796
92325
48858
72652
48989
84021
54117
78314
42708
76861
40047
49408
37305
20339
70514
65369
48762
92375
2729
37937
88303
27779
35888
99271
5008
24496
86407
2113
54023
43522
99541
14076
11040
98866
46953
28909
21149
1014
69404
77049
51749
40334
84882
75374
91868
53198
77088
1852
40014
68739
46407
33332
94565
18532
8958
15291
68059
98551
23374
45386
66089
62780
35542
23046
69821
58202
28879
71287
61386
41924
41738
44327
67706
78152
12822
39352
6878
1876
22141
25026
89382
95845
68078
81865
83435
36365
35509
81047
96362
10816
23110
60603
79884
78779
21210
75645
43264
47730
27568
56028
75978
79509
80436
77959
23988
66110
48413
70036
31874
46585
27951
52320
52804
50128
18497
38724
89957
23602
94074
56784
62625
83648
97205
63846
1107
51316
14115
88918
31115
87950
47087
96114
29055
38812
93596
7341
4217
98085
51083
8117
37454
60434
7449
76809
32750
74745
80517
90809
90871
84488
80687
87001
71044
81291
20636
86913
57059
80633
79670
61604
6308
15777
64113
51851
83662
96429
17704
45166
49804
73072
62309
5902
89476
61713
61407
22833
67175
53748
87326
80763
90020
25857
31418
82598
58200
93652
89857
70078
83872
86304
53368
70844
78479
53216
281
98332
16026
59996
84890
28221
40561
22164
28302
21332
3016
62060
43077
89997
88596
66996
33423
66208
86257
52723
71709
50444
68703
61744
9064
94387
17230
60
34475
71569
51342
11327
3467
17241
70665
87965
22520
94766
844
60677
36267
69595
85184
46646
79919
54417
33463
20462
34620
99387
78242
58705
65182
8414
31072
72146
79188
68242
39088
63457
80053
95127
17639
69425
72909
10806
88701
78917
72196
32758
78722
82102
91584
34552
39438
99299
28193
91055
5302
4438
13482
72831
55515
53135
91136
47857
6460
58544
13194
37168
75051
88547
44888
38019
60509
27947
91360
40103
75131
30086
41092
97352
3510
62748
23024
57885
9720
61544
66399
71549
51669
45375
33789
91105
93759
50305
86918
81528
55865
19451
88685
13281
2467
59863
60122
46088
92437
67361
80971
71040
26727
32726
39995
70329
27020
88075
49023
98751
86079
18327
74413
30287
65942
54815
45976
4790
48915
44444
51702
22599
29242
14090
41282
44281
41884
13871
84829
74363
69809
78854
53616
10101
76869
40456
88268
32188
16137
75255
4690
9521
66474
1318
65935
26104
50111
66279
28767
54192
41020
65074
84307
98195
40387
56207
46253
20395
39098
27041
83719
91407
92215
37551
1299
96825
55736
68784
1757
47238
59920
82835
93389
98377
63708
18888
57577
3052
36979
56685
43671
93540
71483
16217
96896
95887
63737
33215
59152
71789
83392
65024
61434
75672
95595
47504
79129
87938
81893
87747
51377
61354
42501
2163
70131
87866
84888
54609
40319
30431
22422
88421
85668
72070
46455
81508
46371
42832
65982
77998
59186
65554
16371
5856
19196
9195
62831
60028
77413
14562
50992
78419
37356
43548
85229
83085
13065
31383
90627
74197
5845
9191
57069
52291
61225
99370
80786
94919
41631
66921
94201
45903
86165
64237
9687
9813
55472
8572
62793
14760
41052
12847
26941
49846
97681
9393
32586
59635
77714
54550
90273
84616
40656
41237
66267
47482
15339
65732
9969
93750
3128
28942
31499
95351
12893
67604
66064
61395
87097
22461
4924
55944
6978
62267
10064
85246
35974
70012
13026
26361
57555
74633
20661
70814
9650
81471
43940
62399
51309
77575
51864
88165
30994
31092
41882
8217
94799
97689
56513
8911
98077
35556
56876
85903
39834
30043
24076
64993
16270
30226
88857
30997
7215
77573
91717
13548
87360
34488
76621
27110
83188
2601
38027
80297
56272
14734
17225
11946
22287
81553
31792
74300
41535
84357
94046
61042
3944
41475
65590
20754
75341
44966
48337
19641
24843
20223
50163
4965
67966
86837
90425
81122
95427
44476
82254
81652
71800
87345
64412
25086
32096
64752
68159
47981
69347
81299
28501
57733
47985
21799
21490
99109
52871
59436
57904
94521
13450
44905
59140
61628
945
98409
44556
63720
22623
25366
84132
96444
93357
34928
56215
6440
72327
38858
5619
50168
67757
36226
4405
33563
62425
29371
16132
21743
6464
7545
50937
60746
50481
99064
63228
15175
7387
80328
47754
88812
67276
18121
626
90644
67763
16448
27999
25758
93767
12275
85871
77200
33248
66087
20003
54697
78595
94963
40879
38754
60860
41248
29489
52928
36356
67232
20318
22426
56545
31975
90456
71265
70348
779
58332
86704
43950
74548
70871
3441
43940
98879
84633
34474
88994
20213
36226
53186
77012
21571
48056
96788
58335
54645
2555
47023
69478
9972
82415
295
86568
80858
28825
6940
5382
28014
95397
33316
58274
46528
15940
26520
87460
99010
7187
34264
10742
44768
93622
3228
88271
2910
96419
49336
92365
38989
70011
4874
14683
31498
79764
61923
40178
14323
88273
55152
72572
41255
44115
66245
68339
26201
69736
78917
29096
98287
98434
98384
73152
77245
64963
89001
99417
69722
57268
14562
62602
63260
26741
3974
49096
85077
53902
79491
6181
83305
612
87411
69234
79402
97896
7717
79046
5874
57097
49869
97751
91484
14282
25732
7460
32960
34414
11581
54773
7593
6671
42598
42042
36597
45133
81687
36017
10888
57572
50138
45091
77773
42455
27894
9293
28203
64201
93370
71869
22047
11434
56643
14898
91516
7534
62794
95942
1467
94137
87437
64136
17056
29271
46712
34689
49132
28712
1168
74329
42489
56376
52092
55186
59765
78317
5488
68209
70237
3738
37751
75421
46645
27184
61756
58528
14434
26067
59157
61354
71461
36651
67757
70837
61556
73617
94893
12708
74550
11433
93382
59588
29370
48240
52957
69844
51764
17546
32147
44225
40854
39262
9136
70058
32903
23166
39084
42371
29411
23614
40441
58580
30991
95429
16657
23393
24983
86369
30711
7589
102
75285
8236
55223
28128
29902
13873
29903
13471
26899
60116
45058
15529
65114
10201
21192
55850
2712
81638
27103
72147
52016
15307
95848
77935
81261
93868
96336
58974
16267
38252
84585
91312
82735
58168
8118
44319
3222
56525
38246
77705
91531
81830
74551
6953
30130
51654
42876
91089
24706
94719
46841
5030
64208
69053
90859
25912
3334
96307
29092
35997
9554
87263
69268
60233
76539
1659
72420
75627
92046
11555
54812
38215
97046
92319
44773
89772
84810
13484
24680
88177
36801
12491
63828
22481
544
5765
7423
67615
31348
20473
28516
61384
27995
4132
22763
53924
28989
88396
65158
20184
15224
48073
73847
12972
27257
92400
53487
55172
52806
2942
25329
65949
88728
48989
58549
6821
33030
78934
43369
68183
97084
83731
42290
91154
76586
8623
5584
84854
72985
60701
91711
73626
6681
15378
59802
79500
66646
74512
56250
7590
17609
96367
89372
35145
87659
74442
80736
90969
27492
52388
46125
81397
16865
99125
45042
90545
33731
23605
37320
6674
49844
47427
41460
3877
6101
370
45352
51100
307
80145
67401
7622
31673
28693
87211
10282
4734
76966
52152
75424
49182
643
66992
81452
20775
94610
77097
67512
9354
1480
79512
2988
75409
34257
456
34797
94768
64477
42791
54031
20468
72616
41217
58936
8024
17732
92643
48819
19862
94852
46625
52078
33498
4967
43092
15664
55602
287
32411
94106
21826
27390
48962
90681
17237
91868
32384
38373
22157
94376
64698
18554
79547
17928
65605
90448
19850
85198
81865
44985
34038
38009
38209
96790
34714
58053
63294
89110
23463
47344
97259
4717
37424
66154
66828
46924
28450
78616
14911
86723
43090
50469
72453
85392
66158
60838
66778
31554
80693
63464
6463
36431
74658
81881
28473
52430
5251
95215
32883
23025
63337
35001
87166
98531
94008
22464
25560
38170
72542
21209
7850
47225
29281
61866
23340
5925
62224
27254
95651
866
79771
64455
51403
47305
29983
61207
56399
33512
71193
34203
54901
8662
19228
76461
3767
67921
19934
30356
75276
38230
41324
82482
42117
33692
89566
19114
58067
79822
4806
56427
74277
4355
87233
36158
52527
93212
45776
90984
87399
17529
21984
94364
24713
85848
49349
61920
37083
81995
88134
84858
5962
31989
94641
78232
60627
6337
50063
31673
68638
51806
79986
73946
74948
61467
94411
12096
99057
42715
83801
69023
5060
10709
27196
71590
94068
51595
54631
84232
40557
47013
83667
72103
54776
75498
25936
44670
78104
22106
75702
79371
77713
7498
5114
61815
22851
11708
89405
99364
61012
4251
58846
73010
10955
98576
53008
27213
46488
91524
84742
32567
49618
52787
69962
41613
25528
7113
87949
89529
90937
53948
84408
32372
96432
84997
75810
69333
35174
27196
71450
28795
36219
69583
88548
71859
29055
21886
5761
81734
25819
43223
10598
46849
89357
46889
86767
60706
94896
47719
4012
42845
60666
60443
4537
30536
24543
3
34028
22953
49170
44045
13192
39930
4012
35499
54446
31574
18213
71955
7923
22499
43391
64182
90732
58428
11267
96731
97733
58233
18243
53879
26898
42333
60094
4235
37533
63996
67362
17497
35486
7751
68427
30532
65513
97302
65802
45572
75840
51760
40193
23939
99241
85402
71050
64375
91579
56922
33559
61212
530
54214
56757
78317
17858
85742
27626
42847
85864
45827
23965
57083
54491
96930
67284
55861
41089
72321
77880
28397
43935
47573
33878
44226
57737
48638
96447
47182
30551
96143
28782
48354
39416
60574
33129
94014
2144
32260
67873
97229
49693
89713
94100
43003
88135
74959
95218
32180
89558
76625
34620
55899
37966
29625
95976
66595
60341
47651
64193
78478
89381
71473
45836
69919
94812
33171
12325
80350
64848
56434
76839
78215
86945
41338
39979
87823
30599
19426
23016
6261
6122
75481
11193
81761
32433
60143
67900
9788
61490
24157
95638
62187
72263
40082
99412
12841
77218
80475
92652
23807
88631
65613
64322
72483
47768
51250
48550
39019
46814
45710
37979
57132
77059
69005
58579
30739
71852
25324
12789
12895
31491
10816
61793
82362
95908
12614
59242
73042
96237
88936
87330
93304
15416
6377
82643
71955
17669
34157
17833
73698
1776
28616
33742
92429
60546
88034
39853
88230
67428
67587
15064
30402
94606
97153
293
15246
91677
83939
37587
93487
68547
21360
36491
66554
17272
81657
36257
60813
18702
2400
23609
7176
85442
66692
96294
36235
20750
23210
35117
89774
12188
66729
35529
94103
92309
85842
54696
91515
41528
57370
96659
44500
50022
99270
73194
45531
5721
40498
32270
29603
39445
4094
13944
51570
62455
76341
84614
15644
46282
37915
89590
25277
3576
31922
25483
1971
66397
93769
21325
79446
91448
69602
19693
91957
41403
92862
70821
8494
19425
96744
77246
81546
51967
15323
14891
17171
68403
77680
27635
18674
25689
43336
10220
45065
31677
40722
76259
55658
96202
61689
69400
16370
16929
80173
34661
25990
34469
58477
11775
168
32051
36718
98582
80406
94064
59019
47671
2207
10778
59241
61104
21987
68960
12100
9235
31590
25837
56220
96948
75888
8480
57718
21549
46596
45815
41520
85281
42971
13514
69189
53916
23900
5812
3001
46745
43387
20235
72226
7966
5259
20241
3603
49954
20769
38883
50278
96207
71079
15982
60388
42018
35673
59650
38484
87472
5727
2367
863
72898
38952
31916
27516
83712
24799
32486
70973
52908
39117
68885
38420
5765
26058
53755
55395
1517
28417
44773
44415
78692
74496
72452
12736
36307
16697
17749
24232
41636
96984
77884
70093
25550
38144
62256
83813
69007
71076
1871
17805
2035
99839
30962
97142
1905
9073
31676
52108
62356
80279
78764
65060
66102
82086
73105
41506
31656
36355
24285
11460
88719
79330
49586
36303
58025
34745
68698
56916
49454
30143
25011
64094
79601
71399
51174
87866
19620
71699
46840
97283
89595
87063
16346
10730
33097
876
83547
45727
93640
65261
17438
50462
7668
29361
97126
47864
40854
69797
36557
93181
20895
24677
3092
93475
97290
42839
32533
89430
21988
42533
69236
45564
73159
47029
55700
95780
64194
60358
99206
62506
5460
78921
20699
11337
79735
33242
83707
88318
76666
84921
93327
60468
97671
97897
98296
46770
28803
64741
53346
4381
78835
69786
91859
15659
65212
36773
57758
74949
12611
46409
65940
75992
49107
70957
9210
31257
47964
37936
67541
89330
87353
47562
1346
47822
32394
13536
84898
41276
39104
98115
24018
62787
34135
21542
23097
60451
78749
79034
75995
46403
5745
75401
13451
46301
40167
64011
39645
15618
60648
28711
77913
4427
88469
20394
9227
30909
28108
61245
55159
31896
74724
17446
72649
67196
81107
5214
18411
21625
24207
58282
15889
91442
62992
28312
48974
59980
70708
14904
10633
55033
44349
49588
19689
99771
10933
49422
23981
81527
97233
13045
99801
64696
80212
44290
35851
22461
99434
13429
25836
35776
49813
58600
87874
10948
63972
88556
65665
82202
56767
37608
19425
12560
46432
21131
80811
74903
93595
47178
27438
88143
39934
72634
30702
88657
59283
35020
43772
59544
5858
7360
38080
43277
38195
85831
39026
94734
41682
78169
25737
19803
61195
33039
30859
10429
88917
95519
62563
530
19339
12850
27824
89689
38453
55619
78170
43510
64005
33718
97759
44195
30398
22706
74796
85108
86607
28380
94599
91397
78876
44882
62057
80386
35581
7745
26217
3347
75488
10852
65651
68033
91242
29273
73880
53097
40059
95297
93951
54813
24912
28276
73049
59473
89601
31359
53202
47721
79882
85915
78276
9180
11143
45675
16133
11460
90361
79282
33568
357
60773
2862
33665
57912
5084
29557
69546
62196
68533
48554
67203
6999
78326
37052
12206
9622
20017
45852
25368
65055
45131
51193
7692
50055
35096
3225
98337
51989
33058
86838
34228
26122
21833
61138
15856
85355
56260
9753
34825
21420
75205
27314
56873
87195
50971
609
31010
16038
23153
57468
18306
35882
50100
94376
39748
62234
70417
87759
17218
13032
32829
75968
70824
76019
8270
77348
89189
32045
44934
9272
1819
50759
87729
44556
8117
94427
58148
71318
45912
28918
7141
35380
89778
96416
50569
69661
85519
69289
45272
71810
78219
23634
5965
50214
62306
49045
29145
7158
16066
71442
3016
53703
55042
11864
12859
2252
1484
99468
42836
71569
97589
18424
19761
12279
7054
8243
12239
20619
11443
88777
88399
30501
57153
51079
25814
602
87844
72645
67567
36735
28621
80304
97355
83611
25155
10931
36969
32231
66001
53729
95664
19012
12413
48834
63704
78201
37593
21656
83529
91496
93746
78412
4316
78252
86470
57466
4605
67442
63219
52502
64786
50352
63146
94617
56661
27494
25090
65452
31517
22352
96104
52559
95675
71365
78260
63015
19552
60847
99160
99586
93820
40999
24561
67976
11809
34668
71008
79712
32390
45408
82322
36284
1160
33407
41211
66242
25578
78973
25122
29495
5309
83035
46934
41930
53978
50822
72702
84475
50988
99628
52685
2470
84364
58267
71284
87952
12708
12376
49234
9389
4244
22809
53031
63979
44723
25600
48102
82206
91533
83540
53992
84745
12651
15453
66174
17894
41713
24508
7422
62450
83136
69733
5502
19256
30044
97690
71263
67544
23943
48517
63841
16116
90124
45905
32788
35959
11096
96934
74286
86594
6051
78591
84249
22772
57357
67241
55204
65654
35363
15483
57721
36448
32320
20045
59215
37323
30288
86966
14326
43892
23536
90886
32559
38090
40145
2940
23966
82100
29372
70117
41624
43074
93295
63154
65654
9422
3590
44596
34092
60590
35700
67895
90003
7354
72464
40952
96866
29620
56237
15652
7804
75257
76226
31503
42786
28738
83464
47694
34345
64983
33794
65777
54246
38385
40502
19009
75526
56778
31609
24465
84955
41604
83946
40804
94480
29874
38452
31547
53117
64359
48823
82489
49526
67289
23968
40117
95486
39697
13525
59099
15609
69683
24941
97856
36062
59172
39164
25023
97003
79132
51308
90421
31860
77226
15078
43573
63027
80734
17072
14953
3587
77207
42289
25095
46824
83146
88784
65259
23845
45451
83259
76854
1553
9403
11427
20739
62116
5999
40804
28546
99787
3704
93346
21459
84635
93364
14030
98048
88610
91601
71145
47383
4504
71705
53088
37379
78101
68575
40469
51590
95805
33220
52062
20277
4182
68645
2854
12112
89146
51781
50930
22588
50696
34547
74430
51647
66388
53560
58086
91352
11743
63423
71361
64632
86113
78401
12455
5793
2307
60844
58419
53721
38505
52751
77315
83146
78700
93029
81404
91194
98246
51867
82859
81955
22918
52959
58438
15406
57764
71944
56497
8304
39471
78204
26717
53121
29089
93154
80715
84244
7188
45349
62094
57528
83085
84193
57677
30027
46391
53133
42920
70806
38603
98533
18898
88809
36971
38386
22493
34707
6670
60472
67508
67037
23957
23005
39009
23780
43772
76049
3375
84082
74637
97950
66409
57688
96814
11149
53633
1290
51802
87698
18510
97655
97805
94422
98700
13411
34937
76767
20775
53539
52854
43454
25170
3412
82775
13268
74161
46968
99703
25698
52728
71918
84817
54860
3882
11885
66383
99240
92515
52316
28763
35305
78225
57265
89585
4995
62141
57253
17237
69242
4232
48881
23617
20812
74384
9575
97047
77431
4786
37390
92565
34280
58409
17115
70086
70145
10068
69481
72308
77958
19958
1398
33404
14597
84439
83481
53658
42495
23144
96643
30915
99383
1540
25425
55058
534
55985
86731
14810
24505
55110
51005
75898
67032
72519
43343
56750
86323
55627
56738
63554
9787
50303
97354
53313
42042
45539
20035
54764
16352
10610
55985
36807
82539
90559
1272
53645
79858
27098
17460
50467
74830
84434
82870
32106
36933
11125
66268
25806
72437
56147
23916
21372
50042
63425
26669
48
81884
97305
48321
59212
64152
76766
32451
11876
88168
83869
40889
34262
93746
33423
70486
56760
53674
20123
42383
73642
7621
75608
51671
75978
58875
85200
61498
92550
90200
51457
89394
94123
31743
90269
69129
14397
79867
72625
1292
12192
13476
33730
1065
13042
13994
85971
92293
58235
66241
14659
29467
83485
22314
37812
6868
73030
92505
26790
47488
93636
93832
44642
18351
84312
93239
19219
3407
36643
61022
38030
70658
56605
13682
71250
5883
45860
15631
69610
29300
40881
53768
52240
39087
4039
60968
19500
47272
85029
3012
14681
31123
66331
48735
72616
48855
8473
10969
24095
24966
83778
31093
27993
17048
20127
30758
28497
98211
68784
59349
90649
71481
3262
78194
28484
66718
63436
58036
17380
92485
20236
54958
13005
94822
25870
62609
82809
78909
88690
43672
18565
83298
56159
99092
35384
72161
80716
98932
47651
91286
69723
24880
56228
26535
31110
57106
79685
56605
33905
13858
9857
53887
34591
31181
81863
70797
38561
56689
83575
83703
35241
58472
71753
5496
64188
30862
35437
72146
10342
95824
56748
60327
62024
62291
10990
64561
716
25374
52469
38399
29433
17606
23815
39180
7234
83668
69737
54141
77848
19284
91622
20567
84864
53533
84943
73819
56992
4728
92028
74592
1234
72239
94096
68843
20091
6803
69083
11532
18357
30697
23002
35512
82664
63859
64889
28287
22104
30231
5368
68682
42232
28334
69579
17171
80572
3787
54139
82368
1228
44261
234
56157
54644
92995
55892
85909
20728
82596
5328
27725
94181
41384
23894
31037
30275
46142
76955
98923
30151
22442
18328
94726
35364
28210
87977
21245
69409
55206
45841
49274
39302
88234
78074
27006
86544
23714
72378
19897
42724
19193
59953
4134
99296
35213
67823
72673
92045
95034
32403
10950
3153
22881
57165
2407
93537
10133
40901
17194
25395
72963
75029
11773
28529
19451
25361
42231
65033
79583
39911
92236
24994
20359
98721
41964
55434
67822
48040
15096
76650
95132
96898
85666
70043
55537
19900
79617
69681
1547
4290
49518
39477
19892
76235
9502
61585
65356
64435
97372
11845
83598
34400
64097
15670
31105
72165
50099
78886
73117
86532
23351
97503
8216
63310
96725
6472
16461
18567
63655
37722
69799
47909
541
85612
8975
31543
65136
16971
6576
84483
20928
86502
41507
9575
84877
94213
59100
97504
94831
36889
43216
22601
75314
31662
97281
92827
39633
10654
86504
17747
53005
49663
85726
39026
58603
21148
35175
89790
89736
74402
39004
31269
67321
85521
87859
15009
26307
71890
25004
88727
80147
76519
5818
50970
76124
56093
