16518
5877
91027
94401
21754
16489
67950
21836
97921
89021
25634
51358
61444
3557
31367
548
49399
56990
6607
51651
84094
90890
98487
43480
21324
24488
50682
4586
33127
47663
67584
4847
67304
3879
74067
16983
92926
94340
10002
57657
76497
61152
22366
24825
20932
47283
60465
72114
30421
15921
31087
3717
91806
15201
88789
81726
95869
14678
22382
90176
69009
16844
1285
1005
80571
76032
38324
25139
89636
68556
47035
24662
28509
75294
18380
14486
8640
16019
62882
24861
90038
39797
28562
53319
31443
20911
9818
39438
82875
83625
40215
65170
99496
80389
28594
13953
30595
10004
12314
26216
71023
60981
24237
21974
29062
50507
95343
34185
61307
16346
41757
7896
8735
54430
88700
1436
34655
25513
82347
50876
57098
44151
89399
86867
69712
54062
3596
15168
16741
87063
49897
22154
68709
54356
38796
23694
68850
18205
34189
15047
59001
89851
59079
3928
31475
42176
73584
68089
11655
16769
58570
15067
21805
31474
57906
38970
25965
17084
29046
10046
10181
7037
31620
46030
19433
4860
3069
74418
29605
58279
30920
80994
48318
75435
30403
13905
44439
51791
51188
67344
73680
77966
78941
57440
75688
94639
238
50232
17251
6594
62485
71950
96102
42106
16720
30790
81983
44769
99715
18165
25090
6749
94757
26192
28718
67933
94165
37878
83567
4255
52298
45174
39580
76066
61063
52383
94208
12130
76461
46338
18230
86901
87979
96230
67693
70049
38545
50120
85259
80568
86978
39020
76494
5682
25160
62020
13005
2309
37665
59324
82142
36387
21655
66016
31889
67185
75053
61131
87321
55263
19029
85613
93482
76840
97214
77655
30077
5512
65099
55014
58737
99413
50655
53418
53356
8283
9556
6226
30816
39832
17772
76630
1128
40433
41598
29473
40657
28495
54738
39385
38934
59418
44040
56875
46755
68272
67025
38648
90619
10721
21249
51670
28661
89290
69725
32388
16193
26253
12527
99471
91785
8745
99928
72634
80306
43323
19109
66541
58530
9329
91546
45788
73691
93991
41226
15858
62437
86336
15465
15515
91882
2338
8761
56843
31227
47406
14208
4366
22768
15962
71227
2413
91725
14221
46603
45786
6752
49207
43470
84216
50886
26954
47881
91209
5485
40185
39201
63637
81076
57196
21609
97364
14607
39645
86101
29113
5959
71442
5741
8092
39838
6903
82269
71138
60240
71991
22153
30314
69525
19767
90974
40566
48163
28719
73316
15924
78704
14694
34959
49161
3605
52137
85525
86553
74286
23335
68090
77621
38781
71756
8486
77025
14767
1656
42008
74752
53238
58428
12533
61663
49942
50512
249
66300
20411
98867
36493
44081
74855
88640
31353
95552
9482
20906
8593
30044
34922
12116
63307
10225
56354
66448
53841
70066
3558
85425
65714
62397
19588
86190
96019
30925
79814
21334
45570
84092
77812
907
94443
49715
62871
83229
87875
85103
19896
19652
26562
6898
52871
48024
14990
30211
99032
81008
75346
19330
44295
39798
7309
88780
12668
61732
96071
49960
69866
6557
62558
74412
18833
30058
77599
32751
80195
93359
46705
747
13252
58921
46603
82894
3274
48615
18053
37822
96036
63554
61035
40582
17815
17019
8942
19938
57827
19311
17909
91043
6117
93849
6450
6399
35158
15716
14127
22904
59440
8075
91623
12752
15440
22640
92357
1974
26101
50293
11158
86538
37338
83298
46258
53786
51187
18425
15761
17566
2277
16290
51667
30908
80862
11807
82537
33446
21422
49822
26275
289
87909
68647
66199
30049
47595
14549
34282
62865
40662
99842
28383
44846
54379
13466
50074
42259
62676
1906
10991
78031
39098
81585
12107
28370
76959
35756
77310
97511
9307
58256
69028
54267
42834
85592
52879
13692
38222
5759
46611
65180
60573
55855
18349
80437
35433
30264
92465
90630
1360
40764
1902
31356
66657
73415
50848
76300
2802
2652
62610
65436
67456
66634
30926
40289
30627
94589
10179
19043
42989
2833
94802
72573
43936
44514
99701
78561
58249
78398
28683
536
64829
76572
53476
99431
28174
72582
18182
35181
60426
30386
90650
32649
70928
33519
61494
2008
41391
53530
69800
35836
35261
60751
3963
64024
59921
81085
54057
99351
70526
4658
13822
92045
4461
20150
8484
35286
91350
45972
4144
38202
1178
78259
61737
68050
87455
62403
496
99716
2473
30994
43728
66121
34546
71934
9060
65584
11494
30821
83903
48316
81981
13336
88860
31432
26613
94222
706
96715
35468
49877
62739
18422
80503
21763
86034
72443
16802
16202
82927
27687
51301
64170
84369
63632
86143
66497
26655
10314
83185
36861
19018
41810
79225
13618
12698
55310
28841
89223
39251
52236
76964
75211
12259
35046
10581
70949
46539
86503
93036
82057
64680
95016
95926
55558
37630
56243
55192
27196
64864
15401
43175
91563
80574
23775
5287
84422
42379
14690
63933
85415
11465
6459
65843
83996
93780
22382
34409
11935
5096
20924
69522
91779
98127
86601
94418
82986
54699
11608
71921
9939
54844
5714
99356
23889
39055
46629
96537
18615
48612
31753
91813
91920
73306
41438
18669
87723
56697
54257
63141
91987
7739
70685
97639
39772
30264
2094
54667
21369
42060
87778
60479
19243
85895
36296
44292
95636
97138
70730
15078
66442
6521
29382
24661
79111
76537
10135
73348
47804
550
12884
51230
47878
4153
18798
59296
20121
65238
75005
2102
6712
21142
74164
15190
18183
45749
95888
56051
50200
985
91504
38527
72801
7229
20574
25313
98991
83386
80460
62254
54388
94833
75066
69415
74043
29975
73236
7631
1404
2269
4343
53352
79147
11739
53972
13225
11531
31769
7501
35101
17344
41914
3389
14458
1154
30213
54260
66173
49870
32497
15072
76319
59958
20492
68263
48214
68600
3208
60625
77867
82316
17827
97250
4979
21046
39537
24261
91052
30684
40
95556
49910
70514
72008
76979
19403
47505
67301
4653
94236
57958
77874
67159
78282
22118
91308
27648
35614
86463
85376
69482
6341
35946
76026
76994
13708
54045
18347
48170
39059
71645
34421
82777
49425
25680
89975
20152
84389
59248
91088
51597
34612
39740
28177
11988
8803
3048
46020
90313
76210
3029
54899
17507
54291
69468
83286
67354
91719
82083
5501
88681
10900
40466
57270
84463
35204
9087
26491
85103
74108
11397
76891
53495
87575
81267
9955
94429
90783
80033
53033
23173
69960
84958
30741
82880
21577
37893
67436
42383
7895
60653
50203
87109
34656
80671
21756
54538
2305
30051
50728
63131
16261
20371
65337
9359
47770
63633
96635
65077
42897
25236
36815
20729
36018
73406
20858
96101
99738
40521
23088
1604
56978
30303
13145
6786
6029
8137
98686
6959
36061
91839
23539
21570
883
15166
14976
49914
45873
39960
45101
93984
76878
16678
67817
71112
90789
3288
91991
44887
82298
4172
28630
63422
16427
21629
31916
23364
65102
48083
12206
7138
30445
76792
8302
30343
64442
11499
97410
66876
34416
89389
14381
76770
83881
65625
37612
59287
80118
71473
96959
3128
10622
50995
94897
47488
20245
46538
53894
94767
4184
26689
84481
91558
45955
12914
75599
14318
25679
79805
74899
85752
75947
10004
61103
51039
55542
11667
66731
18410
91095
10189
86822
11277
64441
65633
70998
75279
73350
40876
477
28711
97598
48472
47498
4575
36276
20369
16489
9755
22565
96088
78985
96947
26294
68625
64231
70587
65194
32311
81372
22115
54493
52752
82432
11611
53343
52635
65465
14351
97360
93317
33380
80816
5940
28282
96542
45170
67284
88505
51504
15730
86545
88513
33205
28496
71109
40487
91978
8154
10808
51082
53617
74025
23036
59229
32737
16676
52933
54851
22669
51490
584
29402
99439
64750
57007
27309
61745
85603
2935
96301
95416
82358
99654
85083
11438
42515
88332
40380
52714
14080
3637
398
14302
19934
76775
85370
30589
18157
74655
31263
81863
62383
12130
27118
95730
27557
66595
58165
35767
79893
34448
83475
35958
43053
72569
35050
74918
93410
16766
58130
18877
21745
71412
93641
74681
24518
86068
89449
13417
79867
80287
79442
42426
93816
9394
22215
13186
6201
1378
28565
72387
44205
10965
97708
84668
32634
38237
69778
24754
6014
50577
54733
65686
8913
36169
68351
91795
72614
34358
88047
57879
34672
81051
64609
93500
58753
7788
81543
49585
59982
83554
37744
22985
79886
60665
90655
58048
20545
33734
4632
55142
68334
36119
77299
37577
5860
10409
76978
40771
65826
85984
80559
26685
83794
81383
64399
19006
93007
76548
95059
2933
55240
35671
25933
25695
48285
47951
8303
49077
58854
15945
74654
53
9619
82118
1926
76619
90222
31399
12296
28923
45597
6248
71695
38318
18275
89078
83744
14231
41126
51374
5038
32321
93227
69108
47629
3511
90109
4748
97407
92559
96301
61689
65995
66164
93044
37584
29995
27694
48755
83000
94820
71504
77019
83104
97297
76350
73641
88348
18168
94137
24009
89502
4894
15529
88379
61805
75926
44006
29267
48805
88052
73666
25370
54506
13824
44790
44659
32138
26854
93096
91224
53743
49611
3606
8162
17469
66394
19777
74022
79246
7324
18905
48317
21607
36837
77889
55165
95991
67115
73535
55843
41516
8626
63010
9874
6833
94115
6288
27764
18664
83099
25515
63903
672
75903
59360
61203
93139
86446
12940
44064
45407
462
20010
99493
78847
83048
95869
79923
85157
39984
96695
58960
47222
46109
27620
82039
81410
2039
8054
90044
60126
16366
57869
49805
98496
71526
48931
60724
70038
39408
25649
75706
55460
12149
14594
9286
34968
971
41106
21410
11980
80810
61090
4190
70391
36888
68443
49038
51856
85856
21468
5166
4256
28418
69633
99334
10850
19332
55634
61097
24378
93829
65478
46391
27344
93682
38610
74179
5320
1170
68339
74318
88190
79388
40179
97330
41443
19240
33754
40091
27887
54851
15829
52559
18754
39228
88124
495
65115
28411
81794
49397
41075
63985
82142
75805
40759
40043
29905
31969
44577
24032
72723
12444
92690
9002
25087
74480
62222
50929
60983
93826
86995
75459
17845
58947
26935
7168
64656
95882
12862
849
60007
74461
5909
72344
58637
66735
47118
98083
17489
54659
85016
55258
92936
98606
29722
2840
47066
27547
52939
70231
74310
35272
34289
39556
91634
78061
93205
75249
65523
53693
15871
89737
69749
4292
68180
44606
43527
35409
27624
61182
58855
50446
40801
40196
18245
21386
83530
57995
96343
57943
7824
23966
30809
96879
90813
57418
26974
50354
56142
23605
35959
87402
12115
48135
30079
60559
99331
73478
51745
58663
48858
95969
18086
14725
50928
38850
88543
80370
60374
3206
37035
96521
68592
38953
69541
76348
6250
84474
910
15349
93176
62478
946
96758
76494
52944
1466
28610
58552
13142
59373
43284
66487
73743
75651
90189
57369
47032
18472
51052
92435
25006
67497
88181
90270
23997
43775
87540
32812
62039
60181
3994
69349
80513
35223
20966
45186
70663
96409
48352
1509
78928
81409
63134
24595
68556
7922
77833
52687
54409
61686
65530
29077
28677
29575
57182
90255
51774
90746
1017
27287
4421
48072
52838
15786
2737
2842
66013
34757
45232
46353
60525
16191
59449
78096
85736
23267
74460
54982
87870
64744
37882
66492
69090
89999
4785
75863
37129
75256
87600
99018
26736
10496
18249
15611
45373
8603
51012
2416
11486
41227
13296
48470
84782
49051
17588
9646
32054
63546
71172
54388
41552
43575
10095
73517
45414
23989
95925
20461
83545
67819
79862
80675
830
24091
84518
28129
58850
95756
67004
96363
71407
99303
8842
48603
55047
74603
20294
70479
42092
9709
65511
44976
49378
50767
99500
84639
1324
11323
38230
35166
81939
25213
66517
92057
34661
26523
21920
23471
74746
57041
3038
96801
54674
39821
93378
5973
17499
10052
73588
90087
24622
12559
24649
58637
52792
71142
22036
10406
34614
4470
3094
7134
73050
92482
23121
75680
66091
20948
82075
65561
74569
77438
40878
837
93997
90994
75484
94040
20430
16762
53664
42347
96384
17332
36079
27424
95095
39502
33421
54132
79658
14330
28123
76577
8179
15150
79758
16109
5714
36763
56860
80434
82961
39143
31216
17099
41731
10569
59677
97591
34021
50529
26862
25229
54470
99921
46811
45917
72195
7932
54809
74495
19755
83834
50185
5114
68865
53397
28560
84306
87200
79555
84934
24111
47097
57760
57319
8967
68791
76262
78984
98823
92804
98700
49380
65315
89124
4057
9172
67159
59743
62756
48252
84793
9949
7082
76738
22270
18537
86698
32826
14181
10712
16448
54013
228
65251
39068
90456
76205
44943
78174
42369
41404
4526
82449
3012
74464
11486
86689
22171
4803
74832
14746
30940
63416
48355
68543
93868
35328
36751
21827
95921
16665
25021
95271
36934
54788
47891
47249
49351
38833
7694
16645
2348
83529
96168
94946
47123
98584
56345
53628
97718
14101
61241
20754
71931
86511
94435
62380
61642
84630
96086
24018
27993
40451
2709
84651
37923
24452
95246
40849
51416
26696
76088
18445
974
63555
44597
4693
39349
2207
34423
66911
6056
84768
91007
96832
45918
2674
84832
82789
60640
96817
96482
51501
58006
55797
3107
46049
56315
29240
78456
5745
6383
69381
40529
76653
17770
69086
42490
96636
21581
28810
55901
5949
11445
59865
9669
46423
34889
80790
43326
56095
64179
81640
69272
15078
43596
86884
11978
28604
95055
65939
15188
39493
10511
77372
28316
74262
32516
4173
99834
43853
9281
78699
39951
7946
3425
81012
46896
94509
70464
83533
24833
16813
25222
44941
40540
53650
9886
12517
36240
44976
3013
80522
67078
47137
21565
36129
28863
66078
57281
92677
49882
66074
25939
31832
62802
72795
52913
65284
68899
6005
7783
30381
69869
88996
38045
26965
49713
3973
67889
35499
59064
35410
11136
92209
49875
6649
1661
29768
10973
93401
63172
45146
85021
53368
30184
35364
55336
79939
31176
53726
30819
93762
72769
53576
42118
60599
32829
91443
23707
88243
12809
53066
48134
65622
53348
78299
14463
96769
88051
92133
83450
6041
10929
96447
68168
76667
67908
5315
90166
75382
84459
26134
21843
23401
59187
25364
43760
32314
95945
89052
91839
75792
20169
45046
58878
43726
14005
45245
73293
8941
66370
1933
49658
2677
45420
90569
25022
96151
96906
58377
87425
66889
38780
38399
43000
11519
29889
12773
95663
41186
70341
22596
72641
80848
34423
97667
41796
54641
11032
76842
81346
39889
20879
9042
68929
78526
73850
85228
89828
7424
44095
39594
24491
38383
96865
91534
8502
4374
86094
70957
97223
9635
34453
86559
19684
67111
10101
43205
42876
48112
3728
50424
29793
66400
56350
37578
79219
54890
93406
19995
3070
67305
96872
51259
80793
23485
28765
57846
18128
80771
24512
29505
51068
83727
26622
57440
68237
6633
92616
71761
75401
11521
21793
99352
10543
37232
62355
8
12148
85197
84380
38827
97263
59304
43398
6606
4784
83782
20021
87852
49386
86362
78841
50006
114
33340
64387
42108
28351
27273
660
38746
19441
59831
19024
43521
26191
61683
12722
57216
18345
10201
70969
76112
78075
20463
34464
53913
46802
44351
51884
90692
69769
59439
81822
78462
78541
39678
92936
9638
62431
14461
86620
13684
7191
28551
11744
95077
5446
64351
62110
9735
83284
71461
63896
78877
17447
75188
72248
23503
50597
99419
17062
46226
90801
71797
60723
18031
26065
44680
44785
34003
38160
36119
41989
6483
5184
53028
94741
37817
62071
56678
43164
43727
88026
41250
68829
59815
89207
14089
40788
47044
43436
44462
87655
74281
69221
59202
40795
63900
50722
38734
63203
51063
53335
3660
84564
18667
96814
63331
41940
79920
61191
19965
91600
13806
78687
43462
45804
55649
12910
79811
14294
83405
48394
76557
84020
17342
4682
85161
11099
56602
85765
75685
2273
91813
1464
74385
25226
90320
61734
67351
927
11168
45465
27192
8350
64246
95271
41893
67146
77952
31377
63286
87042
96668
48069
55755
12175
31332
31747
94301
16535
66651
80604
77088
58000
17362
76566
71704
12750
19159
8396
84084
37628
69978
34034
5227
64105
66909
92887
68562
8154
24024
90787
25207
83006
77191
88703
51069
4031
57136
75700
31764
12243
79380
67628
63764
41458
75442
16853
48662
60066
11794
66980
79599
25775
13045
32278
37738
59158
66742
24209
54017
38176
78333
70825
27928
3404
65760
13726
96534
22373
49270
4547
52192
46099
43802
46713
9300
68525
13368
54906
95
99500
54295
86418
53179
70170
80323
14344
75785
41993
9398
77850
14022
77153
55778
37510
23405
55889
49725
43365
33770
56103
17994
41041
45686
16154
90848
96552
71796
89764
8761
26857
87270
68526
16825
10043
62637
91107
77081
83788
52635
97638
11023
14455
36342
17952
55644
76895
38988
17873
33297
47192
79086
11048
30463
92933
35114
25358
13754
3675
12969
87836
58601
66053
60225
40844
26636
2497
79672
42573
16714
37799
44630
14897
59223
5866
93093
67009
71838
86039
15464
34320
45233
95450
44373
25612
58026
53921
8624
64049
85116
16408
79142
98711
86043
41266
57987
71628
42437
89865
84400
91613
86283
13309
16140
88749
72544
24856
67654
65224
62877
44851
28500
66033
84207
74385
68084
82008
80670
59305
72572
65831
34202
83809
87839
31227
36388
64917
8383
37136
46166
20247
10058
47830
83504
209
59635
16095
58432
3334
59981
59866
47341
76022
45990
37818
39936
91040
14462
73135
90448
14242
72354
80534
97417
39676
41673
14220
96472
9362
87499
41342
70741
82832
90393
37692
94700
3752
23613
79499
97002
88278
37295
9562
8130
22309
48656
71725
82809
78539
31911
52469
33812
72911
19190
85952
78075
65867
45944
23756
46602
95084
31545
31383
61556
67542
24530
28979
64341
43237
31871
40629
39634
55470
46815
87468
36655
11908
41288
20174
78317
92726
65156
3118
52925
41237
33868
33034
10150
88116
24607
36065
56047
85064
20958
61794
4777
99535
28168
83679
50812
28813
27117
3457
31501
66225
75761
35765
56904
88342
58048
65923
71888
89157
59240
24479
49536
16056
27255
95256
67805
83865
19826
46094
45658
69289
2446
71330
95047
28733
18607
61029
92024
11043
4027
54450
99853
49218
69626
18327
2019
13983
58413
23790
31222
58748
17320
89003
80529
45947
17901
51438
78900
53408
6245
62712
57569
57332
34206
90330
80675
96102
71644
30760
42779
43180
64765
7117
86376
78151
36078
39192
88978
21732
33539
41940
24435
62015
66647
96438
45219
77570
2752
43823
96863
55883
25325
49410
59317
71756
83552
58799
1071
5900
41218
22029
52793
45131
36903
21654
90577
3426
70655
13916
80394
71145
21494
70329
73948
87378
11049
69253
16907
60146
44837
63937
47603
8576
16158
59888
91533
6198
49608
93253
18017
38197
3766
80662
65544
65669
57197
79888
8188
83449
33507
68357
7934
89201
65626
65185
13475
42649
26195
76346
35357
82607
68784
64646
2082
16482
80811
55622
13563
80501
54764
49823
73771
20195
83563
31273
28826
64573
86946
86273
82493
68047
84398
59545
70275
13632
79906
73232
35230
35992
25000
30652
61772
19836
85877
38370
67330
63285
98984
63592
41716
76878
75647
16003
57475
3228
98997
78506
6019
25720
11452
22283
83368
16104
17811
56667
72557
4540
10244
21129
23872
39123
80285
84204
39981
11582
30728
64891
94310
70972
77194
50587
21932
60549
95700
47699
14748
82210
42665
13147
48121
53625
18221
26867
31953
47079
38086
95088
74959
25862
51827
35601
33501
76462
19461
11568
74836
34104
7357
12723
450
33437
61732
39554
11414
59389
13633
91540
69354
37115
64155
59266
2958
37413
77515
66781
18445
10386
20188
55899
82782
9604
44194
83244
14921
27342
60116
41675
47636
71791
14184
91856
74442
53307
88042
91586
25511
97242
36984
28585
16994
554
86653
42562
83286
16480
52584
29196
52943
6892
92264
18496
12942
10042
24230
90077
85945
54165
48447
27073
48770
61382
33149
27347
15826
36410
10225
79005
44498
20833
53583
5176
16694
98323
46373
65151
6662
24269
43065
55142
54699
26393
3839
7875
34674
89740
40532
51850
88447
96456
26010
30774
81970
90882
22896
51587
4015
38526
99660
91385
54796
78454
33400
56259
21628
28633
9191
17918
92306
6704
9010
64397
59957
39101
50388
27529
19359
8124
56510
20309
51985
52491
44599
97679
85783
69190
65396
97283
69395
4363
40112
49018
79017
43196
42888
10191
21990
38210
48470
1186
80686
31311
80903
1094
86433
33916
32603
56245
15497
31185
33113
31171
11458
81539
62284
43599
41126
64887
32990
31126
28468
7877
61136
34850
11516
37015
24307
4256
29194
13169
34694
32015
77389
40171
95596
72660
63555
28954
39337
14155
32803
7245
85817
75352
65926
42738
38509
48987
14290
68568
88739
68065
4709
35760
47840
13751
89947
99341
87533
83546
21179
37834
96972
43466
3364
42634
3765
58525
70288
79803
30641
41743
67810
12916
33810
10007
7825
34461
57517
99189
4273
40686
43669
9896
42394
37680
7189
21180
88663
58399
32266
75968
96334
50097
123
68598
16615
49968
21526
81347
22362
25443
46376
80806
3993
1611
74392
261
91448
74089
69088
49539
56373
99293
80041
48110
60871
36041
45251
75669
35559
96147
80830
66967
72181
13770
95527
36567
76745
69888
51682
76939
50743
97302
78433
53907
57182
69397
20638
29670
90061
61912
57595
84136
47410
7751
96915
7417
1793
55327
82748
73287
77789
14029
47036
34019
23494
74905
51077
33329
64607
73855
65487
46841
29498
51512
23248
60250
40771
41655
24026
92318
10534
32624
12017
1353
69917
6131
23623
39051
47610
41782
14262
56853
92942
10576
11866
80840
85299
45794
87593
43625
39132
26128
88623
9584
60311
31597
77802
37344
79996
42485
98687
6481
76470
90931
6039
27625
24426
89731
86361
34633
65736
86322
7621
69027
63565
61729
618
98666
26130
60361
14469
90273
91413
56
96760
81782
73699
50585
64962
6376
9534
3154
96032
89794
70736
71239
97344
86892
90605
65884
95517
75351
60446
37783
95996
96502
46191
25572
19714
25356
71702
57234
35312
85568
95710
74362
49916
78029
21456
40032
73389
83382
5693
2355
79122
41527
30155
30510
20640
18454
73785
41537
51527
18040
50448
70345
42895
61584
89256
86267
93076
33459
13300
48673
71035
1991
43243
82075
34512
71450
67572
2119
55710
23182
20173
61851
34826
35410
15928
45070
30700
50476
64931
87222
53226
98354
99474
90349
85395
41367
10923
71469
10997
99747
82942
68122
3900
49372
7503
92287
78824
24000
37665
26768
10441
45461
26401
73934
31002
52279
85292
28010
75607
87312
75998
84641
44860
41895
27256
97285
13787
17935
93101
25276
7513
1823
84329
5505
35238
7842
23167
40777
43416
10117
99597
95488
38531
62798
87566
69810
64311
25164
57148
15941
34485
19785
3199
81443
61807
19483
73527
86070
47708
36026
17122
5612
86740
63501
68554
68314
35182
18173
98414
95357
99444
79307
53547
1179
98111
88957
6407
66952
69397
89587
60667
25413
20027
81976
67546
13282
67800
97812
54978
83364
50569
46462
66557
51618
45018
61839
180
14089
53255
73202
40849
21024
51120
24663
4208
87366
21298
30887
58338
73751
35048
62673
96125
29613
61853
30979
17891
2242
7212
68821
79020
10708
3990
53247
57235
11938
21887
64714
88219
94227
39206
72292
16828
94294
11455
43149
38670
54339
41775
97454
24560
76896
98083
94762
44118
53792
52782
75053
91117
86055
46941
36097
83211
65352
4184
46431
30616
57487
16055
80994
87347
50938
57406
24055
4259
19234
87575
69105
39259
99191
69962
8249
77704
98634
95164
66178
54298
11108
96066
22842
53068
25587
672
51069
13234
60614
87522
26084
59903
38765
30197
57594
80368
76483
93251
61167
51769
41736
88490
95750
87593
24647
29912
82633
81916
89590
57734
91100
98845
572
13645
97359
65814
24877
44617
71629
44790
83920
10760
8241
19517
94945
31695
5496
16455
56371
89610
72625
43922
65485
58798
24625
81582
21
23661
65348
61825
89579
64884
81053
21812
51084
55364
21967
48221
31319
81036
19604
9449
47083
40319
38314
65414
72911
71127
7230
14282
60364
40678
95264
54564
66165
98357
99254
96477
1671
10139
97773
2314
7627
8539
66441
55089
27576
1915
54782
81110
48405
42300
95255
49953
21564
99995
55668
66189
34554
4131
67793
17167
19347
97644
26496
44577
25603
28020
68633
60746
45823
95192
9384
37292
39162
80080
12292
77418
93924
52389
11424
91252
24844
77327
56027
26640
16902
76783
47410
23015
2951
21957
65268
84169
44333
66351
92534
27646
76732
57695
2237
88586
64419
50616
54873
81851
47709
20229
6514
58258
12820
42038
85242
8876
78239
11255
70561
4268
25900
1487
20648
60487
65977
30674
95821
80364
36988
16771
56069
96782
74147
98570
65672
14671
71446
95246
55109
55306
87512
92271
95190
11997
96748
22626
23183
91442
25971
38442
86032
75496
80276
71087
31258
73603
18805
42846
49214
70380
40422
2717
30385
88038
4413
12265
33372
98127
27003
23310
65519
80335
23374
14754
19317
86080
95920
25822
1027
86329
48748
54106
3435
60985
89408
60356
27341
76461
96542
50557
13292
96638
45005
40528
96446
35802
89261
36848
78301
81565
37144
41997
82908
23931
40483
21298
69651
92173
59332
91070
50491
41558
32429
51997
84437
66289
24150
29954
38500
90745
31289
92675
59931
73428
56471
30705
32081
16221
48664
17075
47761
37581
20624
25470
81582
30821
51452
45299
75700
54906
76172
5429
54873
6365
71451
31781
31603
13478
81849
36348
92387
37820
60969
5348
58063
69476
98918
60531
71181
84100
51137
62437
67130
97363
78726
8918
33195
13151
44285
29849
92699
40121
94124
11671
80228
98049
52409
99495
83817
78602
14668
21862
77071
70602
66355
99444
86411
2561
31040
11275
27830
10499
94989
72956
78782
7011
79168
2823
10614
3709
43913
99031
59214
95040
83432
42809
73181
56791
84779
65143
68730
56723
4533
43029
16202
88919
78107
70278
22356
77343
13608
97324
19633
66637
93152
12906
76223
78545
63201
43496
22676
61653
80069
1603
20015
39010
28804
8526
63466
17683
40727
33353
19468
98196
35959
91644
88123
31126
24580
52528
97806
98770
90177
93546
33952
43095
52477
50405
91649
86866
46669
63819
16615
76345
21556
1583
83107
31572
34372
93578
63918
52488
78526
71057
17537
70625
64566
6959
76003
16508
51538
72836
63901
45038
53649
96473
97130
11541
76744
77631
74954
77753
97095
22276
96918
7357
13083
22993
27565
56520
85420
71618
75181
97803
24135
73890
79870
12207
67126
13283
60040
78396
66282
98551
6372
67080
7803
71823
2960
7290
62246
49741
11676
87226
37429
44647
75362
38935
31325
59739
29171
68820
45185
81929
91659
51056
69075
3954
90310
57904
87291
97771
91629
97131
70032
16862
37033
31250
31043
68541
9560
88987
68027
51587
17948
75721
23930
45993
23024
70617
94495
70466
2263
39274
57477
90772
41101
36554
28361
79123
93471
73370
79209
64572
44182
78461
14727
75467
84974
6786
20652
2841
62789
82635
44106
50421
19662
67962
52602
30718
67941
55031
52772
75034
75742
12992
80605
60918
43670
57614
80139
17371
63851
63
48707
45513
60391
77062
80787
41075
96599
58091
53724
10646
88059
88288
36247
94647
45110
78721
39769
3736
65796
73735
70609
17719
87179
80073
47246
76868
71947
82255
79837
81692
55567
67861
4943
87142
27077
67385
81178
32010
88202
69217
63190
70025
92350
54731
30472
80317
52791
60627
31195
30798
94258
41978
71658
62861
60132
47513
22906
60017
46766
67811
10756
47339
58159
38991
13392
45256
13779
26922
49949
35940
87241
40472
30526
37317
83667
14947
6814
29083
1623
85026
67108
73425
5874
583
8273
62896
81323
19557
86566
21265
50341
68155
56323
67773
55023
54050
92011
70243
71638
97615
77219
3604
28058
80741
75320
42559
51645
24154
36608
4964
27384
81380
59416
56663
90152
56864
44589
38708
97509
97503
13687
5465
7923
96206
41503
99396
65906
7456
41442
50857
12368
47098
26733
60368
87231
90170
63400
94826
81952
42277
66991
55150
10622
40524
61307
46036
57720
8890
13216
63180
43030
71613
79503
56956
72285
36334
14108
55829
26621
41343
16506
18000
47527
55264
48930
75531
36892
5869
44530
32410
15489
760
3666
56907
65263
61998
12561
22714
84615
53385
34574
62734
70690
14226
48340
42350
40262
61104
60669
39204
5652
85233
51863
86796
26110
98772
45763
16760
57815
70673
92314
48324
6787
66630
44394
90416
53261
30655
42655
35200
62295
62496
13629
85580
47916
50514
66856
10756
75890
48872
64102
50052
86907
1580
94365
9616
46906
99243
29143
15116
84914
97626
55428
93339
61802
87140
61694
15826
5501
86385
71591
32855
75087
24084
30062
69723
5305
63153
8721
29490
78181
5705
94045
39627
44085
38723
71344
67408
3774
16569
65727
76828
12530
75772
96596
39891
25851
84485
54512
94467
15907
43258
62862
25013
97808
20056
36679
32400
17741
5443
76050
6282
91972
86280
6275
60940
10120
57002
67476
57505
5678
87665
97090
76730
34011
86124
24654
54337
98104
14750
12612
96056
74499
14348
59672
72878
40960
66338
89612
53597
52364
84829
99438
70627
28818
39224
91166
27642
23766
33366
37582
83254
29646
63176
97186
96571
22833
77180
65302
82905
14471
73155
70079
50053
77440
4221
58825
72405
12322
9123
17568
52087
69242
71217
78411
90670
63667
82254
65810
84202
73156
761
93408
74724
30243
5970
39779
10387
48023
1570
74000
93165
40684
85544
18692
52190
55904
25344
47750
88222
95290
82770
88296
71890
54298
57461
38700
83841
27115
18110
13282
56881
94485
84265
59055
62174
51152
52994
50346
34870
47474
43057
22145
96500
84713
75104
45016
78678
16517
80266
30129
78525
27276
5729
99623
22882
35761
28284
29940
79376
4255
98523
67475
63169
73327
41177
20512
27768
75033
20685
69819
90328
21094
6557
74443
27967
99268
863
11007
57475
84276
67725
16560
1832
74717
72709
67714
55738
69347
32314
3721
90925
30994
45338
26824
65551
64596
43133
74645
81127
42786
79399
70105
93932
12663
29338
72275
56228
23744
4123
7388
79928
89744
72767
34629
67536
11920
1233
70716
87248
39668
62563
19470
57422
11432
85071
97254
40335
15145
65961
54068
92990
27440
65731
28616
65448
78825
9948
77437
48983
81666
26662
85140
2184
58719
78898
38613
33739
96522
74427
58810
58071
30375
21771
12455
28615
18246
58862
33201
19733
74194
5201
38879
85425
26502
65750
58350
96063
65023
54551
1742
53994
66637
87829
8810
56169
97123
47900
38597
16172
45005
21844
35999
44642
90401
81735
20440
84267
97775
94922
69483
81717
18962
44650
40507
51221
78120
19764
27788
96996
83038
57344
33480
35636
52965
47867
36994
46541
43777
23568
96503
93448
24959
80179
73712
68935
25542
9258
43524
47087
21639
23671
38683
98659
39215
72582
74317
75102
10171
48944
85416
64044
30058
83914
31505
92422
74670
99309
10177
26409
2044
52162
39665
39762
80100
55530
30737
11416
47770
69735
44401
389
79538
20779
95715
1042
16875
49115
38903
36959
80450
85247
61478
83532
91111
54089
32523
30070
81996
26367
14795
9969
57594
57607
24949
74046
4734
71214
86725
89162
833
13716
61666
44772
51285
94776
75079
30776
82795
70300
96735
65964
66145
72245
86921
41622
86808
45969
76955
50136
66308
25092
87363
43769
38557
86225
40553
98209
83699
46066
67568
20817
78174
75685
85563
26813
18131
84339
59084
9575
35890
67005
32552
58457
95356
40325
40534
56799
675
62966
80710
61471
9657
44369
29422
16789
98282
40822
3632
21007
99974
58283
695
73057
31606
72172
77600
75974
38864
67439
93206
725
53894
530
27573
17788
11544
96196
82448
32059
19082
91212
76462
87135
88272
69434
93359
81977
5893
29577
97485
89242
24123
27181
58462
26606
43373
93854
34357
95283
97905
31105
61480
65780
52009
62192
93228
86854
59896
43365
79356
64862
85361
36328
98969
96012
18955
57042
82827
27289
41202
8062
22822
825
36823
74827
69832
74700
99655
47920
31646
27511
18169
49277
10918
63705
65888
49513
75408
37197
44992
13149
99742
25852
82878
50557
41770
66363
71984
33294
38502
12904
17556
19721
86686
12573
35101
93018
1914
92047
14887
45365
43679
5958
27692
77878
3254
48728
15215
30035
14468
1732
90261
26656
70008
60744
48627
4671
74276
52064
12451
59458
3843
