26165
10221
81329
20524
34108
83951
88230
98044
80188
35300
84196
55959
22928
26518
61041
27843
58827
2
5444
83053
35564
69057
92960
3165
48527
44657
28543
16437
61439
21860
42378
63143
50922
98885
74692
35760
36238
89570
67751
6453
75407
45242
33126
88120
8650
5413
20081
1239
44579
28570
9047
9153
96443
11873
25510
4822
47550
81078
42702
16890
72632
7254
74563
94197
76327
76010
63649
19082
37964
89997
35754
36466
46139
68155
84331
14740
42226
29176
33372
78212
69415
74745
80102
99925
59482
90963
53536
86108
27113
20511
45874
91363
4225
28167
36826
102
13586
54896
5772
54125
90492
5123
72596
46471
62470
4217
89367
62079
75821
43043
56279
894
18873
27444
6774
79869
15051
68427
33266
35460
99219
49632
18287
78756
68799
8682
74418
16910
43021
17387
38569
67470
94017
43546
45064
86631
89266
44586
50894
94924
63422
21691
61318
24024
63070
65821
68713
20907
7989
79549
27137
1410
76098
7726
86281
4498
17620
78389
81136
58144
23101
44752
12220
69600
69439
14979
82794
6120
93155
59329
11220
58095
67721
27220
17580
50472
6970
62890
64965
19637
12089
93404
26065
45994
21688
47003
18404
83456
33446
90777
18743
32306
15526
9682
82697
82199
71099
28917
12672
13628
72095
54578
56813
32509
78067
65250
67373
75296
60337
12366
24108
53839
54909
61437
53445
38704
25562
85885
39204
75618
9080
90541
55468
94550
55627
44196
23444
64680
88024
88642
53420
63800
60040
17458
76829
2346
32255
91640
27438
89622
40262
13021
5764
5356
43492
65011
63777
32808
73803
84487
67949
70957
15151
57123
79858
43554
36946
1373
68513
96230
86202
69599
882
721
1380
83059
3016
85832
67633
84619
20083
94940
58782
86955
687
78592
42290
36468
4778
31269
97041
14957
93283
28949
2702
80815
84654
97832
6525
92974
88724
6149
19237
9471
71607
92729
87892
48939
19987
58893
92397
4015
27007
22503
61309
42796
87635
52672
70252
93617
6820
69629
13550
99299
23755
30924
11353
98759
95203
70077
43569
86316
15633
76058
16510
49912
53221
12639
68269
56864
95245
51608
46711
76823
34220
64615
54580
58003
94623
80917
67873
37746
37539
80327
47710
88743
83304
63220
14429
31414
70005
14225
11628
33116
74041
88776
6331
76876
93033
86376
54028
83892
13818
97045
23800
18782
77693
11040
71096
44402
24466
79921
58390
17721
84554
61248
76976
98908
53789
44164
91493
97899
5220
91491
44992
31225
44309
11272
89343
28197
20441
7378
78207
6771
77227
20968
32069
97497
37231
76971
20779
67958
23084
7268
30789
48508
13639
81181
80335
58926
9374
56332
98453
60485
45182
4073
18142
47789
77858
24256
54262
66828
74632
73666
18519
31362
97553
6294
65427
99403
91829
28365
14369
9666
93889
93491
29313
53728
58927
50017
28333
21506
99903
56144
96831
14440
79415
50376
73017
3098
89588
76470
69557
98949
74092
48636
10825
42467
58594
60802
71606
12793
50885
45002
97838
60217
98086
76801
44255
33544
69428
39954
21152
10042
45333
63572
9079
40953
11779
54020
53861
55045
92768
89805
13359
8341
12920
21923
5674
89467
96370
49520
63265
79718
29586
44614
30118
15905
61966
28722
96595
28441
26059
12562
37340
33500
21363
93341
17459
37084
43317
39200
33398
65586
63610
95818
19737
8704
73951
21789
77708
495
79732
60196
8970
94167
71215
59396
12989
36637
76046
77195
43312
84854
64616
37477
50355
2634
28654
35406
73445
68564
58467
12994
74657
38598
84949
11695
73159
86985
6167
55436
37317
68865
81948
3427
27618
57519
39954
26857
82248
11665
11513
16143
67212
93412
13822
89809
45306
40330
93113
44779
89057
30662
38207
31020
92281
83523
65573
73602
34476
41172
86194
70037
80680
53591
3327
25744
97344
31219
95181
51289
14553
9441
17827
65346
71064
94439
92163
57400
97830
89502
86248
13337
89661
77173
19967
8419
67729
34062
71358
22055
31454
7207
23973
5212
25705
17555
31984
59247
51510
63079
68982
44984
79206
49649
99265
2312
36139
59841
1546
10463
7882
18892
42000
32731
28554
63141
71893
77706
62079
27244
64757
48448
99054
78467
90884
17156
70013
81659
59427
33253
36345
78094
92447
25610
5602
24773
58150
22438
58007
40377
30694
64714
10138
57238
42692
57525
34111
51932
30230
57351
2838
2943
5150
24435
31443
50863
22851
30706
31030
80146
83341
40724
41212
24652
25181
91442
13857
13025
35271
42239
24720
22001
69837
39581
88362
59938
68761
92139
49518
54268
14582
89244
13642
14733
10380
43395
85631
25900
76726
91978
79210
17435
96002
15778
8756
87142
48068
85461
26520
73513
62263
63575
23212
14893
20657
9915
70158
71378
17602
45314
56012
15273
28297
97582
89040
61176
93619
79349
31430
21121
34609
67184
35116
93436
45428
80435
81205
53952
81256
6487
8857
63585
33194
28115
8189
18867
17544
1834
38266
99628
53491
22845
86829
80648
82019
69473
26618
93862
61416
21483
51166
91344
88488
92968
92336
44824
65817
57161
10194
99037
76093
39996
10362
74893
18933
36566
28183
37796
58564
51244
73187
25171
59329
57024
10180
49212
53304
24248
85982
80473
56254
95307
67449
6333
92942
5621
38858
5746
62469
46890
22880
71713
34166
88807
81998
7985
98827
5316
15984
68550
84218
4613
81531
52811
84863
58000
70246
66218
22235
35321
59791
28247
5577
10360
91787
53741
47225
21820
18734
51792
84235
72826
13203
16370
20425
3325
11017
12785
22593
6081
19866
8125
13086
31483
53816
12087
33218
65360
9766
39509
73922
11814
84225
9635
53694
7127
64778
67651
45403
30945
12336
63381
99519
77147
9566
33105
81385
97187
17055
87729
87626
42962
31913
18924
10788
50288
89741
4637
91069
41764
5370
29154
42400
10724
61512
35776
30960
50635
776
82404
6826
89864
4069
70533
8854
10547
67670
51941
77545
78810
14852
59253
77339
10618
75379
43064
13952
60265
54798
65472
48068
30320
66259
7093
8840
94391
91064
13940
87604
23256
91449
93780
38168
62005
1376
53539
64803
63973
54223
29711
53599
52009
3660
70881
18695
42685
52650
58468
87493
72202
22608
85668
43564
6841
9160
46865
53743
71330
96326
50882
52253
78658
46514
80054
81466
26187
28629
88533
22779
89429
8636
29718
88253
81554
76108
36314
17122
55776
37794
20469
73385
30807
28453
3693
18921
12194
18635
75802
48970
78602
21861
74766
2271
13198
78887
63118
37124
29743
17592
67198
53905
30280
91826
73115
34680
44155
49975
83874
57793
83717
80656
92366
19902
84980
94083
19775
80781
59407
79889
28373
71051
63891
48168
37595
75151
82111
39596
13121
11274
25861
76541
79618
54201
9793
49477
22117
69508
64517
72256
15902
86167
43859
86344
94196
51418
62276
12765
48094
35342
59237
47885
45638
1511
12897
58501
36207
77249
31257
49940
58579
19872
42641
70424
67493
13928
7172
97000
36822
52565
63863
97085
77747
38552
22539
57214
9643
4207
29644
40199
59309
35456
16710
7188
88432
84946
74552
88815
9997
64391
59201
34356
60135
31610
16246
77790
42379
52433
99381
13296
11026
29759
50132
81218
88867
68281
94515
44837
43861
86450
91056
43797
59027
15094
13433
47994
85976
21279
46011
15259
28281
21720
60249
64992
69666
22283
6713
99009
76184
78569
82905
61873
50846
24694
33215
24449
18131
54605
47085
13522
53913
18712
51283
8763
91185
51108
80991
69363
76193
52260
8303
88315
3447
15397
81479
39691
2087
29609
79742
17367
87504
32963
16019
67934
15965
60845
81885
76655
55816
90857
99808
79225
31993
33203
20347
20781
77388
97887
54462
14994
34288
29300
3512
24613
8203
74372
60719
24522
81819
39623
73
29683
83863
74099
90055
90124
67220
88826
25874
55169
44260
22624
34573
61901
95865
71768
98570
69024
46568
250
4440
50667
9384
26498
64506
59851
20505
47784
11219
95120
12641
55288
12862
873
34385
60718
19290
15534
13287
44208
12226
63370
56173
30599
17498
96899
95614
87930
4197
11303
2473
75465
14580
59764
31182
85956
35257
26691
56229
39590
56473
40690
89502
63985
16512
66030
96483
79911
79951
31130
29113
57602
75984
35966
98885
65329
47530
23310
96780
36975
12432
92245
97843
9985
54003
13151
77509
73676
74520
77408
27635
2481
24292
54244
88437
3559
7156
41972
42159
20595
13130
20322
73455
66373
30561
67249
82610
24754
51585
35139
45222
99018
55278
90912
77226
41654
97115
6209
59058
35056
53884
13270
75111
78206
60217
14426
25483
43596
65534
53617
69146
92677
49775
66778
61804
42126
56089
18871
80055
83647
49796
74838
24721
91998
83748
37788
95666
54746
34511
55757
83256
77314
37289
62458
57413
93408
51131
55463
15715
83509
15522
51576
78952
58897
26627
38103
87476
3471
25692
92357
35575
18667
5654
20475
98192
1313
38039
8379
6032
80612
67763
11288
2620
51511
22211
42686
46001
3755
82670
81536
81154
13014
41411
46460
76222
45068
77065
3789
83629
30109
76909
81133
80152
81547
60731
86341
39752
79237
49256
8210
22214
40069
95308
27990
73058
12451
78669
43448
48943
11828
90486
79960
26092
58595
42246
32532
12990
62985
14789
20464
64248
25708
22930
87301
46845
2482
54295
97065
1340
84896
65470
81590
98137
60595
63965
21370
14893
43578
66252
42011
2436
64110
98136
66212
63172
8719
97744
62641
23437
11741
88636
18707
6076
51280
41677
50624
93961
78132
29391
93402
86545
19172
74715
93530
86414
37153
11562
14489
18433
76112
48964
18907
91890
21742
77750
78712
70414
74096
18434
28872
89072
93595
15761
69739
13274
40060
21059
27794
24930
84166
87334
27885
91690
71238
19621
20978
78215
13092
93432
52327
66723
42360
55385
80140
9822
12263
99223
85320
70063
43033
41987
59886
57929
53527
35016
8395
68313
31942
34903
82031
17771
76187
97856
92150
72364
78266
59934
84498
4554
8463
16361
6871
21079
86792
54895
89570
90477
4173
55004
74183
32715
22781
48341
60437
61501
39014
24229
15848
34779
22113
20335
6604
53160
82503
6722
83176
58970
58388
41130
36430
37017
50167
87235
85822
21920
29523
73545
28146
15841
46133
18699
58185
41637
26929
84541
14771
3921
47004
68493
60502
79108
16672
71373
91387
31965
48800
66287
70392
15961
93320
12815
58683
857
84111
5610
95535
54275
38508
82604
63310
82047
10738
64807
61860
96834
46890
61215
48539
63335
40171
25059
31336
44249
15033
35862
92530
76909
60183
12587
65210
48204
2474
4143
66059
18351
3659
54624
74880
12227
84968
57564
8780
20812
72121
24148
38250
28357
69434
91455
91073
67429
54153
43019
62132
60477
99294
75790
25028
7358
15138
81722
76962
1976
79309
28911
35572
15454
78336
81131
34275
75205
93052
89693
98271
12074
18941
96663
2832
51251
12918
66753
92410
62893
86634
75817
50027
37077
19588
49177
11237
61747
42260
58305
71267
47681
39303
499
59529
9673
49761
12526
65644
3340
5434
8306
80411
37215
19442
1778
30089
46095
25906
26280
77144
60933
79297
50434
12132
80485
19103
88058
34057
64208
3490
61315
29265
88010
11914
41887
20830
44886
58659
44558
73904
8189
92215
33568
29492
25357
23789
37100
18090
13886
20834
46873
18449
58480
65282
29401
56593
22224
36835
14390
46052
36953
72831
78372
11170
49719
9580
56470
97703
21831
57337
98541
77475
79003
77639
7307
93759
18234
61857
40070
62887
89219
70074
26360
79736
68145
76802
94899
87942
56954
33668
70289
52426
4018
17919
55657
55272
49901
44479
26654
3225
42850
53239
49553
34105
98827
8222
39895
39406
82856
53155
41606
88339
46051
20686
53000
82145
60366
65428
43922
79737
26792
98070
84303
44272
95487
75319
1653
28439
80464
2200
89593
19686
21482
54322
91326
66533
65200
22351
84200
70487
8157
73830
55407
49283
10817
20625
86511
84960
10506
68076
54588
65116
79262
73229
2963
29577
24836
59482
81132
28421
65219
97771
75308
89764
2530
78205
55766
13468
71759
46832
91009
75341
80251
52158
77477
41067
35426
81881
74255
26441
60040
52959
47156
90884
22463
82044
58370
92489
97574
34621
4722
8708
18827
72236
36410
15110
34416
32333
99999
64049
72427
42068
75175
16228
96392
75840
19436
33374
59370
53176
79021
61232
17294
58401
81599
60580
4816
88025
17408
17636
62183
18355
25068
84136
14827
37007
25736
95392
80919
37781
2748
52218
10281
57838
16062
10896
70119
38464
70281
24881
17244
98788
25613
41834
70367
82693
86368
39185
6484
88630
50641
46478
26956
82864
32349
9991
68104
60648
65595
92998
38043
91370
40818
49032
10765
23252
32234
24645
9691
1552
40991
75032
84444
17743
42674
13002
21375
61151
3579
44927
40912
79113
99193
27644
48057
36873
68969
11026
10085
85195
79381
19948
41216
75198
58563
33138
55930
45400
6798
56216
5962
12134
21235
54758
33679
36430
6978
15620
20306
65283
34580
73793
84391
63268
44955
1184
87250
72434
43605
96576
65799
52203
82106
1415
22890
33416
86645
42826
24916
9487
39824
48635
7991
50358
18919
23376
31545
43477
46463
56332
1948
72806
47
7372
13854
85628
62428
93168
73564
76189
84547
78403
68945
41982
53424
61449
17085
98297
84587
20709
46272
36717
65874
77540
8102
69107
11841
60905
62269
45208
462
17462
36897
5052
67761
71636
25528
77861
22944
27839
16377
3552
6874
41936
64360
87958
14841
1672
8668
99911
50858
25526
34754
45542
49561
29862
67514
94481
65829
8327
40575
65259
53138
99990
71173
22647
29502
95404
59930
75667
13227
17409
7982
53839
84315
34715
99439
6121
91322
2167
98765
90502
40405
36562
72669
85134
62568
98357
14937
36517
30389
94075
68068
97474
38577
90465
47212
55886
60088
52457
56776
82586
42817
83882
41088
55485
20492
40919
66475
97705
28023
31690
14899
39881
13232
56013
10294
57753
71397
44485
69382
42530
19095
72252
64272
35664
90157
44617
44282
73234
78373
21566
52709
89838
80293
44046
86865
86814
57551
9593
86784
85195
56819
47381
37266
41764
10559
56795
92592
95099
8466
28075
72421
27996
67470
47068
6598
42187
25099
94916
69459
2777
70248
95585
90709
59427
76476
26498
16871
23239
84171
68948
29393
86979
68916
71085
2447
56524
11079
44655
21360
7208
17460
90873
57242
2888
57374
5232
59435
75142
40591
5637
49787
93687
82789
59396
86781
75852
20202
99000
38340
20011
30017
5054
35042
76261
19004
85988
55948
35956
14795
29245
96505
68979
69455
72293
45385
37178
18892
20108
99586
36148
45084
90240
24054
10494
13121
15035
28449
66751
46482
48006
89710
55999
10519
1449
92984
94981
37392
79056
18670
49872
56015
31515
88976
95602
16806
28098
49462
23684
35195
49347
12592
62282
3064
21546
74120
20229
1118
77563
12292
22958
75354
50271
80327
43829
58096
88425
26871
84695
71796
20132
47481
74581
27575
45339
78360
22903
17822
83172
48837
220
21135
84170
32569
5884
78501
38805
31957
94109
35075
18104
13290
69263
21348
80279
45109
19300
3696
18643
9538
7054
89931
35892
97137
70615
68808
86418
24022
25655
52027
3583
24122
14358
73996
26708
56703
40287
26376
407
80961
53052
42961
26694
76856
3764
949
42466
5018
48094
28444
90779
41598
46656
26235
69524
74426
87752
13797
99187
27949
75398
2433
98952
82873
65733
79735
2646
19625
2469
1124
78755
16625
27734
96654
71352
24434
87922
27025
55605
95324
42583
63703
95733
60814
70783
20198
4440
44601
57407
19731
78035
55042
99737
32180
84369
89383
25565
24083
85572
5945
14467
43967
4556
81351
93278
69053
80739
1915
52381
83003
31170
66974
81475
46789
10868
58678
55169
39089
57365
44496
32429
55540
68550
24985
54114
8055
50608
73094
31827
30213
5682
26451
7116
89051
18697
62408
5928
87810
68314
72440
6313
18617
1983
2915
88599
57802
35052
49788
99352
86623
64382
49828
28744
5230
13887
59669
71157
3920
93880
73819
30810
79247
2899
63292
37014
64829
55275
43897
79752
9249
210
33772
46186
58093
42943
60369
30887
44811
20787
13825
8057
30614
23782
83770
63459
96900
64819
56922
93576
34657
8604
47338
74215
8279
84475
62456
9588
79657
68711
58332
61556
36063
2719
34780
80628
99100
29462
42507
42789
97451
30779
90348
13112
67512
64579
94164
47635
30107
69494
16013
974
33550
66771
91447
48173
62304
55936
13482
77145
53571
41074
6710
51485
73439
64437
45419
93082
20361
51512
81621
20840
92526
26201
78878
59497
71338
20873
21079
6347
28918
23099
73106
51035
14909
65966
34279
25088
68943
25684
41878
90203
34286
62398
12780
1721
30854
45319
60414
51378
81914
50906
66162
91809
86137
59264
40862
17472
65040
15530
85832
88000
76953
2903
24972
34754
76336
43874
73884
12821
50726
15660
88769
96748
43023
15137
78496
44507
93110
60266
9272
55086
1329
28654
97512
52902
97935
66661
27054
75185
7053
66075
86697
84581
43528
75774
58880
60505
86252
94148
98331
59391
96651
96603
3247
21826
88202
27822
73688
152
87989
91633
28926
13444
20691
42858
90618
20139
38132
1916
53938
4528
67590
50833
46912
90222
77319
58371
21681
68498
82133
19815
24361
73267
85762
27478
38307
47887
39779
80025
10550
10595
23143
72497
44596
93766
18724
45857
35180
95939
28524
99416
54639
43953
54720
13631
3951
70704
7483
84411
47908
25026
31983
33343
63720
99172
2701
54097
61378
10056
7933
49495
68704
58608
85006
15198
80573
2313
60839
8135
4482
14082
17212
61006
15337
54535
62876
94168
36636
87614
92167
73657
39644
48989
24765
12480
77246
23942
56242
62847
33839
55681
64158
6810
88728
6900
43440
63467
46525
84705
47170
83376
22880
67388
18151
41554
86179
40168
52929
98835
80682
2637
10960
7987
23646
96183
44197
88286
40269
7086
24372
89845
52303
87982
83048
84920
32612
24739
65552
55245
84537
89602
45687
43920
46346
83846
97233
24375
72033
61126
7506
46241
65724
34608
6617
58234
78477
97892
49481
52461
26587
41391
33176
74503
64549
6691
61087
47140
96327
38255
51602
7192
58965
55712
8843
57372
54500
48980
46719
28338
5288
9878
32338
85911
91736
27515
16006
5541
4302
22648
75886
80514
72938
34462
47808
79208
27094
65491
72489
15570
5668
95310
16571
95423
76212
27471
75298
31718
37458
25721
26324
4823
27420
94733
32870
26282
10561
9635
52219
91462
44452
55815
58615
27056
60160
58670
95378
73549
2822
75508
16489
94198
15169
90516
6382
41592
61787
59459
85983
3492
8632
7945
39828
64473
36256
75037
73362
84908
95898
27131
61436
48114
69780
6117
60170
84106
9439
3796
67217
84650
20375
96665
89122
21604
37441
90356
30863
76948
67277
51375
21735
78089
34362
35033
29283
64877
27545
33147
89241
49875
34761
52440
94478
42621
11009
79045
2761
78822
62541
77955
38594
26514
88080
69429
9977
34704
46664
47394
11235
11754
18254
86217
37022
45833
2076
40092
55686
7911
14794
79707
36673
59634
9265
18061
54996
97818
23056
42621
71513
1528
24301
33231
80392
64666
20563
38205
6129
76559
76025
16467
60684
84556
59396
84547
64296
81016
37987
93798
62656
30714
65432
34064
93484
14173
30710
90543
11411
45502
64645
60031
57309
56818
41922
35820
75655
90614
85316
96870
22128
86292
38362
12794
66896
14926
5936
94675
99977
55051
83441
98252
93877
10107
11462
34224
62719
86377
65884
20816
52781
41468
57059
51105
19483
26729
95602
95472
24323
793
12904
93250
48792
78355
79118
33708
3891
3366
10585
64331
10116
12468
86219
92801
58954
24158
92793
91118
31325
15656
81063
51079
41128
25673
92782
65941
88149
24274
42304
6732
22017
1688
78051
72102
63598
40384
63193
56892
13111
51014
69473
50144
66750
10089
97653
9882
89505
78134
27892
19581
25804
18128
80122
16261
42280
97017
41516
7504
35440
44576
19920
31254
61604
15655
75192
9734
40822
69455
46943
40606
32066
44770
25324
23078
22171
57405
4820
42826
7201
53016
15228
64595
79598
60820
74811
30976
51279
49599
71486
82726
4624
18951
92006
77441
70448
34937
50444
39958
38676
75988
85956
11111
90327
93039
95199
97201
79295
47172
68554
30982
82027
54872
62036
40706
75432
37959
16429
58476
30915
89009
82602
82443
24473
35771
14534
84674
25162
90851
44386
618
56203
60644
56908
35722
20379
61473
95453
54421
83597
90994
43708
5857
55333
1257
78465
95647
1278
76704
61556
32380
12103
44672
25972
62803
81518
49808
94163
8652
83796
69272
40318
40629
50817
58865
86267
37788
37712
61228
5739
39718
78443
96059
23471
5519
16625
6592
46215
89022
15860
95888
79060
89348
54559
94947
66079
98898
42964
52698
39603
58484
79188
10478
56038
65837
41944
58417
5653
93520
99292
33443
48461
54232
14683
92148
16869
31781
81622
59280
39976
95187
42253
10572
76690
91001
56752
22860
45680
94587
72079
52014
82473
34893
62446
4342
77563
25252
75316
31735
50526
3450
82211
4475
74566
20734
23650
38160
66692
61174
87573
61327
3243
21202
56558
87721
87184
7726
73309
80816
60650
79012
94243
13343
60441
56651
89348
20839
34500
38000
75259
63287
18234
65871
42599
39240
30202
10478
62659
77026
15054
80470
57140
25102
78802
99919
84539
51450
19251
87959
30762
91618
86610
91999
71827
90849
2567
707
11612
34003
80867
27939
37487
87974
51149
88418
60142
30717
13358
60666
36484
68256
78569
59642
32374
87332
42658
28958
31704
51986
6431
76777
54524
54679
68331
59938
62437
4488
44215
32424
74585
48495
6876
97106
95445
57238
64700
52584
28251
18383
95014
69656
95111
88989
87511
16662
40767
58211
76286
3059
17576
20679
67992
34424
8661
21251
75386
54879
4219
23944
60525
67758
34272
5167
19700
8722
78097
19997
31305
34612
80787
30225
79333
31834
25713
59854
49054
1500
66004
7872
93258
26913
43409
37773
67714
69558
12316
44025
2339
15179
49946
66517
45806
72714
35508
69094
36942
23477
4775
76557
78393
59194
33624
857
46608
19413
64294
41221
61921
73859
99832
87982
67724
52190
16917
84342
2946
59866
87154
28462
55304
49370
11813
65252
78780
62032
56633
65800
85583
81872
24315
18428
58672
80623
8048
15096
51594
34717
23561
52376
387
83740
527
54211
39269
96924
90329
94423
89658
99957
97820
74838
81168
30496
71362
3847
31868
37042
66259
16299
79035
70646
56656
55581
98003
9318
5471
76709
2711
27622
24128
62969
2538
25629
97885
27600
97627
87217
24640
52933
79663
38525
25311
20132
99517
28401
115
70868
86450
20871
95591
83841
81429
51613
62379
78661
35652
51348
31271
722
82173
48900
70861
7390
78809
64697
37511
38572
12946
17775
67184
48499
88294
42789
29567
7117
79123
97889
30877
97086
22978
96
6488
25151
70145
60120
98352
26886
9448
44268
15246
1972
12382
36011
3637
2234
4659
5797
6224
7945
29549
98283
18923
35605
7073
68546
63230
18693
97015
70244
35972
95769
49777
47411
9674
536
32740
14970
66722
74550
62244
2179
21431
3454
14206
18446
75003
55874
2718
12468
29468
98012
37969
2265
86134
35295
57669
73863
60162
72127
29517
67917
58027
69754
59521
99796
27745
1057
11170
63385
84615
55911
97050
44523
83463
75493
44226
55523
357
13832
76349
5211
17136
47800
10466
87309
68981
30725
81783
72969
54990
29488
7640
22578
33240
37811
71575
84981
41026
25774
67838
55655
14465
74095
86192
32219
78368
29309
56557
26428
22453
28961
79860
77069
46799
43794
80227
83195
1771
32092
55961
15547
30246
49740
67965
1861
45165
9562
20248
54381
78224
54035
80700
54842
45877
82977
94536
3876
62376
21274
29188
69071
77360
18370
92967
51999
46301
13214
4184
51382
30110
38294
91409
22577
76303
42566
73535
1116
76655
34401
28902
62413
59119
35139
72770
6980
23654
87665
74984
70300
77858
31695
94762
73070
27578
77854
30010
31619
97406
63439
16678
43220
23376
49737
93313
67712
11596
80211
42819
98569
55841
76958
79046
52299
94628
91282
92689
33754
92762
32436
76146
58135
53107
21585
23300
52366
47542
66729
20721
80976
55159
47770
83088
2472
24102
10568
21519
60475
84833
74566
99628
57249
49321
1156
48925
92027
59026
86934
78768
67440
74995
74556
24172
13672
26078
58291
56534
41155
54282
99223
60336
53623
70059
93683
11611
93605
81731
56775
76126
11479
51954
99701
49343
55736
87753
936
81677
11120
35901
78785
53952
4538
42454
96511
16761
19331
77319
92074
26883
83905
47064
8156
94779
6670
95134
55533
34187
59936
25165
88058
86321
32167
18724
28690
39615
34850
98406
68508
37468
91358
16137
79303
91688
90988
91911
18576
38492
55837
17682
16010
48175
99644
72069
29645
62614
22441
44885
31645
92739
93070
50502
80150
54958
65631
92666
79409
67505
3987
41188
45750
60716
41945
57051
6526
27178
89593
32330
53571
8475
95305
54404
91302
54528
74920
45108
78333
51941
34555
20883
5847
59976
61121
49459
24685
26488
53844
66040
78407
34616
81631
2567
27592
29411
57558
8022
9080
55882
28087
38690
7244
31065
34364
79264
59699
61911
94553
19499
27295
65004
76984
93020
84206
52925
86606
36632
71157
25106
15833
73571
66440
68793
28217
72850
99496
54116
50153
31870
61097
30253
49529
20852
91903
78905
14792
14986
68485
45178
37539
40908
92937
66927
8596
76340
9047
60902
95689
15544
16545
98018
33347
19582
52904
57336
29527
65002
77865
26354
43525
9079
52487
7222
55922
56836
16496
62689
31364
36550
33519
70477
59801
85724
10094
87442
22309
49056
51814
51753
17094
94489
62437
16331
61925
90573
48410
30423
74316
4243
31711
12915
41630
52230
63556
10282
90647
43030
55348
82292
74370
1689
82150
75827
40209
15327
77539
10521
47964
17091
63086
41575
90745
8445
68885
44593
80276
6388
44371
76189
13291
88113
61983
21546
26953
90702
84052
46093
12221
23278
64414
66518
14070
1574
99582
8977
66269
32121
28282
49705
9007
50625
70628
8135
20405
90793
61285
69848
38018
58712
70726
83980
46921
35559
40123
76090
32633
94516
51149
99202
57814
53135
23362
59627
68884
75409
6058
95178
99442
53357
19337
76740
52753
19999
52828
20586
54288
49217
32106
79203
85126
84380
2568
73993
94587
73786
57129
63017
11938
55866
31840
64941
32695
26654
39636
29175
95377
61567
21151
62243
76356
82944
28034
86863
85399
18079
72745
10999
95197
76936
30230
35288
3505
29796
75725
85911
8915
79535
50076
54682
95961
24262
24292
95027
18356
87391
82120
55229
14817
25203
24273
79167
28008
21174
55227
50094
15220
65640
89440
78544
85807
835
10559
31034
3929
62740
2185
21210
55110
9063
51719
20337
36082
97468
3595
30392
44929
18294
44082
73603
63414
26193
34995
70275
49328
86899
98567
66470
49564
37787
66389
86425
41723
30326
89464
56813
54034
79057
78127
77175
51816
98921
3105
48466
63583
55358
51882
95775
29458
66758
80999
67756
40775
63549
77018
6451
52144
95866
65370
23641
50980
55166
51515
91479
76022
28645
58613
34325
79215
73086
26387
52818
44268
39063
58427
71329
1334
25682
18389
18029
29402
81268
14137
47420
18501
41916
74522
41074
21342
16913
26633
76653
10656
98099
74439
66509
71570
99348
39242
77302
3396
31904
95051
60974
88040
65815
81834
70018
47339
63803
78335
53349
45647
50500
76318
92248
65254
63601
64870
39396
50637
67962
54022
75364
52066
67265
15340
4352
44836
64422
45740
18964
33766
15321
76009
65136
32367
78123
20131
28888
37393
98941
39997
70924
38851
70362
56137
49474
28190
62817
82067
16142
52625
57178
87335
19715
66401
16361
72799
98324
39232
4768
53197
33588
36328
25103
46946
53275
46772
57303
38489
88745
83388
88733
1538
65637
80844
29850
31534
12959
49087
79918
52788
6804
62909
80276
99391
77103
59950
51441
21492
6284
81018
43238
10755
90232
17055
72517
64105
52756
65517
75489
95583
34937
7073
78654
1316
74357
84764
41191
40194
58131
87808
8670
61279
55961
16614
44750
5858
25707
37055
49404
17919
38252
26373
59228
75265
2469
15869
8064
80371
86014
57100
7563
63499
62186
12979
86116
23604
39519
88488
74342
51863
3586
13138
23764
48837
10369
88161
54026
76292
12762
58535
75854
79635
45882
5623
74758
54267
42975
87993
62115
14132
96254
44295
17338
39889
29057
62471
69299
28617
7112
63972
15643
79395
83312
84619
8404
62045
47313
54368
31117
55513
36898
37563
93196
12517
51831
13347
59527
73061
3178
45284
80434
76159
66744
85712
94386
4899
70914
32240
6192
3349
8435
65413
83658
59000
78274
32575
13091
84633
67469
84344
36795
17013
63653
58190
62425
27880
64649
88092
38276
32851
1419
5077
8977
47273
40943
87772
83351
84822
51569
41218
27550
56845
41669
70620
34582
81804
71194
32897
50948
89166
81528
38237
47383
79533
63177
35093
71641
91281
17204
9048
33473
42042
19812
99005
613
30374
56359
12799
31212
11455
75314
98418
5346
48868
86274
8384
24836
66365
96389
71419
33999
6615
58179
54118
22964
99345
28675
9200
44820
37787
82313
63137
58733
7866
1906
91249
55145
10053
52109
25142
73713
3049
31763
97022
48527
19085
48228
65112
69599
12528
81792
37805
16530
70925
86334
76845
47294
24704
46668
59811
77477
15843
27780
21162
84351
78322
42727
81529
87943
86925
9690
15609
61184
94203
90681
14424
77250
26762
25212
60534
36261
23477
27141
50461
69832
68415
24194
64685
67359
6716
41349
83637
18007
31183
35485
31006
88614
4334
82673
53345
28948
23426
20057
81017
69120
5578
27801
10163
47121
58302
43483
29698
7482
5521
55752
90191
84776
83344
739
43757
99691
81832
71233
63626
10462
77828
93640
47298
20213
43475
24419
91918
81795
13928
23872
10298
95365
99643
88999
43380
32623
35533
49463
26175
84208
62537
31358
23655
89988
62981
18324
53744
50582
20744
94869
5031
63216
34981
33305
32698
79649
95782
57746
42691
8585
54404
12322
94335
29540
55026
17142
77405
55984
89210
65538
20658
47293
91519
71514
12618
57297
16770
89195
27737
98133
54176
78164
19503
44127
48983
28388
29833
43196
54025
18001
59332
91962
26874
14802
33453
88879
6580
60410
56820
22282
87690
44337
50975
308
57625
77457
50619
99618
92586
98778
64717
91866
46323
48274
61382
2048
13342
48765
77685
52796
22626
64628
82774
809
23053
51589
55624
24316
5891
96200
83709
847
54720
32569
20170
96361
41465
22230
56318
27020
44865
61494
10704
11739
92359
99396
64912
99878
8797
79415
73984
22484
12435
56176
96892
75595
92418
64400
83444
93342
58533
96083
38714
7380
32641
57324
60567
70609
33189
6205
76024
62531
50892
85108
32549
28363
98175
55805
82706
90310
59704
47400
60047
8855
18626
94424
66170
4755
60284
81125
28180
35817
49052
84335
19537
81420
83760
71007
25769
89470
98815
34395
41003
46939
31534
78534
49458
57214
2431
8818
12559
88660
13972
14851
40933
16315
10930
99585
48116
51543
39488
38329
34477
65617
91758
23057
24229
99116
86194
486
54309
42022
9709
97636
37757
90759
72972
84545
40793
97705
95307
7222
85259
51907
8501
26971
58856
66356
21446
70974
71311
39209
93841
88864
64708
16171
89373
43692
50043
28520
18826
73109
92047
62556
93362
42858
29298
62363
67338
4985
31743
78814
12263
56221
13707
40360
58174
44293
50970
34324
79396
44163
88206
88541
29780
69134
5050
34537
97359
66773
6261
7603
58973
30591
35274
44372
83793
92516
42220
72333
39883
87361
31367
11603
77335
88092
17490
50935
46707
80885
62304
1169
57903
35493
62741
59016
54252
33238
25686
80321
63398
4543
73401
11970
98094
19770
99868
35682
40432
24163
70193
81391
93172
175
56055
79099
70496
21223
90532
84003
22810
90335
8478
72669
36906
15768
77993
64318
64574
28526
95418
5830
74440
19102
10986
28937
24930
85688
78439
44986
66610
15549
10533
68085
88744
4214
17937
14825
75364
78288
97029
32801
67380
96055
60855
60814
45403
85774
82413
89587
68046
41801
35947
22828
93367
10599
13581
55899
73853
61679
23536
93968
47483
80677
66250
1813
29452
79881
47770
6132
20168
89037
73978
35333
96839
14641
81489
87383
65093
68413
72453
13850
82591
17754
95981
87015
70521
11885
27973
19533
91585
25297
67899
45273
