29821
56675
72939
15275
62955
91772
71794
97991
77226
90121
50121
86968
54226
7268
3541
35011
93949
2237
81954
19556
34266
79903
89320
96899
8704
72225
53418
74005
44479
57803
42041
46321
3123
53347
20757
82316
19954
39315
67475
90804
1860
34905
28281
93862
49843
96907
82950
69933
77848
59332
30608
49624
98612
72496
93157
15414
77952
28464
14963
57712
80860
40714
13763
76355
83012
74480
8543
52568
88513
56939
55189
4770
26491
75747
65971
13844
9356
31790
31922
27868
35632
71540
14512
80256
85209
42810
84213
17427
61214
92499
26327
48916
97683
87103
249
99972
81012
23518
81422
5474
70780
66262
33723
6852
98994
76989
91451
50996
72130
81315
54268
33189
98378
11678
20422
84048
16907
40980
8796
98543
50655
67647
66683
43381
54090
43648
38079
297
78632
35747
92197
80221
98758
67146
67211
12943
83565
40216
3860
6235
39801
52061
10664
9115
71465
4057
80311
48188
96270
40847
77854
20222
94342
50375
2786
42503
38818
77504
39194
49477
4515
88752
77321
43807
23396
35481
48168
38646
27953
16939
20003
72125
14517
20176
70618
31890
80945
85719
26919
27768
54664
67456
83871
10098
32183
26113
5713
23902
66050
85203
34252
17388
83594
55260
27486
54042
18874
92249
69110
4398
94753
97512
31083
52750
53242
59472
6581
7775
46470
84749
12953
15896
98140
83068
48195
56738
83190
44927
52236
55150
41869
877
71194
43251
69247
51481
74535
99587
94860
125
81049
35497
1729
18148
33232
86946
32779
7057
59455
47381
38957
93935
66578
10799
17741
38933
6030
68319
81864
35253
14294
34603
77766
98466
15849
91854
78280
97020
83688
18574
20190
47706
42325
18366
26197
42290
27736
12941
98157
12103
13531
97416
46569
28784
59605
50675
51328
1953
23748
25759
47664
46553
45683
73481
25714
11495
38555
52559
59848
15577
84102
96144
92883
61282
87022
98878
3970
74535
80580
81634
34308
71207
44717
86125
29214
64549
64807
10935
56985
79795
68329
65174
19954
80956
9672
37755
25685
63182
6614
24812
99908
83683
70148
4090
68752
71531
67369
55168
57771
69047
53595
49655
10420
95940
27257
40599
46769
24897
89451
54734
37947
86303
11009
89366
42387
86549
54777
98583
92979
79533
75324
79129
59615
20239
88200
54019
18105
56807
50312
12501
3860
3221
25726
86462
92865
1586
28195
52379
39333
47706
83494
9421
97356
76442
32112
92310
182
88694
94985
26191
81519
49239
4979
88233
2077
5840
81555
78142
46706
74060
69840
32627
18945
93014
36852
26637
14446
26181
29519
84108
52286
53441
73051
98152
26286
66806
60091
10759
66591
1236
90972
25017
90734
30080
7261
82736
14690
93851
18987
52511
53631
51885
84421
26957
90967
77294
87135
70806
50592
39921
54401
20703
76897
25261
52175
48372
37958
9321
79044
39807
40626
75747
17527
79591
30164
34845
68544
78851
39955
53156
97780
35321
77283
36606
39243
80696
91801
9264
29987
64462
44315
50282
37470
12519
88560
6160
16262
53571
20759
56165
1264
44754
26676
96054
31966
41678
74821
2112
53535
28757
69171
64287
79441
62114
41827
500
35463
80679
33836
64081
31269
58121
76483
62917
99176
64920
47761
58783
37411
95562
86503
19392
30275
31251
87144
94466
46996
77218
34884
24543
51229
93947
40838
18303
36391
23340
55299
19393
18715
6991
19538
40965
74920
14555
84859
91092
45956
85255
33256
93229
65066
87324
68312
94733
66882
84726
55218
47866
68094
21815
26839
63916
52160
41224
38416
36345
29433
98829
32039
63355
90988
26403
54769
63263
36721
60888
59272
84429
94614
41639
21623
39279
83072
43663
1167
45505
91247
29712
35127
93619
6399
96033
9888
90973
98763
10736
43734
53568
61612
7319
61138
38517
80127
33239
4140
22068
708
22356
20142
59011
53314
81037
31748
88505
63081
86902
66544
81518
4335
94932
99002
27233
19644
47476
43940
95653
54465
92200
2331
94825
64739
31135
33801
60227
41494
93952
46600
36024
12900
86467
73137
28554
92205
59148
17554
11615
70600
65924
68766
34570
96327
30998
52991
85240
10360
81603
9094
36600
76712
20323
80931
63784
95011
37689
84016
11929
90230
18993
54823
20094
61334
94104
81781
86006
9017
27704
54598
80276
97
75663
44639
10695
7097
48331
47146
9835
25080
74052
48588
79307
74115
96662
85907
40144
12239
43417
55435
29707
80132
74879
7536
54171
40573
32105
47005
6332
78635
19110
62339
66060
17465
24521
86549
88059
44491
11462
43872
66031
54208
20746
89592
75408
38614
97972
24814
22998
82636
7251
96029
29166
78530
72605
60228
11587
11709
67240
55598
12303
34120
70249
20269
40093
60468
16712
31557
28089
319
732
59076
56919
18418
65736
20175
8605
90693
60049
94328
65934
99805
84763
48140
72436
73334
78015
97864
52873
30491
81675
53836
14306
64402
10934
66888
86297
30197
84414
65843
95765
85787
30368
61882
91448
24917
54259
27765
3749
83252
29826
11253
9228
47527
9956
48058
57395
25122
84058
13281
63074
85403
35364
55419
62219
59790
26112
10776
64405
27937
34848
60546
93156
99233
86791
67175
50310
57387
14463
44718
84316
89607
80378
53578
36483
60622
72324
53708
69022
51404
54049
83922
21602
5760
26152
39998
87645
25089
62587
59106
68324
77371
96226
55671
73176
47895
19523
15629
71636
68504
25985
71741
91158
11778
74062
95546
44711
47733
5197
85637
83785
72279
26825
90624
64700
28815
62347
87898
74573
54989
62332
21769
3451
12328
62264
44566
93639
18336
70571
99410
32919
58977
70027
39239
51527
58441
55857
85481
38862
10304
16533
74091
17928
55558
92901
52974
31397
36875
51233
21779
54989
97208
58550
36722
41102
49867
68278
37283
22596
66303
41936
91706
21923
8202
84530
17584
58436
43168
13079
83036
90730
88884
53006
72224
14319
5055
16169
70240
18416
4377
63582
84493
210
57764
76318
34463
26480
94313
2319
91810
82082
55258
97833
70983
85579
71318
66249
94236
2175
1387
28821
73782
4079
76693
33581
9993
7795
52101
92010
99002
34931
47677
99638
89292
689
12247
83399
91030
61878
26629
9529
24182
77752
83508
57863
83679
580
84490
76038
19918
42990
80462
56478
10523
78739
5798
3814
61354
57991
2811
52827
18112
15327
50202
45565
40819
59773
77460
45638
56603
27060
26628
84359
4709
15959
58128
23008
99718
7490
98217
9276
87051
86852
93773
33287
81007
64552
2444
43277
21319
48095
72231
42705
79415
84651
92212
84198
79399
77834
17982
14285
17904
11357
44042
57900
47537
39444
22900
59879
24702
15608
35224
20446
58999
69685
84396
483
35063
96066
33226
73590
94435
16495
94348
88543
47682
47465
23216
45319
92332
15756
84187
85203
21755
11878
71610
18365
69982
52356
34915
36017
55885
85819
63802
12866
84406
77397
71023
97063
89078
35319
83941
90645
9475
52459
49806
74905
91718
25614
86161
8338
3206
95959
1518
39049
99711
79907
34328
81391
30738
61978
95201
27921
91030
87967
75604
62426
60460
58009
32411
7333
40848
77113
47520
10014
49323
61191
85841
13460
31973
59661
18876
62748
42680
53856
3802
38885
53856
31527
60585
40660
34063
78985
11666
63772
68477
50679
13481
93915
81244
18643
75954
308
92585
80636
62880
71140
68703
7383
53912
52611
55685
88156
41877
4634
95400
92250
21605
57819
25443
6439
38641
17409
16634
30631
30522
73477
41863
85720
52830
73114
53259
153
81273
39237
18886
96277
93672
74845
96290
46384
57801
45243
4874
72332
72479
90942
32152
33336
30962
62174
8331
27478
22291
61322
49431
68936
67324
89760
51447
21142
34870
521
10493
67422
5908
17583
12042
51480
25245
41243
75609
31973
52103
74895
15510
4308
41631
95229
48973
93776
22565
42946
63516
4554
3635
46531
2154
40862
26622
54690
15633
43556
18838
57341
98550
60950
69800
12291
50298
33689
52450
2867
4777
62698
16598
7348
64143
38694
53400
55755
75146
6421
65922
21020
78459
55637
67735
35360
93750
2559
17443
46430
857
16503
51521
98378
7386
597
83639
99991
30872
28555
34716
69146
33267
39411
99258
31452
96504
60535
30831
74108
22741
30524
24781
31487
7371
43243
34496
6356
54528
64765
90095
76841
95316
71459
8540
17315
89452
46831
39655
88606
42282
93603
60207
58786
6590
8532
84183
94558
81813
93018
57287
57123
19504
77783
4009
49023
27376
24193
27732
33717
23436
29454
72583
92950
79301
11419
18379
91614
77393
97785
64506
11885
99539
50677
57118
87168
35276
52994
11825
27179
65419
39620
49444
74742
68832
23100
80444
43313
90094
98507
35223
59925
22334
24933
59149
32921
79248
1588
56273
48846
19853
63942
79893
6647
20536
62900
50541
3400
95427
67023
7789
76730
81725
35209
93068
13992
42153
51293
96009
57289
21802
40765
61356
23562
34618
66774
98438
16711
38522
23586
90034
98182
35075
91209
14589
69297
14364
66901
33761
67918
18981
27665
96621
97788
12623
96988
99745
94188
14734
37584
71284
50010
4551
43178
36184
31270
77187
17205
68374
29587
20966
2296
30323
63196
11545
79864
71348
13294
8931
20363
64990
61510
99190
86619
7830
4263
24454
84402
67911
49335
33908
62152
63106
13304
53033
44903
18943
64766
42174
35735
48769
69266
62008
41515
43544
48994
48433
53766
10656
2114
96177
39435
31367
2179
20412
56929
83244
57966
19652
9823
70499
86206
65311
29529
91669
16567
92532
54823
74340
50247
32015
77295
66187
69559
90900
68718
58500
27021
90256
72616
23940
3298
10923
35113
20161
77083
19449
18103
94835
37318
61264
23607
79576
93267
53299
32760
31794
94508
96141
44223
76011
13779
31578
18096
51001
91414
62143
72278
68380
86897
84986
94480
58211
34337
94612
37593
91823
15008
69330
52561
78352
58818
34155
98989
30187
92587
26676
93463
86269
79403
41303
81987
48153
80855
91874
78064
84941
52100
43580
78615
55427
40514
20018
50548
62883
44116
63760
70542
43894
73928
29227
516
61061
11351
9914
11477
77791
91642
85893
46668
57946
25350
74678
6983
38097
96518
47053
18146
11788
25556
48271
9221
65662
40340
30654
19207
51527
4429
92227
15228
72985
36389
18696
93346
7191
45144
13858
32549
23833
12692
33676
14122
7693
78932
47279
93918
55992
38710
95805
87035
18426
29947
70205
22899
88048
70107
39264
26812
40530
88003
81842
39033
33276
52684
21580
74593
55595
55321
99495
34191
16669
52877
23595
28037
87194
5382
8869
21789
81906
3130
66998
10061
64572
49900
65672
7062
81822
47819
79549
617
49866
71048
32384
30167
72965
59153
48828
13908
58755
3759
55915
7751
42638
42008
31942
39537
46918
30354
36156
70391
56386
63077
62302
91021
33812
18908
22135
21537
12043
1144
37016
97442
48050
73264
32625
15019
99926
93320
98268
45103
64964
941
55348
60930
56017
12843
49443
26594
35283
20843
89432
66593
69260
86349
19511
25360
31432
30750
21803
73193
29532
89717
25495
49913
10158
56975
99786
30760
61811
67813
22352
44327
1843
62600
51877
63668
13577
67161
63556
41389
83686
63462
86654
95151
68374
25220
20167
58985
5434
12966
74474
77666
95508
63352
28924
73988
18146
61818
72750
47875
18881
43004
27452
99630
66546
8115
36674
35697
53690
90805
91438
53380
41220
98230
36785
75636
97377
47136
81392
42092
45168
14888
16151
17312
97784
38227
60940
75797
25169
82213
55585
31600
16803
71009
95587
6202
55687
64514
9808
52172
25322
29940
23621
48157
5935
18896
92469
69317
55347
7667
28502
77677
37740
3002
56790
69910
13547
39803
58923
3426
29505
31331
65767
16802
83006
93128
23242
81917
49108
99658
94098
90970
12506
30731
81869
91179
40397
59591
45615
17558
85456
9458
895
97761
3924
41933
26539
35480
14642
80069
61244
65310
45173
64200
94341
76494
26774
55812
31669
79629
98783
8190
30956
28879
10608
78604
55049
45410
69312
64368
58658
46650
99931
39921
85869
54426
22666
48183
7579
64668
48369
68803
35333
58973
49457
87305
9150
18248
26414
78187
61576
50589
24395
44915
67330
15934
12528
29868
69311
88438
24974
46845
87794
36870
68665
45860
56805
18446
67796
43947
62569
17940
99147
59178
7176
68276
25241
76377
2710
72356
20170
94703
37414
22850
95803
78236
42873
80412
13982
10207
30609
16188
76665
12613
74595
88782
29645
1311
71979
10959
37109
87454
81402
81077
40165
78318
72458
85461
82129
31628
95730
78965
53391
25445
85236
61614
73141
19949
17268
61021
30620
40121
54372
95174
91527
71737
66074
6597
42908
45013
6659
24499
6224
83267
26448
24050
82242
90307
94670
19958
39677
41175
74581
61295
43905
25345
69206
81046
15548
97115
99671
89876
65041
94542
3995
35946
61146
64975
17594
9600
906
47580
33264
46254
93067
87343
77873
81600
29030
11452
84858
64681
85634
98253
29699
3496
54595
44696
12496
52495
82131
65689
98183
47958
34687
3857
59868
82363
10552
98331
40583
29811
49690
79111
2103
36082
99945
42997
93792
48275
65910
8943
82800
16388
18306
61219
29824
78097
49594
83036
42502
31468
34272
46108
40614
24182
71658
91000
51945
36525
23875
22128
390
86769
82864
73801
50044
21236
76942
9737
39682
76926
33206
86350
21717
18938
60162
30860
64465
43521
26857
72577
98427
48321
64742
71703
82587
48841
10455
64405
22855
34132
15937
67490
75290
64911
46353
78647
62595
553
50333
6656
47098
38838
4169
79567
78061
11552
55558
6972
36665
13194
65173
71357
65076
99458
9929
40830
83143
57699
51402
16222
50777
57380
58869
65702
67527
49825
64992
31846
62031
45220
23260
17869
74348
7439
63636
63492
19292
18216
41586
27656
60476
54465
14849
2275
52661
55075
72525
79942
57008
54360
95654
76389
57573
10866
48995
53903
71729
70874
81826
76232
50822
9016
4942
25092
82012
19996
20378
34563
56869
3720
86698
87876
4958
81146
21074
69159
70114
79993
78261
95906
21401
99515
17519
68191
91149
87856
16174
63665
82781
49871
987
51474
46506
37019
79447
4154
26766
26418
76736
82014
26157
9202
82323
8034
13956
6664
5419
35068
26174
74807
8519
22919
39622
80225
83210
74400
91190
99572
22460
48737
24590
56116
26926
88600
53632
81889
23131
68771
17223
36165
44522
7946
58968
54332
55087
30872
17681
74496
98257
93976
7631
44592
17926
40424
77435
9853
33947
35708
65604
92945
84976
10130
52904
20316
7232
99630
49163
36860
55966
38002
91851
68616
67258
99643
64778
64281
33923
68378
40202
16502
94727
37389
3575
22522
78774
36570
1501
73444
31845
59751
15739
16923
57294
44025
13615
156
90036
85896
31985
9026
96260
22043
40668
16016
74231
34341
35398
50749
32116
95259
98737
88541
12562
83536
37626
37384
23003
75376
43439
52810
92173
97013
39614
77254
82202
70665
38632
24871
48527
92409
38708
74725
31025
82642
14432
44464
42755
70843
63986
34141
71652
23247
95084
66698
73462
99605
31710
34127
65721
9438
56886
46114
58262
9082
65682
19687
88504
53367
33718
42419
72884
64567
76409
44411
87849
59020
12186
58430
53890
55347
49136
17899
6169
91147
69918
86192
69974
1008
10502
74785
75348
30937
72884
3649
77253
54730
48251
72720
75564
47574
52957
41874
94728
98068
97764
7735
26192
3005
90894
85068
25561
30464
80613
89533
51605
84770
30988
28325
86742
33013
70133
57844
21520
17236
11791
39867
89565
19288
46269
49591
74586
23674
63298
96664
95342
76710
17016
71757
93706
96024
84257
22062
91948
11285
97588
20966
97214
70729
60537
62682
27387
74680
87568
16090
7986
47491
64586
27012
84611
76314
76347
93455
64934
68920
64904
35866
64651
88927
15515
63025
20219
75313
94549
90809
70974
95464
22851
15706
9814
63890
94729
39270
77513
74221
45178
69385
14076
81147
28810
99599
33754
76194
1979
44
81652
64995
34291
48908
58434
93844
53487
22776
58504
43868
95537
67585
16435
73035
89652
86157
69347
37620
4320
52251
38755
77736
12345
37684
4819
25679
46610
58736
44231
3525
62399
30690
98152
10096
88680
69282
75480
18905
89625
16949
31891
18542
20982
87354
7281
6739
11820
45043
44839
89697
8963
86318
2733
3836
91311
74383
31387
46100
99302
16221
53837
74008
53996
88358
49158
67601
42313
60847
45552
76195
55965
86491
94081
16603
35306
58263
85049
91956
26383
77920
19912
12653
76405
69266
74029
60703
21953
29103
3960
32893
51210
9544
30225
34701
20549
16746
75986
57373
80220
13960
26607
70083
9758
30720
26614
78550
53360
99725
32241
56323
15936
60617
75049
70732
26394
39901
71428
76323
97971
79846
34799
95359
51907
22085
96503
40281
8592
29700
48560
75526
76773
95136
25401
63824
36865
67447
3255
27507
60588
25775
96957
71665
52581
45185
19405
85043
64758
71200
58073
38461
11177
76362
55618
44205
89620
72330
92258
26992
19023
78151
26116
73184
66278
55596
25457
84637
17674
20501
22854
68647
65954
48243
93056
71029
87008
87004
63034
5206
89486
78002
68109
98754
74502
38414
70582
19675
31969
10153
77238
50021
54663
16551
76403
45471
54597
60640
95035
36798
60893
36844
58184
5061
2423
61674
44703
45314
11990
24046
38643
38247
79813
59813
13191
99108
85679
97958
34544
39742
19758
65782
6936
34926
29468
74136
17215
99608
17381
63439
29500
38758
99870
16625
91490
79201
31278
64427
41021
14188
18186
1067
63772
16829
6367
97326
81704
16952
89768
45286
50546
10185
928
87591
65292
6942
95697
87310
85613
94879
24875
44942
26520
48139
40432
34457
15062
63472
57516
26920
86079
21894
8002
74887
66968
41065
4193
51360
56215
30898
49653
53666
39746
89329
30138
50798
18357
38120
10732
58877
58402
16423
35098
18321
95666
32767
3960
77399
4074
92741
32723
63350
38857
27462
21888
82839
41805
74145
70606
11728
70806
70662
95258
40655
36258
32905
59456
20415
10615
66690
23727
11098
4064
19012
78998
66828
49903
58519
21978
57823
50656
95061
3625
66920
35966
3454
681
43245
63006
64377
42282
19602
68393
56583
858
40607
65112
73445
96567
34159
64024
39902
34623
45464
85964
2762
32227
26066
82418
39560
25978
90149
39422
84435
97170
66771
69762
25348
64161
17183
77583
899
62585
54265
1717
70571
55578
48456
63366
47098
86786
77970
21593
59921
42175
32779
9579
29902
62533
36151
74399
60100
23355
26110
35174
31668
336
62891
47322
7818
58347
38752
80100
83254
44480
58778
48766
53125
45630
74685
39058
58747
77061
24892
57217
2255
95157
91719
57471
86052
96481
52753
6396
36544
83043
57660
8286
13611
96617
17315
39401
27877
17133
35556
59169
4483
41922
33801
71879
78952
47978
36978
33054
23485
89316
3040
99217
22765
81635
99584
53838
17151
94490
80850
15082
71280
76436
41941
26984
27916
77088
72369
44853
78569
12777
21472
11722
66336
65891
50201
58580
76905
66561
63067
38864
30035
75780
28819
20144
35325
57902
5994
62074
45491
45205
47246
20912
12264
58835
42939
99882
15116
8153
43430
43135
45994
612
77734
63107
26241
76200
97119
22442
44861
16424
99436
27243
67953
32712
81801
56639
96307
80890
29722
30153
26805
53716
14043
86704
86011
8067
80740
38247
99038
94009
55097
96877
96764
70849
6316
38608
54361
16052
67055
2029
41622
62979
27450
23090
5708
12468
81333
26373
41477
45643
42115
21853
53752
63581
16395
28878
23807
52682
13828
66626
49014
41059
31740
7939
7026
10950
73509
22549
62684
7915
25468
3520
75657
96598
5464
60107
83479
79501
70220
95172
47942
77220
66360
41084
14928
56340
86514
90447
57542
57322
28973
4161
78665
4475
88067
58116
50978
26037
89317
17878
56767
75793
33755
59656
18026
60453
121
67609
9671
95510
83777
24864
46633
78602
30639
29481
87698
1179
40326
37718
10662
48616
62292
61543
33771
85766
17476
36053
65535
86227
29888
31703
92213
41387
5792
12232
48621
79091
41747
67808
68367
15827
58665
32958
12676
31137
2524
71559
17361
67640
79289
65928
24145
47304
29774
39480
31182
25062
67825
16089
90844
79172
44810
71997
39346
3260
54334
29156
39174
93093
39994
74436
48739
49544
10744
89634
2505
1933
30097
89500
95554
2926
40415
30473
28541
40877
23566
13880
37768
84673
47710
5077
52366
27884
89207
23082
68971
16936
85450
81538
57000
25279
19808
83592
36344
12634
54594
88207
72654
38385
60547
65611
77816
37665
46990
1532
85628
95164
13959
523
51341
88987
83681
75724
20682
26350
93532
50531
79027
78131
48216
612
38217
71237
3194
16882
8129
63052
4634
54793
76101
67762
18311
65112
65800
94646
1816
11589
5059
26554
37263
26580
37968
22934
13612
86147
94626
91375
39916
81068
75039
90562
17979
61998
12508
21402
9405
71237
56627
26946
5333
66037
7587
32981
26096
8614
61348
71280
35889
62825
85350
74792
87482
65273
69381
39640
76307
14877
96747
1395
41626
97418
9698
33112
85832
37221
64660
89220
35516
6565
85153
41441
41126
36855
93788
37211
85458
10331
52515
92339
32302
38092
46201
56557
10234
59133
18657
22852
39148
85855
90201
64094
65564
75455
74353
33594
94227
1484
486
38149
55435
23734
48544
55819
24482
34482
81508
55499
18497
29498
38742
5604
36387
93777
30447
68651
53317
55460
90583
95039
54665
25228
77152
74771
72326
85361
35167
70794
66223
26952
47623
83938
99294
45788
79363
80103
49213
95243
5327
71559
16273
42247
69748
94950
93924
38013
52062
21032
83021
99570
22876
27435
38814
89897
67668
99736
15658
67778
53888
35950
11697
66876
24233
91966
67625
22203
47070
44854
87338
2213
51377
81589
66583
90214
9102
38237
57348
21587
30137
88646
24392
23883
42211
32238
29120
27866
28232
54223
77725
24919
84105
87913
61772
88749
66497
84447
91328
87319
49830
41086
51198
80069
53405
25143
90341
49595
75034
98989
87320
17976
99731
40266
85481
7380
74752
36620
29923
95874
37234
70749
12820
70325
4941
65856
63861
34783
51043
28231
30200
60052
39278
2210
82765
52718
97545
15729
20849
78826
42411
79227
38643
97839
76002
37079
54596
34671
40424
59015
86555
56005
50884
58213
43234
42622
30240
50390
3040
47765
10755
95995
29828
44951
79818
2566
91851
34469
46791
61993
91662
86711
38294
87850
57899
90749
80728
59218
79661
25441
23694
98053
99451
82408
43412
42637
14523
10648
87895
29391
85921
20468
14708
9919
84344
25474
88047
63406
52331
82093
88653
26977
87472
42694
11246
23006
17
45157
3882
18400
7993
10670
42567
7401
65304
77807
59572
7447
51987
95397
56422
10351
16267
99743
23244
7798
61320
76858
26832
42751
69281
33259
69805
74206
83467
76763
67176
19067
21980
39116
27596
63906
88059
48410
75846
68792
74501
67421
4953
70120
11134
14155
6271
6619
34995
43098
5278
75301
77800
85667
43042
14460
98467
38562
70268
2788
65939
72442
40567
89350
79102
7478
50578
25631
49894
19049
74143
47188
37496
4567
17784
7428
62065
8749
16633
88406
99084
13610
67229
35248
7660
39873
61816
14825
5923
94391
64590
54871
74077
80231
1423
69922
31148
19845
76816
34106
80208
60128
78215
47907
14627
84480
43939
80558
98654
12334
78725
20260
26763
96499
60543
50203
72809
76569
89895
82155
81781
87630
89847
8346
90299
42374
97605
71731
3865
22176
6618
26646
41548
46049
55634
53993
44058
88061
9807
98155
36379
83956
23641
65193
32548
68504
64342
2218
98417
31021
93730
7269
72175
75786
49707
27442
51779
70780
80044
53950
56570
18441
2628
99672
40879
76529
75602
30952
73170
66545
83888
91808
33051
16226
71272
77162
75723
39870
15863
65760
21178
12546
19357
48059
38339
26127
92606
82211
59560
87211
18073
3750
23395
93924
80194
92420
87499
24405
3997
48230
35231
88801
83417
78510
78066
25244
71079
23722
16915
98184
66966
76035
41463
14429
17869
56850
30021
10370
9636
42257
76158
82040
26559
88239
11528
45879
38119
20605
33077
92175
20199
82502
98708
47792
4320
39356
10228
48229
13001
31629
39057
43067
70183
26965
46748
67008
34661
98860
2443
38247
71952
21120
20762
51623
19634
63773
22172
92291
44585
25129
39394
80741
52259
37708
29159
46019
63480
48717
51253
23395
95619
97208
90904
88123
72606
7962
13534
90225
65914
54543
16743
13921
55192
80435
20206
23421
57991
86357
44852
51534
50874
17898
24421
46745
3045
65149
70921
21885
13396
86948
65962
10233
17288
34126
47773
70090
43087
57784
62287
58514
13439
29375
98445
18709
88942
17455
22960
6908
4529
85082
41731
34716
7439
44581
36114
90353
25538
98428
94225
22339
36457
40070
41926
92043
73580
87827
58356
43503
5390
91761
7237
63273
43240
14814
30355
43686
22152
10456
36178
17770
11941
67472
21630
92560
40477
60830
90077
47983
40045
23053
76561
1977
60652
10007
93917
37117
24868
69131
10640
47948
35470
76938
93778
22264
38666
52946
54410
19672
66424
67634
9418
25993
96630
2332
4057
7695
50966
25432
82107
99129
51514
26293
67710
99234
5839
1114
20515
7571
57636
89083
67558
44485
86725
96935
63436
68357
57272
56062
71497
29809
22547
48352
57771
60894
13752
89217
7527
25116
21391
23288
50142
45425
92414
67223
5387
88098
51463
31733
71052
8593
97694
12966
19850
8319
91941
66604
39142
3442
18759
46279
86690
33970
83021
53287
64362
9230
85888
85283
91421
93468
10332
23554
27452
1917
29228
57847
29005
77982
51176
20138
44588
5467
49832
13680
77839
23326
76868
52764
7253
31685
94730
97263
52458
44962
85114
90700
73209
66459
80001
67814
58607
30034
60400
80186
45223
78816
96409
33593
15128
18042
1606
15646
19351
11829
5718
46174
78538
16485
19668
26493
83403
72417
78581
99772
4469
98307
7214
40528
28750
50283
41808
76143
60656
63843
4737
89668
57205
91805
30424
82050
58207
35193
8981
67636
79618
62051
12826
72179
98959
94169
36458
72433
58749
5193
8157
60114
31830
92057
64765
65690
69243
16385
41952
67233
96533
96818
21442
38307
33881
44602
25598
79317
38423
9279
9897
92562
54816
58633
95275
53171
33809
52925
29082
64252
82880
8963
19477
89715
87106
1961
67739
68364
37910
87392
97829
1600
48466
99652
23046
37532
11400
27482
10174
51894
36692
81938
89941
76986
8901
98059
17434
60930
64933
55637
93560
78884
25223
18930
85938
60325
16300
66646
92155
58891
95122
65806
90868
44785
74810
40189
92035
72659
75444
16992
60524
62537
55017
69907
54575
94961
40069
75437
99453
92805
60543
35015
41720
93259
22182
8346
86695
35851
12265
82757
96787
40731
64675
27438
57569
99159
11170
77344
82219
48460
16211
26226
84637
70707
80235
77448
34345
63323
98036
34899
28392
49855
47954
95156
63374
70774
37361
89887
46056
650
35245
86458
90389
87904
66654
33411
77886
49398
77566
58609
69939
51979
69271
74515
11044
66039
22286
47797
7769
76731
93414
95010
33838
39828
36243
56803
5454
13897
23868
74660
53002
48100
42380
26648
7638
73086
31541
71731
70081
70994
71841
12021
20176
30387
13078
89447
30678
80185
79525
62781
5713
29687
44784
91004
28323
75720
75926
49717
22507
39208
50652
67151
15232
34815
84345
93731
17355
37240
37406
66465
50206
7152
43968
78192
33300
98665
13987
79250
93221
51550
42085
16069
55462
3825
48677
88262
79516
80928
52206
17937
62395
2231
29028
85091
11583
25950
94601
38208
45094
93555
26444
16497
28872
70355
50926
2213
77812
66097
80755
35608
7336
86633
93346
32689
86156
58542
36313
30852
78028
24575
19024
2969
88752
10105
54183
47972
13562
38854
92943
12115
40604
74803
60946
54726
92787
30559
27073
32920
16292
56111
52088
10621
60785
6974
80271
47716
39319
34066
6080
63195
38887
47082
77359
23505
38656
2291
32411
41430
36070
30650
18144
32991
41409
45819
42279
34950
21684
11704
20619
14735
2871
46822
73544
69477
46324
9057
14561
45698
11835
94336
57230
50317
31330
32259
32705
85918
2589
19113
17651
15677
42774
65918
74896
88937
35977
10353
87516
37300
39070
93091
41824
19563
22979
55867
23829
21044
56549
44407
9964
93840
83884
15038
33911
89472
93201
51408
11256
20195
70428
3742
39428
43453
46078
10070
57010
98900
21127
66679
50854
70548
85797
49891
30133
89522
55547
76754
66933
5934
98969
45347
19587
19569
12030
44142
70416
69398
4486
90420
87976
50437
99729
10264
21856
46618
45395
90247
21404
44869
57137
6642
84442
92970
38142
14877
65726
68776
10194
94095
35419
27895
18404
87306
89243
98218
61988
73012
61227
39189
65592
79700
91622
37960
51920
59641
24861
64024
43656
94484
85503
46719
68026
98054
98699
11834
19773
48467
16367
13488
3230
34006
55899
30099
1241
96782
10791
66847
884
150
68766
24799
65560
90739
87046
60847
99853
54598
47533
22620
34833
56641
77330
7079
41429
43222
58284
19688
7284
95403
28667
23599
59569
42442
71081
76390
23500
28565
11645
1011
65664
69015
21340
18682
38684
53749
3644
17054
35964
73219
31686
15240
36995
30546
10887
64256
88119
20840
59315
58328
78682
33384
70999
85417
18880
33296
24122
97556
78866
8738
7791
15787
74653
33082
46905
20840
29303
56414
86363
60186
86384
23347
65915
97985
12721
31660
24914
33423
2997
20350
15188
52270
90016
73743
55414
37920
69535
46188
37664
40674
68766
24921
43921
62442
29728
78628
84457
2063
92158
30995
80280
77063
91071
57467
71616
98059
18704
2546
85321
6807
16545
26972
17985
71790
76732
37730
60269
31643
17602
43202
18705
85362
5124
86079
97080
85844
63515
56504
27457
65745
4708
91735
86790
1736
57180
32032
85738
19178
8115
27625
18270
72957
82352
48264
10384
65468
1409
70375
80912
78556
69181
11541
82048
44873
56921
45911
83768
57391
9923
24476
95827
70260
11230
24142
69722
83874
94810
29155
82091
10275
64047
73619
68582
95013
40630
93221
49491
51229
91620
95362
99315
94535
13188
25259
26625
50443
29552
93925
32453
19612
36044
94770
74581
78843
64415
40924
98472
91704
9646
53579
67385
82712
18423
11990
76212
95474
30375
58326
15776
49843
9720
54645
32713
65537
1131
45606
81352
22365
51518
28334
39410
24545
48330
95967
97370
20969
82395
9926
26596
42287
96205
93882
52295
5262
67391
32469
78045
12552
30359
96960
79338
24099
8978
43814
81063
57294
61926
43978
23978
6081
61206
12981
42804
81890
25552
38215
45718
17732
17735
79535
56481
78922
16905
6134
11721
31242
57724
40469
58580
95724
48761
1415
60325
91249
74469
46648
22688
32369
93576
18205
32985
62301
53836
16094
12798
35523
76980
58190
42237
14927
94678
8795
55827
24942
69175
49217
54675
72590
16865
27353
11471
27586
72451
64494
34117
63138
1253
96240
92393
41550
28263
45889
12491
54835
90133
65773
41669
82502
27337
87511
63300
80142
89181
13231
60208
21118
54731
57055
50649
69632
23171
75525
82656
97485
34088
51834
57695
53944
37191
57329
38582
91787
19573
61915
52083
43400
85284
89191
86429
85842
92386
13480
41917
44037
44495
82670
27434
53919
67704
60630
96431
7778
3445
52733
73403
85106
38875
59472
30085
53976
64926
15071
50266
39401
21383
27727
92357
74145
10574
48399
74969
84489
99541
83395
41022
87384
47776
45596
63542
18325
86836
50664
43178
986
34187
92133
59542
65012
90897
78353
53869
18247
15807
34078
8362
5134
25362
22881
56213
89601
71526
96329
99311
73167
15444
33900
69786
54058
58597
7389
29511
71491
19218
55514
9213
138
39322
92386
70595
35607
97343
9508
14410
86503
22973
44018
27002
69182
84456
75541
40567
56491
51553
29402
39664
68745
34932
76489
48325
44385
62001
35094
23378
86381
66341
74192
7804
53720
24341
72695
34166
34465
86775
73580
45680
5470
20844
75360
51837
53468
82430
69966
86400
11077
48466
74788
91955
28219
26025
48284
2867
52672
93593
30538
24843
14488
88867
42830
75131
77062
57873
47881
47524
83
7182
34540
77331
46062
20257
90859
79176
269
5736
40113
76515
4113
9197
57933
24266
67688
54535
80619
76600
99563
38224
53757
15269
32168
11934
74519
44046
57530
55073
21915
14433
14356
89016
68713
4840
41053
9872
99896
19535
68884
92249
72930
15411
34421
90087
57561
73225
69428
97410
83831
16265
24934
33418
65588
94773
43232
80140
14353
90985
983
73849
