38171
2252
29837
58468
75519
95974
53327
2584
74052
58607
76503
69695
13537
66593
21514
97658
76075
5110
14581
1244
70544
6932
53298
29837
67341
81347
13338
90794
93036
81856
82535
59658
81758
15306
12356
43132
17905
73817
47060
30892
48206
20750
2748
36900
28305
39750
38926
65423
55046
13064
27251
66969
50269
85790
5236
83218
15401
52384
72740
74033
6938
64651
61486
62229
53173
74385
44886
71015
66925
98954
29647
95643
79297
9929
84473
15445
62322
43977
73396
71209
86366
53350
80613
86971
9214
59752
16388
10820
43032
68825
14976
72310
78658
50072
45263
47351
21876
56518
13014
21961
73640
34750
50578
27722
72849
24322
46048
92855
7797
30608
5103
11
37449
55347
87808
73061
28808
8598
35127
93800
96014
6931
81441
51965
48823
13770
42881
62803
49359
82381
27385
73478
64374
6712
75825
89244
43186
56766
74023
44300
37393
65534
23668
19802
28633
852
30743
26173
45390
89676
7168
53282
62624
94418
45115
11817
52077
21733
85558
18765
90650
86218
83025
58594
70986
81276
13601
78422
63032
46017
52193
86105
44759
52023
63767
23897
97220
141
93694
99878
41892
8271
61748
78869
25343
22074
21442
20128
7673
76877
67683
9610
96265
2688
60851
84961
24760
4718
5526
4604
10967
49582
38147
27843
29757
64
67083
73293
49212
59650
24457
96068
74047
47938
83175
47302
15938
13262
47562
68229
92942
83079
19612
12238
9264
16244
9396
26215
61396
84275
53956
464
74915
47242
95423
13900
70166
4188
23109
15386
78966
15799
83116
5691
78610
97610
5804
30936
8156
95027
62919
19132
21345
84822
13876
42396
99234
80266
3303
29304
24211
9262
31070
47769
33360
98841
26890
49178
17943
82287
52632
98883
60198
5711
69307
47056
32466
75145
10744
12720
50273
96269
25518
94825
70692
26175
99456
51065
56789
11302
49344
57592
25609
28867
73177
45945
27185
14527
71289
46959
16563
88318
70073
52524
55840
73263
67915
34725
77394
74693
15167
23697
2564
9152
78610
5712
30414
36324
38643
82600
24987
73196
34611
31691
92297
41015
89481
59637
92892
81152
29919
11857
91967
89771
86620
92698
13720
97563
26095
29631
95719
50753
92277
52416
43547
30416
51143
51445
66289
83499
70083
3758
74921
50783
73172
9845
34183
36013
57953
5296
86435
17471
91088
26690
33774
17148
79637
74737
32034
51095
46843
16002
676
22274
87661
64288
86808
84160
45121
67676
40705
20855
59937
45422
34580
31716
43960
47802
47959
67625
17430
22414
1148
16322
1056
74440
97268
25365
17335
95124
63474
84071
48483
79634
28605
78859
15355
40022
13776
53461
73076
38537
79314
69933
44644
98861
94574
94207
94417
47294
28014
60687
48699
96372
8985
70314
81795
33317
12006
49176
31479
15367
16187
7630
40699
12979
62215
78080
81109
54821
31544
64531
13268
9760
44153
26896
78142
57391
85388
17364
35381
18598
59200
33572
66278
84166
15983
80734
15374
86783
82263
34059
63592
91504
15411
46641
13655
19690
39317
59365
72781
98674
1346
77821
534
16581
89642
75524
87044
61623
47842
17574
85367
97108
4352
71659
66472
26343
19026
66305
71379
24921
55740
59217
93791
5136
45580
13364
98380
80569
8987
12511
8759
84577
22915
46137
83916
26749
4919
88397
32169
10249
5892
89243
6091
59533
20834
46472
4376
74396
64246
42582
35560
46294
85992
9007
8528
51054
31099
81531
3756
2629
56846
17489
69865
14197
71247
34409
70892
202
90007
32944
94370
19690
52773
4277
1861
41270
55483
56896
57960
8136
6735
46498
81504
12796
14063
96232
49071
79211
19605
32233
41133
93075
75874
71583
7509
66066
93017
37298
20137
80209
20187
69455
30243
36702
21243
99576
79386
55281
37758
30518
6637
52176
84465
84361
94479
26990
25606
70336
51727
3982
34700
51171
27426
38405
10121
67693
51695
72029
35287
89272
39127
68470
56793
68433
4960
97960
50809
23274
38748
95811
80223
63406
62330
62263
15535
41359
87369
42319
96384
28411
36100
57080
65781
93933
8543
55616
23834
80096
77037
19994
19388
27230
30283
13438
932
52599
13228
40716
4466
70861
39265
58065
13715
54604
15013
96258
89503
96279
1474
95813
25841
60157
14020
71280
76388
57355
10360
95689
45350
83131
3201
10348
96155
43722
40055
33547
57137
76487
89947
66095
49724
10887
96508
79197
29837
93525
98047
40500
32979
99622
17647
93779
95534
77419
66625
91448
31404
33377
44610
24834
69123
44642
87967
85848
29994
7166
23857
37314
39956
30692
27235
96853
92905
16889
88801
91501
23554
11244
51647
31506
69313
5984
1347
65277
99275
79560
44016
83668
13859
68978
58672
70609
81573
1402
18236
84353
29691
76447
17707
11048
43295
98162
33974
58849
86542
58090
62180
33379
77701
68341
55191
38720
68891
20777
58033
5063
45307
70713
27396
88041
24092
23075
54741
96728
81534
94822
62828
15980
60899
46032
69115
19775
99880
20694
47017
55096
13951
78077
26585
88869
78411
2869
6716
40705
28118
32037
6127
17013
83026
27329
17554
69563
17578
35160
40327
28285
53477
19466
23235
93916
36183
87351
29396
61325
70755
68402
5039
98109
77712
66837
50517
15765
8935
84046
7745
44153
37126
25751
25713
47019
99845
68548
69486
12685
77955
3477
29881
18243
88139
31850
60628
75190
19433
53398
5227
29844
41250
48333
88509
245
28853
17015
30571
22425
23437
95270
42459
16461
10752
37220
61289
98125
60839
76870
18763
48547
94105
73053
57631
49869
6886
41227
22708
20509
62574
12306
51506
52602
32540
3464
7847
55043
23842
95527
94030
96692
13650
84481
13150
6401
75541
98512
96492
4319
83948
23531
54046
22114
21506
38933
79918
65985
13354
42416
14103
80406
67321
46031
27231
1633
34114
34505
6752
80332
31083
46569
41748
1737
75625
29377
20957
49432
67196
91135
52047
35621
25257
24056
30395
63054
82224
4545
3192
46722
34345
63325
97424
452
48416
92465
39844
11375
35498
41011
95485
97619
36291
91744
24080
58622
67462
22828
17357
26519
4168
13044
88389
43587
48881
33104
32501
10986
65528
8101
50579
83283
38970
5463
7060
89260
91094
87259
5431
54790
95240
40010
84850
75133
64672
65361
57111
59286
16190
67461
2818
38401
69805
81685
96930
7293
41529
55032
24001
28123
18094
85893
23282
65626
28782
15489
91734
50833
38959
98130
44555
92780
43727
51122
99186
9038
49140
94016
71931
19093
17508
77873
45263
86202
19710
51364
97882
1495
78964
8210
99539
66276
98342
85380
64073
84378
55227
49759
37099
97944
61630
44410
12180
65732
57875
77424
73714
99113
49941
62289
38802
41566
84685
26611
63945
18440
17777
84902
43073
81622
662
86820
90206
21257
24148
53543
1164
79383
60917
37205
2631
33637
3736
56247
63239
56465
80329
85511
63590
46258
20309
73671
22478
39031
4780
8463
63940
13292
77304
39614
90731
43772
72852
14770
84311
25296
15499
71250
94159
49653
79023
16968
190
40795
95442
86348
34038
29913
83492
79420
20961
95406
25417
77480
63365
1923
96854
86889
70643
63757
81736
71090
68909
30478
8802
42366
39890
75899
48769
28297
93095
15607
91101
76251
92547
59966
27966
97855
95799
11487
10776
12113
1976
49313
3589
45718
57130
69286
8318
75110
82187
16300
77781
6020
80058
64304
42898
20654
59714
37326
71336
31887
32262
88003
93972
28338
46155
93491
39697
33682
71196
74887
7962
36108
54366
13294
15389
30390
58258
84420
47864
64745
38208
8624
15444
96345
23174
27207
14810
83909
58044
27566
78774
86602
4418
23740
4903
74482
38473
10462
87423
12937
6683
17653
53789
91665
89705
7066
22405
68875
67599
68065
74777
38166
55589
28219
74903
26100
9925
437
3662
60743
8115
12510
85085
40508
4366
6598
95978
89597
70482
14466
8028
12586
26056
80748
76886
21538
50699
60360
97297
38939
25622
58497
21044
62993
96911
22865
58546
1467
49291
33855
25121
95257
63133
16451
39154
88297
83742
78373
83122
24538
66458
95812
48956
5111
5205
55890
41112
19525
28568
75644
18260
12744
89660
21992
22686
21247
26002
80983
69851
89744
40652
73898
29447
42078
74347
92608
34250
22327
44359
98717
58770
15818
11636
42759
23731
65078
11767
85962
49944
56509
28293
72732
76516
7671
2388
26426
32938
2403
92417
60145
57413
12600
51741
41080
24085
24282
35476
59034
80087
7976
57211
69842
30143
62867
60790
90064
19892
2761
98659
36824
1033
42190
14758
2377
17268
68844
24178
89019
79244
65697
86673
23810
27588
2711
90576
47919
51934
83442
71370
92661
18894
55970
70991
38985
35756
94487
35633
44770
81045
44660
64395
80448
45343
60541
41359
90826
62871
86826
93162
18031
16569
13502
93589
57038
75115
47377
94971
48145
61463
7016
53026
57908
34850
37255
80856
51268
83886
19197
74908
12834
6728
59325
81765
96614
78223
93773
26803
53344
67586
92311
63632
28602
59108
5021
47203
74074
29520
13769
14129
77284
43186
13282
42384
60732
78601
76603
84809
45736
34680
84902
7881
37587
46531
82886
60580
87822
85996
38274
79783
22354
87242
36917
39449
5377
75618
60930
18380
72202
21381
75620
93350
10058
98246
33732
94279
66160
65014
23364
83990
36377
36926
51384
29580
55386
8248
37076
97021
63708
8139
19744
20894
28194
66017
85577
71319
68198
44902
42929
87655
42881
64383
58022
83534
39977
53221
67472
24668
95988
67773
17284
70579
67131
28597
57654
1339
79451
45820
12363
87874
34900
85790
73260
72557
92596
19900
11382
10720
88366
9508
7887
32518
80100
4402
81779
53790
92100
88803
16748
64930
71725
76529
80544
28789
4723
55568
85764
16584
37368
28611
98287
33256
63803
78684
37001
9704
78573
37263
51074
82407
24317
38641
2303
34526
62358
22738
91279
10600
27166
2132
94459
69870
52159
12519
23100
19694
3587
5059
84903
28423
82072
72225
24195
53284
6579
35703
58075
29411
65584
94350
13935
29920
20440
74817
549
17219
15515
35315
51101
72930
93373
97453
96450
93556
19949
74036
5052
46452
92272
57251
93826
73294
74717
16074
32716
44169
61121
30083
50375
81297
99362
51404
33090
75903
80033
2310
79654
38440
217
80617
75202
19295
36804
43138
45796
16967
93660
76842
16099
23482
33823
51620
54393
90991
10219
82610
98222
46379
40809
50132
44400
51463
68903
34783
39391
91897
50461
19478
74340
93346
60049
54536
41186
5235
75862
24325
18213
81853
56111
18782
59190
54964
87506
6040
58032
75358
45511
16013
23309
5054
70608
23775
89114
21656
88930
44986
26762
66592
13265
32869
1318
75588
14410
33956
53505
91122
68953
12877
39465
19783
91819
79588
67609
53782
30062
30486
85196
68529
70453
31470
36877
73302
92600
94840
31306
49273
58584
38096
38246
30730
39295
69670
29229
47299
12102
12656
26338
34705
95216
98347
80244
93084
57108
6512
11792
51540
12888
80911
90320
71354
48760
33227
80913
7752
59270
67762
28738
40830
80300
63958
96344
84234
14221
79245
52447
67251
93161
58658
97162
81410
44863
19925
24939
61774
8364
18806
4991
49026
42258
5849
99905
95501
17941
6742
86302
76166
87167
5921
8104
28026
83842
10465
84868
10804
12701
87599
10527
62407
80600
20364
27293
1147
22570
92095
68689
27794
64858
50858
15017
8693
13730
31304
5153
928
44783
63269
51800
22726
49253
61913
38528
37282
61472
75651
93326
76508
24693
24575
76913
55764
14966
52259
18655
39215
95061
51388
71979
9019
13344
12287
42131
52992
87818
25774
49494
73124
36075
7594
95683
43483
25757
79695
84460
29162
26503
40241
47417
70550
50551
51153
44249
88526
15048
54812
46452
81010
84452
91200
96348
3134
27106
70347
3009
22967
32432
18050
63491
69392
23116
43738
45154
21369
77356
79607
43314
98565
97470
20831
98283
77207
62729
45018
46236
49513
99634
19465
28191
30840
36603
21471
77512
66831
12325
14688
46263
8110
77655
9589
9101
88534
19703
87465
80187
55028
62388
80676
24117
59272
58502
58113
99750
22642
99789
69869
41501
80664
71895
85951
74021
4533
57246
83726
14195
35809
38061
13620
59576
52825
2690
94397
38614
42283
52015
62027
98768
79905
23579
38506
80089
74791
8838
203
97167
69242
1865
68415
17664
73423
42811
6578
89770
68862
84753
87201
45313
7273
22493
67193
73801
36044
15031
20654
95652
68387
45625
22740
87525
15858
53379
89630
16835
22613
6783
4657
33161
4965
87232
39107
92010
59460
4644
71893
46834
45701
83512
71403
40983
65115
4666
70020
75022
92860
83801
57946
27
27185
35352
30200
97408
74333
45170
74963
68918
4775
19160
51942
15930
94662
6806
22094
63166
23081
57907
59678
992
44768
22999
53280
51064
67594
7079
3625
97227
7420
12491
60984
38173
23498
81297
83147
37315
26645
57675
55261
70294
75473
50739
30432
24580
6290
74350
65139
44928
26226
72046
45312
30906
13922
42866
51765
65641
26763
47304
3932
90244
2559
47635
69721
72048
44705
40423
69152
29396
78990
46993
5681
58536
96742
91732
12721
22284
23003
70830
18886
67445
38805
68793
19118
58242
81567
40205
80573
65740
52274
44227
11121
33692
13275
81588
87731
20887
76972
29855
56717
94868
10460
11850
33154
23855
14971
47168
38063
75670
91767
62841
93852
25951
30660
35447
66974
87484
18507
73644
85676
20583
34098
87769
58140
77144
56932
52882
82522
43190
1180
27485
58020
99626
1427
57401
92997
8271
28996
18907
53420
49317
74200
24115
95816
82405
52532
28141
19522
27374
8251
40563
32791
76958
7872
52305
27121
60892
58380
9873
31393
60754
83368
80644
45658
68729
73992
72257
93741
49580
60788
34952
42397
88254
70420
56640
43070
10888
95000
8798
86671
97434
69473
3847
55889
24051
10095
10028
60803
91852
66152
6548
36412
97390
83234
3032
92868
75140
39149
56776
82959
91819
23392
65995
81974
91909
75934
31203
58291
66989
87365
84655
91514
1670
21523
8106
92207
86892
48661
51537
90920
22091
60045
41505
70464
59694
33247
79711
16788
28176
74264
64561
55901
40527
85788
1833
68875
77950
46123
76610
42267
66361
23566
65123
5877
20052
83844
98273
25444
95244
94052
24610
5234
29663
33422
81915
92416
34391
57842
42106
45215
39969
39964
95232
28782
19100
71483
37030
88208
70285
93773
57504
93321
50767
11689
57695
3541
14344
2088
40241
99109
28279
6000
96547
66135
51114
48671
96070
42416
42188
12272
87567
88281
73402
58157
67705
18515
51703
70386
81861
6457
42357
59609
80737
4817
99796
34152
61063
45902
73736
93683
29404
5349
22130
64462
18361
49641
52785
18324
54566
22661
75505
8717
65154
78902
84417
543
95680
52515
65506
15220
44139
21209
35548
83172
8585
90119
13707
80543
15518
72723
20086
67257
19496
92984
84032
64978
96167
85021
84599
24737
23711
92882
78250
98525
42454
89225
62136
52711
72568
68591
99363
25943
11163
82406
49220
64929
86044
91296
74648
93027
17864
86970
54871
28815
68247
87507
85701
38480
78898
85895
88994
34618
60277
51308
40284
41715
53104
99496
48900
35895
96999
28557
53822
31277
29594
41395
7761
59556
54847
60560
26175
15208
8074
81206
33039
29063
74414
59209
46950
2779
38750
27227
45172
17524
98477
44806
66634
79779
92627
71846
5289
44581
73168
89232
76501
25546
3691
36915
95497
78689
48852
76394
18565
55458
22344
76314
76674
48439
62450
54222
67717
52968
18894
99341
99314
90018
40169
84629
79640
64931
47812
12982
89642
17860
82583
36205
23406
20867
60659
90651
72366
41196
78048
34306
70540
2756
1541
96124
1107
21394
42181
61111
30216
50794
70150
40529
46463
83928
17166
22156
97738
8997
1446
43693
84461
14056
83488
7703
41132
34636
30581
57952
71941
49274
10279
35788
96795
7939
47813
76366
62599
65676
34381
52952
435
3895
75051
46682
34849
91210
42304
46591
59749
86878
43550
18880
15284
2757
30736
34051
53940
19545
95350
69876
12914
63005
56045
55678
70163
50163
3885
42245
51170
18170
53101
14019
1640
9408
26273
77758
67162
27244
16259
11843
11340
63425
21488
7233
56708
56336
72393
63460
26441
65373
3129
15948
13049
31563
85623
71241
45818
34183
64161
32917
92424
90190
2952
45743
34413
54748
25163
88431
46287
25458
55836
32523
36996
36515
12926
90629
8864
13595
85040
72590
27375
43309
33571
99996
29182
42999
83847
36963
56595
92980
8516
82002
5213
16766
69636
57261
54213
50045
20174
24771
30564
17681
61645
78315
86863
74616
6863
33856
46574
22780
85801
79798
87242
1916
44920
3991
36164
96085
51682
39295
4930
50125
84251
45008
55716
39836
39876
45939
60885
83160
61613
10508
17149
42043
21723
51928
67347
35955
71013
12422
6256
74950
97528
75855
75263
42111
57403
57683
62672
5209
81932
78866
38507
7623
10729
29955
51010
32606
80011
86388
96640
6368
16429
48383
71389
38502
41962
83654
90099
96649
80100
76107
92683
84013
92609
24654
50064
27434
16624
32579
84198
12856
43370
67247
40755
42550
48531
93151
90683
61591
47775
72965
72330
63850
99313
63920
80522
22853
75999
42215
4884
13262
44978
85059
94563
36997
73577
95846
82532
20496
93244
78203
23849
53380
77374
49290
8829
10926
25884
56408
65491
40764
9891
52537
311
67210
60062
62388
6213
64716
32860
78578
72600
10677
69936
18113
81595
12994
14098
5835
68732
7558
29955
44334
22911
36947
1102
41912
22542
96866
45961
85633
75693
85023
60155
30853
43019
91668
91031
28188
43189
91183
67719
69688
71237
51571
29092
19067
81433
84921
55009
35986
78526
14688
8392
32945
41226
3000
53980
63852
57384
81543
82270
78288
45486
26837
92395
32700
64363
42299
74497
86495
9405
49155
99458
78831
43871
51323
85426
64227
68927
89948
9787
91886
32621
61106
63344
34233
7215
97671
40046
16475
19313
44848
7741
59383
28186
48563
10390
55794
31418
88115
79040
60144
95136
73210
62291
83211
45000
23587
12541
84270
35282
53825
8706
12788
29773
56943
31358
25048
65009
47764
56998
20952
70797
1330
79213
37291
38325
74156
88898
23740
53533
31602
66903
86883
74435
95818
540
48958
96230
53053
44618
78449
71381
94555
68796
81847
98659
18059
50423
87907
54870
95155
24874
90136
84286
34241
86416
35393
39907
47636
89874
36494
86199
82570
99434
64587
91850
81318
64771
58911
72988
765
43548
93790
45486
16446
35179
23019
56497
43516
41214
55918
90720
13305
1436
91406
66826
67632
56362
65291
47111
36351
31690
19898
6924
98288
51614
58718
47993
34946
32842
87807
84239
18392
43320
49482
96991
50814
84693
49701
39518
62932
55768
78285
54612
80409
46242
91374
44788
16436
7776
77758
81158
35457
9774
36246
55872
62519
42903
52206
72947
84690
50551
12020
34178
96930
31713
60841
39021
36111
97116
96248
36395
57191
95144
64564
37366
1958
20479
28045
54336
92833
9974
20654
37732
50031
55778
97686
32151
79892
28120
26768
67710
21835
46253
84946
91385
89775
56412
39279
78972
44710
55974
6905
50142
36459
37907
13014
47082
42774
53718
97534
93907
57898
24495
41871
45157
27451
15466
4172
36630
11067
35461
84761
17116
83519
97775
14219
9144
51986
86668
26448
31535
30870
69781
69243
42842
42482
10556
19593
12883
4668
97389
48117
44048
76708
2128
13716
428
123
97834
86159
55936
70399
15492
18811
52561
55620
93443
822
34979
57696
81142
4383
96844
61843
86383
55954
6947
88080
48648
3744
42070
82765
41383
10855
54939
55203
60796
40691
45054
45762
24711
39120
91098
66293
39158
74827
20803
88717
90668
132
4063
99116
62238
39826
51221
35569
62326
47635
74141
55515
67162
31182
1431
51099
4808
33768
81144
29562
88024
83039
67808
74372
20771
93637
78310
71344
53953
75357
660
67086
54190
95819
91023
76268
98502
37243
84815
79620
25328
43794
46989
50277
88855
39016
73978
90396
87987
87178
33100
2750
56967
67467
49171
49141
34851
44610
54346
16934
90985
72804
78633
54299
93773
91903
60088
57617
55157
44272
17246
5920
75424
5793
19094
62818
47267
70435
36067
32546
64014
72611
97850
35459
65134
62700
16350
35914
70859
68858
30442
33961
30193
79350
54182
62920
77772
35891
40924
78610
7405
80323
29317
12122
11914
22614
52637
67464
33249
97265
44533
27139
84380
35559
3559
65980
88560
89367
3491
33749
82687
32673
27176
3565
30942
24838
52975
47978
98993
45627
19169
43809
38227
1257
70857
56996
15345
23013
26180
65736
79670
4935
27861
10226
73217
41
89749
19070
42322
84030
58951
52300
76836
69516
36074
68456
6291
9607
88040
57235
14527
98028
70891
50579
95178
23702
51918
62356
6235
63329
39857
79449
9765
26937
36423
11492
50081
5149
4970
9149
54615
75542
6830
4866
29980
2382
23955
72459
13589
1647
45236
92665
23418
54233
42556
85563
51798
65311
77400
25469
42475
25214
76360
59277
54482
43579
31343
61771
10528
81624
75593
16140
14468
1075
39196
11787
32492
48891
13063
9741
68616
28688
83928
39407
70
15830
60474
38926
28028
11957
97739
74355
75237
90897
33771
6617
84418
99425
30544
42748
67938
44877
69335
41184
2204
67177
60693
5051
63257
5640
24075
18592
61583
30975
41848
11593
14535
50200
51144
93280
29696
84527
84778
98986
27213
95661
79616
29169
59801
97598
97199
49580
53131
97233
13558
98509
73412
1452
65724
59591
53957
98921
58402
3129
47630
59920
93527
12827
45025
77746
7434
48613
81605
83584
43834
59959
14887
72326
31466
26152
64250
32904
12400
13934
75231
46615
41004
70822
25664
98319
35318
25793
21142
14704
61616
97676
69994
51895
43739
78938
40824
32025
18501
83536
46992
33628
32703
3884
40311
58481
54989
21715
3754
32625
46839
90902
38434
81619
39357
70048
6163
55400
81031
5055
4110
78644
75226
60940
59559
68040
72614
39160
12016
79872
90812
76437
89636
52406
80381
27327
45153
10178
4910
82693
24012
87087
96584
73624
7448
81274
81067
76047
14721
38569
26771
42899
3283
13446
69570
10990
99784
89079
35901
23115
36910
12540
20339
89994
5990
72644
18392
60035
66953
14859
1648
13492
92997
38836
50566
68008
8709
83071
55132
82566
82255
35752
3069
67027
24391
31804
83310
40965
84369
78040
65956
86214
28980
16960
37615
1121
16313
88824
58995
14956
74003
6979
52759
88145
1880
10645
91350
15291
63917
151
28179
17402
11905
73975
32106
22803
88560
6697
25794
59238
74887
81631
93278
33693
54215
67072
36658
12527
42178
5447
467
75790
71619
68379
71687
90323
47530
24839
25724
91043
95829
29461
9397
40862
61082
25163
21406
6501
84688
91714
69664
26661
32910
13983
68784
44836
75275
93393
44066
24167
12165
59398
99388
80253
83261
82313
28741
76044
33375
28732
99516
66486
44351
94605
77476
83847
20735
7897
99229
63294
2189
36986
6350
34614
84809
15534
24862
42992
96996
90886
6563
37246
33797
45671
86354
95598
4933
35744
64788
77041
2778
45993
7641
15431
93264
12372
95046
27753
51891
77907
95114
62867
89674
38790
75439
47436
48477
25086
37164
36851
36823
88723
471
18120
28262
33567
46808
55252
1727
95413
53528
24949
88895
81281
90264
32586
21709
92062
50527
62360
35771
49134
25643
59895
43050
84761
24232
51068
5293
77957
88702
72931
31174
23757
25060
43800
16909
51650
12595
85826
43055
79355
77430
54509
49875
38234
5949
30195
48056
44029
87473
81767
13882
85277
41698
95677
21459
98183
88348
35257
50366
17301
22103
73779
99446
10472
21582
9251
99454
97763
69575
46190
98266
71367
66705
70989
16762
36007
41868
29687
69622
37383
65122
43851
27221
5558
82836
88412
92616
77893
6287
78200
75443
15171
59581
40215
62188
63702
56055
48989
4092
83224
25016
7851
69058
45388
72077
84041
63223
24699
50057
33544
40044
99600
84405
82231
25327
95564
93156
28133
53165
39142
53157
68525
9969
88515
90930
21059
80426
17838
62341
51289
12971
20308
25642
31054
98636
32830
80463
73076
4334
84876
71671
21116
95324
81643
30702
67296
61869
14066
42392
11245
98565
99135
41059
11467
62107
94089
85850
97835
85654
673
34491
90476
90384
27562
98976
45705
37789
36306
33625
82595
15300
5836
87291
63014
50252
15948
67602
68794
90898
88574
75794
14313
49750
12579
89579
54151
85206
73
1339
51427
96370
99973
73725
33577
69967
58288
83711
31794
34871
66171
22449
18217
13821
82577
4281
6618
92542
23560
43620
185
47747
57794
22071
87307
78371
86502
46596
15189
60582
85654
49879
80192
7044
55758
74000
63174
13803
16024
12299
70044
31775
74414
65947
70779
46044
24205
21141
29228
98296
77650
2760
50096
52611
2836
42699
8137
90704
94141
95535
13257
73037
53798
13651
65429
18350
41518
76663
11093
45001
46039
66216
6523
3930
95006
16825
93965
85222
33877
27027
33392
79772
87262
89795
91763
94999
56134
90225
18262
59201
19035
94706
85526
818
68204
83059
2774
50518
73052
94518
24650
35820
24514
21817
91267
2506
16191
37329
73522
52190
63709
49334
87867
1648
70145
43032
83352
89923
35597
77135
5126
29050
79957
88624
37776
67479
39931
59515
19319
50782
24457
92401
39963
3865
27499
28611
78024
77141
90054
99750
68255
63017
73913
98083
79936
80534
91086
32747
28017
51434
5533
68167
16622
23327
55230
18701
717
73601
69032
17134
44
69484
683
51629
58873
94643
97575
98250
48958
82621
57671
20732
26248
33066
21629
27550
31602
22164
60410
68864
90259
54257
11850
50494
53184
88564
69642
2157
1631
55827
21384
10450
89289
10147
53718
41901
31067
41375
21097
93234
84122
98792
48020
25912
21920
8230
31964
78346
7015
70765
65272
39836
8497
41691
94984
76408
28402
57149
62510
46773
25882
11281
25933
41033
32355
48198
6269
75189
39795
76576
90567
91743
88590
36312
39651
30109
51964
36224
67916
67565
36594
99876
8285
84290
11104
27276
9803
18456
36182
31902
38462
17512
59156
82016
23500
37431
90252
43803
33556
1674
43734
88187
57460
86772
98960
4691
45160
44079
35760
48701
17088
30441
65096
80767
46236
63062
95956
40841
23238
13443
8450
54779
13836
86155
21439
88484
54233
94018
98362
70501
17999
89550
53272
60180
70180
8566
78323
47932
78550
51539
91023
79649
24459
6307
14491
41345
3433
31292
80736
82774
53487
18877
42921
48696
62158
85632
47151
70208
27432
39500
80000
87016
16739
77704
15756
41358
55306
50537
8843
95286
25281
43564
97582
67567
76546
43359
72673
53614
3385
90777
33113
40918
19640
74634
35872
41594
57112
45485
73370
62905
82861
64347
69298
28648
98276
94009
35175
14989
14779
69425
58349
45031
80734
23262
36385
22859
98906
15008
31564
95274
87679
95216
22611
33934
30999
93422
41593
65507
96349
33910
8786
29970
99835
77872
88997
5352
8293
68519
80668
96630
33676
68817
57099
96050
75008
20653
98395
95354
88677
22348
14578
72568
56976
52069
50465
15393
72350
74700
96586
19640
55505
11741
59819
15952
46856
24242
57675
35758
41082
24853
84192
34669
71215
9743
83163
63387
13307
23102
72497
94464
23992
8197
20774
66334
48255
77309
1176
4340
28930
45513
41509
59389
26825
45864
37466
68854
46311
62724
31770
75293
54616
66471
6887
86229
11417
53677
94448
23365
22788
68788
64918
5696
12199
88080
11196
8479
64992
61243
24876
60235
56407
24777
73280
33015
98680
49018
72243
35369
14315
86729
77029
58233
40274
43041
94596
79442
31582
81680
14622
11862
62158
57619
85088
76159
64006
61968
59081
30719
81960
7363
23152
68008
90545
67312
9390
42376
41714
11735
58922
75885
48329
78182
60288
86694
72700
77096
89517
20265
12178
98779
51225
1201
55982
86816
12065
49248
71849
42955
25887
74562
64586
96729
12857
51154
36484
94850
4387
87797
66700
31748
25714
99588
88022
15135
52447
51784
10539
72671
58035
126
15497
10708
69557
28314
59031
91357
25517
51975
14179
48451
19444
26380
48474
9026
64442
60331
28516
57730
5620
515
5369
80804
544
6773
42148
29175
19062
81571
97426
13163
47661
15412
89367
22365
11334
3413
59806
41808
2809
25818
82218
26557
76027
64673
84429
20097
67337
91895
38660
50869
32211
10196
15790
36251
52712
82050
90568
38100
54841
55803
62918
95886
21773
87792
5039
90395
72897
53574
32342
61469
46041
50458
65328
10365
75496
77701
41751
54266
66072
61819
4794
25823
75062
69230
72350
86510
97053
60175
48502
73656
89405
14740
3546
4910
9000
29077
54727
46546
59001
12241
27187
70086
75201
58222
75211
25670
31311
31677
44331
31378
78171
80603
74873
75363
52784
41011
2302
48479
38900
79265
40514
35496
87893
85683
85827
67758
32305
25160
50609
46213
47106
10938
43370
63249
36804
88567
94125
90142
60772
74731
83261
35916
15495
81690
36116
30503
57845
97833
70433
26132
68960
88380
56863
76680
53652
67130
60212
19571
97981
46252
63363
98457
78192
16901
23182
16449
58519
22588
98411
36967
50268
4020
76706
11660
99920
32636
92992
28141
22169
17362
26651
81041
44278
7907
30275
44315
62257
83470
78753
34784
35424
76198
82287
74034
72535
40214
60659
59419
4813
35551
20505
60774
15209
25212
55341
47606
86250
18023
66642
43994
7536
34004
21825
60440
88298
97147
82497
53639
79357
80947
76543
64377
94925
69978
82250
96788
24843
34033
51118
58786
11291
82276
35308
86142
87681
36743
49778
87535
14056
88764
41212
10610
66382
43570
31814
22767
60656
38215
58572
35470
91629
23085
73217
91586
28953
95691
57512
27523
36929
51738
70739
38298
36405
16912
21525
29461
35255
24698
83430
65434
12031
66817
13395
67960
9160
28239
2591
16953
62427
14572
59834
64276
8982
49409
18107
11424
33336
86493
84381
29346
811
11637
44372
21831
61039
76358
27243
97837
54687
51639
65468
31867
450
79802
25355
50066
60337
65649
70847
95675
92864
34797
35677
45151
8778
99025
10178
92182
70045
78901
63325
63863
68415
67655
96232
48558
99804
52811
97889
95819
13133
34051
43945
2423
48039
22090
15320
69602
53661
94747
87450
15064
59826
18287
88522
30450
20511
77378
25130
95336
17181
28343
42748
97764
67920
24050
23392
78193
465
93475
86411
72947
84374
17507
57120
19121
41407
76630
35213
5837
14176
14832
32741
15540
41702
64565
55797
44400
52488
24345
51878
46618
18796
27430
38574
42157
61426
35995
81106
33815
33057
87505
13276
28169
45132
40441
8469
97421
7009
95937
53248
6902
83278
90422
18323
11123
52080
27908
86866
6558
8025
76440
3498
45361
92733
64998
99014
2296
63738
21478
94706
52993
19969
2138
92330
85904
51941
28363
94621
2543
33087
62064
39908
79043
94043
23888
17177
5146
41443
95711
78741
77696
60006
44837
1066
92304
89253
91644
52570
9095
18810
95544
65074
7317
21125
2273
19047
14509
45396
25723
38731
62332
93198
56679
6188
6550
24188
50274
74602
16331
97844
72171
28754
71833
16836
36546
19387
57563
58616
58732
99324
62943
39208
79379
68009
99414
11072
35594
95720
67332
14829
92815
42196
44023
16897
57289
6990
9620
99300
65296
51258
47629
53783
14763
25885
90702
44869
27893
87377
48823
51209
62009
18178
22820
34038
48093
12552
28360
60231
3035
17154
64281
12388
22089
25451
47428
63885
43578
15004
14657
6406
26462
97982
65409
43007
76036
73514
91652
65887
62912
64798
36039
61229
44232
2910
27834
1786
73464
78757
79760
24398
27477
25991
28687
72813
72335
38053
98504
63558
84607
57867
46144
8760
5616
75273
6957
45282
49146
87308
10684
12933
69449
61081
61903
86551
51452
28645
45828
77031
50665
45236
69744
74888
75102
28556
66572
51805
53091
41493
42981
56127
63164
62287
49207
87310
12714
73744
76308
62833
51408
26425
35293
24715
69362
10355
39635
30269
30074
63499
70760
60306
23733
14376
48239
14922
89434
16805
84850
51846
43275
43055
20257
64557
68404
75900
99144
32442
36432
81126
90394
55843
60650
94179
83370
67557
39137
39522
52888
53009
46757
79812
12552
99949
76766
78293
36014
75016
96269
63366
33701
1214
96521
53352
90176
88196
9291
77862
41656
80657
43430
62815
28003
22186
58765
43103
30022
61320
28121
61722
97697
66919
34
75972
6793
75341
7530
62319
6547
74485
55897
89986
20587
87736
11555
62195
5476
74392
25254
