36753
34657
539
37206
67210
30214
83197
6062
60138
54154
50274
63132
80717
19305
24612
73128
81370
26701
54903
30000
43334
76960
73563
64781
90423
43435
88779
21629
95971
55056
39122
78835
76214
99713
95805
38743
29393
95804
84235
38075
43984
29284
24450
78523
66916
31356
35387
9103
26943
46754
19165
53457
42607
81669
13767
48134
10849
28293
9447
87691
16487
13126
71432
37438
45204
26768
200
71877
41027
83142
62151
7454
94552
44417
95643
75909
7486
64937
43361
82651
52016
41039
82382
48153
10995
91050
67683
54737
448
76268
1407
6333
38304
6144
99374
74855
14671
70146
98975
84884
95395
34427
34996
85070
19174
77335
90194
28236
71455
68005
92792
51840
38000
87978
94221
97661
86520
36226
76786
8226
19416
20821
25110
17544
10834
53490
70440
95748
92333
96875
72711
44665
78261
79724
64566
56861
9920
92313
28843
72998
17579
95299
56102
77617
18851
42246
11007
85423
30688
3682
13176
24045
4748
84308
22258
77854
24161
30705
60315
43271
58479
12702
50916
19430
59645
75023
36209
53472
13639
64570
61930
31846
11110
18007
99791
899
68590
18327
90568
35717
19217
51741
45818
72805
18848
34141
75381
7061
15121
5968
26602
67397
28092
16945
79802
75345
64223
17815
52618
53547
94594
94480
7059
74272
5589
82582
65205
46698
24405
90160
57707
6770
29453
82408
58970
46079
98105
10308
60932
44255
25670
98531
13721
45905
99317
56918
37261
43405
62175
58137
43172
27665
88083
29453
83881
45160
27706
44179
65726
37369
30555
44935
47534
77866
33626
1590
6142
24942
12443
55389
13795
24178
18884
33631
65261
61504
95553
23779
60128
53102
36769
83368
32547
54055
81246
75590
29329
83571
94490
69379
15149
98309
28548
16494
23187
21313
94458
22107
30698
67304
86473
99579
83413
99361
79951
15576
52904
66214
59298
778
51352
69032
56041
49433
46891
91296
97448
67951
30095
58228
857
9753
59911
85345
57429
7482
55071
99211
32019
85900
7520
30686
49863
60788
23359
66240
43980
82848
45520
83638
90556
87520
34041
8752
72155
36703
44673
8337
97140
26812
2855
10590
4891
28361
55086
93891
49394
9343
38006
28732
74695
78076
49446
32039
4027
68923
52389
67876
74205
30446
45769
47557
86068
40153
34471
34648
75803
1358
83208
87854
76647
29153
22556
12743
85381
98984
78824
2364
48094
90929
39067
75977
99644
43808
85695
24757
61414
90787
14347
67935
83367
97875
17813
65831
90381
5801
79269
72342
41806
84155
95396
85035
19909
44114
339
67458
78841
40041
41497
31971
44286
86852
32404
47269
22773
17195
21424
12733
37614
8097
95093
70471
89135
58981
29722
82255
98700
72932
54264
23229
47990
67481
250
59707
64497
83683
40336
6724
5148
55841
15043
91690
81333
56332
64739
27268
80085
30961
36572
99858
66999
32585
5574
9071
45399
40951
72507
51154
69685
48670
61156
68961
38104
20637
7277
49426
2351
55720
17175
48799
74547
43331
75276
37734
10760
54365
24205
49114
73026
58247
31239
9257
18341
55984
36388
63563
9508
97982
42909
57092
40971
70283
19501
19126
19640
58810
58433
83206
63972
93844
28588
70088
81376
9955
64375
20106
86842
44459
25397
25851
56127
86176
44949
52438
54106
20744
96721
47983
99835
97773
21059
81912
38291
41727
99222
36400
58523
94052
7322
30537
68148
89661
19666
2836
97417
55126
13512
58092
42064
36265
28577
99419
23248
83153
6090
4653
85949
11174
90193
27983
7518
9849
42705
51491
20016
71661
82085
52067
25059
81712
23389
47664
24322
72917
49518
29398
17360
93616
5796
4733
68910
33965
7795
81743
50585
87245
2411
62881
94000
94237
26026
54784
31251
24949
68203
93337
82598
87466
4636
95492
87701
73329
35245
6318
80370
73873
45924
20578
20251
13635
64750
23892
68054
93193
73296
98922
5566
68168
18171
57190
56823
49955
18046
15988
64348
10837
46070
75789
34139
32491
44576
44774
23478
85116
93326
68760
26794
99013
35096
88780
35884
7653
99466
70755
33711
35890
22716
27519
98050
59415
92351
32146
28823
20651
66194
84705
43231
29998
87764
25364
28848
73890
74133
25949
90696
87364
59109
79874
60779
27334
94030
97801
23401
5194
91645
70463
54427
93821
15738
81124
93643
18701
23386
96055
62899
95080
78698
50938
9822
79283
73516
42049
36939
26404
54974
82429
40337
9437
30005
72863
57628
81606
27017
22027
73076
62021
90250
81947
38462
91772
59312
76428
54844
87487
66032
5674
62320
13296
91210
71411
69951
24153
83839
58154
91760
86725
18368
94874
36883
67580
39874
73764
158
22106
48398
82408
38547
49418
15349
43532
34493
24836
16320
13100
29849
95168
21925
38878
45138
24629
95797
30592
18501
20275
80339
78753
88707
51097
86879
69416
65012
22772
78864
3205
35608
66261
5825
11698
6696
36334
33090
21990
11484
44553
59407
67766
63526
66116
22269
66312
5116
97228
14065
7573
89491
47957
26667
83930
28678
76212
79423
25372
438
95994
88868
62517
54028
79821
9765
29183
81625
35140
92694
8764
82942
4542
80961
85440
59816
36800
22461
12892
50611
49898
14720
68615
9391
82996
9707
94378
29664
56042
59748
38729
32031
62593
43713
13321
77822
93941
5408
81155
24521
93089
69171
17763
92232
13113
13657
99517
68193
39271
21544
83693
7258
49953
77158
98249
75356
64003
37400
82437
99219
11151
51921
48642
78897
38653
25099
10645
25619
42848
63380
21680
38428
29143
13344
66799
24029
32781
25404
20289
66838
80270
93603
30640
16853
33382
63017
90639
83869
14391
98420
13791
7779
90166
62763
85117
60626
62819
63143
13164
50798
80260
83942
77371
78101
14621
44062
27891
93186
84877
75790
13664
22699
39528
25744
99929
28970
60205
17387
14093
53496
73411
16742
50955
75701
87509
42358
47118
48037
19175
56312
96035
5300
63539
67162
34201
37466
4869
33267
22852
61626
31887
26803
35822
64612
92617
20853
52955
94426
6601
30834
66647
65328
36572
4527
20126
8300
87742
98678
32679
28717
55579
76098
6254
45385
258
63859
42909
92974
74499
43938
75158
14410
17701
35183
88895
82373
20294
21398
2571
47724
75888
96479
37505
61065
68628
55189
39819
44621
75238
82990
1213
24144
61301
96361
22496
11728
15333
94423
13754
11989
25675
31951
90748
47477
20196
13509
65288
57107
62515
48949
71900
91329
13557
7769
14271
95271
93250
38555
98407
23388
90594
98564
91589
36049
89161
9298
75726
86061
9489
77320
26086
47891
98066
68127
60523
30912
57953
23866
16796
50288
71522
32056
19428
87168
22923
40611
24966
77966
73495
34309
89670
9852
99524
12858
54162
44372
2378
18912
52268
71205
58424
80203
65621
49260
66316
4053
22583
2126
11182
40242
43182
22177
44201
80642
17461
17259
21320
5120
42185
67618
83433
247
1020
41714
59457
74773
53048
3645
86060
50039
79661
80348
52366
13411
58297
8612
93899
76341
68179
32676
47744
10801
3668
29035
89980
85239
33347
49670
60414
81749
93116
94727
5164
47990
74204
1345
47661
19032
35179
19887
28676
85819
93094
35253
41737
7702
11720
74271
36134
40195
70932
92293
96075
3355
706
64208
55982
44508
96771
55382
70722
81734
60627
13793
49683
677
35035
58030
5308
44809
85951
29712
55589
73553
31786
20885
8732
7334
40596
16257
37934
53988
41518
2902
21314
52595
37610
27061
56915
66644
67913
52478
90376
2614
24802
69524
21394
43657
81132
36508
92129
94058
33417
58051
30691
40764
5263
18143
26779
94552
99763
75438
9657
62331
25748
75387
17531
41470
28353
72255
31392
963
9929
81123
79717
60907
97438
11556
4574
89860
85860
88239
57010
7872
90011
12684
59155
26817
34854
58424
45913
62128
81080
30218
64987
81100
9883
16215
19497
80544
32156
66736
31912
43374
11350
87625
89323
70791
11449
3285
9834
36284
45815
21677
70114
31598
77419
22799
45705
28514
65094
56291
66027
2833
87095
48377
7974
11772
52982
2350
61375
8924
93070
63566
94112
2839
14693
8467
66702
14415
86889
81099
77130
71636
44504
20792
52708
61498
52492
48944
64695
12197
70465
63973
37926
77793
3172
40095
76465
25006
24603
26021
42387
7640
18827
65211
5083
94564
76745
30725
59812
76455
35521
22186
7955
56849
90396
88020
84878
94886
52786
67827
89492
66861
62860
3969
83068
3650
42612
94240
71149
75430
22363
22240
86551
18230
62791
18141
34605
59577
472
34213
81248
35698
76597
66518
97465
89462
7639
40870
82002
52631
24913
48636
35537
80383
59802
58076
75714
84025
26714
17729
73712
83784
27565
53602
42112
41083
81654
18902
43
43736
67779
42708
18325
22773
54713
94580
34158
75463
15612
51185
8869
37841
88861
53264
73412
87582
73505
99929
43756
27081
3241
56260
16014
50265
71491
57712
27874
88043
96237
96780
41320
88679
27553
58808
69241
16661
72641
8326
66793
50408
79392
21722
51867
68792
54315
24273
77600
6798
58802
49373
81006
74680
50775
87310
74842
53468
43538
68237
82737
98409
42494
42530
33336
29353
64420
89621
57822
23699
40706
4369
51419
75294
98103
21733
92328
13455
18221
86084
27002
17491
98276
39532
29116
33992
86871
92611
97576
27701
24494
18718
82273
27451
25631
99227
21040
5379
91969
7022
59898
29974
73838
15801
85786
83596
13236
57973
37952
81916
52729
97421
88325
40818
78953
5705
54602
51518
43870
2888
71660
13321
27050
67174
72966
94531
51843
95421
61124
62648
28587
82408
91903
68897
7067
44355
38329
99286
91340
73902
75511
20385
5186
98736
40534
95821
59030
66840
11851
93342
21470
22079
75932
65307
65243
87114
4308
58470
57502
9579
53671
83212
59383
37766
7330
29463
91388
30385
82765
24256
22899
33365
8673
46754
37564
63730
9216
74955
24286
16254
66645
33195
33996
25710
90217
18511
27348
46637
18815
16039
68804
60489
94893
23651
33561
73133
59191
45117
73477
13193
27273
49551
81116
81518
90065
20453
47132
78549
29431
95213
32630
86687
40251
61227
1725
4151
37737
63977
46890
37588
50586
60396
77098
94363
38058
83617
84356
92129
19378
41526
90379
92685
98338
64934
80540
43068
51037
37484
57364
57790
51184
52249
52114
22718
97680
88000
73380
10847
20367
10862
9809
25506
16379
66423
8194
30596
57267
28139
11470
54820
78503
95784
66272
1507
51883
26857
60999
10339
94839
76124
10234
20882
69598
15506
85189
98592
89225
65423
41749
10155
35760
30497
57852
15036
66164
32237
25602
73418
72252
60228
22536
61373
22762
90997
85850
11213
57304
61245
87728
21481
52916
69689
41313
58099
21622
77276
86437
72328
52506
21148
88580
93661
36383
84166
48256
72614
77147
49490
95037
13008
23192
63601
55337
46670
40334
31362
75435
63377
59742
37253
45996
95791
2729
77127
7196
69542
34475
28316
82883
52539
35095
60842
89894
12475
54064
47489
89521
79074
21730
95241
97319
43450
73851
12053
89859
91259
51977
99795
91529
71217
95120
94085
15439
6364
70696
97033
66817
62928
42513
65364
4150
56252
10357
82046
36109
65416
68344
22295
2659
39543
62590
5464
71732
88396
82969
98004
59338
53961
23981
30764
31559
93331
1667
89729
73484
11729
41958
17861
58468
58931
6781
96299
68016
22832
48453
39549
8815
46567
38443
43211
74889
90535
90883
99041
40472
23434
2087
78642
32916
93756
88976
21904
74074
63481
86090
33566
31320
57525
87959
56829
34487
51573
68387
60834
55685
39034
29630
7880
43422
54398
62683
55394
20567
80695
36837
36233
27079
59000
76217
92179
64563
44151
63556
95429
19124
57897
35289
11967
42342
55401
6511
51381
75312
63576
73749
77791
77067
54751
94419
26150
11984
58352
85183
3326
18211
32394
29144
13171
45270
36346
52706
71580
48219
9534
75646
32909
78218
51334
46245
92104
83403
62772
6722
8531
10241
69346
78953
62629
9396
6114
39896
7289
40953
92416
46344
39813
40287
9668
6607
17861
27032
65812
45782
99472
4610
48599
21394
74317
62577
96180
72513
6174
4763
74392
93827
90393
82976
16694
97043
18712
25876
65768
83680
96935
20171
8052
98860
66170
73567
1610
60352
76929
72065
96394
89162
74996
41562
10563
80852
57736
71900
55734
70658
46532
69194
82073
97000
72077
58464
30647
89830
17084
81313
49557
39393
29426
10331
35855
96446
72482
15897
93856
83006
31180
3781
43969
13521
19946
27767
80488
81432
8867
65087
93234
77755
39358
79915
27996
97059
35761
76405
99659
758
82678
2221
99436
63629
734
90718
75765
21043
9056
81759
73769
62908
65418
46648
16219
28383
67928
58287
88074
69202
51075
29582
98699
92609
49360
42963
44389
31754
89961
42292
11189
68760
34441
37708
41041
77913
54865
74599
92233
11678
61720
80485
54538
48815
18015
77391
65405
26985
7266
84436
94732
62550
34410
1853
89765
2502
24639
38517
3159
66351
4859
1583
86040
97631
68378
27411
50185
29465
36237
81257
74417
64500
36302
8929
53094
14348
46638
95644
68651
81090
86794
82586
62387
60855
66940
68257
81156
97313
27310
43014
17302
76391
41993
65884
94778
6399
58027
83030
26712
28833
73783
90138
83088
89192
18023
62053
85058
41989
4540
86709
3370
91487
15670
56534
31363
4715
83295
67981
13676
78211
86049
74682
86855
10215
65432
5902
72894
86157
48802
54217
28225
22565
47379
53518
13514
65486
5478
41637
11618
37647
7597
85517
35740
28435
87689
76892
14590
74820
80917
74484
82657
39266
99805
75397
12974
16481
47308
49241
38184
72476
4354
4287
25640
13817
67749
42231
77763
90651
66703
86679
41800
83006
79205
69176
49606
93203
99623
88640
66315
40504
77187
80908
13351
9042
81668
48666
72910
65929
56713
57553
50268
53217
28560
23117
56978
48817
75184
97099
35679
10722
40902
49069
64667
69382
51335
97898
61389
55090
81493
55701
36300
30585
17901
63976
48354
14150
2972
82990
97708
89077
39186
61354
94334
79343
57775
17159
64611
83969
80666
80700
14466
42712
11312
72731
89725
67483
10745
33559
69747
56708
49782
90032
80293
72124
55671
84573
65622
88338
77545
33236
41611
24504
16044
72312
56081
27483
43171
51104
14398
37052
13221
22272
24112
80560
19952
54518
914
96912
83101
94068
93149
49470
58126
50437
54107
533
32516
99517
63239
34347
31725
1857
7024
50374
57947
55088
2651
79960
86992
84909
85704
2712
91445
73642
77773
59358
89994
41266
33279
98875
49688
48883
62320
8019
36354
42247
84082
3000
94009
44606
1817
484
78062
14601
42942
42898
58179
42053
22047
58458
39963
11521
72228
82855
66672
27470
79069
34135
59203
39427
99688
53902
14605
83050
43982
78647
45236
74155
70221
35161
78682
61554
82832
59025
91120
41343
47994
67090
16647
23914
35841
5974
96007
73617
22903
34175
59480
83008
75973
53390
48030
99228
3760
75743
71842
6156
90557
41247
35946
26596
63824
87436
38987
12559
53776
30151
58037
31544
83431
45400
90893
68757
70374
60767
35544
99281
9957
63282
82322
84853
50791
12600
93503
38450
53787
81088
8377
26029
39392
15935
6984
79175
28736
57316
82799
38760
80061
78778
78371
80360
54250
25945
54039
29562
82992
40233
82450
12917
18800
86133
90082
12992
60392
84232
83178
28153
32047
82630
37975
1953
15930
7113
33104
4360
62625
54967
68492
75505
41852
87740
53149
18178
18502
26730
72586
18507
15972
35017
7706
68880
99679
6140
16748
45844
76044
80562
71236
52612
61325
29030
23840
13565
90193
21140
44552
79963
65398
63831
85956
40447
1423
36580
76039
89307
81088
64989
91145
82334
3590
80339
48595
25751
24788
54683
21779
74599
95512
58411
94640
41896
45083
33618
11831
91027
53543
5073
39923
71667
18596
52794
71068
31268
60859
9507
15622
66663
64796
60647
18778
30021
6874
37561
90945
25085
58099
64774
24477
37708
83694
22086
6034
2552
72125
13535
70785
79129
30530
60918
53110
34341
13806
26994
93527
79894
6628
21551
94109
53721
35005
59484
91455
77878
19748
36626
99625
79991
43233
43601
31692
43160
69171
86488
37519
98921
62198
72320
28931
44418
31141
95415
53876
81508
55577
93716
10843
30792
26255
10363
95536
28134
16103
79471
15997
45060
84616
75887
28430
33593
7810
10927
68005
27261
89420
89364
83049
34447
23275
23755
13630
83554
48820
30854
82385
42789
82536
70708
10154
44942
48350
13500
68515
17890
10623
44118
10264
2979
79339
86598
63764
10967
69497
34486
66539
99312
88155
27247
62663
85502
704
91859
89113
92941
20914
49562
4785
87612
44768
24038
67145
42364
52855
91237
23867
19136
97513
73572
39283
56903
31887
20203
43936
6372
22058
408
80483
41030
12293
58779
1546
80489
25463
70379
48471
70392
83941
50340
33560
20540
17636
32030
78332
72198
4636
53099
63291
33973
62056
75308
47636
46853
88153
82032
32372
98548
92282
46059
71602
75506
79279
17263
78360
69828
81335
74793
34459
45365
89392
22234
36235
93818
37273
46032
41254
3104
8243
82753
33736
46133
74112
63652
6013
82575
58382
89708
99158
35901
42317
93313
33914
72680
42139
70460
37460
55685
91298
70143
83754
75834
81655
28368
27085
56938
5219
93616
40748
75807
478
11899
61860
32979
14359
76990
70387
81467
65808
94288
54602
13265
44774
97071
79903
7996
10447
24216
17538
77982
90140
89507
65416
22778
20126
76280
10723
23424
51205
94962
35955
8662
84259
78062
85269
86468
63310
7471
86169
71388
57573
91538
25714
87749
83114
75977
78247
43107
65229
91575
13350
94756
47114
83015
59160
74953
48969
63753
10576
60175
94019
38025
86108
81721
63812
84205
92766
81116
76716
77452
57813
81958
52431
46886
35668
2508
44924
7427
52180
23279
17211
69228
55749
4330
43984
53728
11488
83995
56348
11124
83832
41195
13346
36075
73294
73820
6695
52941
12324
5646
34418
46663
47049
749
16148
28735
91571
13115
73185
90321
65867
49686
57116
15947
86434
74405
1233
40418
49858
740
1435
36399
1151
58474
86982
89290
85996
96403
72558
69985
44553
90703
95719
98837
32794
32422
6390
18993
24275
11174
90300
19271
53168
31914
98355
20105
71137
63913
26961
72737
21891
70937
30890
98606
32969
31838
86194
83451
14073
62130
1439
54909
89171
80114
95501
57162
38060
75587
63547
66544
89337
79456
85778
30329
83463
19137
48262
18233
7527
39209
48533
73297
94502
99468
44877
18532
65979
39483
72938
7154
68058
66574
87037
72086
86150
36589
94024
66617
14754
35322
20101
19826
34472
60638
5607
5339
20819
91375
632
71856
4247
61018
97729
46598
61713
6675
85256
18661
7960
65719
2387
38820
82835
55642
76812
32448
84452
21777
36669
68664
62786
84222
39578
82216
11812
43092
56221
80512
52921
31302
60589
44417
52789
34896
80536
82163
75910
55073
60735
38597
91973
89508
61905
54115
74567
89737
4239
20973
88979
76181
81807
26458
8942
95587
57692
66664
74898
76629
28411
66462
98877
39803
56168
67296
57926
32446
447
97358
93450
82634
6774
53338
34308
33622
33575
84931
98364
26353
98828
65939
20630
58955
24163
58770
69131
39613
18481
3941
341
21654
84867
54215
84899
62883
47631
26050
57196
92409
48153
90633
21697
39170
82449
34325
8155
25667
73050
66074
79316
48454
81126
48358
54577
54856
35357
77269
68509
53600
47228
84724
14353
26379
16729
81744
80623
688
41733
17498
845
92501
30283
69050
98639
49406
5845
80652
54670
3356
48429
66203
73204
64122
15361
55065
69769
4607
83584
96024
97799
7873
2017
88008
93002
57575
31074
72013
23428
3992
54670
77980
4461
1125
62648
55411
26775
9968
55332
42098
44351
95192
60869
75674
4351
64578
65313
2816
45825
36998
35888
78957
9262
43827
76547
26997
16389
22911
41986
29650
85159
9390
76206
96925
25582
99838
53477
47657
68510
45774
45859
94076
57588
81865
41573
7562
49499
73587
89578
58863
36573
9934
55922
75881
65206
93225
34408
32272
14789
99654
74332
43731
92252
76423
18953
87121
35030
2036
51157
79888
65000
18571
69239
8189
48208
63876
14162
75713
11402
71584
92896
81596
23682
34990
55370
12832
11683
53273
76371
32301
48590
85778
38421
30948
90150
43285
36131
40298
92072
60634
31021
17404
49209
29467
27682
21866
28087
79069
49776
85969
93169
9309
82278
23064
30579
25368
86139
56518
68249
24694
71848
76894
85860
41076
66416
70425
28427
57422
88000
86591
12425
86437
48528
49601
17012
18898
13097
3605
51118
8135
38498
51599
27732
79806
93667
53465
2004
31137
53514
29295
28443
21941
25259
19641
58988
87171
21521
44326
2765
37284
78660
77665
78460
39145
13251
89843
74271
98948
12337
2837
67288
11799
20812
74735
38871
81815
59864
12914
7369
79644
4666
18383
76335
31944
88320
77874
18953
42801
34334
35518
88721
8973
76115
35366
5765
30937
45610
85765
58300
97574
96572
26203
76121
27040
64307
84709
77501
90588
98058
85176
77047
84958
72720
66425
11894
43109
90891
4444
90688
38131
11960
67511
65051
57692
33521
42274
17320
84458
89000
36557
86255
16939
80016
16702
1174
58520
6074
24165
38571
18210
4029
49630
64353
48027
76047
9123
77975
57438
52336
49611
69459
13405
7014
48611
8686
90565
93698
83303
12393
3376
21025
22558
45214
74726
64655
24655
96593
78097
71175
10307
51333
17820
16885
20601
73163
9510
42300
90431
28821
71017
93203
52980
87528
11074
12201
25656
66704
43196
98602
94636
86445
48286
87418
90891
9164
88493
92703
83428
25680
88735
38555
78515
84815
91806
41430
66811
25689
40500
20378
61315
98291
90457
76472
27434
23714
39703
11016
60200
81699
64886
10989
27202
67767
6953
65879
53417
61212
77587
44802
75088
18679
12855
3164
97321
44908
62140
6468
81723
97776
55097
66190
88769
29750
64866
20195
54882
81350
80399
72261
96040
26860
35013
75631
55871
86892
55428
54491
57069
46483
93645
47838
68104
89992
26829
65390
67640
17474
75498
13443
21419
61651
44520
20123
62862
36482
21081
84984
4815
25495
10303
53508
65548
45391
52415
94613
34007
9903
27972
57355
66505
11988
32173
83221
95935
81801
70869
69524
62550
70355
7004
6552
40543
28903
29302
1702
1470
40123
1840
83835
3045
72185
23323
59082
5576
81391
94295
40289
59133
42884
12445
27498
37394
60837
7305
48173
73066
50749
72354
67667
31189
19652
13223
31301
61195
82670
71383
17971
65605
25156
99677
3280
86777
55184
86167
45338
93936
51569
44353
98680
36805
12847
70851
56061
49180
60712
76819
53961
51932
15625
42664
83598
26858
53016
67421
98191
78244
61006
18750
5413
90679
69538
15763
10395
26206
59233
85958
78585
13688
55577
57745
85119
20996
21684
52649
53351
81307
97506
41025
95373
937
46224
89341
2090
1130
51797
13268
53083
91934
65930
91744
81824
30248
25977
14470
3841
50697
14446
49628
7595
19763
27179
99036
57624
85389
9304
98628
41581
30690
68759
81222
69724
57958
66038
18099
7242
87559
51965
62431
16203
47979
85287
3793
86441
46508
44749
17354
87236
57837
26398
22191
37811
67991
93227
62260
66056
3892
40734
53895
90418
88999
89547
86487
87228
70342
59647
50175
13555
18710
5781
14386
47973
35777
25831
40164
42596
78678
98114
60147
51977
59774
30866
433
20150
11862
36988
31279
2772
65838
84171
91559
15163
63069
3585
18150
79952
59454
77583
43988
29672
81835
47649
20130
14283
94100
42768
87502
45108
80156
78971
40118
29557
28785
67920
21719
76087
12646
38467
58720
19870
62030
96641
58104
15851
18647
88543
99081
18492
22657
16971
68615
98510
91514
95300
84449
80482
25847
31462
39619
19262
62480
68413
8197
75338
14713
17147
11988
86394
84537
84484
16027
47948
9257
37094
80398
11687
54699
70343
38770
76292
61731
10326
46988
86408
35542
36932
26565
70223
71230
13707
17590
68037
40776
77516
37014
34413
94347
64791
72509
67109
34916
39395
29396
17920
11058
81438
63580
20179
80907
46142
34167
3564
28601
42965
50902
12187
19541
53667
46624
34773
4478
35237
67996
47533
22486
90732
15452
55267
9018
1225
71110
39961
23291
18275
52223
29632
71422
68779
14102
27826
76684
30759
88075
97912
66678
96811
14810
98187
1162
13510
5288
25559
72618
45207
26409
74044
97583
67168
84523
89294
34138
50323
96066
26525
66290
71690
92625
60015
83103
563
4594
56456
71618
1095
37890
84555
2223
51740
3308
6491
8552
98736
19856
6107
43319
83142
89840
63091
51943
92525
3543
18004
55200
27292
90566
34930
94045
72922
42877
18032
14156
18073
65762
6650
38241
91043
3792
44203
13079
51692
46463
80783
97476
21127
8076
99907
25624
66101
74566
83769
33138
92695
53845
67959
39231
30277
37254
4895
52624
33144
29334
53641
38262
129
99995
93036
91773
4508
76202
14044
83906
91839
26952
93517
7155
5229
17681
16053
50689
99656
62782
90320
61412
8706
41975
35165
49196
76788
90645
27077
8799
84455
82514
82716
61396
90096
9424
93153
67594
78937
8227
23808
53253
70522
22459
9398
40295
75815
36305
88788
9063
89091
1934
25628
18225
4402
89491
64488
19258
39308
23144
20747
48029
60045
11300
31407
77815
43081
41910
37245
38396
81405
49262
86716
12532
96832
30699
10800
76437
78777
34306
47651
31614
58058
29352
98178
18349
35466
3996
24062
38397
27601
88115
5907
78560
40332
46369
61861
55093
51504
86081
77030
45542
8043
14401
7252
67905
62966
98765
52063
40305
59046
6199
17896
8760
83810
45792
96325
43179
47407
73254
30946
64074
19271
94665
11713
10490
96233
36795
21154
13889
25449
69828
13629
15390
46856
29583
96652
83010
4926
53333
75718
36175
35476
81476
550
71595
39886
65227
30762
21121
56901
89605
22711
9652
35123
68671
34074
4481
67592
68712
35114
20400
33145
4084
71785
60886
45752
43373
52392
2827
60702
35190
26794
41027
67333
79325
993
76715
71731
31773
92277
38369
40080
60973
67715
10928
50200
39977
25762
68391
51308
51610
74400
24501
47171
50181
96747
66244
93022
1901
63628
92975
35034
67333
92558
43584
85054
50966
35293
54827
30707
61930
74185
78528
7955
23251
31977
33713
47739
83130
88540
36129
77466
59399
85610
28805
1740
63306
33930
55002
19392
72197
47933
74626
43412
61974
76823
76732
45315
67780
35998
93887
90100
35717
93706
61811
37844
21033
21229
46060
72318
67943
14156
43491
27863
24642
43691
81395
2870
26840
12999
77645
47104
75847
95741
76729
64562
75580
14152
95818
1303
44217
86631
55195
86810
65954
76125
92940
57333
4197
14162
27764
96999
47236
90871
6337
26180
3904
65607
21491
69767
81027
49321
98961
42339
74825
29745
65607
70263
86476
2278
50333
28127
92043
53758
5781
77735
81847
5190
61472
69787
29306
83422
13693
73305
85220
97217
75631
70568
94387
50978
30554
76258
40638
47954
3066
32909
350
73886
42816
63655
24250
25364
85130
48959
91117
65990
81854
72801
72470
54536
65283
63209
25916
62516
74396
73177
94140
90221
98593
52326
56272
47488
83483
8972
90622
10534
30876
94689
81082
84454
4025
80423
67001
60887
84070
16315
26099
55971
25164
15371
46452
16168
88361
46181
33119
13048
61348
68490
58719
66400
52939
53473
69996
92325
43627
40039
38038
59178
57259
70628
34482
41742
98854
80218
57694
79251
10499
26775
72402
249
42866
88361
69796
77257
85413
65265
19224
7054
9609
69840
66979
84509
38176
95838
15578
82165
21405
34777
9276
30561
76731
42139
6552
89339
68089
964
75772
74187
22870
90838
64412
5773
76773
69632
65179
30480
17005
35026
4377
9658
70528
15471
50873
91881
27414
52673
19598
80820
25797
8486
18018
56208
99903
14823
5570
97487
65512
1514
73161
71427
89075
19869
63911
8737
48952
62131
9517
94304
62580
63980
31736
74944
67260
21356
45880
47111
3263
93549
75164
26502
64984
96208
29436
25531
42125
74831
71619
8688
8039
21902
83766
19104
57678
49936
8869
56538
60096
73318
60301
86942
16717
44098
61704
11332
96690
99658
76754
31868
39793
42727
62232
74864
39849
79165
97023
55205
37335
43189
36335
74656
75881
79126
31962
36294
60570
19219
82572
188
20847
36638
59309
75853
54489
10941
56394
57941
71053
15068
55275
88702
39988
8215
41652
2989
51184
93759
88467
95059
66175
22234
24581
41026
62278
30919
61528
23469
96778
42991
2539
99420
96733
57130
14354
46601
57558
32683
43190
7162
76249
11978
82009
91419
43862
14347
97495
74103
94638
81328
2632
48019
70959
44824
42978
96679
48736
59794
61339
91482
97592
23426
75211
67577
89545
495
3632
9939
15002
25478
88620
71604
83251
49935
73097
60828
73809
91530
45949
75611
63673
93797
46536
13964
22697
7133
58714
98667
87018
69134
87826
46164
50850
27994
47681
83034
35206
20402
75660
70528
8876
83235
89648
61047
79358
40703
61120
59989
60203
58151
55562
57358
91415
73811
35257
26098
32435
80670
63763
54979
98791
79600
76130
52113
70860
63785
81423
17395
74870
99399
66922
82020
66126
6389
96262
32856
55134
56784
41890
63066
65958
67510
38723
86819
39052
55949
25692
95961
99151
58670
94064
80098
31196
57964
29294
64227
62969
18821
65274
38745
54943
94276
48429
73843
41030
38031
19347
25450
73112
74548
84178
15135
68807
95339
51818
34063
36186
4488
31192
97749
51682
99553
67156
48412
95628
21014
41147
97215
99407
58433
57735
5184
36996
83291
94809
3041
15574
61159
19065
43522
66831
19968
70388
76087
95090
91515
44068
20325
12135
80088
35278
97658
57488
75371
22181
24998
91419
82145
4684
70233
82960
85681
92248
63962
73322
80544
27187
72994
6786
53585
62749
11667
18951
7815
89869
25048
32426
73624
11318
41210
51190
79121
60773
41147
477
24928
63814
31955
63149
45986
27654
17541
58561
69257
47666
45214
75476
92009
78591
79081
93904
89503
59523
47057
71589
67102
14113
69012
61205
35672
43778
10112
40715
83686
21662
99694
7436
62836
57627
41176
42854
56396
49996
88759
134
70013
96154
26685
11974
71399
63968
55820
36130
94950
99024
49585
33963
43641
39059
62945
14005
49582
84398
54254
24971
67916
28480
10053
59875
29724
47623
86312
47883
98164
33891
96899
28994
385
18162
60365
68164
70545
11099
14461
24701
37339
85094
12934
36735
5195
60232
32209
37487
29006
95644
49173
2713
33206
61965
23958
5412
9066
41552
68471
72447
66542
88366
59773
20091
98794
94848
53761
2547
2169
75987
49361
27429
66993
6283
32997
85541
91050
16867
39161
31271
6060
67730
24076
95929
63257
233
62899
19987
90836
51097
95578
40487
72237
53938
3640
10867
55179
82022
13070
12437
33652
84557
3997
83902
90876
34017
91937
24735
29575
48745
86669
91168
1180
57266
1860
96944
11817
77753
72657
38806
65293
16198
66404
84934
50726
67091
25642
96079
33272
81674
90055
81617
58614
62604
52915
58572
51152
73933
52174
38707
51161
23901
16737
45759
40499
96290
32019
53953
8345
68897
60900
34319
96297
53435
41098
84512
86893
70324
22245
90642
78597
58543
25409
20968
15826
22869
45224
46386
19585
61236
60609
59620
69138
29988
44169
60840
15396
15365
19852
49392
10846
17764
87360
32131
95837
35708
68959
98009
31413
85689
89055
47618
72262
21560
44879
5568
87837
56715
29424
18069
43939
62040
97357
78134
5126
1921
34393
91935
24162
89886
17732
84033
47692
57990
88025
92182
39707
79629
37303
86901
28691
32007
72170
93281
5071
35883
2822
39356
10443
68467
39775
68889
12107
16863
16487
98926
67915
45881
54693
51848
21251
14931
96334
72153
4727
48012
13539
40428
2649
66098
79463
20985
54779
58402
58203
50036
28245
48843
43928
1792
14703
79760
98601
74369
51884
20908
82210
95407
91219
66895
63936
26278
32282
86951
59679
91483
48530
61722
41874
393
20170
66703
18338
35880
17792
35981
46662
92767
77291
59067
96028
83729
45214
41959
45537
13011
46585
17570
80723
76541
74034
78312
61248
55423
43932
81309
91082
44235
49681
43635
50489
95344
49697
54249
36381
75431
82775
33133
46527
94918
21540
56129
82947
92689
10923
36827
17309
99729
39144
26855
74668
36509
50942
11080
7767
96340
43227
67483
26563
71021
23946
55932
46414
62918
27605
2754
97483
36920
77300
32613
55194
89772
52246
99584
31971
14663
79499
52561
19855
35360
99213
85118
53380
32818
44873
23153
