88039
89800
93364
49494
2779
69033
12662
70487
44567
80887
33660
56152
83758
99732
76646
27096
61643
46771
82304
28
23527
23975
60872
45411
94356
89574
7117
95175
35126
82777
69267
58931
19537
37955
33170
30780
40574
20587
6718
67197
37431
16904
84962
78355
96881
93705
93830
43153
76458
7870
80847
6369
52856
58694
76581
72408
39969
85013
29712
50293
30088
37314
32923
55446
48517
97675
14331
89014
19342
42373
78217
28839
2513
49796
98475
65768
96772
22818
87281
61699
51443
48720
99514
12230
7000
15415
1463
64539
2729
35849
37063
42982
55179
53225
58882
74907
15717
49940
32434
18714
80911
53194
47131
99016
61321
19805
7290
55467
67048
43733
7019
84289
92587
18013
22885
16670
59692
36013
54881
77984
48114
59701
99800
74672
35234
9859
10602
40312
17878
48754
12570
19963
22118
50831
82454
21685
35683
89289
75189
92721
67907
84084
95610
50849
63862
90617
51253
6557
93463
39198
96040
15515
10302
31213
16262
26343
94898
85028
37399
10207
71580
65881
25977
13134
44918
47432
51521
51395
95074
9914
54623
99085
70456
39795
89535
74421
72183
3289
96076
95000
36189
18556
68207
46432
45650
56230
6965
51550
33598
96384
1358
99205
74906
63998
81522
11014
82116
42088
47422
47620
37228
62854
22300
6003
53067
50376
23457
90130
26772
79023
88495
2562
62402
63163
46683
52578
26833
89874
94057
60585
96969
91690
72371
47135
47125
62099
4937
20983
60658
84996
56498
31501
47619
17568
87024
63032
36161
14149
20673
72749
78255
72433
13794
59568
17547
79057
26671
73079
52193
93191
25830
64636
24922
46167
35017
33375
2673
11086
29377
55542
4070
13392
36640
28562
94124
59804
95263
13456
28061
16062
48102
39544
42861
89298
28106
31061
72411
98672
27472
22321
79396
15448
64208
60141
98034
79802
28981
23482
81138
77954
57376
36407
7043
62719
82828
22887
16906
74671
59917
11822
58339
40713
30418
3496
93778
45382
31881
64742
49559
71020
22113
6661
56063
65945
86475
20301
9655
81736
68602
75460
13436
58403
97641
8844
51054
14982
90907
29984
37123
49867
32094
21446
38583
85368
92233
75312
86657
42817
41956
30741
98177
94554
1543
48968
25654
29726
51867
79634
52684
34485
46908
47505
64114
47109
75136
67819
6602
40568
72113
15696
26265
97510
65270
41260
12542
41855
59440
3238
68639
42359
54976
27769
40927
12526
78726
93644
95725
69019
94980
43919
48406
14420
33249
47156
87833
85469
50601
41544
9179
91723
49489
82861
12561
14355
58937
45333
82747
23731
55882
27069
72465
18621
27647
3108
34612
65500
78241
54086
66983
72356
55114
22105
59191
43034
22698
49219
33045
50653
60520
5078
74693
25968
57888
22249
48015
9670
88971
66197
75570
35272
75548
19017
8568
7397
28231
22634
21093
10135
63900
24266
73769
71182
61361
69155
90421
77979
48254
22385
39722
25915
3009
393
70381
44702
40321
29370
26966
7987
53968
43679
17352
47378
33738
38781
27803
23397
39450
67263
41077
25940
88348
47212
34391
4140
57405
1794
43571
24075
59262
71793
69820
39242
24024
72022
23286
79975
46009
34610
99884
99374
24652
64711
32608
836
10103
44655
14844
19120
18174
15896
54504
4646
97029
51392
80181
65201
96530
25192
58518
16797
44401
10424
99086
87038
18673
72688
71652
63744
28555
86662
24211
80940
92899
37825
67774
83795
3368
15057
68577
95898
86389
87496
40162
62146
15770
89273
94406
83123
59988
96076
8897
58437
24665
46427
37829
77099
49200
51820
50107
43420
43932
80107
41264
33279
40186
58626
6214
67410
63456
95288
80460
74327
64485
86020
54728
348
83935
80269
48144
52038
63816
544
52088
44985
70778
44556
84101
36486
10777
68765
3296
98129
48592
18035
22886
733
87411
22526
57821
19479
707
54712
81633
33212
68529
71775
50909
73352
98234
6798
93173
75132
52528
66424
28479
60139
27097
25568
20306
7873
81264
81335
16950
33968
81034
20723
62395
24825
33331
83176
88934
21524
36023
1861
6246
40603
796
33742
73253
36249
3980
94610
2778
95946
68689
90344
22907
78287
90745
21483
25871
27154
537
30127
57281
47280
76206
71230
2577
65159
7070
74516
45093
34941
17405
75379
74461
87946
18764
24804
13060
18372
82556
48107
4162
88037
38288
17573
37006
27
80895
50561
49697
22220
19321
16408
98886
48675
81601
52330
89741
55259
91001
42039
79519
36007
57308
27478
4267
14428
31940
77813
73663
91740
49835
37230
58771
36032
68463
83747
5503
82177
65167
50038
65964
60291
42994
21063
42728
56958
20647
24138
64819
98698
92294
39556
9015
96166
1781
36066
64980
36325
62695
70102
13049
33142
85408
55695
14095
91407
28339
94900
96367
65749
6988
59389
22420
49131
28553
37231
53451
51924
59683
25777
15111
98278
84843
35183
41009
36845
24207
20075
39420
15609
80219
87066
27670
81414
40060
28898
25403
66822
87489
53038
32900
12877
22906
48780
39325
19512
9250
93060
57843
49882
20345
99509
95788
74565
83498
50125
28017
94962
47052
87236
9542
33549
69539
28534
15483
35519
6758
29659
45179
25305
92219
18117
16033
12763
40735
61558
17226
98046
23330
88155
77093
68868
15662
57128
61095
52058
88680
72081
78780
91878
57392
52355
40056
87219
4483
87165
96523
2551
18944
7150
82482
22461
83143
82860
74218
92819
53180
1934
95392
57490
54091
69191
51012
49285
60486
17888
50844
85657
10474
68752
93045
16832
50464
69786
30772
56417
88415
49507
47306
82751
97870
92847
99206
78116
28551
85879
24228
33419
23255
38601
2723
92007
72163
88413
67124
33426
7524
55983
1071
87478
34163
41373
73152
99346
46847
69118
83294
80906
69979
1789
38044
39054
9013
52370
74361
33700
37441
84795
61426
6068
83284
700
8375
71793
7340
99408
14426
33119
43245
3210
93635
8421
79718
98477
8321
74097
43346
88708
21980
67810
4603
62142
5702
36342
67513
96106
72560
88112
88343
85899
46488
29669
2038
60793
32159
2532
22635
17524
70937
5312
72900
10245
15518
5627
35433
33202
66557
3952
66429
16190
29232
82301
76547
81083
27979
83467
36349
70317
94990
37564
66735
17468
17818
17488
63714
55477
5600
17044
83301
21342
54293
32136
65422
79444
87874
15626
87390
18947
13975
30052
59363
37537
84127
50191
52247
1127
49487
94051
40837
57965
40249
61212
5675
41377
53245
25866
64091
78532
90878
55413
13596
49601
20594
27147
56622
74507
88436
11496
53899
65169
70676
10881
26632
13217
48077
56397
72187
37495
25207
99088
41270
41791
91059
25221
67729
10255
57412
77287
53126
62650
68669
89884
79350
22834
93589
27807
44969
50717
78263
14760
34003
36819
95926
24858
39089
46545
37470
11913
96083
48765
48838
29286
40116
77111
30977
65321
11876
44696
12915
34234
92839
48170
49281
92956
76502
95044
74817
16022
76483
94752
54545
27774
62841
15674
44483
74500
16514
93607
96182
61945
35651
97808
18560
155
29122
96042
70631
26174
3592
90611
8079
47416
45280
25930
70925
48360
78143
44555
33146
39396
91390
70599
91396
69919
93667
80028
99390
57875
21854
83606
67640
29840
69615
17121
34857
15873
54629
83082
2056
73559
8032
45681
97659
40308
44984
97933
3046
54294
54839
13148
79045
78783
41665
22213
21173
46845
4948
57100
94156
56090
63690
48081
17705
55010
1019
97158
17510
23084
6432
4139
99050
65256
77330
16904
85467
47939
97713
81318
20432
87770
53440
68010
63525
49241
6798
33231
7560
80142
70608
59199
29648
39022
61321
42318
60877
62883
29483
50131
91130
23730
43095
5027
56303
31237
88289
12652
27347
77529
65583
11915
84271
77574
47296
10090
98302
80006
9385
79898
73632
49924
16987
29096
60238
3427
50784
91967
64359
14376
14820
7483
89865
64837
71632
26917
82108
23234
23249
98512
88776
57962
96727
25678
6566
3759
97786
41743
49684
13403
30839
84440
87106
95957
28472
83612
9258
61996
73618
68346
10173
3747
21000
31218
28759
54649
96333
13285
75124
61044
68646
42376
2685
72745
72141
37828
76219
40330
69010
77006
86380
97228
12444
34622
20690
35476
25389
82766
6537
50334
84548
17873
18769
52330
2428
38765
94281
94083
60338
48278
71069
15501
89444
1289
69334
54763
97076
34465
15632
91754
37452
96698
19273
12429
52763
85504
33140
70357
70429
99026
18765
81101
94745
56665
92328
50640
7044
76287
52450
61559
83396
66446
26297
19011
21263
64838
21816
93443
95153
96473
82634
3491
3851
13447
9583
30737
8633
56306
27308
12877
81932
77533
34653
87148
35894
19270
57926
63657
83365
58364
27079
16937
12486
99551
69421
12745
22027
60435
66309
21958
28775
99424
53868
35529
34645
96010
38178
3821
10745
17031
10653
49870
43006
12770
79386
58992
72415
19724
63086
33545
89889
83161
93722
75180
35933
58270
57117
57875
75900
78661
55267
35080
71322
64010
51612
75344
89261
89046
57735
51573
64575
13589
67341
56302
50199
67158
31050
3981
36375
19582
2021
12836
93982
68682
94689
62645
57548
34623
47021
96053
71206
11439
758
65053
42128
51659
88540
48461
9687
57599
40641
47324
31313
19151
94
69248
8955
38796
51888
68982
28802
8274
28847
11407
2046
31809
18816
16056
54392
90230
9408
43108
30637
61222
22624
28376
7690
23255
19441
31954
94007
10682
93397
2199
30608
7656
14452
7512
83086
54776
54224
33824
58149
53947
1488
41213
48358
68308
4185
40200
7141
96119
88667
66578
68277
77469
53159
43181
43791
10337
29119
52981
52337
31323
13925
99225
54147
51670
58325
17066
92917
80943
28399
958
28804
21356
65388
23873
33435
93847
3730
79386
34198
78486
54498
74453
95138
82377
91055
17522
67616
36831
76297
88361
95785
24084
37399
53623
84683
27915
36643
67786
67442
88036
76432
88582
84994
89179
78598
28721
928
36925
75662
98561
98416
14119
50073
60704
55288
58493
64698
26489
47140
31235
75604
30946
4035
28795
19310
79461
44143
94332
97668
37645
61514
70764
5815
5514
35555
3546
64100
28416
15000
74586
83953
56178
13782
15422
50051
41895
41307
5453
93806
42006
76733
58530
964
60820
98915
6468
43535
13303
96241
43997
45337
97253
59745
88666
94440
94942
35980
31006
38088
93827
80009
38275
9184
76033
12140
97806
97318
34238
5744
44142
25806
53343
50159
77137
25181
28563
58221
91426
67645
75040
43573
46914
21385
71176
78139
25314
84840
41687
34977
62171
94422
28492
87701
11531
20382
74370
7991
3981
33220
56313
90265
24563
54206
89350
16159
46402
52003
14420
4709
44553
58620
56789
97472
17727
31735
95817
72573
38489
13082
52105
60069
85861
85172
27889
45090
30535
4399
85960
74267
94253
88290
3053
61499
44656
15491
13184
13168
77386
80601
30345
84400
45710
16752
63433
58677
71304
77254
33948
41225
59506
87106
28328
67709
57328
22724
87076
60659
11082
58167
96392
81595
93731
35651
81869
2938
74714
62336
20640
37575
66877
46181
81608
3696
99844
55357
46641
70777
38833
41371
9717
84804
1762
97829
13255
34316
9936
61643
22459
78539
11112
20251
89685
32188
20004
53965
34508
60699
43685
17241
78267
74760
23758
62185
5860
55818
31328
21512
59713
51760
2606
2170
96521
29907
2076
45093
955
44535
75385
34797
9225
5616
70614
18110
2116
91809
55138
2114
39296
10752
61891
6258
63204
47318
82387
87689
86225
55106
79413
1524
20365
45501
95090
17702
90762
55448
69365
49224
15927
18529
29151
36526
61827
66469
85191
1828
7721
98127
61682
54375
97213
51087
56587
67472
10097
24182
69951
59915
60100
13469
12727
5798
63528
71493
96563
1189
40366
86008
704
42834
55888
87439
79061
11025
66619
89614
40656
28146
77303
85386
59336
80032
82005
62506
29454
76054
10676
81515
13669
22993
52911
53629
93947
51009
198
43563
15267
69433
75528
88248
55665
64581
88954
93413
62737
2235
90247
99567
1412
98251
18179
83573
65752
85360
94269
43415
74114
76776
2177
8153
85627
3616
54760
68295
65396
72617
15357
35891
66135
15719
61516
32346
96156
65895
30696
35909
55461
59888
72889
11276
5143
93043
38369
1204
26933
63581
90250
47832
31930
51339
59374
30117
36499
81052
56609
48832
1175
20226
24767
1667
48388
72274
2766
56516
68183
37884
8304
24342
85031
90708
64551
44840
45886
65934
58820
844
48245
92713
20271
31987
27947
89378
42733
94131
15970
5929
98544
41610
80215
65040
68961
88092
5340
95328
34434
31129
50995
83910
39203
29818
24329
33067
13508
58953
67180
14881
97250
7296
15019
57753
38111
2250
25000
47121
31954
37510
67580
31626
73800
90219
23976
71928
49750
91461
64852
76211
85373
9564
78982
28715
27608
8629
58176
9496
12260
22866
54294
77359
1900
22997
9994
20752
54609
38947
43494
60668
50226
2595
42966
57957
12158
41829
7903
69117
87571
70207
65760
73168
75729
44083
16483
56846
12001
8492
95200
17120
97531
21543
56655
55516
58809
12559
58727
47924
64086
21504
97464
77736
55617
52013
21345
87452
39236
86590
19279
66148
54060
16273
77524
1915
85972
21120
19807
3987
61362
95587
84797
50663
58718
3116
11243
82509
96155
43569
69943
999
9347
45831
14547
44024
43315
12137
19476
30420
60432
95768
5197
51216
92756
69980
40451
97848
97017
30793
3117
44895
73281
82589
31947
92305
80256
88453
74175
66181
78470
12896
67372
71150
77997
10331
4937
9936
27579
1019
86722
37072
73588
58329
68812
53125
98688
7687
33731
87946
47060
21233
44354
99637
71744
10207
98877
52353
77972
57623
40670
92168
67120
94655
54907
58925
97062
10496
46961
91925
69134
17222
90591
78421
73606
50851
86529
84519
35140
5652
64038
32438
79642
68892
89361
38329
4932
11468
20937
45949
71248
51300
38621
22586
36043
42866
71352
45799
42596
85785
7164
68650
51455
98670
91166
86952
14713
56828
91710
98778
92947
45863
12770
94400
41117
86509
99822
69584
60928
98697
27554
14919
78087
63537
77839
99424
35531
48479
60247
79042
69594
24140
7840
50003
98724
56856
51285
82539
88577
99175
62970
44547
36034
96197
5737
44524
34770
94218
83054
92860
48841
15001
59163
74980
49774
80290
89257
98237
15045
81895
12940
33728
53116
69724
12721
64596
28206
46471
53846
38018
19827
74951
77094
1221
9605
48882
8785
77470
42574
81142
80068
21955
16083
59392
72873
87959
42903
31323
1566
19253
57581
26353
63210
35238
96895
21005
78338
85522
44308
65120
74999
13651
30241
19650
52088
77477
14447
86129
27628
97977
68996
28245
21028
1321
12817
41828
29633
92070
81944
449
60642
25005
38487
29502
51367
77144
93397
99363
39911
25520
83400
50087
75146
67712
38593
57339
20260
59941
60245
294
51855
83970
3400
54379
37091
11760
43512
30119
82709
60979
42819
67382
17226
2791
1494
60309
74486
97689
29364
75330
77365
21362
49375
58015
49604
48558
92678
27542
91421
88427
37834
10390
68558
1181
37198
76412
74229
3550
98363
8525
506
803
92430
75231
91977
22729
4479
36984
75306
20846
10095
28878
35999
221
67276
25293
13433
99297
73475
85399
97079
83194
35876
31237
69181
65838
66891
23372
79789
17046
55472
11867
90692
26841
51084
93120
59731
2391
31494
25643
95256
55963
32985
87467
23513
73620
29540
42164
62269
25693
78671
93025
90151
33367
41876
59094
78831
6040
33617
48319
89151
32605
97481
56852
40423
94587
41681
42814
25597
68915
12894
59059
37205
23620
57801
30845
98168
78779
40187
76728
16388
9381
29243
98618
92960
66309
89521
22510
11514
69312
50486
45177
23487
89750
62490
12445
27063
96011
30994
82107
87546
9475
7964
44371
8691
98573
13616
39016
65999
11062
37157
10783
59010
69854
73660
79717
84407
32872
72109
592
11345
65322
1005
46942
65602
68357
45913
85690
8519
73646
72161
39645
76383
53803
95635
74544
5703
55001
49667
23312
83635
73002
63541
43786
6890
37164
96903
84902
51774
39012
53245
93921
23463
22074
35978
43314
81468
8270
18359
30222
69613
18184
92116
53670
78431
28717
62297
43246
78821
30733
92055
86169
55703
49018
45887
25024
7858
22451
76143
74241
30764
56798
10933
6276
49042
40788
98113
97945
23616
23637
94475
51997
80763
34813
60094
13148
88431
91887
48640
98064
23553
13901
9758
96711
21488
78474
94361
70243
88876
1078
94087
94650
79347
52857
44328
50078
29988
47899
59558
52407
58210
19199
3335
39596
45415
56592
2963
70113
45154
41364
40764
31738
34798
77501
35566
58558
34289
52542
87957
20951
47406
59003
13445
15637
3367
10681
46603
46290
35986
33172
17966
46128
92214
88719
55072
24447
45315
81286
3527
3451
11692
51520
54914
26193
3746
3681
65498
80866
80974
29531
34408
26561
75050
68100
92701
5622
1500
54018
58705
44261
95696
46563
76555
21161
95313
80778
12842
98329
5348
33219
7278
37548
91298
70296
35654
85529
60656
8764
60311
57944
12476
55780
31493
65412
59093
42966
13953
64865
94663
96825
56527
23450
81234
17676
78931
93860
65319
28467
11960
77151
72575
3307
83196
79674
35063
40959
92955
89109
78315
56115
60087
15618
10702
54077
33857
21349
50915
75732
50183
97083
58428
12545
17081
64150
4108
15730
62489
31526
75755
81037
64255
74836
34950
61282
25702
44936
3392
68825
5559
82666
54089
18794
19151
68069
86520
86827
75952
2951
92168
85060
64705
77926
5293
60766
1731
12669
64434
15770
84817
22995
15985
83103
60530
36061
85070
29739
25119
65369
86608
30730
81483
73147
52636
31941
1236
8709
79567
17553
96709
30895
44312
77736
95333
21895
4561
86037
2080
72114
9720
56329
83151
92560
95278
39434
60134
48285
5354
15915
64827
23091
95707
60279
64686
61581
92633
60359
13209
27879
56423
81747
71285
88097
8615
89861
58150
49890
19353
6761
86564
217
65170
19680
57768
5951
77781
74484
27695
63577
18384
17862
52334
98393
59414
79619
82514
63331
79700
72181
99058
97293
25074
56054
44532
85152
31273
75231
34104
4252
28411
90718
60645
16407
24499
85318
88430
19653
90234
64928
38721
45012
40435
92128
44332
25551
78804
52274
26732
66370
83329
13267
88787
81309
583
34908
22485
90449
881
89657
91567
46199
52459
38904
25813
99568
43089
24253
7479
5927
17202
97747
66959
79475
83815
44892
72969
30872
69994
68041
4271
75053
72596
53093
23920
98585
36087
76587
63693
24631
80085
53305
77248
88184
94267
90588
17609
78695
60830
17482
24214
19271
67152
1327
26158
60313
76863
66367
64218
29402
29803
18123
21552
95689
68833
62190
88862
94215
3128
85639
14095
52438
62279
14625
39293
21220
19778
34797
80820
48833
58127
27857
87679
76971
24169
53050
22513
70987
36528
6893
8401
88
91371
47612
93251
87482
69660
48500
35215
45897
8382
32018
41745
59028
31677
70294
38876
28061
69265
43023
19915
27073
94425
1782
84390
42709
39696
76247
30701
5868
40367
96298
90116
90678
84511
34688
62619
73507
39032
7033
10073
78693
70395
10386
60357
1650
95593
54043
43024
42312
7678
26599
52066
52076
94350
53245
41759
24267
8026
13643
64246
6497
98286
70362
37606
33784
71546
30812
48141
17064
72427
10210
97391
64765
71110
97738
9311
33238
3744
68918
54989
77034
90557
29752
6476
56357
49091
95913
31871
45360
58
88281
85823
89710
62082
75136
95051
37954
67761
91155
87277
23470
26151
80690
77797
17239
32784
36735
69652
34052
8950
33705
9511
31973
50880
67462
6174
34929
52812
24863
50136
78727
29860
62949
44605
1910
98239
43777
67144
46520
73815
18857
86414
76409
87202
70287
1487
16213
33231
35603
67352
62400
45663
41977
56563
35711
68798
44277
63404
48339
83228
60835
57824
84182
63149
30483
86244
3582
82169
4065
53871
51326
25472
83171
86149
46892
25486
3131
95906
96189
68471
91852
50943
84492
66255
68010
42691
84666
62280
38058
75721
25840
19113
47896
17706
97216
91272
22696
91783
43465
72068
71012
86518
55992
37057
65892
49126
22315
2944
79643
72048
65650
33562
65262
52636
70543
15258
34368
13549
668
44308
81032
33802
2955
67366
42564
60874
552
98057
35719
5563
30267
89748
6637
75888
97834
80461
98032
65092
6236
32332
22739
63663
38999
16271
25627
23812
19051
73940
46494
32260
67144
17334
71187
97251
22697
63494
76457
79380
31796
41221
33716
41108
79577
95548
62946
92560
1080
74233
12203
9332
72832
74662
54023
30482
658
96327
68025
90475
51108
44720
66953
33436
69409
50625
80976
82119
58605
28831
59468
15453
8615
28528
92915
41414
54535
35634
10309
8429
70503
40920
48762
51018
10333
69954
95866
81773
95974
71992
33643
13892
96415
56868
27749
78569
9805
78537
98242
67371
81308
66563
3633
62071
53541
22972
54825
53700
1832
89032
98106
55800
34585
41790
26720
18713
64407
59476
52529
76500
74423
57622
32726
20260
49311
75554
80406
96127
81647
47075
46221
78467
65146
36519
42235
92824
21841
8127
66937
91266
12289
46804
17127
11302
80051
96160
3009
62966
41585
70224
2704
29339
72201
10420
22140
88382
2058
86911
67775
72083
32490
1506
1173
89890
72906
95808
84080
33939
12657
71821
87335
73333
94997
94728
45166
35724
66745
45394
31106
8757
10768
92777
32731
93303
83584
28198
3299
4487
62593
48080
901
94327
17028
36730
76511
88445
27793
89280
95698
20316
64968
44313
73016
88465
76041
62713
94389
67580
35759
50566
8005
90569
48408
57877
19605
79034
38976
74433
23758
9651
67786
17031
88429
43745
10368
35872
49838
6440
81746
87612
35078
22663
87770
38455
50351
52330
76192
90299
23646
5324
81562
18450
49488
10023
32715
33414
3715
21786
67948
27160
48226
79765
13865
45497
42136
93892
9058
9991
92966
64694
38289
24264
47919
44169
42379
48124
87504
70803
96831
28066
70797
32591
64540
44810
75751
25187
96016
7570
25834
97642
21802
69631
35138
47171
31393
35322
63949
2612
25198
24132
77547
18140
4435
32887
33651
39220
22463
28507
61568
82945
70378
22434
17288
59130
40379
86017
58028
13392
28009
94251
55723
72958
97469
21163
98994
74958
95671
41566
45550
48742
68296
55306
16386
29485
78876
63487
86548
97886
91866
85609
15073
40136
31524
1775
68945
23007
97145
64331
20869
47491
86234
86310
17709
35754
20938
29871
76374
54701
98030
22680
31233
60748
5747
7886
29422
27231
38415
68211
8503
39866
14496
98553
21689
66971
56753
29564
58349
94035
89083
17853
43766
14799
92040
32951
40562
60323
97427
67232
95955
20370
34315
70142
58760
70332
7285
8099
98228
59043
77041
14950
98784
55964
94837
159
24940
74671
57366
91551
25056
3883
80006
2378
193
98538
15511
34098
89888
4731
39325
4657
3148
56754
39793
66915
18183
12680
71825
88637
26934
64080
57701
19630
13554
8088
10525
6672
53404
38008
4311
907
51982
10106
68924
85095
28716
16421
45898
89771
22936
5064
9932
24599
35909
56768
57605
80090
83012
98854
69099
37905
24378
71480
34960
26429
67795
27714
88253
73055
57999
44873
10295
88339
14234
70516
37859
26662
92442
58231
52901
82774
58625
57277
12260
97317
40707
53137
84458
27640
12161
85769
14631
23026
76323
86992
41301
68328
76165
72879
39031
48385
27624
21943
9114
73708
84105
84173
83773
20542
35951
96882
15213
18278
88222
75662
93641
73935
23304
2745
86341
97586
42499
69
94090
90069
22550
71179
26073
12067
36269
18225
304
54921
23116
18517
57670
59083
79327
11897
74576
51521
65168
78347
39910
62129
84882
22575
77151
28810
21466
10763
89593
92218
81102
45135
854
9101
74966
87519
58080
1666
81678
67102
77676
83627
76989
17400
53436
17762
36672
77869
85471
33507
57408
88853
16403
1450
68322
67604
78027
71017
28829
40156
9291
6501
91878
94681
92144
29166
55047
62205
15405
47993
11950
98601
53231
33500
27841
18420
41922
6630
12464
48859
95853
11800
61667
66341
93945
75044
53874
46930
28655
1376
93523
11904
87583
49767
98254
51257
92956
41613
8781
95612
4292
38908
10639
71238
79006
63568
98524
16285
70396
39883
55602
51161
31968
46517
27197
72847
44635
71380
56678
54012
37616
56836
31490
72362
65560
66996
43755
60514
65726
73469
69868
83566
32554
40735
22070
8745
89883
23289
16528
2022
98893
69733
76683
57594
19163
76846
75155
76551
99038
63662
76481
34245
61075
18633
77
4175
19802
70688
56065
39432
62394
54578
20553
26760
12035
24086
16103
11687
30572
81165
7075
7812
26682
44839
89631
48690
65442
17397
47592
29344
50949
83559
26888
37987
20794
87681
68089
67843
79626
72318
99796
91135
58549
47489
68008
64445
15602
13716
28006
16594
71187
93376
61112
9994
74118
43015
63890
80437
52728
17153
79392
37711
34773
26353
41439
46729
1803
76579
13417
56025
74412
57092
16392
21083
69969
18398
14571
30850
95899
58959
37270
64576
36917
92645
79795
73581
29014
14360
67367
20535
77667
34147
36864
43591
55697
63937
73194
94124
49512
1536
51713
76614
3
9221
3680
70673
69491
89084
29080
1291
93219
17497
21532
66500
91703
80656
39161
5889
82990
49613
38179
44045
14598
58289
75499
67741
25182
23818
74925
21790
77302
7278
72517
15838
93171
29556
31617
3155
84384
42479
97586
95595
3246
21351
65788
95890
5179
24342
85997
35322
99633
75292
10666
48490
13605
46143
31685
79429
192
6786
36331
15509
89914
24577
61146
15668
10690
21990
64975
23319
43098
29355
87741
87576
3103
25389
63066
11102
86215
24906
50131
15627
87107
4855
4800
93761
37092
23968
82642
43090
93146
88828
52809
94436
2839
95339
91554
92893
51057
86672
87630
14896
39015
12293
94462
20867
35387
5344
3097
21564
36189
19648
22512
6248
71753
55027
37161
10536
45895
17192
25847
60505
69264
45355
18539
11518
59280
79395
86724
10860
95303
32932
2977
31858
25321
74289
66551
16355
99557
18226
54335
66945
3459
93005
67942
25319
92486
63428
11656
35379
44050
31787
26679
38990
167
57797
181
57881
26763
96122
55681
7351
90437
33623
99469
36369
75941
17474
63662
98538
72386
83320
33966
40383
35548
4036
34428
47930
59712
24190
48162
14356
52969
63966
98134
36868
17443
60732
85834
29353
40362
15078
76031
24175
88466
13629
61462
10754
28544
8236
28807
51852
97397
21797
34794
24652
70891
21242
82707
95286
55160
90293
58203
64160
29808
76245
70777
6032
42599
55045
80015
95072
43827
44987
38657
45739
40623
81674
45184
65175
93597
30692
87429
43103
37955
53391
9305
70491
61014
57474
43217
30766
28948
93885
56663
87276
33483
1827
41923
89766
66039
59733
24840
62836
28265
75499
21579
19197
32707
29009
96239
33798
96447
51965
51340
22901
19471
66153
45181
9888
12128
46769
62424
83351
35672
84266
57017
95595
45566
892
47768
70489
84184
98910
67225
62871
97647
99085
40450
3706
59280
20456
54246
37730
16268
77579
45440
13346
64190
59622
45180
22223
93644
53978
25647
47141
71495
32911
33414
35249
11789
76021
83932
56414
54798
58293
84998
95647
2955
52978
99272
64790
88026
3266
46186
49023
59910
57027
21061
70940
33332
81212
49400
53597
49760
42673
1943
18923
95558
39810
33571
70834
52892
6817
30708
34473
75868
11470
60914
30815
52192
55728
12099
99684
62982
75634
99583
88753
16275
57432
79520
70325
63700
64925
29205
9148
59711
75851
32790
99262
37912
6837
25809
56386
10543
29204
8483
27565
48103
33884
11810
2891
3506
49339
63319
75097
14264
87502
29929
46284
94646
56575
47700
99745
7874
48830
23545
27490
33805
91259
26479
47986
60962
96094
29623
29269
17323
81091
57997
1727
30162
50133
2138
76312
19717
19654
18791
75816
8563
37480
27820
28837
92595
20363
94662
55317
5347
62164
79622
80962
60014
95062
61702
19546
36359
4335
64023
9056
79762
43649
48887
46803
26562
52620
79934
21688
5949
87749
77463
4102
87899
32885
42347
15886
17037
83313
85816
83493
89947
72945
68673
5168
2694
93646
98752
50891
28236
73309
44823
70262
5577
32611
62115
3260
50074
40948
60689
14273
90429
28621
73835
2503
81845
45897
42187
45757
266
97123
12720
22341
77261
56170
75278
41760
33625
78362
65312
82041
6356
16188
36184
50891
11253
34236
86231
98991
2335
28899
35545
58085
90283
13713
84423
45695
9893
18360
58480
90693
34541
29432
23953
91016
4702
22514
8945
57671
84363
17580
15274
45527
18436
79904
14625
20371
70040
60481
69271
46720
61653
70251
27384
15898
18602
46149
41680
55745
39054
9878
7293
93050
70842
1729
66208
76163
69809
319
40173
75703
61728
12376
82274
84762
8735
5341
70933
48706
44087
96005
84485
2338
70782
92449
87602
99476
11102
17918
11657
19105
31605
31031
90104
28336
34293
73685
28352
84746
4842
78084
27976
87238
19196
16146
37069
79638
24746
41671
93719
18668
4151
31676
69959
18442
1089
8858
8077
31077
77707
28943
15607
45269
84541
83407
75747
29372
69154
52165
10165
12048
64079
34837
66212
5223
7779
81359
55982
99166
8521
9490
38060
57446
69914
8155
80161
38667
14784
58984
90155
65218
55478
77165
82620
8911
69867
2994
62275
64336
22501
30311
10403
5034
47393
31013
43397
66574
33753
84707
11433
59463
25151
16209
43064
74850
1414
93141
27733
91002
54495
27296
26962
32640
37409
61451
27966
996
55906
77683
83804
83490
51810
14830
41423
95595
56679
67081
70385
42159
77634
17761
22595
61604
90352
52954
20063
6518
45661
72478
41001
52715
98211
88117
11908
9937
20817
2686
64352
28775
25671
49896
97265
83301
89469
87119
44892
9033
52066
73750
1386
30782
38242
35901
11775
234
20737
80191
36900
63669
36261
38443
40640
16146
88720
14653
44165
45995
11466
14169
2407
10285
43549
11555
17927
37357
378
34365
68654
44309
57337
51678
93941
56976
36125
56396
4577
17453
81302
25686
7436
20563
9856
75536
99358
24226
97609
28555
91163
14081
49168
22896
20566
34090
55529
98649
14691
64814
92701
96237
93737
96838
34318
40886
9398
56567
43959
65697
50253
12993
92082
3889
9851
24868
64884
28991
40872
57808
14707
82802
66280
18856
74663
70968
56881
60689
99374
14622
54150
96444
23594
18034
38866
32910
4581
76146
35985
33353
9013
92240
56904
83321
77306
84133
61109
13021
17027
85263
1761
60015
19249
50536
79921
30930
30548
22596
68348
76599
17521
51463
89975
96460
92677
1184
17004
43138
23779
4774
37929
81529
84345
21166
59445
13258
77489
11078
3869
99440
64275
69809
16269
94164
43784
45311
40378
92692
38073
61928
46748
20912
98166
37734
82809
98289
12242
25612
67515
82133
86923
86630
41636
83003
39496
92782
53368
67591
71324
57608
31321
50611
81383
38619
65872
73299
21691
83789
42535
68035
93531
18489
3891
62639
17184
55376
81839
77886
30613
71337
73060
65180
37250
27590
13316
39651
57895
73765
79510
33318
5790
13631
24459
20441
58530
88928
17199
6944
92847
12548
6363
46994
5919
65195
76904
39849
6355
46968
55134
26537
1427
44652
4938
5867
69548
46169
44750
74790
17528
81286
23666
43640
39836
23679
12824
52246
69386
96373
24717
1230
25607
8153
23387
43349
68647
40208
86556
78514
93492
91764
79754
42950
22414
87176
85873
10710
40844
49717
94021
6070
23744
45285
32624
72724
30873
62299
96739
74718
48770
87693
87182
27185
47880
61472
65515
47136
25368
97983
68469
54909
83335
57719
49814
59431
18219
38545
10173
43664
90023
18605
16143
38537
76260
7319
46932
92076
80122
21769
72882
80870
83374
5277
56279
42399
94517
66061
87375
6599
69847
45769
71830
8799
8463
36756
24199
20065
43663
49276
70643
2349
97504
79860
3374
92626
53702
90255
33731
34165
57250
39483
94311
35552
13970
11032
44299
31786
12851
58100
23723
44927
54406
27556
30979
98284
24752
39681
28706
42025
49276
14556
57334
29571
73979
86911
62599
88805
14124
55490
99840
32130
85750
4967
30055
33250
81490
61971
69550
99847
19141
94985
96706
71834
83371
11716
37217
54487
24016
92560
63240
14418
65399
72678
61162
51012
69086
59842
509
65270
35064
80067
41391
50376
34650
70079
73622
98911
84594
41472
19044
98377
29520
99935
52793
51950
16968
55003
52659
45205
58480
90870
28864
94736
32197
28173
51252
84709
25482
44338
