17502
55652
51006
37020
63962
83738
51714
50664
89081
11683
34222
86104
26458
52316
50240
79840
80445
75040
43487
93251
40760
46999
43137
94909
7253
46731
73078
61436
9991
46011
58549
51881
32552
83272
80033
39141
61136
96172
23160
99310
28500
70763
93976
76897
52664
62594
79854
96377
48434
4124
62109
98261
94877
18820
90439
31320
86006
724
22554
23882
24695
48812
98618
15932
32750
76190
71879
9257
59513
96517
73547
14488
59584
22582
94946
23293
41486
15695
12422
79807
27630
5133
10774
86964
6142
84313
92003
24585
18258
25762
83735
12382
24168
51046
79010
22446
65956
95337
7554
35596
7880
52905
302
80872
67761
26504
37855
77393
80592
47624
11036
74165
37283
99317
84096
78916
98800
87995
15402
9811
48861
21273
69249
35516
19343
58733
11362
14754
318
87247
61960
80978
58897
97754
68214
65285
57499
71556
88099
39330
47569
271
89987
24224
15974
38840
34094
17001
34758
68429
55952
37051
61899
12444
28556
20168
23359
9350
40653
75869
74863
81618
8331
7903
62216
36958
79606
77073
43921
91664
32515
63378
4357
29194
98416
42404
49515
86908
8981
5415
28180
82580
19816
29860
98000
51280
47501
59270
72461
94260
26969
16642
92685
40407
15809
64887
24994
70136
36964
9360
74985
57166
53713
48199
18113
25212
22742
90116
17382
71268
19495
81698
78255
42962
96263
79283
58656
61081
21878
94458
56812
31291
33304
53046
52618
51202
96413
77758
77843
83916
61842
88519
42390
7715
63811
32899
99384
8010
8203
33604
7051
3859
25562
46398
14794
31437
65921
64139
99118
31579
46845
79240
10608
14816
87038
28860
54332
92246
57715
73272
11950
21695
8116
68026
53867
45106
55724
93580
68607
855
17408
70825
68878
22894
50496
14208
82137
62280
47242
92273
26544
57497
9269
93428
64942
66918
32992
76537
47573
70681
23159
89449
52455
57235
33407
16076
30686
67489
15744
12996
56264
60967
6124
94455
36995
35672
33775
53546
17649
52712
17333
66216
37656
74937
10386
52546
7129
33361
21778
39824
49162
68909
59966
67286
35698
81231
12007
14881
48289
96210
35443
48817
82314
41950
19713
74993
3326
14647
60410
47617
52165
77296
98038
35221
41531
92125
80712
55926
53734
95110
79048
67270
89679
80535
21851
29185
42852
24404
89632
895
83913
94986
19449
44181
34679
59041
23156
69307
46930
61517
28885
96745
86794
44260
18275
93723
42030
70826
70540
76948
15591
26535
88021
69374
46137
17947
17569
91599
99057
9928
97917
85895
43818
47117
23366
18614
59715
4659
4568
76315
63637
93759
95701
3814
93555
92168
61742
27807
19811
14691
67280
57376
89107
85530
22094
12029
2457
47836
10630
27908
12
91438
25203
35359
11961
43262
73103
68535
55522
35960
41219
54578
16409
46353
58476
21117
43317
90273
87115
57157
41295
77454
73930
14910
59676
48419
92614
57255
28646
78239
10237
49157
69481
71306
67189
93099
61927
43619
99879
48123
87913
74324
8230
3399
57075
81479
99312
82192
70147
91922
33616
97968
1798
61709
10605
67410
80438
13252
92018
5631
55059
57160
62587
4212
42365
71808
62809
63182
8555
16062
83682
57896
47596
64268
49784
54875
95832
44228
15764
89412
50385
58943
19183
99332
93723
52005
62733
21281
10325
46019
72262
87913
1844
40955
15154
44950
64219
51957
97392
90957
69976
48692
83476
50113
79069
9699
9355
98645
80474
93581
30316
57630
99892
6380
52956
35174
59876
73114
35966
45709
49454
78883
2261
25642
48764
72412
64983
45456
65399
60876
70929
97579
71234
91176
26801
74602
97907
51357
6100
46518
56110
83174
52876
62624
69663
34558
42253
69658
88180
17199
23156
7291
13685
393
58740
37158
94785
79534
12671
35300
18950
71434
19150
82829
60220
34016
49645
4934
32575
7135
19334
17221
98120
11667
5416
78320
41383
63256
83028
45443
91518
43338
12643
92400
22877
32312
28791
16384
43573
51318
83997
56024
89467
48529
67004
63191
43164
254
97597
41499
54647
53580
19158
59140
29372
92088
83285
69744
23231
89694
57413
96357
79928
82413
74016
75470
95610
33012
65970
38781
76877
83288
24549
62510
47467
13991
47534
12812
36212
44295
42675
45868
82607
52040
39768
93175
8797
59960
78661
38278
12923
28501
16629
79142
66964
12477
68830
53018
59488
67361
5272
23712
37470
24
29291
31212
78505
66256
42457
56080
22106
77631
96037
97341
88505
99639
82559
79139
85985
62040
38798
28308
8176
77376
54616
17031
1127
37597
24337
11001
31428
21411
31645
56685
16314
63801
59588
80564
86730
27470
49777
95784
49984
67081
70950
84562
83884
75838
92736
80236
98203
54908
6531
82400
69937
15683
32450
44175
82405
59187
61101
25197
66362
52767
41975
51658
83894
62113
95170
98252
46017
43495
42281
60183
78651
63723
19626
37551
86521
30176
83951
7701
96958
64040
77336
23276
33043
75906
95366
10943
38467
47041
87398
91164
74037
98328
27896
75096
91174
63058
60987
64310
12834
47806
69431
2019
12031
18791
93286
89144
68342
98305
3743
43394
82399
89215
36769
4446
35049
84514
5977
75614
82195
68268
96560
23688
53289
19603
15604
73630
47422
15025
17921
62840
82914
29239
15532
77
8896
46626
39596
80625
69687
93798
47013
57016
3731
52166
16338
69401
76135
90150
19151
87757
83593
52408
80160
83927
32779
23634
95681
14398
36849
34369
44746
58741
29780
57975
35903
29051
4914
58239
39698
98654
40015
26354
41109
6939
172
72321
80704
12160
48130
61234
58619
8947
2907
30793
27785
45227
72590
1371
63580
93877
68200
5962
93872
19788
71969
83906
48305
23432
58276
68139
34371
48754
30377
48130
64590
6047
72212
98718
97337
94605
72779
67954
27058
21756
59266
60894
66506
59718
94482
80920
44925
66268
94216
37907
15535
25375
17849
79497
9874
472
30835
88619
61220
55285
38191
6145
6102
81952
23555
94847
81543
5501
93428
45031
38702
4671
35272
84085
73495
48072
45017
52972
49028
38780
99430
40890
93557
63873
84964
19594
52675
78325
5041
27366
67653
14475
8905
18438
80342
40867
24881
51737
59726
59173
98193
1807
76204
38522
12767
21378
31189
4935
57174
41535
77334
10087
75814
73236
82278
52772
32260
82775
28519
66194
72994
29488
73963
75944
56634
65316
75026
85884
87139
11392
47442
51801
44934
42174
51760
6111
78795
39095
54986
23960
92844
57541
67703
13875
45771
82164
91270
88670
17119
88388
52707
87684
40298
42013
54936
51585
67078
33136
59216
26526
65309
43846
6294
21390
27480
30536
15325
33892
11535
82697
47609
8142
42783
27284
87402
60498
22778
89421
31769
11843
57273
53767
68186
40608
98156
65442
12049
9513
26033
14942
74834
88447
83523
94336
66944
93719
27082
62112
60503
92091
65424
53037
60262
35678
18996
20254
44147
71865
65368
93621
6434
92614
25492
2066
32401
80120
87789
48338
4314
21813
41920
40897
88220
34418
6200
85379
50003
71945
73216
22075
95107
54489
23283
29270
75796
97690
37198
12279
44439
20540
19110
98400
25767
70651
59126
53753
52299
14177
59377
50432
43128
69528
92822
36942
72467
64234
33506
79106
17203
33687
68127
66540
27013
39538
24569
14840
85289
601
36849
27668
55482
62063
51947
88096
15019
65111
38882
86962
76621
20431
54140
79586
11181
68743
85784
93113
18970
42268
12003
94513
67620
18934
71657
41448
12800
98554
75113
79175
19336
91308
74914
14761
79807
55141
41033
94667
67890
55949
62333
10415
1754
11926
79057
17388
81855
23093
24264
41845
26934
34749
51392
68612
84298
92729
35365
54115
39929
16069
85797
57047
21813
79722
59076
2378
84427
9652
89414
30355
37888
3378
39497
43588
83927
55050
10390
368
28080
9942
69612
98775
89386
78463
41980
21551
73097
35156
58548
84560
38995
40903
60019
76349
31188
67748
18203
71434
8097
84143
10564
97134
94713
67417
15852
54726
99560
1694
16877
73507
13445
78527
30823
46226
93627
22711
92701
230
70181
51388
80988
16804
94931
14931
22677
92587
33225
42928
14155
56510
57702
84105
24520
74479
51010
3958
82826
58921
30192
28392
64571
32058
25603
32707
59006
79195
63469
53625
86213
74942
92674
12804
13952
26291
70044
28799
85359
53687
41368
43937
58137
66361
17341
56920
40117
67562
86845
75390
33957
24993
8147
51290
75939
35656
39084
23798
26740
92134
68739
59033
56441
81802
5125
81696
38724
85393
97075
95453
83879
53268
32165
74380
99208
46961
75467
36622
63280
88499
13743
37732
23011
5953
6902
68234
17771
79937
38662
11661
92013
13767
76578
26634
66845
1854
14672
36229
96236
94225
80315
65091
21183
48822
88244
72100
86524
98071
84851
19936
27902
43295
99964
9629
4231
96510
57597
9386
28885
53017
90355
70460
61517
50001
35405
29890
58292
67726
47432
62630
9629
11303
50393
76163
13436
1073
32809
77726
69145
34242
7898
8482
50880
2785
53576
15964
56310
65099
10251
78479
92998
51364
1913
79029
95129
54745
51624
47220
15907
41550
39121
43864
30618
76809
47248
13202
74178
43641
20744
40493
4164
81092
41956
488
9757
30220
17719
66165
19314
11070
88421
73678
49506
98775
34715
86735
20436
45298
82648
23635
7406
36786
70415
2958
86087
19337
18405
17060
72725
43075
70293
23301
33216
97778
31859
12198
60856
92854
70830
39837
4641
98281
3022
64473
18604
22852
54204
84059
39394
62001
53473
61909
52985
62255
34791
75517
66729
4315
98268
87501
10520
54593
4180
79643
69201
54879
62478
83376
30964
62866
59183
37896
61319
79264
14315
62661
97033
34593
80802
81391
81511
54218
76998
37932
37768
91831
36635
84056
95779
49557
37304
3617
37136
33609
43882
62466
35036
36576
87543
30746
16822
18645
81567
42920
19110
12152
47391
51238
98974
16417
81232
56062
12680
61521
45068
82093
52030
40000
16176
10707
8985
66121
59421
34708
88001
12142
98873
88559
45316
96361
22130
18232
88962
70001
57219
63251
38916
53701
25007
74671
54988
62360
91146
95005
25128
37561
23254
17548
26817
81309
77643
55395
81968
49963
20176
54522
92591
96420
10918
32981
40013
91758
6021
89597
88891
49147
13181
82525
3492
41306
55806
68854
54234
10362
63699
87423
83019
87383
67305
15453
62739
55554
73166
57787
15978
98897
76821
47846
87998
62080
56853
31848
26491
85154
77873
54367
79687
60200
71283
96729
33706
38541
21649
68782
75531
61307
14833
27545
49174
45534
26985
36020
52280
38884
59103
53776
7533
11149
93775
98446
21201
54196
22763
64221
75443
23642
56764
99664
8168
76203
38183
54811
10523
51439
34795
76042
16418
88272
78151
54814
49196
33027
20632
41253
950
62261
57152
32213
56317
13011
74403
56772
71181
35862
24074
7751
76088
39689
67242
91813
33059
45624
93151
68568
93594
39127
96081
65663
58244
16172
56505
34978
53201
26170
97117
26212
68975
97739
69655
56990
93436
17145
28212
21726
10678
74296
76920
8027
25166
25156
51614
85619
70396
64611
64445
29859
39915
82615
59431
72898
29237
26211
17771
94970
93065
67766
19450
69124
30088
43032
19814
22080
31600
73488
49894
67598
36848
91856
15415
70732
93434
60735
47773
88812
33846
71297
85191
27920
37331
78756
91696
3013
87256
79785
34497
16922
79033
39244
84851
85563
5573
72018
93267
59342
97276
54607
99199
86953
61694
5521
27500
85742
27839
6157
50474
70661
26870
42340
74335
57652
58229
43313
75312
66301
51475
83538
53279
84084
71972
95280
66477
52411
42442
52716
22816
40925
41381
15400
41696
93155
67621
13040
22236
6742
62017
91107
21802
89266
31680
11522
58731
11650
24309
39187
38988
27294
35496
24818
58953
55070
69454
55573
42540
50362
52410
94715
56275
3616
60877
5488
41328
57072
22762
18495
79177
60887
97060
34197
37920
64902
78968
23277
24078
79567
75191
11870
82152
38940
31292
97341
30147
88108
63836
46544
47091
25258
80539
33265
69359
35083
82554
68539
48433
36132
81550
55476
12857
32230
39661
15478
32177
88407
3746
40987
39691
47566
99040
53829
60135
76523
9042
31848
97201
59024
83345
29109
39015
89984
81839
91875
43447
80179
45136
14396
70375
21203
41304
31425
88527
60726
61471
58779
7200
57368
59937
6559
42952
90644
68915
55997
93933
7487
18736
98726
18487
321
1393
29207
12811
55888
29434
81574
39345
11019
70609
63688
88599
59473
85930
36892
67470
43931
15838
82040
63474
67484
73914
23950
3240
44916
21012
90074
11776
44651
9560
66571
60985
79248
14432
21707
25699
24878
77858
78669
84960
66184
4963
41330
60164
60561
20233
59608
52636
7114
92111
77600
44075
95257
5841
24794
5294
9250
38631
76047
13377
741
30927
16363
52091
33459
57219
13285
1109
9166
45321
39180
77224
51805
64489
99119
45587
45929
20281
28873
316
8759
43669
42248
79534
35841
33610
76217
83136
24979
49105
49713
15062
57119
4121
9690
97313
27422
13661
17048
28354
62628
81940
75415
30637
33790
98664
18035
73992
99755
96382
50308
81201
30836
86228
86276
67103
85065
28233
85213
22465
17658
55381
48116
17571
57743
73689
16364
72976
66404
70738
71417
93425
58052
5991
85570
87218
2624
29666
39634
50918
26636
51996
85371
38305
39063
39056
12423
15555
23782
84529
47100
13621
69740
47863
93099
56619
60711
64053
25014
82922
49465
82470
3580
4067
55873
62598
61826
62397
14838
53757
93503
66961
79937
38902
39492
96143
26036
50926
51814
89790
97322
26919
8777
73024
86107
3740
27371
25203
49628
64911
98603
92116
27186
26014
88148
76799
4337
81269
2410
62993
10837
55772
72047
71086
96956
10193
44018
1375
7998
52625
24500
57459
48234
19567
88633
13286
92414
46439
32328
44063
55394
23756
47519
6002
2178
20637
62966
56583
14790
55863
51213
77618
18192
18180
99445
24641
2866
51281
95832
29172
73673
28797
38759
17158
25882
4461
13150
52875
57095
94460
65685
38482
1325
30704
94758
43113
97853
18696
27541
43711
50166
58001
25025
22820
55196
75960
15238
34509
56055
41433
61869
88340
50250
47158
29457
43101
32973
40068
12046
19731
80778
19391
78983
30544
27889
95966
44212
88027
69976
28673
45799
71596
55891
40199
35609
8811
83404
84284
3030
39927
45887
95215
35618
26754
37780
8929
22598
82425
99897
53465
44571
47266
94907
95189
5842
86782
55234
54236
22813
86638
22951
75630
16990
60945
56818
19612
48458
32011
76788
28244
82872
7362
97277
67157
76780
33666
66395
91233
53403
32512
79633
60336
17051
64316
40335
54753
30089
30335
25332
23340
76726
56356
48764
95602
83630
21075
23623
53398
3686
16104
41769
32805
81474
11763
45927
18096
90336
9624
47092
57883
75972
87286
52232
80205
33473
73701
58906
19528
91937
26744
34746
62770
75985
36739
88910
30930
22060
45846
10886
29271
55363
14502
66430
14802
84325
29645
20368
97572
17681
552
34643
29425
28373
99998
98932
52244
88257
64993
95823
58412
23085
17901
28778
66356
36708
89645
69902
61425
73804
40381
30051
43908
93107
14154
60871
47743
49304
63829
58187
35060
16242
66742
82186
7113
72961
62173
56903
99144
21007
10228
15010
32275
87171
44097
49750
20213
69986
7112
25298
87411
39426
9708
24882
321
61996
64278
53785
5136
14765
51086
32845
65510
5881
46822
57008
19654
73885
31735
56214
56974
17216
77474
10792
33184
14549
99769
68691
47672
33887
66870
11437
79420
49665
9000
1926
9425
15681
90095
14759
51210
91128
15901
47371
31004
34586
91228
49878
25773
33468
81070
72021
16618
87302
47472
97972
13015
44311
77336
85622
3138
41071
30173
91444
32593
46238
8565
43349
55865
53350
66073
52934
6384
45071
39845
20407
14842
92711
92540
27346
57792
16723
57801
58968
53216
40663
11648
47290
55837
9694
91906
93105
49142
89639
70911
29306
2197
90860
18550
94898
91934
69776
6872
70313
78375
98020
78955
71846
51750
15702
32490
44887
66309
85686
81834
68115
98003
70758
42391
15631
54133
30718
14205
65017
86106
82297
45154
52212
11148
18528
95696
1648
90081
91089
50513
44261
20881
37388
94835
4588
74275
84409
44075
86650
9664
50809
24309
29722
96265
2503
40921
9030
30691
82923
98826
21154
63408
66875
12105
92149
71354
68078
28038
49700
41769
23647
77478
30061
3188
91162
19296
33053
80596
13894
23041
66062
11795
19599
4591
31137
27812
70830
44843
69364
47980
24280
55311
15168
10461
1632
24407
24689
13540
22410
30589
75779
67736
4973
87452
43605
76531
46051
28950
73229
89470
88880
70833
67496
77476
29613
1852
796
60744
86704
95055
77484
44947
65498
30896
36710
16389
5436
73650
39869
27117
27879
40984
48191
3540
51439
44696
29554
36915
16410
42650
83247
20357
73227
56095
52571
79702
7622
53887
81662
69627
9151
60459
32866
44956
12964
1489
51370
76876
67331
3325
61196
41241
7001
22332
48397
47455
40729
82940
76919
28087
54837
39568
96313
38668
31467
36560
5627
4462
84207
99452
29021
3295
84625
9441
80523
60331
56971
76212
52927
60693
59210
76988
92979
88877
97494
51564
42177
71069
41983
78926
71065
97571
28006
85659
36862
46328
89765
70566
25597
12943
48988
46201
34187
98841
41433
68086
65370
64261
65283
10176
87992
72326
5987
32115
86853
4492
53808
64045
49518
37524
29781
65328
91243
25563
70657
33600
47313
37454
27179
52486
93524
17725
10336
12951
99613
30765
37035
61647
1156
28493
89279
94327
94859
5345
24292
52678
51094
24890
58652
98147
87754
49734
94864
67048
95489
33923
55772
25442
48999
46511
40947
5077
50005
88988
15856
62972
61928
55359
42171
40847
97660
93799
73557
40957
96490
20810
89728
47544
93595
92859
78765
18097
15304
26392
9763
24056
85648
8288
37225
39813
28149
98082
38288
48565
1107
58352
8160
64428
64478
22963
45149
93337
22583
24472
96342
28055
56778
85607
85227
29359
78695
90996
79736
33019
30427
53230
69154
70310
41515
16629
97948
25487
21453
81802
22358
39244
83266
70974
23171
39946
45108
85452
25670
5395
87112
10050
64313
37417
90943
3098
77977
15598
83087
51304
88849
76006
3289
82188
70657
19348
33223
67975
1386
59361
81412
59722
37433
3036
20183
82441
11150
94299
71550
73487
17993
90527
13347
69323
69040
55382
42973
50889
32158
97401
45446
7547
80491
50454
81268
54901
37652
34888
8407
56889
64807
58114
88430
51687
71758
73163
95302
58646
82005
29314
93935
34400
72569
72099
29181
52503
16079
63554
78840
14677
44591
79636
69856
41618
76891
50894
76642
90447
66191
62821
19247
80815
3207
1684
8095
20421
57991
88187
43329
98439
20491
89732
95869
5250
27148
96386
45033
7304
99340
61330
99588
9093
18078
39683
70130
23600
55061
83794
94805
62812
28391
93486
91588
39405
11421
23003
97099
30855
27546
94162
93822
46690
62181
28997
24251
64763
9045
1535
54267
34404
13497
43818
86549
61916
26849
59339
51568
25721
52716
62856
10274
79105
34511
54537
70409
28727
84126
44156
54341
11059
64410
74450
50161
60939
22967
53160
41564
20429
28649
98720
2888
1135
78987
62509
48190
5405
83211
69774
51852
84721
96757
6161
85117
61953
69754
17721
36307
46386
6749
11482
53379
23883
45563
65409
85997
52100
87444
21201
2198
7197
40570
60136
30084
60907
5045
41344
2869
59949
63600
91633
33852
68925
96132
40531
570
98049
69630
68962
85749
42465
84272
60762
36407
85492
62641
68930
11686
15251
50833
72517
67579
72271
8606
86491
63585
34654
16268
6342
8492
59408
3140
20888
55796
24544
93740
71250
63788
61958
73807
59655
80451
1513
8232
34176
7831
29201
66672
16248
9137
96091
54370
43527
30880
69606
91175
95805
67637
96107
98980
90756
13625
54313
84188
6055
93351
32350
29890
46417
13321
34994
82047
84782
74994
81036
10684
5327
3829
34440
43117
26729
51105
67617
41530
13340
29594
58760
97867
44529
62132
68150
94768
19197
90094
36638
73258
58595
37193
72507
64794
86677
30532
33961
6883
64250
68277
52112
56350
8875
79750
17371
40794
5336
54314
24231
38542
18408
2267
97079
79037
797
30833
90308
97477
83638
68800
11601
88420
71022
95311
18012
30855
38497
67984
20497
95664
47279
80385
80153
90915
31065
6206
35695
301
14953
6337
4307
23026
49070
80280
1656
24882
84580
62400
64600
48310
47442
57027
7399
47773
80781
85260
36292
11294
47546
34723
49196
47449
36369
35049
4009
56446
15549
66641
36872
19961
38336
20633
62888
69753
82387
25668
71918
12028
78218
51574
72534
99801
59510
58955
64676
95561
12901
31156
68472
12082
86436
94735
18367
33874
87140
38594
91718
50372
33882
79955
42538
3026
82208
16295
36363
15352
27674
3989
81983
90416
32787
98566
19522
43296
31046
28620
12971
47740
52056
3452
69626
78457
69858
42441
55790
14863
9516
44351
78227
82409
89557
75544
19736
91469
70991
95134
30239
98242
8328
37822
66349
72419
32259
15781
1377
60031
67716
75130
12449
45994
87755
59671
4688
73924
75032
42310
23453
58308
26541
29908
75988
42337
64689
7860
75767
68444
48080
25235
60520
72237
9184
91539
77245
76712
18910
87462
47286
30060
51863
67625
31658
11080
29187
97114
78301
74
96715
7128
61071
36357
54667
63606
22254
319
87667
8923
90795
94517
84999
36313
69130
9835
25574
89543
33427
72499
25576
83837
84869
1240
31041
25196
6922
93929
56706
88280
16550
29821
11295
11476
10217
78503
88842
63736
62756
65239
27102
80352
86648
27018
47160
76260
78474
77296
25088
16720
6034
14968
87398
28191
67251
16090
34598
90201
86821
40544
90158
79206
31694
16050
89911
76557
15599
83037
76366
79694
90330
79359
4855
54169
86210
95185
83847
59369
99915
84945
49392
15872
34272
79211
9466
53023
20323
64100
67660
37474
27486
1827
66793
37815
42553
80989
20663
4697
70469
50715
46492
53261
36277
34505
84417
13240
58060
87357
60344
75739
17873
25602
41338
69260
39775
52673
63017
23602
66489
26507
16788
46813
54747
44613
81305
30591
41419
44497
96196
21675
88238
45973
77846
30761
47479
91882
98497
11314
86299
95842
43215
77902
93248
71895
79427
60776
5396
77004
57655
87083
90617
11939
80228
33372
26142
89403
2752
49267
2153
51330
12258
15894
22000
78463
72545
59124
5575
25301
99130
69052
91027
41141
33393
43095
91517
94403
74030
89512
38210
62914
87400
70783
95048
35455
60768
4852
12619
63767
55492
49478
65622
55558
97044
3632
57421
30381
66241
12708
91622
15199
14289
6120
74008
1000
97696
81930
48395
20443
67200
92896
60463
54422
21953
53184
13161
21172
17771
74713
27272
53519
75112
74029
17270
36655
16927
23819
20842
2228
46747
22253
63898
2556
28906
80107
98637
38961
33697
35289
60174
17458
28829
26884
37565
86236
40964
73413
66720
66517
14538
5951
41047
33077
95663
2587
62157
36274
98502
9853
60746
6246
8593
3778
13893
73471
68616
94201
62391
35843
312
21403
26091
47869
90984
86536
81201
88648
40566
26015
76114
28183
57536
59962
31037
26303
79199
4228
86464
14114
59726
56344
11731
60057
81576
311
846
89181
44399
13573
1690
69778
45257
71137
84549
97584
76709
32703
9615
65423
55868
59620
83554
18766
14610
74078
95614
50304
9307
49117
85650
6228
90074
46545
13607
95264
78885
29217
48118
97674
32644
99589
42074
52018
34713
26049
50432
28798
83353
28287
79227
41219
68280
99272
12820
45230
8707
62430
54974
2285
59655
23033
97319
35132
39791
42012
14891
84495
53802
40467
52707
54265
65163
36364
95258
9399
47146
79375
78976
88220
47784
76827
42616
12826
47055
34270
92908
23466
6936
12784
288
82200
12071
84685
98852
89646
92752
65645
64131
12347
57757
94978
5656
25663
5575
75149
85152
22582
81921
61533
48970
72286
11413
41734
61483
2631
26598
66170
14447
81847
1492
37510
11914
89270
62206
42220
26092
40189
62882
81560
18322
54070
23296
41313
7353
4879
51997
3774
88046
10945
52195
50338
37921
15096
34405
82325
42200
1438
48799
87697
86496
44648
38748
57014
44446
7132
13106
56170
75043
23805
43369
82801
39165
10742
1241
75972
64811
54911
58800
17553
34473
56910
41650
60303
65609
67933
97115
68604
82947
60691
75744
21814
60707
2578
67252
818
60704
93661
87174
77948
24621
62756
44839
26827
73705
1229
37226
85696
45457
50689
19269
33499
43477
60560
61875
7610
82439
15969
77755
16624
19535
75930
36620
75357
1148
63177
6847
93935
85398
61325
40510
14773
5935
5668
84451
29788
90103
81713
67833
91592
49391
66153
16383
53168
82069
987
57227
19575
40638
4794
90251
17059
4834
54248
90278
85531
25264
22912
18465
9953
91362
94912
50366
13802
96396
67666
18655
92214
79566
52821
8936
91633
70857
88524
50851
3397
9934
42403
26684
68825
77554
36826
43596
51657
17694
85552
91188
82851
23202
17260
74911
40220
3593
41546
84842
21742
9416
25761
55808
47023
29745
92429
61757
86734
59940
17950
6452
43916
32964
30621
27788
21172
65447
93909
96005
51960
5479
34309
5624
61418
48279
59777
19741
68116
68559
90912
12998
49205
90696
96870
30697
91769
84419
79854
13019
5203
26307
55987
5207
16377
38267
70779
44733
40892
87842
80737
50680
96835
41635
35101
11128
65635
273
61042
43486
88349
45080
42229
15446
92308
11983
22037
9854
26857
54537
76522
83621
14549
24938
46750
52687
80386
25431
75315
42325
56871
20742
94448
73417
35934
29429
41355
84567
86147
32694
51060
11495
82283
7656
79676
49822
73470
53185
65985
73252
43411
80935
65335
89665
76935
49310
92436
73153
21754
68315
11416
47607
6278
2039
45878
90205
17372
42752
26948
505
37629
69225
81531
78299
7474
20418
99979
51330
61480
16546
22879
28671
66155
37728
30152
84690
10238
92098
52328
49296
31412
71212
18718
84646
55471
40378
94409
21111
75923
91081
8282
40193
13093
9551
98875
20894
6757
76363
81141
20871
56037
29175
19171
69746
64197
49018
26673
81564
27341
46042
34416
55585
91142
90126
24601
22536
61941
14098
81627
45116
41781
74323
4771
41685
69104
77067
31719
89366
66138
88967
72527
66479
69802
75747
26432
97506
84117
46263
28038
6530
81032
21386
37790
76088
11714
99365
66205
23712
17261
7747
62240
66640
7959
80068
97777
60568
3857
25153
47251
94660
75875
98137
58795
14111
9513
72394
67499
1938
65423
24508
92635
12778
50660
21719
34822
83192
63390
5012
75455
40081
78250
89617
68398
82198
5677
50590
68218
90062
35357
67093
38388
81007
24021
14087
25054
20795
69081
85232
50839
12711
63846
6572
10405
95351
38165
34500
6013
68101
22348
54657
52561
76769
15616
43201
69367
28626
50956
75910
94257
38907
19623
80908
32638
84536
74916
8243
83293
93608
23627
73722
16474
69668
6064
2317
51222
83821
87629
30933
32855
66820
62305
10350
53481
69075
63396
56022
66511
33321
17446
60384
27659
72387
70883
39720
95301
58310
63780
40194
27
7240
33622
80555
6342
48014
83071
79649
59076
99824
46914
15118
6887
19673
43825
34176
67738
10699
22346
11444
49035
96991
65999
44272
17658
91018
87206
96912
5308
38267
29097
855
97804
98464
2795
77192
99055
7049
64297
28717
17506
92356
54696
64308
98659
75367
16112
20698
8312
95181
64132
25279
19615
60183
94813
68025
42419
6964
78115
33285
43640
86267
73671
40728
45348
55413
58720
90515
52746
4279
44704
70549
24356
25357
65810
67498
91932
46835
67442
92962
73655
94141
53000
97948
78911
53270
19267
7905
57195
92709
83183
59021
19789
61483
99954
28839
54264
67401
58248
17842
10411
36863
14521
62653
56031
21039
24020
91605
28745
62560
67947
27130
9196
77662
55658
27790
47262
44671
19508
52426
66421
9217
72477
24811
8910
68878
21214
51497
27898
6049
62776
24936
80646
48419
14792
27048
75653
59278
3907
93143
3356
84147
48462
89735
4489
91606
32157
9114
30801
59959
83142
70264
10629
89996
7169
56963
14448
15913
83454
21602
87840
46818
54723
79546
31822
61287
58945
28091
59659
14510
12754
24790
97866
35727
69841
25580
40804
26120
533
42338
88267
95425
17547
82513
46479
21002
82000
68986
72263
17408
44936
11414
83389
56430
43966
2539
27064
41456
80440
23674
39366
48691
52757
38389
19558
36089
44678
34351
74352
57432
80551
57804
60482
88066
57305
60983
57959
11039
42365
42418
61990
72150
80910
79528
78661
88011
93468
40095
7255
23522
93601
15273
93673
43650
37569
66489
96261
40756
451
52594
69953
15435
29446
4507
519
45437
23010
14511
58818
74351
85149
40754
98274
22256
67974
88605
89964
74812
40529
98778
47553
17376
62287
53131
22152
18429
20106
47493
87899
84901
60474
57114
53995
4419
89479
3444
50193
99223
60731
34013
77106
18175
68771
88827
39918
84273
71618
50009
806
31652
33458
5441
27335
23983
83640
58534
34679
40745
43874
65821
74299
89039
51808
71851
66882
87973
76541
63993
82642
18676
30968
92837
81901
95313
19555
67059
49983
12093
66231
10144
43527
54953
63858
46359
91904
18418
63310
52156
74283
88842
34495
52037
26490
65559
45449
49001
53019
6901
82460
81264
91231
64118
45549
71275
92134
94378
146
42237
71913
33498
58297
61814
25860
46829
83525
45664
62206
40110
54823
30322
56534
5573
36757
77858
86956
18849
56169
791
97449
94007
121
14717
46443
67620
37678
21906
58417
60462
92483
76669
72960
265
23804
31870
5872
56022
98720
75840
99830
17638
23125
49227
22030
70172
4439
82199
82436
31792
45716
40091
71103
9327
64167
98690
99084
2784
79919
89919
63458
20770
71755
57527
56471
28273
83444
61181
13727
57351
65399
71036
54619
68031
57805
24365
92838
47796
2969
90216
80279
62216
79998
22615
51635
17505
94395
63141
64051
16302
51683
92502
77230
7976
82333
22800
3107
53043
92021
26295
38181
31652
61821
8919
18498
96028
24963
1434
21906
54866
99440
30681
10041
23822
60699
47023
22041
5746
91208
57353
5143
63091
87360
36858
79783
4901
35501
89195
68343
89750
98354
37072
90710
20720
64006
9813
61919
67842
86987
11639
66566
85816
81807
9871
28637
48134
41694
54729
61219
25668
1058
65619
65834
72371
75832
11761
75299
19614
9168
60301
41608
94204
86689
59659
72742
11665
78438
55323
23685
37716
42745
65768
18518
53772
49099
89453
1688
25267
3549
58663
94086
57500
46526
42246
15553
50033
71457
37853
53653
65493
22201
36696
94410
42761
37653
82733
82154
98154
81394
75180
38122
28855
86625
47120
92502
47344
45271
82519
93822
62202
81994
51630
86455
52895
46511
54886
94767
61010
25613
87715
28753
89968
57917
24562
55505
47810
88961
56250
24756
5663
13630
66156
95487
50798
38935
94165
73339
13930
33255
55506
42466
21758
99771
10914
97577
12655
33770
65431
24617
64281
78769
1158
73451
4433
29487
77055
76944
59466
97434
44534
15994
91732
63453
52159
21499
56702
9615
49337
83288
42780
45360
33793
73305
8004
39874
66119
10160
59442
95266
35581
64419
29771
71233
1100
47575
50270
43556
17825
27163
68262
84404
15397
20335
77517
25283
38026
46704
53419
2492
97569
80737
11052
6565
42120
50166
1551
71220
46912
1696
65514
93515
17149
17360
56939
67249
90199
40778
47802
58607
33790
24008
26746
676
27242
29927
70702
77413
6384
5650
15000
16372
18128
91786
58556
1467
17867
66575
57636
81125
10355
97037
6269
10746
3514
69605
40670
46837
80780
73911
63112
74244
29913
78441
41257
22044
19498
15543
88891
69846
8213
9559
69129
23145
80908
89511
61970
63173
26447
53493
5030
43849
48130
56619
68813
74050
49465
41110
24391
60033
3631
80625
26990
60504
36886
10899
80727
17200
1033
16785
19640
64042
29182
85265
3331
8144
3191
26252
86801
40439
82263
30623
38554
81492
40657
64175
20928
36056
15708
4438
82251
83465
35620
67630
53487
74686
99066
47513
55657
27958
58251
35403
33801
48150
67918
53076
40330
20222
83574
93454
89756
19462
2599
6591
81603
40826
21926
37515
67768
71183
18249
98938
23117
4737
22542
85985
61550
98090
15304
17904
65059
21857
95763
6232
21042
24269
20873
3606
6145
51365
14605
85472
62393
23909
89092
39050
74982
31663
94979
49493
50715
27419
548
47510
38098
27388
37138
81055
45329
76625
58148
3916
78984
73445
