89172
76198
4297
77984
28581
64500
62533
43664
42643
97727
76598
72907
4767
898
86850
55533
13743
62980
94301
54648
66243
62269
91304
46869
70310
68322
83091
24328
43584
64304
91363
41326
86376
13522
32719
98198
88823
66894
580
90553
19352
51218
24297
6967
35867
79542
89405
57327
98153
89358
81339
3355
27985
85839
41759
91078
69281
20379
9443
28075
27888
80779
65795
56715
87736
41848
25983
37802
91842
15621
72030
74663
23898
90029
77646
67415
85409
83236
78730
68444
15104
27341
61045
9959
20314
17720
16931
87303
98331
44597
45303
53292
54861
51994
52071
96573
60809
92652
50492
71890
5482
25165
91189
28527
9213
39299
38730
31550
63092
99105
17934
21672
94458
42132
4398
46863
47138
27244
68919
89035
23224
2053
48244
88639
44985
15505
25460
81751
90526
8803
49610
23713
73970
16059
65230
78981
36069
14473
90657
13634
17658
62240
9454
45830
7803
2808
40843
92745
33612
98656
80383
92679
24221
36926
41854
38616
38072
22148
3631
68590
3387
97681
36398
9066
91104
32993
39278
18204
70743
39347
97174
469
17141
76469
74252
46474
59461
69517
20976
1767
89629
64102
23039
12174
14764
6261
15927
3435
83440
14728
96922
89141
62628
11498
79948
71139
44214
98901
18231
28392
62070
83060
33230
36492
778
6228
43214
68457
8702
25959
61984
1471
64057
68660
14747
83828
75884
99582
20966
32140
19811
28591
94555
47936
94
11105
10791
4254
79545
71977
61870
23901
66758
5025
35468
7739
42493
70673
88086
51350
28490
68153
97535
81283
11428
63933
662
35630
62590
8428
77421
59982
74198
36431
24820
11460
88267
87819
36260
64304
87468
307
38456
63376
88684
89870
81781
57079
65905
41600
48266
50373
73419
52951
45010
40520
96546
84629
65686
37711
91400
81972
95600
19047
12141
14971
34859
88756
8754
68732
74918
84430
96533
48614
31479
77461
66443
90318
59980
32914
1739
78198
97132
15595
57159
21079
26237
77954
11542
86416
56510
35532
97965
85386
75732
62057
90572
86695
79011
2853
68468
14631
68242
81162
83574
22615
26929
86623
56647
89014
47286
52801
53359
32901
22466
38524
51649
14507
54627
60997
32741
83106
51314
93144
63249
11585
87869
95914
98518
36295
8511
55210
73911
52353
27723
12985
59956
81848
98082
83716
6650
60694
47703
17281
24899
93583
38730
95805
48232
45000
14437
55379
12415
18934
57543
24281
75598
28174
46652
98545
16623
69765
30039
87742
63261
26518
62062
8467
50111
9570
43795
67175
27149
5585
57642
26277
37571
77142
34219
29760
61921
36977
92566
68132
33756
13103
12974
86151
49733
58828
97652
39679
82196
5848
73409
12621
40753
73686
19327
96342
98014
46561
15781
50035
16324
91434
73389
71358
47097
57917
21011
83885
9611
93890
68972
21851
23788
88863
89024
85889
44889
89722
75622
69188
8425
64699
99643
35336
40367
4048
94623
71651
4907
72107
40620
71980
46899
64006
13203
87858
11481
55399
83637
62536
45626
29726
77019
5406
16579
68523
97042
24875
83615
76476
13606
85030
91233
77844
1434
87508
60555
65096
44674
33916
45753
24067
67645
25399
62285
55593
94674
93347
39800
47256
33093
82582
13953
11594
2582
33967
43413
64375
81975
36776
37547
92952
92584
87143
97810
62150
7377
79156
36186
83041
91515
91878
4540
16844
65483
88918
79431
82550
59836
36821
70920
88627
41112
6649
52085
8457
90995
73330
19094
34599
53476
54843
38352
5615
9152
2125
48688
10357
90388
34381
95408
33471
62527
77253
30889
57004
63115
47567
36085
30065
77158
32430
65151
70974
3777
45623
98314
31744
59076
31405
40474
14175
34315
16619
18467
20519
40034
21209
83661
51813
58136
14370
92769
83591
68099
27388
74130
23046
82928
52070
4170
65983
64101
59184
90896
93116
34165
43284
60659
87634
37726
65602
69846
24260
53475
53529
78168
83076
49025
64466
24446
20217
28945
44406
78656
75549
84537
42160
24109
10909
87470
68541
51355
9156
21131
70368
24239
88177
98791
42770
60325
21220
1365
26583
59485
76696
56541
95883
15138
50442
25363
41947
8600
93463
71473
44560
90273
34180
9206
42469
98637
61879
14426
49082
66844
43203
781
60130
58000
15553
35915
4375
51252
8825
95230
66958
79299
26176
93488
50180
27542
49403
60746
55511
98158
4002
29870
64369
11642
59232
53614
88511
54021
25399
43528
43713
86304
19392
71806
35994
7368
55952
66710
5158
63251
20182
51403
68107
52924
60929
25645
91816
34312
6878
77916
32203
96020
4958
45404
37567
75261
31318
57781
79522
58604
82273
4522
14964
31964
52096
71220
81259
10537
71458
71931
37060
55831
83486
49872
84788
96924
44829
75466
93628
30571
49557
65179
47355
20702
75951
16398
22557
30911
33162
9855
13297
38419
71961
62358
61113
31715
72551
31298
8858
58633
86907
75919
74260
61011
69366
19267
22315
17495
83577
28186
89955
64052
78052
58716
64778
86944
99129
52760
50352
39763
927
5248
32850
38703
33091
28960
27603
40811
58840
61756
54155
507
1695
16229
53498
56957
73954
68151
66133
26626
54874
27218
74657
79350
39120
19
81150
30222
58560
83279
87194
33742
25434
58187
76231
21045
9699
86811
56038
24325
55000
59733
26498
98834
6546
2353
72698
59527
26533
68576
43958
68591
80898
88741
18299
13991
76157
24756
3833
51581
28073
28582
24769
54916
65214
38326
64436
92728
90813
2651
92439
40328
51882
87522
79587
40965
48952
41832
4440
30181
92515
90321
22066
11188
64791
8136
2932
98808
26830
8531
69376
40960
62326
41329
99560
21768
27696
25171
81791
26443
32117
24053
47529
20294
38899
63640
78961
1061
67093
24637
27737
18156
35585
52799
68748
18372
20379
87502
76048
75552
48039
29604
8023
37195
63756
77477
72500
61040
45876
22168
35914
73828
58127
27740
81696
15636
3063
56233
37361
26183
74318
24005
21824
18992
7875
60351
35561
36691
31316
36779
54835
67857
38957
19322
69025
82866
67215
20310
41544
1037
2988
70359
99482
38551
33871
54565
78465
72294
97016
4298
92487
37184
30341
20947
49330
1925
33900
89795
5741
59349
19812
14196
84193
4032
91396
80459
22788
1353
16835
950
94408
43094
23743
21701
13331
8630
15193
77987
8046
9807
87069
90287
7351
39075
26527
30747
48626
17150
4289
10432
93116
26079
46673
73020
75871
44160
87311
78793
74754
64964
27885
22587
10584
157
11663
32086
53113
15607
83025
75562
93869
91972
72104
44300
96676
95268
41536
36786
64611
8432
46917
56298
73594
98755
19038
78456
21489
38887
58227
15178
41663
87160
75439
46585
23645
26102
83808
42942
26479
20236
43707
70415
89314
88
49789
30485
55764
94935
31181
87979
57868
87342
60669
81813
19978
87287
13070
69210
84793
61702
8147
72736
84833
24087
47918
33251
29049
79479
8215
82545
31930
57739
44092
19109
39183
52512
33537
65022
84585
84240
35816
92859
68590
96494
4588
53333
34769
85838
22599
36377
509
74804
96500
97376
42283
31031
98511
60845
54131
28914
14808
61571
99134
42279
36342
9761
16794
73968
85944
99962
96103
7043
87350
26325
40655
67105
53431
20318
18995
12156
53516
45095
19712
13731
88345
82367
1536
62763
24980
99244
75468
74715
29158
31752
56319
14644
92110
86422
80390
27515
37573
55007
89012
93125
86620
94669
84114
51102
92257
93476
55380
53461
13313
93656
12742
58408
44487
4463
87621
61511
47362
29139
92778
15912
47013
24307
64673
51046
46280
51000
90712
47222
34796
17024
68210
55881
13084
53528
99708
62007
59183
86170
13079
33678
28138
97152
404
90262
29793
31396
38910
23424
66878
81303
88560
62411
13434
55258
28871
62290
28457
7804
60466
17141
93107
34672
98887
37538
21244
29386
88975
23073
59876
91734
48513
3577
4042
92212
60940
1154
46956
97268
85582
34408
2602
5035
27906
59896
77289
2959
72726
88650
71187
18325
15898
44
79483
82660
90101
80199
67486
12245
95569
27983
99397
25930
60470
68620
3175
48040
14357
88384
84684
83890
81338
51765
45836
91267
89349
79972
97525
76424
60146
68772
36747
2424
10388
12462
47402
70160
95616
28041
43784
51855
64869
86774
49302
25451
75898
25242
25796
35023
47920
34211
9572
66258
52199
71545
55750
90260
23292
2915
46819
52087
30271
53331
93622
60440
46370
67727
86436
53449
62478
4413
39932
25100
49264
39050
52218
40493
22673
31063
43717
81405
39139
56992
92536
16807
438
10890
7326
34897
57835
32969
12278
17713
10624
10955
89526
29129
49290
47077
75436
90817
60353
89271
94400
74239
35509
17822
59797
85253
16702
36375
21326
51047
99793
95883
22317
75687
60206
21371
66103
56687
46646
8137
93523
4874
13626
95264
8721
9472
69999
87810
46535
36300
78750
69612
77494
12540
13976
44167
55308
47909
36006
49550
22627
98560
2974
65271
75559
76036
39090
37441
29684
92897
82466
89688
85245
73846
7345
391
95049
89936
19062
68698
91096
42976
35817
72015
10308
8312
22813
94521
33507
60418
9133
45489
40456
25404
29295
61017
88425
35283
95013
55886
77819
51803
19954
15338
53369
90857
55145
17874
71844
96334
96801
79747
21764
3184
22310
88308
50573
45126
66697
27720
92189
27791
39607
24338
6049
29712
81638
5605
17495
88873
84620
64855
9359
20018
62282
13906
13930
55863
29574
9079
47684
2541
91734
67183
29295
32912
24440
97807
96053
31514
75903
35623
48318
97058
79303
33383
10098
24367
68137
39438
89622
53528
77803
73073
36851
76985
24367
83653
70965
6324
95147
48169
783
513
85433
68466
11835
76755
49188
66324
89439
3209
74563
6314
85964
24078
21506
35427
36863
48814
68156
54825
17162
14709
45605
3087
47885
51557
29028
50326
75358
38803
81725
33436
81928
31167
31436
53346
64399
89743
75662
59992
59025
54727
71001
23463
59624
92614
57357
7642
38701
51008
21218
27050
7830
81972
12384
19301
13376
36681
8717
70650
42696
39274
59488
96228
65234
90906
55061
5873
42669
88790
45402
32077
57102
87398
93734
98384
29368
49504
37513
39744
94718
59321
27871
51652
90879
97448
66878
87335
75184
95226
9358
99173
57495
47595
71800
65653
80979
903
92663
45171
17817
66557
93195
12041
86970
11901
13069
1785
51360
93966
13565
58858
75255
10126
91735
97036
32232
63175
52004
66281
46081
91210
17996
67851
36432
81643
20617
49124
14478
66489
37334
52574
74840
73048
51431
16639
76729
71005
42962
13752
18436
95589
33707
6538
55900
83571
91726
97878
2422
23428
31797
83232
62006
61232
72426
78047
45239
79263
75190
64899
88935
1189
89463
23043
83662
94204
62256
94083
76271
2364
28474
57055
21478
19290
18168
56950
6514
7610
26281
11029
69964
47666
53431
7998
39125
96829
61932
88918
92847
30681
33316
74120
75969
38974
81021
90265
15646
30938
26795
75785
31871
1390
29832
46818
42605
78943
39848
89089
76955
74009
55051
30462
74575
1191
51788
26457
54241
46919
97431
52803
75420
97934
5879
84966
44834
94808
86476
39538
96397
24233
49595
44805
34927
7813
59392
74455
5627
47049
1055
32863
92412
88004
14488
82949
96899
34645
18297
46788
30014
84002
17997
61467
17764
24754
4882
3473
72013
82600
27561
45283
38558
17148
67302
44588
17474
26936
80615
91599
91028
93068
99105
50980
63674
11694
45365
62653
8075
10289
59490
37043
25296
74081
66804
24882
97320
15225
54779
56478
20326
28609
9942
16480
63733
59111
56206
53457
18076
58200
29119
28321
39037
61435
69777
14820
70519
93931
10533
15643
28395
30767
89003
64795
30267
90232
90864
75323
29070
70198
21748
28511
29361
91319
41177
44700
51576
98077
93208
66695
63682
7515
75630
60383
19097
12844
54228
95988
45592
24752
61100
63314
20520
71939
23767
33518
17635
66364
73699
22251
87738
59775
51810
38122
60946
98783
45974
63852
59752
67796
8232
29924
38198
39605
96536
61726
54733
68722
78350
53735
98690
61840
40015
41143
40838
81729
15531
35522
16877
10976
8179
32502
21711
2599
10537
77201
70413
70413
93551
61571
91212
93758
42881
92636
65149
32344
53631
22354
47517
88160
19107
87120
5047
12352
66769
92702
56200
55997
51979
21737
22523
77464
87812
26672
69682
15809
97004
57034
32902
39891
77034
18679
15974
76017
84201
98561
62587
20187
79593
2382
70892
98988
36150
50341
3229
72306
79638
64539
37042
40171
93179
53465
14802
92537
87256
19052
89127
37218
24752
66408
62753
33607
1163
65689
1850
78111
35490
81736
44788
23215
39929
82311
34175
57512
55820
67385
7959
21341
22562
21729
66825
28031
79518
52741
45142
10359
75765
6462
51024
18143
97114
20095
55234
30077
89332
3872
21709
40029
15057
61030
28908
65290
660
34992
79929
31593
53129
22433
96072
38547
73209
46053
9617
4492
71194
36545
48491
41156
23614
15100
64660
90346
80363
21284
54061
73000
84491
41470
51426
64575
6489
44142
39368
26880
58012
93823
84222
97923
71665
37007
42006
28392
35808
91322
12237
30824
46609
16930
91574
54615
55927
1944
68661
83512
54890
10601
39366
70972
83827
43528
26142
27769
4160
46420
17194
5219
2775
24389
77684
73322
55943
22873
95587
63952
53147
35797
62658
79525
30440
32154
46073
74081
15845
57574
17527
20605
98778
83812
45234
96110
16368
15121
38149
46303
61192
17260
25207
25514
83144
77881
80124
14962
21681
50609
72885
25760
36172
59050
50259
5977
29666
78335
28569
12856
93323
50972
52639
78221
47518
25032
12147
36625
74503
47246
27674
85381
32662
83210
43699
8518
18580
62413
61629
5551
24049
32301
5711
56076
47353
48621
51525
57174
84805
75876
1883
3183
61389
8428
68753
24828
20731
26857
18062
35738
86523
14355
64353
39966
19374
15010
27363
89165
12158
47062
64376
1781
45612
50720
57013
10662
16101
49361
46523
33585
27219
12509
26817
79899
63567
48906
79440
58589
25013
78843
13575
60636
8496
49012
36063
74656
90516
25801
38249
58867
79338
51111
50932
73400
98597
86271
76682
25989
75252
7978
46362
67966
18929
92190
38832
44207
6870
75532
96256
88486
89199
53586
66531
98027
59050
2788
99512
51421
27019
97042
52555
77099
58876
31414
96914
52715
30498
57724
55956
63802
13259
9326
36965
12017
65795
78843
11597
61984
73253
32324
8742
98666
44942
50467
12612
59612
6190
16983
85359
50571
72728
82768
79915
2889
42041
73204
10137
58372
27653
42476
24118
93147
31084
77071
30049
3518
62252
25832
94522
44097
20288
90022
41670
39740
70519
67808
31727
30498
80671
65123
65096
12284
75455
92505
91119
64770
65732
9848
28715
80501
89459
28836
74612
29628
12926
47874
81361
41304
76722
51226
84349
79494
49356
29863
96771
86961
30891
47167
12137
45778
23169
1498
88809
5957
1252
68865
69017
1577
56609
49812
43756
89203
98672
31479
51698
44816
54466
44538
68954
42613
84919
17028
9080
62884
81292
52667
57250
58046
64657
33459
42260
26399
43545
67025
37523
85530
5866
11098
24463
5234
90069
12445
1025
55347
64223
71641
17460
53035
3070
2540
67648
8264
27488
1370
27729
28014
48612
38710
42182
63285
16300
88976
6582
75901
30250
52091
9965
56271
14007
9689
33555
19922
51170
38278
61774
92807
9190
51294
42878
64513
71861
99308
3654
50084
31888
43856
4042
42841
95192
83851
89108
19083
33567
37706
74641
69153
53592
98477
74840
27544
35661
92307
3435
77821
24879
10020
93494
98564
63975
79482
50324
85095
67627
36877
21744
29951
91309
67514
87241
41112
57933
17263
72047
73652
91919
22
28715
71134
19143
74619
8475
60681
94001
33627
12218
71109
57437
46187
83357
79646
90183
41698
25402
82321
41669
23524
45156
93771
9721
53772
44721
50431
76006
46358
96764
63428
18688
23078
84582
62185
67836
24536
96088
19190
88454
23685
12067
27840
26930
7310
48872
77929
7818
35881
33044
45234
68933
96197
88291
47901
69369
97819
52710
7683
61959
1555
47806
48943
26069
17936
32744
26005
57018
6457
87603
81363
2066
1989
2636
46082
5104
71010
42299
83672
53171
53346
21190
30686
21169
90979
72851
50633
62513
31450
75371
52695
67701
55419
29146
48712
45716
59687
25555
13303
4549
37810
47921
69683
78615
15567
87768
73438
28382
58011
46617
26785
7335
91747
90356
1482
48237
34227
82296
60579
83972
60892
96198
60208
32467
92577
58484
1637
21215
59711
31981
84545
15746
64502
79957
79116
11322
93720
683
50504
5405
6892
67143
42358
55402
82143
87266
18313
37084
20105
5269
67423
33208
88471
76218
50081
20005
23194
69615
92824
51227
86476
72857
91882
22419
51034
25796
54896
83071
12114
12424
66997
23091
83434
83880
64877
16288
95275
33556
23535
31714
90552
95343
28625
28143
63711
62603
1215
74223
78042
19407
95351
25099
56578
7418
25699
37470
96786
55074
49076
50921
59123
59733
59800
36387
24233
12097
27512
3245
45593
56527
44145
43395
97877
41737
74029
97710
89350
89500
29244
49590
12533
86489
86132
43733
74326
33046
85891
5223
40433
17010
30348
84029
5966
5237
96646
21937
62076
60117
75629
87700
60031
91445
72130
74691
59092
3528
98182
49656
36673
98451
66063
5277
12478
7249
50692
45499
27098
3568
97627
52849
21356
96024
56268
80447
46391
35308
63346
68290
20184
77097
99838
77434
75343
85899
29431
33735
72744
89423
85970
18963
50341
32787
86761
75944
6922
3546
74619
88482
92772
9836
51841
50111
63766
29113
78632
66259
74754
71998
89488
28121
39153
98016
68800
32675
53023
57462
10275
9490
92902
50083
46083
7873
27941
35264
23936
75452
31756
98680
40269
19534
88455
62509
26696
23032
52421
46937
80436
59133
48099
38991
61333
74298
21818
80543
81575
94643
51714
6232
8123
41033
36705
65063
24974
71943
23637
19678
74696
57084
36889
57777
13934
63171
63991
71705
64581
75869
45515
7483
62340
67040
88527
8931
36692
85257
76232
53578
15943
35662
71916
44214
69042
45934
45295
62432
46888
66889
95721
27473
49748
57644
73125
65478
18130
70244
4072
10611
62795
16084
64700
51556
77068
80322
18617
23006
50786
65035
62095
6723
85588
39959
72658
46869
82524
91719
45602
12882
48835
55915
54357
45757
80600
16304
93667
79006
45293
31734
5935
92319
72591
3968
69453
56503
96959
49861
53492
73668
38546
61795
68002
78865
54881
87795
25862
7031
64142
95607
67406
91104
43540
77840
93485
41126
83305
24493
82505
36762
40243
52317
85790
67105
77316
39845
45042
40697
45811
95085
11478
8665
47896
55605
24854
34838
80772
21222
28222
9122
39163
47203
24776
62606
95567
44893
71974
85712
65850
70662
97416
73121
24055
58237
9899
78205
9726
92296
72959
98957
80218
45248
61267
32801
87721
6342
66430
73910
48751
11283
34413
22072
21783
30542
23844
3201
70696
13878
56915
19168
75743
79615
9047
54164
86703
81306
17897
58167
84882
62060
31303
59800
18858
92288
73213
98304
48568
9209
28016
60951
79320
59680
62279
14431
46263
48956
80246
92989
36851
58079
56424
53816
22061
64956
34472
41626
70157
8023
25484
49107
39507
39797
63167
37149
72213
15347
74441
74683
74394
41202
90301
56698
34193
50927
19360
19001
55311
49297
32081
63141
18147
76060
94457
95613
90520
43394
70607
57653
38502
55769
82888
98133
66805
32232
22138
52929
2000
62138
22540
9076
8930
47893
28636
3429
42063
69797
21516
72492
60497
18162
13482
29758
84142
68496
73242
75571
98418
76628
51042
92233
38511
34244
30929
91137
75981
12967
87693
56007
31983
54812
17657
13264
25796
24935
7551
7836
38567
89382
61823
68218
45460
26529
70868
33355
28678
53792
99743
49822
75314
76982
73779
82523
27098
11963
94620
12700
32751
78168
57708
79316
88486
34428
484
61299
14997
1515
96987
15778
93099
89845
75342
36649
68169
60869
58052
65425
63809
98896
45021
40963
18153
73325
99574
65646
11260
4484
8956
78952
37133
8671
92619
91436
25001
29917
37697
28258
87752
71365
35684
66012
51728
47800
17676
37116
44358
88191
92270
47795
70609
7139
18566
31684
37549
8028
4833
54343
34761
18625
65892
61962
53310
53310
54941
20946
76492
51204
9636
88671
37714
27610
96141
84845
16009
54481
73997
11959
13662
91221
68933
51894
16011
4927
28368
83334
80401
59623
39686
86090
77300
47351
58922
70726
89331
87867
33143
24298
99682
86677
3681
92559
71462
55853
65931
12602
36012
91973
83749
35485
15846
2922
6495
87165
10179
50854
68526
23118
58122
47443
73337
93178
18675
42666
32482
5440
14434
40505
11820
77401
90209
28595
73389
99255
9848
36770
97873
67238
8428
18103
42984
37940
18929
94786
33677
11149
78957
45565
29076
58110
18507
94658
77296
82747
48121
35389
63550
72157
93503
14845
7985
43427
20347
99076
74395
37881
9565
55997
40084
59894
5244
9389
22378
64543
93876
80834
70342
43305
25917
94856
47830
21436
41449
24250
12221
84947
71353
34838
29843
83295
57244
92105
86362
13387
71846
89546
80542
11163
41097
3395
71368
29357
89266
16425
32064
71170
35522
60909
54492
67798
95015
59050
69961
79850
43703
78783
89140
63875
62793
40791
93846
55019
7760
49123
44570
94006
36500
51722
91244
7647
81230
50679
14592
77520
27488
22608
34844
71457
82895
92263
77380
54487
39199
4681
80416
59022
5609
7699
63211
92881
17371
2661
8026
88582
74284
73679
24486
11751
79130
16520
71897
73611
85858
98301
73649
92931
76860
838
86100
24320
87664
20564
99345
70769
4089
91495
13262
93738
94292
78428
54676
12769
45636
92835
17651
64882
8102
75567
58898
67939
4780
64487
20119
29857
6265
37177
62863
38857
13176
24494
60443
71011
43609
39193
22808
77032
19496
98249
99273
63108
39627
36765
35075
70710
84793
72503
84789
8533
23858
64169
97169
95533
894
42412
10331
42535
67462
43184
29166
49574
54377
90862
68581
27053
18940
87833
11405
98495
56962
80050
4900
68926
72099
74715
73357
38293
20332
42723
28148
46897
49218
38112
15256
61354
85604
98747
51578
11807
95677
37445
64833
21983
90499
712
60935
92900
31407
83128
2755
95130
58649
50024
82451
31742
33551
33144
14534
48641
25490
53388
452
71340
35405
41433
37435
57405
63698
45080
40039
43471
69523
15869
80284
31800
40730
32097
23347
70412
91654
37691
79
57022
1442
41581
87755
62791
15235
93658
18242
27135
74814
46486
28826
28040
61604
62646
76973
53963
23292
56551
21014
5722
22203
73402
67445
97908
86306
72188
41311
12519
91251
9284
53669
1583
48753
78662
96446
86332
64980
37989
80788
22963
93798
40901
96488
94667
65661
38685
19331
39895
89237
80075
16667
88995
18346
48482
23166
2104
95918
25087
23582
27770
91693
23898
92280
27024
53883
12119
4098
39747
10965
80251
64273
87103
66269
2460
36516
52024
35948
14322
77137
10278
82643
14217
79594
61648
12690
47736
81452
56999
10612
94028
27011
21833
39813
78046
42493
33094
146
42051
90378
40383
34491
1314
94732
32906
10551
55520
30433
8850
94916
73751
53098
72060
24552
49701
24728
50724
68938
7233
18322
14853
52007
25096
59013
41048
20657
82262
32584
1844
43498
28304
17994
77332
26649
88733
83707
59446
13383
61557
57236
87007
78425
62258
74691
49852
40074
77795
58135
33027
25860
46560
85605
55384
44730
72503
28405
52939
83941
81925
31532
25535
26521
1376
12022
57382
10340
93265
2479
92071
32610
22943
27119
79938
24992
96390
20432
75178
10443
61223
65917
67633
25460
14169
17369
49089
9346
61853
26728
97958
58900
88463
58078
61866
42066
43256
24962
41304
46190
62016
63391
67490
8573
55617
65639
51390
55148
13271
34276
73963
92832
74836
98109
89649
2862
41904
30689
99559
34900
54845
6995
90766
77330
20600
26802
89178
37449
56092
12995
14192
56654
68048
33693
88875
58730
19649
19057
7417
33681
8426
47956
57603
84317
37743
67403
27177
87303
54314
31762
10347
74786
97500
41960
29221
32180
70437
25883
68850
66417
13359
50795
68145
44693
16613
94846
21733
33822
65857
55392
28758
3748
49218
58740
10389
8310
2620
20859
81404
86867
21737
34591
83668
54945
88062
65373
20208
80813
67001
52014
74967
16256
84406
39312
66175
52665
17025
97877
61685
22669
44101
90440
72729
32793
54787
82423
13221
74079
67295
62913
29902
95012
53716
85022
88932
36197
22759
5317
9396
49233
42617
60638
33068
49960
57845
35749
222
81198
45642
15127
77598
267
9395
42205
21030
3298
71730
76210
81912
44268
61755
67730
58467
66385
50636
62753
50527
41730
34202
6197
64307
79093
35111
55104
24278
70718
3728
76510
17810
30023
41763
55352
57444
26412
6030
92051
95168
78869
83569
22360
7186
10097
22837
59201
97919
32651
95703
72348
70858
55084
38461
88095
44978
61197
90953
74792
49465
54294
3755
73296
89983
33400
94640
22380
15053
71268
16825
41566
70637
13254
63143
30783
92918
38081
11633
29345
27814
85736
39736
30469
70729
15990
5586
13016
75094
13675
85986
5802
91480
85476
51081
16621
47881
82902
14358
24550
30394
40518
88505
43443
5872
89416
11605
2393
81609
9970
69523
91656
14044
84732
24403
72909
52415
68470
93534
74037
18945
40998
99927
74265
72023
47964
36399
38026
95188
81268
8280
91226
87250
92872
25969
11717
4557
81423
38464
11418
56078
50550
96799
42026
47942
46553
51117
76107
59952
75967
85412
2025
77113
8719
88331
78570
21051
14546
52673
12412
54629
79846
75962
25630
26166
60924
77159
38728
27304
13680
28237
32119
17706
32323
75576
16249
70214
62166
51881
82097
62113
56036
92010
70120
2432
82716
79394
36912
42696
76250
69795
33526
24926
32641
78817
62852
76557
76952
68573
56848
16549
42974
33664
804
20769
66155
93283
58890
94497
43716
7691
70644
18134
11002
39410
42822
34684
80384
48096
24705
77377
8264
62489
652
71812
83001
6223
64193
89625
36654
49624
25169
90952
72462
35419
89557
66965
87043
12324
72370
33979
66425
19831
83880
98834
32886
72833
73783
73808
73744
66122
43662
7595
67279
38950
41970
93019
50560
20170
36808
34078
87955
89532
95551
51126
53875
81220
80669
74285
60447
25855
73636
94936
90441
24946
16352
4953
18762
45563
51984
20895
18975
12770
80750
80041
14917
40975
49117
39335
1773
29046
84014
7137
1147
62925
83503
56753
21665
7774
69137
36875
30899
23255
34836
4157
42855
83135
41233
77361
60395
91395
41891
74063
70562
10703
15155
69503
56220
44824
99359
22221
18801
39957
51975
26565
86106
89870
54899
94910
48077
56589
53284
95731
42131
41713
96982
70572
81575
93474
65454
69883
27949
96639
57542
59395
7404
8210
31474
59091
16809
84517
72622
61135
2946
56557
39750
37999
23556
48260
64705
39905
99338
9110
98731
47562
1363
31282
318
68202
68413
78784
92076
28478
11620
73873
97900
49470
76241
785
50110
29542
69697
39385
54237
21202
11027
88097
20192
36003
55981
89683
48012
69726
78188
46524
6842
99060
45926
34971
89568
13052
58623
68891
42399
36795
90051
20798
65193
67910
45158
33807
43756
48511
20886
29593
69024
84923
57113
54934
9737
420
81897
11295
44840
55770
98344
28899
78532
59348
88642
84211
32113
66980
46814
83961
83419
66201
7616
58825
60881
14206
76286
58992
22032
99743
40861
10505
48267
67052
65447
88911
81748
13750
5995
12940
59018
96599
81778
19119
11486
61486
98233
43932
14820
33640
98512
65374
20691
8538
27534
44184
15544
58218
92238
75737
87742
99661
38506
73133
95314
16363
56018
95600
77814
10175
25353
48637
87300
70266
71581
55077
92732
87559
76737
36539
53804
12202
38088
94093
90876
96994
26560
91469
61811
20365
92553
40685
92105
84651
50097
92488
85961
38554
12141
29661
80834
21952
40693
74007
29740
99848
31165
1256
59218
24707
70060
35636
62719
65168
20443
1865
5225
77014
67403
2413
59445
39725
355
60304
12549
83869
1541
18496
80037
91583
17164
46523
86062
24767
69125
73598
23124
37539
11878
85052
4691
39205
75535
85803
19505
72892
44604
22745
94639
47065
29060
7100
12529
27821
40785
39110
13128
68424
85692
78327
6137
38620
54948
85420
97452
45856
83819
53334
35538
78320
39662
41414
36339
16082
17214
94020
9908
53140
49183
70142
50946
18640
96637
94045
55165
59377
65990
58068
9252
96752
98441
39538
21081
67767
44872
14295
25744
23910
33148
9090
4121
92180
84582
9513
26792
67725
1805
63490
285
69242
84345
54206
24469
27871
76395
1782
63853
48765
11895
75933
51534
72856
38943
68276
26169
89522
58861
49437
11855
60694
76076
78632
81118
67665
20484
92457
36004
73435
40464
13578
3521
50452
14686
41084
66877
97193
72162
68489
36499
30709
36119
11717
77465
68036
50387
48291
41805
84659
7526
77252
15517
95507
62415
36970
8659
94125
63739
63370
8379
53375
69467
29568
43411
35492
33216
68860
77486
5234
83190
23003
4
10333
20378
64561
33146
19001
92186
9473
38921
11613
39143
81583
80174
2178
41913
24140
50894
53386
85760
52753
58019
75358
85794
62055
44871
13840
55318
39971
13083
50143
67163
19407
821
99225
3093
83907
97445
9595
38246
19091
63362
15219
7749
3970
99605
41607
72926
52
52961
97294
90150
449
29198
81564
97944
72517
53425
70075
23793
86644
70393
57620
90053
31243
38553
22733
27420
42498
90669
27021
4780
51741
31531
76731
23251
64194
40679
24261
41682
15396
95682
40348
45377
5246
44976
91483
28147
64988
82405
9609
93895
94579
95580
66036
39239
99985
86308
78686
19489
92367
54855
50740
36896
49027
86295
1656
68774
93617
51479
38912
81128
42338
38724
18071
33030
4493
47391
81410
75077
11089
7672
23965
96747
34245
50039
87076
76311
67046
50314
34638
98426
41904
33031
68691
59318
96328
75100
79694
16369
77877
62043
46045
65782
88559
10427
93189
98760
400
91181
20019
97156
61160
37212
68253
99090
52300
54175
47239
2183
56270
1823
9250
16571
64968
54688
75247
34946
38353
4686
31553
44553
1682
48452
19263
24398
20146
55292
29417
22588
87437
32878
64146
7298
1572
46503
27244
90479
48622
87464
1090
76365
38061
99223
59486
82423
31067
85639
60011
56727
93538
67071
15284
54208
62699
44265
84075
12293
69710
93529
29414
8245
71688
53304
79844
70004
61675
70508
46478
68695
2767
66501
10904
68667
49670
78663
51942
28258
67597
36911
65772
76299
92767
60388
48429
17133
56740
64348
71973
83248
67814
20040
89410
20808
76836
75421
85261
42606
34207
30623
17383
34365
33201
44747
65358
97766
58750
38658
72703
29649
10435
34254
37301
69712
31403
46386
42511
43073
52161
6866
22832
88353
59647
50043
17984
65384
58468
33841
57168
20740
47237
67316
92827
67445
87738
59438
28135
98434
84953
58620
4971
51415
68352
15862
51883
5340
63883
19132
18750
95763
78950
4158
17073
41741
81469
55080
57060
61257
5007
57929
57426
60682
64032
22175
91278
80212
54157
47361
78408
46691
81147
93129
28879
29128
44969
90715
9873
30625
44324
44982
19774
89076
29048
15285
7083
29608
36771
11074
30578
24384
14246
68185
72150
22260
85398
45781
65988
84813
14607
7801
48533
29981
39975
20253
89072
44345
72640
72306
92524
15733
42391
97396
2547
39738
85818
54891
31234
2470
95735
69470
64558
61696
70991
90005
21760
37686
30889
18505
42657
37333
89379
56362
49841
38788
92739
61836
816
797
69291
44047
43359
59434
90731
77482
27297
61784
32049
43604
54204
43418
51003
42318
32956
41053
53133
31664
67382
53795
53310
33614
42249
47359
57165
18407
32128
88812
33617
43371
56597
12553
61901
14534
463
39317
22114
80332
27660
1219
87103
78403
46490
21498
42036
10440
25856
56652
71524
8607
53529
96433
17625
56826
37696
62175
64689
33509
47591
31880
87158
25836
89473
58544
10923
2602
86912
42474
38146
99919
60472
65262
37066
26412
70115
70137
19430
41758
10750
33600
69113
35733
49040
44722
45853
33697
77514
1994
29171
52344
64810
79182
99221
9829
2330
65415
37832
65072
84821
2141
69581
25062
2186
88014
32405
4069
68920
32458
97940
87430
81562
33614
39407
82344
89692
27483
10032
89813
12491
67923
62872
6227
52588
45936
89428
60713
53890
25921
69960
3339
243
69537
66311
75845
26820
10837
72965
63360
3424
84482
27460
37203
68056
61513
55146
