34869
32084
18269
6356
43467
34753
27960
55139
43930
14489
71305
99344
7825
9752
75284
42933
46399
69552
73721
75382
77105
96957
81126
45874
70585
93542
24038
517
88106
88434
4727
5463
68544
50051
78809
2981
36605
76404
73379
3562
57517
20811
35663
84553
94539
41979
92693
85434
89564
92410
34358
94575
16441
35033
86639
78241
8875
58053
63021
2812
4303
19288
15999
1827
31193
40253
80551
52418
62452
86047
37643
22158
26343
72748
57000
29179
76276
12395
24102
39514
88538
46295
60838
4044
73082
8663
70519
30920
34294
3772
24905
25925
70101
31382
16665
9573
49284
19987
71434
49630
18774
94325
65909
91045
65420
90511
48119
4697
99088
51708
52393
18474
61595
71068
91597
9604
73879
12843
61284
444
64542
79040
5820
32469
6497
26751
95975
57231
18085
90843
26791
44910
22567
25164
59365
26306
60576
86088
19488
61048
86084
42497
97251
8892
67077
56252
83503
76841
60500
7657
56088
77935
4295
72452
88780
69888
96534
14406
47501
83255
74816
46024
27648
53381
57194
69014
81054
35417
51111
50284
28168
91692
59508
96144
97847
75622
60858
8395
63857
8784
75350
23077
74680
15127
55381
83164
16732
52377
87481
25697
48497
65712
23065
76911
3643
45400
77828
49320
91526
7615
19302
30734
26802
22248
71043
67547
77163
75227
76000
37630
54390
38893
52801
82611
75720
45287
68237
34845
89425
15285
82829
54722
44629
80398
86772
98659
73563
54011
45945
25911
19647
8070
22911
26371
12994
60769
29333
80280
9633
3343
84633
21609
76387
48499
95928
80071
50251
98995
62001
26042
29678
89480
73495
65630
37886
83909
68309
95161
85093
10466
30923
28085
59470
25252
38327
89214
93212
37002
15599
62489
70430
70614
69451
35806
78746
81335
95040
9780
61190
56591
87782
62568
69687
80901
9787
45098
45264
39594
48704
15748
81116
65984
62721
37207
89686
89387
95762
60851
30725
35992
67541
89459
4422
28901
91897
48627
45281
80620
27932
33552
90782
11823
7728
40762
74032
86433
61628
68856
82639
53999
10201
56664
85348
56042
51645
17233
893
58577
4949
83543
77248
53375
14858
4218
25820
22286
68070
95452
8603
10663
69232
80973
19604
6760
37396
61829
958
496
19550
46109
31998
7146
35556
94282
14529
69139
22723
29335
61797
45193
96802
74941
84849
16083
17651
12098
88454
59431
28760
68428
47021
64540
68898
90240
28015
10605
83796
98940
33059
56069
83942
65421
1154
89517
78725
70381
40759
58096
19064
76220
9587
9928
82622
15802
87101
53671
7379
53343
70374
92483
34354
72631
49657
39934
50483
15006
98321
20721
48629
93523
95302
7381
96951
14716
99519
69358
44993
47414
98635
37589
87104
95958
95595
43296
29262
50369
60487
464
10575
49669
61793
15446
73879
90418
99174
52002
65994
37177
55744
38378
94492
6207
9736
28788
26167
35453
75545
48449
42490
95704
44416
58805
63550
5624
26192
33031
41140
28679
20467
4929
78890
92391
51002
56532
69869
36048
24597
98044
19561
45734
40926
35883
7083
29651
88495
73557
25543
38342
51988
50072
61397
3463
39867
21285
93270
76213
2376
71759
1621
34495
99685
96911
67305
12059
62679
86194
85591
98374
4459
8256
29460
5145
72175
98441
40520
54148
28894
16141
33645
33097
88243
9928
73591
504
22719
59993
16174
6435
91061
44910
57718
18685
42594
63982
35024
14804
12410
53730
67033
71911
5453
30049
95440
75333
43033
37270
71221
31589
63161
68816
61709
21628
9691
66534
41730
6654
69104
18629
70567
27764
29660
29975
31449
49046
65869
3890
43585
20325
13608
23226
7383
97991
55038
69523
608
17472
54846
99464
22328
57610
77573
49105
55498
3377
62224
72805
68923
73742
9906
52892
78087
26621
27777
92350
21700
54877
86186
67886
63203
3075
31461
5357
29909
74171
51459
97324
38761
85917
1027
45330
11155
82920
88101
39813
63337
62333
1078
54297
88647
56059
20842
65266
46994
97810
83943
39704
69209
84230
11901
80150
41720
78466
74804
70287
40503
88182
71231
58814
90735
9743
75628
22471
48940
97522
65341
16192
92397
49845
4848
41462
60648
39801
66458
87997
42571
94951
52307
25751
10174
86726
71275
64448
98148
63351
2331
40084
51457
58509
50517
19710
93493
20172
93341
43838
18341
23997
66897
12885
40347
79915
74756
63024
10884
15453
68808
97583
55767
1488
22473
10673
9334
49296
51767
32414
62476
65172
64828
47760
73015
64915
11148
99679
74591
5958
53945
91432
32164
34620
88230
94489
64310
91380
89908
31611
59197
12922
30040
28412
40825
25729
16589
72825
83556
51833
12358
77189
74644
76205
45404
55704
10749
47229
96997
19382
13970
98323
1830
44122
4428
61187
19071
31295
41539
16900
16996
23212
21849
26789
96013
34266
214
3886
66883
42499
21262
94004
54106
94088
60607
14712
21278
58974
12471
50685
2182
90199
20178
96421
95366
80169
53600
10439
64
62301
51045
89902
59642
81590
21914
55249
6539
12475
5842
27146
8558
19683
88567
25622
14681
43100
18514
54824
36136
33528
22857
53994
93266
1045
99330
42481
87709
36551
34534
92315
86862
14340
46945
7400
74744
34764
7238
45522
21238
30675
2160
72971
55028
15757
53282
48178
72070
54773
2096
85105
81468
65529
3959
42069
92462
60453
7687
70187
52049
43018
35265
84628
32684
88363
85467
63461
99556
50916
7072
87549
81074
97976
25428
98787
37559
60949
93749
38172
88614
39558
57566
6790
53887
43829
28837
12436
18364
23163
46020
35431
85572
96581
35221
25029
25502
5604
45558
54904
78463
24594
32747
95910
12804
36828
41347
36136
61851
3024
72691
3241
78684
80804
79743
62589
1301
68128
73783
11835
40514
19146
35710
53017
21404
28972
13829
45058
76392
86308
17622
74007
14960
20584
82445
56383
50863
50259
31552
81804
59846
88081
83328
65740
20460
27427
87096
66792
85314
34767
71089
70013
55011
36327
5816
1268
72091
61716
2295
44064
49935
71999
36800
42612
74266
93371
71753
29918
55000
91699
80240
24004
76698
67180
42272
26297
38522
70230
30476
71612
43177
7380
22040
49262
75844
3845
61879
30702
13765
21455
69422
21554
25654
62056
728
47716
45728
51680
37507
2999
43457
28270
78839
80004
71228
15893
20087
5765
46891
52498
89952
65646
16911
12357
90574
56547
49160
29018
47454
7897
1856
28435
83310
85901
68801
61139
66433
18459
72231
98602
67422
26237
70960
6680
94328
3392
98704
81568
20521
48900
50305
13291
5335
55728
53048
53749
6232
87727
95827
53080
20082
79787
60174
26995
8987
52292
99477
10102
29823
4589
53843
62093
50176
5028
7784
79878
8440
19148
58042
10817
46458
91977
16643
99604
92918
37527
29288
54872
62235
70854
78825
91443
56470
89494
50612
38274
45433
17036
54740
58563
2551
81870
20359
8605
87756
40065
63630
69004
20506
79292
72285
2829
63598
41192
62290
91106
14144
43862
41090
99234
93913
19549
815
80160
19279
98127
87286
73175
85964
55704
30820
2735
53229
55186
45385
90478
59078
38151
76101
87998
52003
77156
82558
26550
70985
80405
55828
83048
95898
16355
13292
83687
32151
56520
90056
52179
71361
5291
92919
32931
97880
64924
20201
35981
80612
8717
27419
29300
64114
42058
80465
67023
14742
51415
75297
49234
81839
91557
71148
43388
4616
40337
67880
54556
20826
47161
51096
21696
17007
93788
34269
22779
9121
24237
94213
28146
2081
19218
81666
33028
86580
75967
27670
73140
2776
99691
90250
8724
13124
37132
38750
28080
86477
66612
57051
54100
11140
15879
38404
67482
41597
38455
36266
82164
1611
89022
96862
84914
37607
98135
95074
81777
51600
46426
47161
66272
91340
59890
61757
98992
85420
55293
30127
58008
63309
32959
14056
84546
85371
8963
92878
53238
45552
8367
36835
29920
71354
36195
69688
3232
10907
65998
44926
81967
36522
75245
59837
97705
45047
6785
22557
52251
47883
49772
27746
1257
59981
86952
87573
49756
55617
91139
68604
99751
23852
63994
75148
62485
84531
4497
2325
72177
64320
88365
82556
3602
27654
38862
21350
62112
36892
81741
59119
94055
64453
27021
73403
82423
87505
8513
10212
96213
13980
70426
6130
10435
76340
64075
84072
12358
14808
7675
30459
71769
5339
58502
91294
87790
60968
52209
44472
94012
52608
84840
96791
650
90558
58934
53118
50102
59516
84735
99610
82594
84783
22077
63282
65019
29004
20278
83357
45128
25710
74966
61357
98988
32272
94446
64265
2807
10612
30121
37336
64911
11494
69351
1881
62006
27419
80248
96880
20473
27987
51734
81083
48661
31997
75423
6978
99334
36986
26990
95245
49453
52441
46229
46799
75389
46274
82809
72768
72290
12334
25962
38985
10414
72595
98590
95320
77921
85086
91401
11156
60821
5145
70522
37194
45444
52364
1685
64453
53238
78431
20648
75293
16554
61470
79917
98054
98272
87797
475
52617
66433
49178
27657
34319
90732
18987
21473
70682
45342
55788
14300
60846
18333
35443
86271
66316
82977
87231
95506
19136
73824
1154
14201
51152
12660
9567
79217
82837
75339
44942
3176
15654
16266
72093
2009
35535
46559
16721
75875
70945
11458
12362
18950
34947
3302
57508
7129
98918
70146
23865
41098
47702
50295
9188
15827
23724
22718
46017
83861
31616
1008
69873
55476
62876
23632
1049
10895
24716
57528
99049
96218
18673
99775
33338
53946
43413
3140
45073
48188
24729
41274
11712
55762
52715
71408
82028
66187
12755
21660
50761
47406
25899
32579
81601
98707
53551
47079
93779
75742
30218
43214
39768
96025
8720
89387
4065
66060
50570
65259
23421
62300
61292
89278
39191
68957
1859
127
21179
63701
46570
16930
97465
60047
10331
9946
13314
89241
96066
28740
95024
30234
47853
1299
73858
74835
17856
63448
77188
19921
68646
61710
64813
85100
62306
87456
70722
60512
99234
50712
94808
59301
78005
51268
32406
75149
23251
89606
60537
92953
27483
17241
20690
39544
63162
73820
36170
14557
9639
59900
92805
59612
7980
6338
10372
17826
23966
34197
64421
36270
10413
35854
75109
84495
31895
44055
67589
50491
65527
7774
73834
969
11036
98908
69694
56843
98356
95868
98357
49228
59975
13418
74346
3074
52767
53690
18119
73392
27333
84434
82723
10043
19559
32597
59302
5511
74997
76557
20488
56749
71500
55892
54232
67003
28010
2975
74489
95400
64127
59784
9382
77042
41444
12182
469
45718
60774
99499
39354
78507
44091
89546
47202
8540
7605
49123
14176
54144
68404
97500
47909
17048
20085
3485
24008
580
32840
6296
77381
72546
19776
10868
97793
43908
11972
78581
38220
11309
72226
30217
23071
39048
31171
40369
42917
33540
64378
30442
22486
23056
76981
7127
83071
50223
27862
66125
18429
12664
55420
55450
61895
36525
67130
22099
63116
69270
47785
33913
64786
97594
38905
76007
10365
74041
21474
67707
59408
77864
85306
46718
36558
84937
26719
61586
44793
75975
18803
35191
52860
20939
99336
57530
95460
96030
23857
89690
94408
78044
93304
36088
70634
1905
35374
58074
95222
34931
68861
11356
19591
82235
53017
18613
66441
27073
53685
39457
19097
7379
41393
7472
43528
54673
1777
90218
39710
18152
95977
69277
77948
89290
59093
68613
83962
74215
70277
26870
38831
26154
7478
85001
10702
47825
21755
61729
58925
60714
15354
26713
45602
72583
11443
72780
3654
19230
27739
60416
8603
96320
95175
83887
84906
96532
36740
49748
25572
52047
10595
78287
1227
21681
63473
54900
52201
71455
52101
790
41918
25721
95443
33004
41751
23864
71485
35998
44185
94758
36585
16750
28734
15577
6254
74437
9782
88461
41672
13081
68718
86365
27979
73304
44686
57726
82932
30803
16668
36473
48506
84682
98047
75682
54756
24496
68318
8569
6676
29851
15302
29117
70337
61578
60042
60808
50338
71059
92613
73867
25734
8264
96667
51206
21569
55749
17981
50340
12193
74425
4012
95473
96191
22159
83509
68985
6352
71672
47194
94719
11867
29398
36177
10262
47013
519
4261
34880
29032
39660
8282
52608
50402
18453
30639
46174
95594
73516
48860
70934
8861
34618
86907
70333
37334
67481
25187
11442
73213
99224
53166
91197
15190
8196
83741
87591
6522
38649
41042
68789
17155
82021
21370
3394
97056
87221
90062
78903
98984
79647
80910
85066
23436
49163
38478
15153
42853
95902
66797
2977
68333
47140
41632
6247
34569
10649
84174
21794
65380
67061
35476
29147
85495
80306
75401
68547
3299
76635
6843
25927
52481
20530
71480
45362
78929
91486
2281
78272
9008
94480
73177
84922
57317
19408
70419
18802
10873
617
30697
30845
38438
28781
69521
32136
70248
93222
47626
41112
69041
81979
19132
22562
3161
87611
83037
80419
70162
51304
44528
61790
65945
89923
18185
44208
94344
78513
68235
67985
37513
9863
87730
970
18501
7767
83180
36557
41659
47542
23745
12469
8748
81417
6516
65787
17394
90796
84642
41618
61041
23710
61192
27328
11078
95533
98049
65337
6044
91065
35596
90041
83037
11816
88652
59166
8485
97253
86761
61600
1107
95734
67091
89582
36985
58649
19175
29798
33938
42553
81451
76721
1523
35955
54771
33881
87098
95167
28326
41127
83331
88414
74138
77213
13946
46111
52635
28941
95114
91181
99243
69236
62932
21785
60580
58295
32827
7679
46585
90776
57340
65591
19738
43157
26204
97147
47702
58397
52121
93488
29819
47600
4802
60147
95577
62034
39427
1153
44132
43819
55032
89571
43256
16606
28226
29492
77719
98020
41336
79760
67598
51748
76885
62170
21846
68210
72591
67402
14486
10081
10824
37810
3781
92102
82557
97164
97421
76395
41852
47458
69675
80556
71634
76025
80627
76817
61602
9754
38961
91528
17426
45150
70890
76671
73024
88758
78401
65243
97361
39221
19637
80248
5002
73530
57703
45694
6872
67645
81850
68732
31081
12661
66387
50115
2557
41892
39136
95138
43575
59520
84533
88025
6798
13407
40433
20828
71361
74078
54111
9414
79591
81710
5177
85911
30531
22108
5926
46892
49782
57051
24996
28698
46159
74607
44161
73766
37757
82553
45251
11716
25926
12442
14376
43082
38448
3078
27687
57871
82236
29927
16245
56838
87378
98923
2180
81617
64696
56139
71782
89668
47388
77496
73039
71832
17297
26916
72376
84232
10134
9546
33600
41707
46321
53884
42669
46446
34107
17095
23408
17645
67733
36197
80455
39598
66041
38463
57276
14075
54507
49820
44426
66458
41070
71978
88703
29834
60787
99112
49213
61020
29452
31053
60539
32620
25790
31289
39593
26714
33045
20407
81585
37001
14417
84075
10104
18676
89694
57597
1443
30568
11618
75554
8279
44482
99312
6212
8216
35429
30425
98286
17395
9048
87042
17397
94456
80954
14768
99846
18495
58339
80960
72360
93932
57880
84435
97230
80108
14602
32519
27068
31871
30156
88353
41362
7024
49903
14789
38970
14079
94588
34568
36138
80767
55086
14621
18551
77467
95241
50924
77974
12180
81979
66945
61328
81926
13
19520
58337
83593
61445
56246
43341
5298
81244
60330
27264
82105
48823
31123
59904
87478
4292
64419
64978
32709
83731
32129
97477
82088
49198
49205
7294
41772
25303
95612
43137
90339
68316
90651
29946
99280
56761
66383
74789
7938
53003
86435
93280
78487
36108
77596
76938
74626
59536
67822
46264
85384
78619
33330
68308
68227
81277
72847
71474
11177
37131
52564
32689
32903
16666
51560
31626
1703
16634
15480
36441
22418
13166
30095
37349
41262
41188
86373
87501
47207
18453
66990
79056
41644
19514
74899
64825
73521
35272
67422
34022
75890
72971
23278
84915
35703
97307
72491
97000
66738
93980
95251
45820
38597
52248
23315
75812
79521
88849
97553
77308
82410
76806
58214
61008
57078
31812
74345
64711
67508
63686
10438
22381
86441
42954
23566
6908
87413
64753
23080
15974
52660
52883
57509
25602
24929
12509
4594
53680
39317
26056
99558
43242
16941
33303
19034
58314
89994
61101
89400
78706
22801
39432
40332
12732
26322
62110
81560
79518
16198
16274
6564
9689
76530
53363
23954
56543
63817
39570
5264
99486
25645
89310
6406
56365
18742
11453
15631
42802
57899
49193
59076
26350
35628
44772
50068
57318
53491
44794
63984
12015
26287
72402
10402
7028
33392
12304
75710
20615
61985
6058
91473
55202
82574
88965
84790
99960
52807
43307
17671
88926
18397
2507
77137
11215
75946
37774
62016
1792
38221
19697
6777
35137
61202
6596
2567
86541
27152
56573
29836
83726
75788
10746
18105
19919
58876
13969
72762
47712
97413
40566
29736
1408
54693
60041
8994
33674
41645
28696
67446
75902
73734
56312
71768
80042
8437
476
853
70869
58745
17712
46530
50409
27888
80533
74829
1306
11673
71800
77141
84215
70805
76625
81142
21036
52807
57461
6428
17617
22202
82969
27161
88659
12098
42788
89457
11997
98074
50095
16786
52003
13389
71643
41538
88906
22512
13327
27728
29879
64780
17997
29837
31027
55449
92464
12211
46647
48806
3365
85859
76602
84662
1378
7821
16980
58436
58887
97032
48078
42855
26704
74433
19977
70544
34420
43728
82951
1136
76605
83879
50234
5047
98884
93956
82343
3831
60648
57317
64181
51399
2603
86203
93944
1763
10505
42935
80565
92305
4118
95200
82450
74078
92339
3815
38748
41895
19341
8818
66515
31348
79570
20693
22262
29630
22256
72223
64454
90866
56812
55183
95706
71021
11900
21095
23999
2407
79426
82361
59305
9004
66245
65663
61051
31525
18957
7335
25519
21334
35643
10954
1602
36128
33699
85374
33919
20582
23015
36257
17414
27725
74801
70422
20921
36861
71468
14476
74691
98852
97600
97305
49766
42778
30504
58343
96575
85695
9553
20933
9943
12032
97618
41406
93737
54424
35939
46566
7627
31987
54875
58160
38843
60654
96458
97052
51335
36730
54447
12302
13113
83424
46327
90171
27709
75358
63795
90205
32849
97711
44852
95429
82312
10793
89766
17807
30362
27680
91238
28689
50924
73608
78913
26478
29815
92823
74251
53127
60568
66889
90457
10321
15891
89373
94907
80034
16997
59101
52153
28292
51397
42363
44553
39884
52437
24214
62507
84164
55051
34012
10561
16708
84406
90730
61838
33664
2896
45902
99369
8283
50975
99053
27102
76217
77223
17473
94145
72850
84656
90874
624
2594
41871
37990
37797
17853
48467
91179
32980
5056
52046
79152
42567
29122
64863
4028
87444
15210
28728
8182
84535
2394
43697
10187
80049
69577
98152
61358
76317
9167
3954
69722
86411
70425
65603
37619
82779
58492
26390
53515
79927
16006
32025
22464
84557
39376
49209
33058
8616
74735
24645
6067
15946
64458
35841
94887
2824
39878
76906
33194
85186
94685
96480
5281
19709
74158
15733
26952
62879
67725
19473
31099
82023
2651
77248
90544
10726
38448
57400
94242
83582
11701
32778
31304
50741
87982
68516
91492
48949
40532
53441
69848
79780
93857
42222
73490
79835
21541
72346
3720
97350
70613
65689
97950
30167
1475
53333
7653
59559
74792
25202
49757
32585
86014
74779
36859
36428
73899
41870
90790
50030
823
2209
23035
84568
22686
50416
43185
40794
22881
68645
25527
42979
39319
40482
79129
99580
14881
35149
1153
76898
70044
35800
96346
29759
67023
61453
94191
6660
80931
40979
91154
39013
52274
60895
64569
47985
35385
67577
31747
19308
99879
35786
8249
48683
35928
34815
12143
66923
62299
60957
38249
14382
79374
79649
55962
947
70347
13586
15400
19089
25244
77926
19916
38447
41835
45741
90037
96419
14004
77118
47980
99718
56987
44285
27506
31889
53434
22213
83877
97910
29267
2551
54081
32604
60324
74911
24580
18360
28152
84864
85834
82149
54842
10140
66583
92033
34084
29889
88531
78307
15445
87091
31343
95804
84161
20306
1510
5961
75363
22024
95550
16434
70798
65553
60174
48962
86273
12359
53657
23204
16440
99753
16281
9462
56895
7624
69719
15885
51202
46670
96343
72869
39679
76811
45712
73122
25917
45949
27928
82248
17206
64251
52255
11475
10832
85566
13426
66324
35689
33837
57056
59593
79312
40643
18201
97752
56177
80095
93650
71079
34664
37672
12932
21659
71703
47963
51253
8268
65426
14291
53070
4929
33656
21683
51595
41869
14204
23666
49106
50149
91425
64100
1563
50908
61188
68193
49486
61310
30067
36661
28009
41445
11996
56580
2752
41115
28352
67287
65407
92301
5734
70310
76844
95080
42251
59940
25831
93332
36471
6818
3315
4681
66732
92577
4622
58513
37880
23640
17852
79292
80073
21757
11714
34522
16064
21556
10286
23321
11550
13746
34708
20155
18843
90220
24628
76594
63765
18337
68663
18875
13541
67616
37815
10165
8622
95928
68510
13724
86447
97018
1927
44839
72760
1868
77889
2234
13209
56109
42706
3304
82773
68225
95704
42440
6389
12088
38571
60371
79002
61503
48222
80536
63754
12610
34212
61020
42412
23100
68879
13905
88494
62877
17395
28914
17059
8374
90505
33784
98379
42020
65744
30908
62186
7703
13998
19594
62778
88510
99317
63198
33148
27217
53760
41789
11530
73595
76028
83283
30088
6722
12452
11940
88601
78131
48004
62321
61934
67663
1983
37450
15449
97228
1772
23658
98048
23721
61467
52883
66252
90579
38230
99367
9377
12301
32322
79520
39816
1951
49189
83821
66088
18749
20161
51593
86196
2130
54334
65145
17854
36426
35207
10946
95496
82137
73802
93381
9851
47211
6179
3288
56081
52137
78162
90627
82700
87428
20744
73715
65994
49730
46753
29758
7024
54338
92011
94356
17155
91437
83910
79902
58357
56923
37443
15157
36604
45343
84398
35586
36319
79377
89544
70894
52138
28854
46477
81573
8482
17293
53173
91563
95634
40952
59350
77915
87874
25381
48326
46904
32361
2361
38942
66578
153
52024
9626
5624
17977
85203
91453
10836
24433
96238
65233
43911
31678
34060
34860
91617
74853
26042
49454
78205
65124
13302
2567
14327
2948
14970
36373
58027
86123
904
30955
17739
63310
54675
87406
14557
57475
12455
18873
70639
37780
44759
10848
75512
28368
87521
65969
39692
58971
35360
75254
7291
80390
84622
31927
47558
93433
27060
47965
52639
19661
96815
93041
4701
89846
80928
66755
78041
83325
97873
78599
91688
24172
74271
34073
13940
53923
91912
21345
1753
27048
78643
34002
9274
44474
4278
23756
75613
14182
11527
33249
18922
21746
86947
77109
58235
46199
82677
99582
9984
34797
73796
31307
7442
2590
46907
641
44081
80380
87638
92513
12093
72814
7942
83397
72077
30277
49441
16585
8528
76270
2665
27366
12414
33472
18935
94297
80345
49492
96772
97411
55845
27989
31380
56553
44290
42093
99679
89468
47714
41183
86301
62515
93675
34355
9710
14548
37738
9451
86115
29137
48210
65013
82124
5999
18896
97465
84319
22146
76108
43090
92097
5077
11358
65049
10101
43366
7882
43709
50974
22445
58874
60207
84403
76060
85111
14778
9534
4738
22372
93744
9680
42634
22071
19295
88005
86497
28564
36770
64687
89525
63751
63252
41954
35320
84542
92159
46491
8516
74049
97938
75054
19512
72495
99602
84618
21857
29366
46663
7691
34708
13871
63319
1116
92375
8499
4592
33927
43423
89118
90751
56315
93716
6687
24254
14521
71505
8248
70121
33371
69832
93401
94289
4608
10147
13555
19210
66488
56388
40859
80479
50857
46861
43870
60358
95452
87164
32475
59885
72359
49550
19202
98899
80536
13509
72839
7188
37690
31236
46946
57244
89255
12599
69702
57373
37803
57551
94108
22108
99280
54347
36187
47589
43
82450
86502
2335
31299
10973
87619
25689
18873
35058
82515
59908
90840
68906
83219
52763
31035
81748
17550
72124
85429
9107
37469
51386
35009
86434
45276
9836
53318
84152
92297
79933
71174
94279
82364
9638
63556
79486
42846
60441
86064
52046
26055
87700
49361
78729
71448
25077
14029
32550
90033
37901
68728
84129
7665
94797
70966
5248
71720
76573
67951
12017
35578
57132
37294
54735
56562
69217
26389
31715
42752
70704
96641
10086
26193
91784
49142
97540
46985
10217
79527
14429
85728
2642
7396
66246
67350
92473
82304
3084
82964
27476
87165
45560
56513
90132
17879
22990
76445
98098
88298
11088
10845
66210
22528
98847
31588
21859
3899
34113
89435
73240
27131
66526
69869
28625
50893
34148
61889
45314
46577
55499
10708
17717
902
56915
59026
52412
49908
7529
5297
24702
8405
45129
28267
8595
84896
30813
64886
87691
3700
81923
10081
62568
14654
78956
94669
86668
78183
83393
65701
44620
74910
35808
37596
54052
4957
10789
64322
29477
11449
20548
77474
51785
88619
146
82651
35911
33047
74851
74073
41346
38134
63885
46383
40060
98404
59852
34740
4904
59975
2591
84631
42076
58170
90032
95615
64261
82934
24849
69540
63093
8764
94978
22340
40951
23233
50863
57891
15427
47734
22453
71554
52941
47027
25605
56410
94968
9792
72417
73045
75432
93088
39236
79562
57301
86490
48127
59603
92635
4901
65885
75372
19470
1455
9735
89515
25963
95338
41412
46870
72202
92531
79416
6533
65104
44321
71790
62581
30753
89959
81936
13798
77042
32422
74963
90834
91835
42450
96976
59435
85355
49982
45580
19439
32055
56550
61241
8458
82219
70682
77621
35913
60417
4098
8432
63478
73646
51251
54956
13589
35769
56940
89149
27642
90408
27757
53967
31076
47987
51253
44391
20026
83673
78357
19362
29569
84625
40631
43161
82071
6777
71045
45254
61263
61418
50615
95232
20937
54253
68093
70818
91853
61414
50980
6283
91076
65839
9097
40990
64371
88704
86328
57449
72853
5097
96383
66626
62708
36290
75476
5134
47332
56442
65183
41307
91996
77355
74405
32941
56562
48079
87923
42454
44817
492
59555
35806
27354
14314
91310
14211
1012
84070
99214
10073
26097
99679
49103
43218
69407
37741
97169
19705
88199
80049
49980
14905
13893
13160
22849
29978
79781
27961
85417
25611
7062
54798
20541
93723
35950
16479
47441
20417
33306
82473
72173
4956
6304
28894
76953
29749
38259
73046
11428
62849
97298
5028
38481
55842
23389
92483
63487
36172
90549
5295
45780
70085
13552
72112
92517
50054
78229
7760
48484
1566
48602
35694
27783
88374
60567
3275
65265
86767
51462
72578
37919
35399
8122
72885
50705
41787
8025
7266
34578
10662
2232
68468
50470
34952
23825
72406
97552
13858
68035
30498
55485
45245
1607
65016
10320
72042
44682
89802
74315
54820
89515
55252
16214
47122
23187
94377
78640
65832
69676
5032
99983
20589
55968
61965
6837
78104
66255
72388
18545
71923
65644
94905
47279
77602
51349
48555
27901
13277
90061
98175
29467
77720
75959
90960
49791
76292
16465
33475
74146
40942
99691
42521
19370
18053
17410
29726
47124
48697
46078
21279
50813
51871
13124
39737
96782
94641
17177
47723
93442
89618
56628
365
73622
23535
7741
74074
13548
73665
78952
82089
89019
33807
13161
73274
10166
66097
12115
99179
7863
2959
55249
33034
24584
22567
20223
3685
84814
3278
19526
73149
15699
60686
78930
98233
32590
75949
23730
19031
64785
94798
40396
45341
41743
57361
55226
74510
88360
88245
94245
15064
27698
41150
97020
44266
32678
55441
44497
96482
97060
68061
8912
40676
19939
42740
18365
73479
89945
72406
93449
83338
50403
23918
64976
66660
1811
96470
46387
2297
66451
54486
39469
10152
91002
586
63284
39681
61802
52033
52781
76948
23970
82113
92268
63045
84103
88712
55783
18363
9386
16398
43958
94423
37686
9798
92330
65314
68025
6755
99847
89792
35917
5272
85631
94944
40865
53463
90156
83093
12680
17978
95145
3711
9214
96576
82093
70018
73779
95408
57510
99705
66581
51001
72366
22147
86590
46010
52525
28219
13431
61053
63402
71877
68455
11966
48559
35204
39773
9801
51864
32297
23798
72417
60183
87206
19307
5085
10248
60417
90778
16174
34572
52708
63119
55611
14724
6097
14798
92109
6252
65138
24224
23719
98769
85582
69048
28140
16465
44696
12225
59780
67469
96002
83974
65466
8205
16239
61789
39581
64560
33541
22417
86278
86030
26305
62506
89465
33261
24773
71579
26628
64636
20044
72584
36100
52752
17023
33330
6247
57848
69536
87873
52013
43999
21795
46668
295
36701
38652
91880
84674
39130
70739
18859
19165
24833
56436
63004
72821
9052
90627
86169
88162
44946
9389
18083
29850
80313
69402
54890
41619
20570
85855
61201
49574
30528
44400
4190
81519
23708
78194
31200
5233
74745
76238
22109
13526
34935
25441
90615
33172
20326
34160
75899
50155
60640
51129
73830
69643
79619
30373
36883
14547
60777
89082
47941
83604
63398
97677
43502
31700
54398
25620
78746
92526
80289
22842
90363
35030
27300
49387
77969
40058
44445
81167
61558
49189
61787
55252
33891
5501
93439
78691
71811
8748
1371
14773
43570
19259
69541
35967
94641
36058
89079
98696
99337
72637
93319
36763
90360
72385
61758
16919
97949
1132
59992
86340
93437
63313
58871
19521
20176
89107
55235
68217
25611
29793
12770
65524
94890
88416
10000
72009
46266
6246
83611
9136
18784
84386
21630
52725
1450
35354
84088
6986
48624
99660
7112
76372
66373
62134
66152
55909
3168
48784
87139
56874
86146
79799
96179
20378
24643
14597
18043
36783
88414
19484
2174
14801
309
52226
91291
97517
20354
96293
61670
92677
45756
27871
29731
33058
47362
6933
77473
85764
42119
79418
58961
76474
19770
19505
54562
1260
18256
6543
73691
10645
84017
95007
96916
48015
74844
12287
41073
54503
44951
69863
34363
71119
95543
92554
45213
33074
57576
53365
27032
2146
35577
56436
78980
14797
59592
52020
95043
87310
96325
11299
9315
5312
71398
29523
63601
25357
3527
702
25236
58469
44283
54500
82189
81354
46003
65551
93993
712
66954
89719
33536
99010
20299
82978
461
5831
65343
41123
75626
69892
32887
66755
84360
19027
30130
69981
15080
86417
61387
93187
79065
38733
36515
97599
22702
31931
49414
42996
16667
77033
77788
28706
96620
67561
16975
75592
74434
14029
33172
71363
12267
55505
94008
50197
21949
79058
90440
45345
63470
79421
34973
74195
23571
43522
5954
18685
43412
65542
19747
33083
45640
22104
2644
31032
25714
77691
42587
52297
67255
79554
44347
8120
30266
9371
71230
57115
51094
66178
7870
33794
3800
59478
43056
93808
2135
59784
11661
7233
12945
66063
35742
30570
56931
68249
31268
18973
72100
41052
80258
40939
9950
21067
45639
34052
96139
97860
18971
26971
27144
84966
83366
41765
6360
991
69400
99488
90904
32516
16888
49551
10906
20890
22636
25475
52896
86256
77377
89046
91543
61104
70456
57201
26830
34091
86861
98094
73681
53361
19493
66519
21350
94082
95796
32877
43235
88094
36841
24741
19114
97752
44694
90061
3779
25674
12223
63916
86868
55426
45246
94535
28351
97498
10641
35615
65048
97862
6433
79192
27810
21638
17231
1845
76101
602
30845
70591
74477
70197
42487
36293
85186
94955
36156
58108
39520
75172
96045
57607
57075
11986
27120
79955
64592
66495
88833
13881
50610
94112
39510
93415
54480
49862
19054
46200
43736
32563
89621
92510
17514
60969
17878
52642
15443
62238
3934
49315
2661
268
11625
80090
87759
50405
4075
85374
70622
39363
27517
21123
47216
48797
25089
99454
5552
55254
58228
96547
23731
39088
93648
65711
43502
71614
17563
57602
98482
43703
35599
83140
89989
21925
18055
46216
95934
39549
10402
66189
89949
45994
12407
50273
74245
38594
35670
63841
8918
34394
42551
44028
52651
86965
34977
73718
24205
85688
14392
16039
47698
14201
61508
67811
48630
16725
71931
92821
16404
55264
52394
4772
41761
23671
80613
54520
78533
85746
73192
40917
99926
5974
69961
47718
39635
52103
6333
84501
87579
922
74179
35543
90408
96072
70545
92421
63627
54046
27225
28196
92292
78737
56055
15558
74141
87408
93658
75050
79749
1330
3884
16286
11588
74094
22656
73253
72896
58377
29207
50131
91179
14473
88015
13940
85126
29800
57705
8141
44407
41061
19157
48155
7490
45877
87452
94840
67655
63671
20842
94748
71448
49572
73846
57471
14452
41349
14223
43804
22693
40287
7269
20146
4275
73289
65712
81796
45315
69342
70497
3904
93455
21134
35524
86301
51907
93295
16462
47645
7857
96625
21929
37650
46674
27886
32729
68317
27834
64480
810
4977
46134
24077
30552
88470
9669
69790
54203
30762
95056
96781
68941
3906
39272
85692
57561
