89995
99696
90069
71903
65437
59411
38406
5941
68946
12149
99771
66863
813
65985
24825
55573
24719
79427
51833
85556
12586
99293
4689
102
92773
32151
30658
60528
63019
31411
59742
16229
24048
63998
44180
93223
64130
53379
97401
49293
53255
76346
83444
69505
49241
94557
34693
45376
95675
35642
70995
9924
92598
28229
89394
57023
25908
94725
16142
35837
17240
61423
36150
77964
39192
25840
6855
92440
38937
24227
83540
18927
19750
56002
4751
4899
45292
62873
96727
51118
34324
61815
27806
73967
85245
35646
59253
34482
72758
89241
83318
17774
73462
96013
55374
16840
78136
73224
91877
68853
42358
97623
97707
14269
51680
25427
58305
82715
55961
84667
6817
99105
7407
36445
86987
21496
24245
91533
64686
54789
46366
2776
59503
13831
39224
76979
22264
61276
11331
78988
54944
6659
57773
83618
44947
43869
53675
91889
97118
50157
15446
84773
3097
87390
20095
43152
58577
80772
27152
31926
1713
21178
97409
28133
65580
99563
4276
24515
58698
17772
98093
78911
22413
96806
79921
31081
62398
69777
55738
36606
72825
19068
86933
73628
99378
69866
98073
88756
2914
91414
99139
47869
62354
55991
96978
11588
77410
92062
70908
43841
20759
24700
85163
50758
17119
51585
24920
33809
87682
60511
62786
92128
15687
59597
51339
90660
16191
51687
76080
17101
87282
91187
77474
56709
94501
87518
97446
84666
18053
93605
92837
6227
68083
59408
11568
27267
8651
19192
66357
24475
34706
94409
58838
91002
14427
90915
62924
89216
63831
7035
32856
54784
56151
59198
85569
39700
91071
39925
20783
26794
4392
19619
92131
75163
25298
204
85521
48444
28005
72784
51867
67438
26274
22517
71211
67185
55979
2019
80908
55797
59467
4424
50790
19920
67523
71804
23956
9100
74162
55486
96036
44696
73632
11293
50090
19518
11976
19636
18561
74837
37504
66797
43903
92205
3302
85638
58548
61447
83304
89712
51615
38119
65456
39892
5613
46466
75595
60208
70831
76177
73908
70847
22359
86440
13249
70871
6990
41024
66569
89260
31733
9296
1585
2354
10166
9403
21650
68895
7910
32354
58409
43023
1209
40186
23355
77729
11618
69688
46818
895
70470
16009
53272
23707
30268
52095
3519
59572
74147
90629
69674
28280
84415
67155
29196
7107
52690
98237
43803
12358
72051
32870
61664
8323
44366
26194
45598
78965
15160
14616
40509
24108
16749
14935
27538
15414
84807
89984
83629
3737
83773
95408
79518
30972
9782
98273
96932
42406
21192
11031
99924
77406
17650
63605
98
4657
68946
26034
2895
26706
78275
74566
53680
18684
4407
33054
27862
85747
7053
24143
28479
32777
85743
8935
99481
5276
89259
93983
31214
10428
97772
32908
96592
67275
9940
73461
80931
1533
22136
31391
34689
51806
92344
78180
46766
76947
42714
98435
63289
29144
52001
98192
96235
86985
16751
8684
6895
6524
31732
29551
52958
17579
82226
9506
74789
3344
61135
20553
10422
61386
72598
77085
22632
88092
47274
30200
4652
81235
71464
9
72109
21224
35608
52296
73987
60924
81775
78532
66708
16928
79173
75191
30343
74327
17902
44283
1095
41139
66199
96885
12688
50172
23134
31248
21721
29807
83566
38853
56573
48739
6678
44886
59112
68519
71045
67482
43227
65735
75237
40178
88189
83725
96881
40698
79614
84003
30739
63868
24488
72887
49567
95070
2756
56024
81126
17915
34310
20509
32599
86159
503
19845
19448
32588
36637
23225
23293
57514
25193
76077
79875
6140
97308
72261
57452
23229
53846
66164
61687
73128
15421
69792
33819
42567
14183
30754
83264
17636
78277
73097
70618
50267
37356
17374
79074
59120
67872
1025
67283
44477
29663
97875
23550
26948
23239
61389
60299
72355
50821
56334
95949
74501
72379
63698
2944
76084
15501
53885
41569
84141
98057
23191
64714
52460
91440
36753
96648
37958
50437
63941
49915
83798
52817
51516
13770
29103
98641
86506
77601
23664
39677
52883
32776
44341
25173
31985
71201
47018
61097
86829
29245
67962
84294
64587
28731
25382
57080
72482
32926
99922
14785
24488
92106
40281
93012
61389
28251
63584
21230
6654
19458
84232
4786
74890
4925
91773
73023
40097
44690
5420
85649
535
18632
78129
21904
18056
24002
73230
98776
90006
88408
30103
30182
80270
39987
44394
13724
93577
68741
45117
18450
53870
41827
19344
63129
52661
55009
58209
37613
70950
57704
80414
31094
40447
77238
32565
61211
47636
53650
98439
12132
19409
8650
47195
96586
4475
25323
66862
79133
48949
19932
18344
2353
24831
57304
42027
27814
9112
75974
95589
99987
26436
99894
19012
47983
68712
1402
77385
3035
75666
14303
58709
20079
12758
90023
3520
5728
81267
26021
24456
16746
55349
20692
31110
27584
69203
37747
34653
65229
92056
10369
56364
83238
68639
85521
59747
14894
39927
18730
47730
55909
83686
96094
72284
97166
68554
64229
94762
39036
49915
32085
87740
87256
49772
58624
69243
74161
3952
37994
9834
45505
48281
48326
27611
90104
82203
48108
77278
34120
6959
33817
30195
7244
90068
54531
35329
94549
7248
68790
24991
20306
91925
31792
1775
14139
88574
60598
14795
51610
7992
76817
34199
21207
30302
96905
7702
84479
74524
57052
80057
58000
43957
8154
99506
32035
82688
30656
5799
11287
62925
29008
44897
19670
43270
70601
59716
4134
69680
53768
63897
75054
93745
89915
44295
66626
79499
51933
47233
58638
870
14356
97208
11643
28364
81443
24081
52001
11982
26731
83058
82697
56868
44133
30869
81500
18802
26517
40319
11118
97286
42700
86314
79009
24445
72860
21599
94360
90981
90264
46975
31801
72605
2248
65632
28061
45785
59782
11253
79415
69858
13848
86694
82302
25658
97578
55519
83481
57981
76423
29156
23558
5731
55092
62850
90567
41058
61481
12481
48842
38480
62637
54678
32532
77766
63757
8212
61449
17376
50936
23266
78682
16416
44122
96488
55307
76435
75123
11619
37856
19275
31699
54680
97252
64236
52661
77029
85557
71426
5973
7283
28111
97327
27087
35240
61523
33795
83222
77657
308
66436
9869
81980
96255
72397
29413
77115
16612
31282
74452
13028
42085
12225
28334
95422
73273
71620
63459
39351
56926
61603
78677
11512
49817
62055
79188
5146
7403
99801
99767
9681
38578
9417
16889
77062
59224
26731
90030
29411
33180
17019
673
16328
37084
92641
35371
10842
81468
48240
44754
62043
98805
58600
26524
14517
92637
60187
8366
58511
6446
24749
20709
90882
64854
35188
86192
81126
91323
11711
37256
77317
32585
76819
42478
19441
12985
46416
88927
99921
25375
66963
98166
17334
68208
98965
75390
60972
2062
78896
69298
41037
24498
4225
84276
1359
42325
41417
34054
50110
44763
91373
76808
46788
83324
41694
32398
62724
42608
89299
57117
81510
99863
34194
19139
99052
98882
46893
77232
23619
2401
4201
24660
46390
31850
3962
56854
92157
55843
59211
48495
81554
6092
50201
60577
80388
83084
76639
34871
90692
44214
51500
65146
65949
30455
26288
47724
45729
5375
72758
76421
29758
56810
5739
23080
13327
67626
61117
77666
50031
86195
4062
85886
23528
63170
31528
93895
29385
35115
70298
54875
50807
53726
78273
85897
88698
23348
55890
51815
21752
24796
97523
53458
68863
2717
50425
66690
10652
95239
19596
39849
66217
98682
62215
81609
26978
44274
23420
9327
12344
32558
11860
25328
69247
79068
2740
88798
44034
55362
62843
13574
92726
50667
28520
2346
72204
15149
96280
91862
22912
65587
73965
737
59823
42540
36042
40482
97797
74926
94266
59500
83924
49128
98897
27624
96449
94788
14571
5134
19128
74581
20560
62783
87807
17058
59225
19937
24520
80046
98796
26968
23937
89572
98338
95838
68741
48316
28618
59487
90421
1196
45031
27411
41249
86798
81492
60120
29632
71626
49960
51628
77248
40928
28597
68100
12855
93044
27690
61644
29464
97366
44632
46972
67457
30924
85745
49298
15312
70687
50828
75538
70326
81663
74725
41303
4004
60660
19074
74356
37794
9890
97585
54124
90399
28376
57164
36874
95842
96629
24511
11006
8990
57687
17984
68565
16517
28481
35996
20788
53971
10984
67667
49328
50763
49627
99034
88780
62912
11853
59070
90032
83817
9665
7624
78595
55671
65200
28796
23813
34019
49817
22971
46444
38272
50502
76041
94969
22672
4182
39561
14261
93651
52461
87204
6925
47450
21972
94728
84551
56665
72142
93677
95968
10682
12121
98515
45892
24558
3165
82759
84681
75231
18548
26020
89161
30914
29654
6167
66682
94920
49568
42651
26923
54995
24320
83074
82845
58437
31103
68309
21051
66291
72907
54802
44280
93977
57536
35957
21124
88936
75699
60274
67786
48154
13915
88254
66473
94278
8572
43117
45549
49231
99889
91957
89002
14903
80373
47058
71828
94640
70830
48547
41885
52435
22135
70770
50668
11338
69129
75057
86774
7047
68645
41664
37916
95864
9056
50955
38049
51474
98188
86223
4774
49706
54014
93309
45604
87779
55521
93431
16678
53793
98039
68664
10720
61020
44071
95792
69679
21584
776
91085
88559
37105
10824
84181
52531
40092
51929
37680
53924
17097
7353
23778
1305
48573
27228
99030
96688
79643
67672
20438
1030
92218
62765
74295
90425
22770
3215
82961
74199
82800
10545
24300
17858
16554
62704
97302
35811
16108
59161
11953
77319
54096
408
91978
39706
97675
4542
96643
79103
40580
3150
61907
98314
25569
63236
2851
32122
2874
89090
62713
62742
29166
65401
29745
15939
41396
41232
36935
25087
87338
7668
30098
4637
4521
21020
59306
16509
77050
26904
87914
39463
28417
76470
63281
9284
60087
47568
41506
56250
97335
70901
68587
52738
84846
71730
90178
45575
11317
59133
64139
78653
99802
21822
37943
15675
99514
36699
74407
56054
13228
74142
54766
79900
50615
73605
9428
1034
36483
18405
69143
47306
42989
45660
46443
36205
38516
87986
52194
4577
60400
33067
63015
41487
63458
9324
62660
41140
24934
67815
61412
28697
45446
33636
33779
67601
86568
87854
15233
74830
4328
71640
13413
55073
57856
88906
31102
68588
87651
10316
74549
72133
66217
57197
88510
21418
40644
45456
1310
23900
86354
4596
9574
91322
65227
65727
41085
95226
86234
90150
66076
13413
23529
56316
40818
25872
64341
98900
24680
23763
76160
9492
48735
80712
30053
12920
18677
4962
12390
65792
17095
97544
11457
55800
41168
61164
89409
54850
7728
21452
65521
39137
53800
40772
51051
28356
27297
91245
40879
61646
85740
80310
69071
40830
84580
35230
903
58464
7920
3723
2762
63887
1508
95147
49911
38181
46663
46532
88298
71872
16368
762
81775
76627
78921
16093
16338
33030
81974
19371
89138
40203
11343
39369
87860
87167
82568
77914
39795
40184
77393
54937
44596
30129
27834
22521
79832
63055
41551
59895
45387
7695
11969
73240
84026
99311
1156
50885
51169
77461
80341
91199
47906
54016
75188
42944
48242
93065
3887
98544
75053
65493
6399
1632
54218
6266
1355
10727
28073
98251
10570
20567
26920
85346
66663
41723
12501
10185
70653
80399
10110
31878
3425
39324
22532
31584
58655
89199
42254
46546
12733
55796
32474
48427
26332
96116
34958
4990
53756
87784
97101
41613
57247
72473
95589
90510
34950
29078
58436
33655
22007
41873
23371
71851
86400
93335
59163
67617
58070
48201
73740
72173
98102
64091
7389
33197
64684
48489
16709
76018
66930
58577
20168
37193
22576
95281
1381
49733
77538
55550
36684
77643
70999
54238
11341
65626
3989
57091
85483
57300
30138
23716
70832
18830
18782
71417
58810
6736
46324
31186
11699
33449
71791
36661
92254
72178
76321
10483
18445
59773
11999
12582
51312
4666
37632
90185
31528
86085
85444
90580
65433
33168
84690
68274
84542
75209
76889
71841
14646
7463
24696
12197
55356
2582
63929
22633
78356
30973
77463
46259
24513
13672
79233
54819
61428
88279
53655
648
17983
16866
15377
23711
296
62727
79103
75113
47993
16466
98251
7111
66292
21160
1115
46196
96099
75183
90482
97920
32141
44477
58198
35653
26341
61628
22284
90472
19869
92951
65567
27853
71384
34052
60384
60215
76476
63150
43688
56091
89062
25757
24984
37535
54168
38468
46945
41525
4813
15015
55744
12302
90062
34887
7905
2461
93117
70476
30020
91753
28461
72014
56701
41870
90645
31071
3541
60656
14362
64152
45231
49309
70953
30591
82213
1950
79110
70578
75504
36026
98654
8307
99878
92520
41241
86511
33501
98670
39660
32428
58574
16251
53579
7279
10069
80189
89787
88360
86453
50143
60100
2395
77720
61763
33350
48651
22388
77784
21059
24644
18729
66968
84538
15429
74343
91777
94836
42921
1517
13262
30167
72433
3180
82961
3544
32143
94058
8911
23629
98801
22690
88792
62112
13128
42184
56161
30688
97493
92810
68576
30770
17263
4530
47939
51557
47379
45161
58446
35746
84840
40214
48911
33634
23021
64131
12095
84569
30946
23488
74392
78609
74416
73505
83245
41458
71606
39234
41963
21948
97361
17228
4170
16247
35111
51471
23471
32130
45359
92879
16738
59560
48833
74363
19110
67120
95894
44888
83066
4083
3579
37852
74604
25257
41528
7510
60949
63292
80791
46955
43284
70142
54227
66044
68363
49367
66335
4387
97936
12086
52463
69308
62801
66920
24839
16289
15080
5159
73823
95245
39894
32458
57295
42338
19071
19450
15293
91813
18177
2180
10720
31623
20082
46154
35951
87775
24758
85461
79115
14387
9466
93125
19270
5686
91024
18888
98287
46187
25799
62537
95516
70311
65733
97664
80114
84277
61348
47080
50131
50771
81767
8493
47684
76473
17144
76868
46906
186
2783
33909
85441
94371
58016
87859
88969
92064
3058
66188
34573
59390
91352
75931
13633
83595
39422
71035
76023
21305
36433
68438
98446
70658
28251
35964
96952
6822
17305
28463
59239
57135
30971
78171
2995
6357
16824
65347
96266
75422
77868
92278
59060
72093
65999
7969
62114
61435
24658
53246
63539
45075
1528
71434
47139
39255
82095
1140
62608
4305
69643
34000
11785
73220
46749
46828
6038
18672
61525
14746
45823
12659
60977
12076
15930
77677
25248
68382
94771
38717
92151
16813
1466
11143
18223
77350
96996
16887
87706
24121
62687
80990
23776
41707
65623
95195
55386
62987
68733
15062
82666
26748
57306
5829
80149
84497
14992
43249
33598
55704
35081
6867
10881
32461
16383
91704
52488
35311
50695
73188
97005
66607
23322
44499
90093
5668
41730
45658
30853
99420
33949
24619
50476
56653
53489
14263
62029
82538
64909
9614
27359
50641
80887
37731
84898
70241
51671
85451
83384
36584
61919
71683
27006
49338
38997
22993
36902
80863
51775
44323
435
77475
74506
81620
44783
7121
84151
12461
60748
7993
76131
76744
36117
31886
2065
57839
10193
66285
3798
50275
64180
72311
76736
91161
16609
36031
46404
77407
82687
27903
74530
21692
67479
69829
10712
62773
22728
59851
58432
57579
20199
14660
11878
14690
37526
21586
25803
445
46271
29717
82031
58501
90286
87166
17854
54600
24456
29409
82650
62846
39756
38473
10944
61255
88965
83493
42362
83313
66089
25056
29344
37269
64625
27119
81804
23520
36276
24323
18617
57008
54978
2622
86231
40372
3259
80226
12078
566
4010
15493
4235
40757
54881
86817
68492
12074
7570
61128
80420
88748
35591
9044
3084
27119
6526
49756
30855
85991
90853
95747
35855
55499
21326
23691
91713
88437
3503
70951
62530
43910
88856
5517
92269
5669
66738
69226
4058
968
18417
95312
80588
89099
1045
97707
86039
28445
48291
5969
3531
18299
64475
86487
67938
72756
59797
93984
86786
95467
29853
23056
9360
77051
71592
42463
2098
80949
60338
51338
83518
49668
92214
46659
60196
70546
47657
74472
5652
99331
19379
16657
88878
99103
74763
81123
23269
57294
82542
99202
66414
36923
98811
37283
6283
97051
92942
68735
29998
63719
89207
56259
14316
2276
67670
91236
80512
86052
60054
39697
99801
13190
58179
76193
55330
62040
67593
32554
55051
51580
75050
17715
43961
7081
45244
52994
67367
85832
91741
80463
9815
53247
27251
58618
12985
79691
83941
86296
32502
17734
78703
44392
16505
81640
60230
51331
66299
99209
38729
89554
93962
75716
28063
14042
90134
63224
4499
49490
62360
21864
79625
71893
93951
95810
72028
1203
60119
77053
27637
99906
35160
42107
85002
96465
63913
35726
20176
26653
38447
95447
46943
85117
90134
10569
97089
72792
67994
39852
28694
39799
498
22974
29415
68276
78778
80308
26756
88593
41244
68030
25532
11718
90138
45064
93337
61170
72507
71452
45750
72946
27856
24517
74910
54480
26401
56783
18147
32531
64344
91082
13591
49716
93674
22509
53610
65201
81693
32120
51968
15962
9723
55889
49934
71976
12466
74320
55473
17709
38405
20950
59820
80359
42546
41496
65244
93807
42752
47962
98297
92814
19077
82934
41419
69198
44562
78523
29286
89134
64476
77842
10372
25808
33672
80476
33278
19084
86738
27128
70023
46536
95225
53377
9060
45311
68426
69779
53355
1373
82984
52302
66168
8557
63477
97459
34278
41833
12224
96171
64048
49937
39115
53543
1476
52696
50455
70082
1056
55415
32110
20739
71533
50788
70829
21567
80820
75006
17804
69819
42753
41183
16076
44751
60787
50036
74716
39589
39836
10313
19015
19617
73788
78109
3581
87675
69300
8501
68700
67463
26537
96141
90876
3798
59256
63144
3444
67349
37296
60168
95116
67891
60816
56377
14368
22337
49598
41416
75789
19346
11265
79858
18619
18913
70684
72247
96551
25617
67144
6605
63436
2639
87468
94544
13262
81300
3644
3159
8066
90856
47211
49026
16029
48352
89709
37775
75640
712
31950
10188
80573
87707
54057
41415
56336
95439
77478
65826
11005
79822
80980
46722
86042
68766
97406
5766
27448
44002
10764
65300
36844
96730
63737
7759
94708
9702
61421
42213
30920
57640
24598
49733
35263
66086
16136
43629
57787
35151
1038
2306
28658
86997
40715
18553
16378
81272
51602
96210
76879
33412
80798
79492
24324
37041
18159
96659
86341
31304
60642
67902
16324
41349
49035
27381
25064
60279
42961
59176
89742
94853
3271
78619
64219
25483
91971
82422
27839
89121
83996
38552
89959
25693
73509
459
43040
61903
12608
18290
59459
36618
10017
94047
96033
72995
64352
85474
55244
53553
28762
50812
34911
52629
25669
84402
30475
6963
21134
86972
47424
36638
87825
3357
51636
65617
51444
2285
91123
86938
39233
95825
10947
19921
61342
61132
49298
15878
54762
58991
84862
82329
98166
95309
24385
93187
82269
89482
60375
8242
24577
14801
45070
93809
12740
87235
74665
23205
48353
69069
75793
66548
2213
57971
45432
67649
71020
31817
41291
71474
13596
66049
16627
74643
34904
92638
96616
39123
55298
43463
35475
99371
47505
95959
99774
86207
45674
86673
85339
14877
46142
23504
47118
84035
84448
37725
75351
59581
28641
28986
76224
27755
12778
84155
23071
7681
22677
67636
15944
51689
39113
60045
40563
6179
34256
67635
29573
27980
97142
92040
32798
30940
95296
18842
58462
65769
13319
94065
72820
15594
73584
50626
67013
63254
52425
13793
77909
57034
49441
36787
35894
75593
76133
76961
51690
89277
99187
18056
96406
19868
73180
43630
90789
43943
78427
19727
93557
59372
89357
80181
9475
56843
95564
78214
68974
39893
30508
11415
25610
32304
27632
87615
1892
55191
86346
51590
56045
75710
39822
9276
45925
19476
21905
56934
48421
57953
46211
60882
5800
5135
15878
67340
44343
25092
55914
33002
15600
69805
92647
46242
37906
91863
39446
54011
67944
78359
56109
34080
36047
1418
88821
35121
83814
56438
94633
13716
82673
4111
67532
45609
89578
87797
20455
35419
36165
20251
45631
89330
18365
32547
51023
88101
92160
72900
85479
55116
36372
55277
89697
23316
85285
61060
24571
41676
5293
72679
50806
18556
65182
77108
68362
40374
63823
63332
48420
98948
85504
12401
78621
17601
32139
86425
16120
6500
87625
51547
21943
97430
42334
77726
85562
67685
39619
17712
4246
48337
13966
22028
93838
53891
67136
52533
81073
56382
3947
671
13616
48877
19549
19213
38073
4412
72045
97524
66772
82499
14369
20191
3130
22237
14234
80588
89805
34231
72829
52627
6425
80451
6430
80455
34405
87948
53163
94197
86261
61828
4242
82090
68351
35514
72112
94321
59911
51399
77687
60953
63866
80871
47515
92980
12452
52741
77018
14684
43534
88014
91078
58513
92407
57256
48112
64734
84654
28348
67666
75033
97705
15726
54072
67592
52613
61517
71724
30145
18427
65702
75998
39786
20571
53299
90380
12159
47784
64497
47731
89106
58384
19727
73682
70989
48166
85730
65815
92531
10685
28597
13929
38916
21603
48766
42642
17951
56823
34316
45062
20738
14409
98332
80756
63533
65293
18219
44808
82596
29980
10278
61370
26771
98503
72829
49175
30988
10392
62582
45961
40235
19719
91197
91078
10651
9877
29273
48626
16338
329
63162
59282
90007
85573
41455
52367
62532
93860
71700
79458
92678
96498
51880
48738
71233
94471
49756
32135
99793
4002
49448
35066
36555
70943
56344
89211
43106
55060
12675
5550
30373
8974
64668
63331
29029
81122
69793
45249
41749
18194
56721
59887
92330
21983
24347
50271
55778
12742
81169
28023
19489
16568
87035
27676
21142
2809
87240
95229
32636
44661
43360
84729
7356
51802
63924
68175
16976
46038
26487
17376
43330
82222
32678
74691
77523
3831
45506
79973
25656
6069
96287
67962
78879
51502
35316
56548
26415
51306
8307
71295
71661
24394
54515
39495
58971
66145
51272
60583
187
2195
5909
41887
97617
10729
52343
76273
31910
60238
74274
58024
22601
86762
68842
25989
8464
81688
34424
88519
4284
53861
23644
94934
49402
39144
20353
32397
79174
39960
22076
86658
71210
37327
75262
66386
11972
9113
20809
64846
5766
42296
77791
95388
4247
64568
84246
82604
62647
49162
7944
4376
59711
91391
35559
4470
93543
79011
57262
56381
86145
47955
19314
5394
5986
92700
31511
56078
68193
10546
80127
54349
37592
74921
157
26966
60424
56436
62248
23618
47353
36312
54219
35371
96478
65035
79833
73394
9111
39566
79230
57197
79184
63205
91888
10091
51943
24047
93316
933
84779
43206
10525
99844
45727
79125
5408
67817
97054
28209
84451
83420
53113
10165
47331
65492
18844
49406
11989
22783
72750
3551
63828
31536
37911
22562
59513
1571
39644
79452
13833
41293
44390
59404
20840
72228
46272
90416
56683
30504
16927
26435
32043
88942
66268
74679
91510
43207
14589
91211
71935
29937
9746
67593
10837
11929
1818
83903
40498
33004
30886
81303
79466
22905
33333
70293
41059
10788
39135
7597
451
69289
19022
38335
22725
33579
18341
81648
19814
89785
57476
4518
87036
7771
93732
61439
93189
58207
24829
51631
51517
21018
37512
10740
42058
55933
77054
6007
20434
90358
24159
19458
72460
32608
76462
27416
92436
872
64473
11254
77047
732
76631
78692
86254
64082
94571
75735
64072
35699
95749
97798
55808
12066
43975
63463
24462
34221
9668
68806
76761
49967
81604
49281
59690
75103
51269
50083
29116
1784
16380
47707
50735
62054
10745
95544
52731
49802
63368
96771
94722
3786
15476
33241
85246
96824
86150
87908
92250
42173
35723
91509
85821
85154
947
57120
12960
32667
4086
74931
65729
78097
69777
8180
84432
57738
96494
64823
69191
83350
4034
90041
15542
36473
7407
39739
72476
16336
48362
63966
96914
7426
42359
23544
54689
36357
24976
27185
53908
35017
38820
21405
58024
35749
55517
32245
20863
93948
41786
97844
20020
459
61850
17803
71561
22482
84602
37729
26109
65245
67606
98667
17913
55598
23820
56868
51561
55433
40318
31241
63432
50460
27797
82899
56148
95240
66947
57298
12928
28912
82273
66755
86184
12797
31287
90990
48511
97387
99194
62206
68805
66644
21391
25917
98229
94487
36238
26668
54042
53797
50561
58876
64513
51848
55468
85580
61001
21040
76391
7327
97239
21402
91879
54777
45862
24767
17307
6070
27708
20663
48561
94311
80056
98729
91960
41450
5800
51280
81121
21124
52054
95979
30399
91070
19202
96481
73453
82586
74443
2638
31630
65776
19175
50319
89168
88297
2515
42758
46730
14359
98980
86667
228
99215
87387
42127
61302
9124
41302
88269
41129
98657
52868
54672
11417
89699
5521
12731
59676
98417
15999
96377
54076
8920
36821
3810
68800
12775
16785
26214
84041
10884
82266
44057
86104
17802
64145
91611
84429
84192
22757
22531
87946
79638
28165
80391
97973
64926
24880
64138
54237
77893
35304
18915
18836
79949
41829
6790
59643
32264
67718
14802
62651
39347
90915
3862
82735
35725
55582
77792
9792
9810
63639
22212
95272
31128
55679
99909
82007
42181
69284
24003
1268
17995
74699
3361
54715
85186
44699
97873
89733
27328
17814
60927
73445
82039
23779
84919
64687
69771
64358
49428
43379
95918
15250
43270
25799
7834
8533
43774
89826
72427
90129
58265
81989
20630
91082
7047
22324
63722
58747
64823
83554
34690
38211
44001
83243
65859
9693
98895
21914
47960
13390
82056
61835
36776
64216
40923
3179
67857
90091
4485
58651
74723
73946
35232
86452
77339
98987
94536
14020
84858
66728
80362
76854
23522
74195
35339
59600
38829
19127
9170
21334
59785
66233
83731
51020
47348
98029
85081
92568
50320
76261
21871
45126
74915
21636
12780
47557
9517
36433
43353
84782
62343
51559
41791
82021
757
36233
79410
27417
93511
93619
92820
95909
63698
61292
90599
79129
87397
42071
58035
68050
87531
94504
68304
32773
7421
16403
99569
42684
40577
52001
73997
17495
83843
7804
31083
74772
60206
96746
94889
82825
28230
40502
41865
79821
66629
85321
94169
91478
67953
28184
83165
3102
50103
55575
42875
2239
96806
78827
11971
24893
23626
51165
51737
51875
6275
22923
62433
42085
97185
97944
86405
36996
89790
81892
55046
38449
44409
44406
42076
92681
16554
89461
19564
96990
42951
40214
14469
35062
20690
28880
5015
23628
82844
9131
79985
53461
64475
49975
81109
6173
65059
47161
49050
31696
35748
16128
34269
40660
14079
6934
86886
85075
88390
33746
42386
11639
14127
54922
75682
45646
83253
49541
31743
91341
28620
30351
47209
40593
16799
35622
53531
24160
80935
6897
63452
90414
29129
784
516
80636
36429
60398
41096
90779
5399
8755
1701
40653
52900
75382
61989
32300
90211
41008
60241
17733
20973
56299
85556
53340
49346
76058
86631
63795
24226
74242
99966
88421
85412
66358
5614
89164
15703
25728
98425
48226
88434
82395
16120
56101
47834
11806
79875
38228
46960
78387
19072
40854
2964
1701
79238
65946
35354
38935
93165
89464
66119
67602
82613
54614
51944
599
6863
78119
29519
83570
75755
61519
86572
29167
15999
72993
83172
90855
20336
80649
27376
9042
84032
60421
35220
42784
37461
2862
22394
33347
19010
6005
42858
39268
9300
83496
25161
12566
55771
92659
59756
25384
39603
4131
64887
66355
84942
38695
64406
28659
77567
59055
16726
18835
26022
97046
84097
13857
98867
20316
87317
80384
79929
98348
43584
29885
33680
22333
45530
34617
53414
11059
82559
65540
87844
59077
5736
79947
67225
74617
96612
87720
5861
97004
56056
5304
16580
35438
92720
55915
16885
22281
55488
46228
13157
92482
41980
77695
52349
86681
68657
55074
46949
19563
79454
29196
44883
98967
37682
80219
42708
93789
61155
57610
79798
12097
60680
54342
96432
66351
22004
44642
78478
91033
2224
75809
22108
14140
40595
55216
88271
71233
77632
54230
47467
36767
89341
84803
99508
18877
72267
18118
98484
68821
8679
1307
10885
70452
76636
5569
83452
94270
60098
64778
85555
70351
20407
89003
34002
70684
28152
13523
26713
50648
22493
21977
72651
60179
79694
68750
39834
72636
59622
80369
86252
10343
52354
78177
16551
20297
25702
72141
76350
43840
16269
49415
37080
63312
3018
79288
50617
76008
98592
99245
51183
28547
51866
95118
72411
64203
97032
3695
76218
82039
11670
76192
58192
63125
79307
96095
94640
59107
2843
83854
32361
99319
1449
18494
71952
66367
57245
23978
64806
86051
48510
64705
13639
76486
86188
41723
34031
36651
81852
43628
15976
65843
64305
88279
74100
43493
89331
9402
70387
77991
67887
62663
7954
40905
9579
43858
83664
81537
51748
44102
49998
26384
72806
18067
51859
37444
84999
99746
70297
32087
13792
45321
58775
21556
90793
48089
36076
12665
26640
78708
61477
59736
83958
61757
71659
1496
70
17288
75596
52313
44563
14224
50052
61237
34957
15687
12168
84705
21215
64584
67022
16531
57736
82856
74652
65373
34035
75403
92588
93271
49590
9235
50169
35867
19332
564
30858
49258
68495
59554
86199
43084
29694
85420
27644
76597
21030
61762
52025
79842
18664
43473
99075
41571
85415
74095
20939
4787
79364
76785
39273
18018
11672
18299
75397
46420
14285
77775
97985
92513
98265
34342
44134
40381
93272
39965
41930
80851
51973
80999
76891
37035
25525
60704
40395
97259
34449
95489
41815
20281
5934
22767
89110
74366
82378
46734
64634
76965
58532
84084
19750
94083
51480
35896
5869
66833
92183
97544
4866
59765
77759
36954
62626
959
22108
15226
24282
8879
42874
30851
25013
63347
17030
67593
53798
46766
59200
52306
98319
31061
33663
25637
62124
7955
59009
12346
4991
98700
74957
49393
66809
45214
31688
68671
75681
49251
95344
17987
12132
45203
86520
22935
21017
12647
98016
33218
12751
54904
6927
10570
70646
96294
18992
94375
76583
23508
47848
33842
6001
47057
23248
43964
44289
70962
15602
25819
27885
41242
80324
52735
83517
39803
57276
73443
21302
97430
367
50335
44229
7743
84299
65019
95492
62108
44173
34621
20236
68556
415
43523
98743
91620
55698
35116
64496
29620
12564
52945
34682
40329
55981
96434
16473
38316
31644
82314
66369
13703
40777
98244
7610
17095
16199
53863
57772
49468
36040
23853
75437
1694
20316
36946
64612
12810
48616
65479
31801
78282
79487
41413
65819
35443
53088
65023
70893
42408
60043
51793
61870
20219
89857
99861
7939
63476
55095
16916
80996
41354
66934
15129
23296
77934
62739
24353
85293
90919
86342
94095
63824
81815
50889
63164
23397
66973
34639
2443
29420
79700
80990
60603
26416
31001
77802
68405
26069
86890
16944
46405
69181
74153
28076
60998
31127
91071
53079
72342
88678
39998
32192
77481
96713
21183
73541
70265
94124
35434
39503
42170
92394
6868
56040
23020
25468
4035
6010
90986
65667
62605
93765
83295
50510
48126
53468
80824
95688
87447
2908
61076
37314
23316
41674
44024
45496
88486
1288
96416
57859
49183
31156
66736
81243
65741
27710
65224
93510
6365
90115
45622
14881
20097
73386
94021
28041
31468
3451
78771
34951
21849
85239
53600
86742
52588
47224
54498
33650
63376
53477
36822
61567
36640
60626
52336
92147
94593
36530
53844
56769
64684
45466
26238
24867
77802
15732
58139
83107
99799
66076
19674
15526
52105
3355
31645
20949
39850
36157
8745
59498
12673
51793
50141
42003
81200
65341
62368
78278
57846
88123
10963
73154
86643
36723
95429
37565
57516
90998
48965
51183
1957
83541
8402
81466
79595
67996
43535
57717
60148
49199
18354
66419
16637
37055
20571
1237
6195
84072
60642
82313
94478
66826
42953
80284
85911
84355
83569
44803
12715
37893
49032
66786
81335
80089
23327
51416
88195
22831
34938
63783
56171
23169
43745
64355
54920
29827
58356
63607
13358
91433
6235
77390
41454
48406
94138
38724
14428
4443
30148
426
69227
34708
3815
82736
85172
82267
71525
47954
51157
39912
89827
21666
49942
3302
48185
93486
51878
5586
78666
1869
53093
81170
68014
62123
68315
8368
79691
1550
43685
70802
69571
25381
81712
25048
26630
74796
82205
57009
67271
33662
69125
99897
9005
26424
80086
83379
47040
838
14268
62751
49731
44780
37563
1721
18913
29459
57847
31246
23231
11822
73335
75803
46609
35016
84254
3556
27337
67851
86521
91117
28491
59247
72311
7673
27772
66782
82642
99132
26776
10016
30188
7167
55810
2920
30868
75152
20950
22298
65224
13603
61083
60983
54229
68234
39828
95815
58649
25484
8565
32993
18698
39525
98387
67450
59471
92729
5748
81479
42732
33110
57318
40337
40283
92965
92939
45141
63797
33772
51634
46612
54033
84356
16641
91518
71491
562
83854
98678
60326
