33044
89747
61616
52382
12197
28552
8482
73739
12315
5120
6511
66388
85784
57644
46508
6065
93502
33725
7877
70803
77439
41443
96081
29274
48545
22928
3536
2499
22122
33914
72037
42719
93901
89440
55082
87199
19184
11364
78421
81962
50457
22102
73349
37105
36853
84178
40
66842
29925
16832
58669
89784
58630
23609
4416
36124
96315
87849
46280
83973
33625
25584
22393
99122
94863
13122
31094
58296
61008
30990
18055
23024
21854
84988
55634
90471
46996
23983
25209
64377
11984
1483
99824
59192
40635
17680
218
22822
93046
70020
8927
79714
41732
83790
40236
86206
66254
64446
67111
61615
60663
32011
22381
31167
52092
1749
24841
28765
97799
60521
85235
95411
49777
258
58819
29687
59793
49900
98769
95899
97478
8163
78443
55680
39676
9499
42770
82919
68543
48153
16721
28264
11065
28510
81914
37243
969
90372
4575
67860
57763
67681
14058
140
68605
45993
90362
37658
23293
88240
58938
64704
18941
34188
74592
59266
7864
5656
73727
8241
83668
58998
61225
41830
64780
57164
12068
49002
6232
66447
74663
63378
379
72253
178
8520
73193
90500
13480
56292
74291
88672
51338
44345
15409
30114
58992
44108
83082
94284
36646
24224
78499
76664
91266
56781
35458
33912
24798
44846
64157
19353
62454
71481
23780
42849
28415
66314
71304
96535
16865
82169
37766
48641
61683
57482
79156
26280
6066
4227
56807
92569
69565
4151
33183
35525
31408
76129
18223
8871
53531
21005
44748
88069
3391
89936
19442
55920
13860
17303
82222
57286
43482
6749
9067
11447
14570
93143
48092
84548
44983
22857
6051
58979
19287
95067
23388
383
58280
48422
3529
4701
73201
79209
12954
70873
41622
84760
56920
88239
95639
96052
53679
10997
23302
41621
55894
30661
67043
46147
73884
26553
47157
79684
63985
80143
44487
12720
83790
53548
61661
7649
9954
89693
38962
55206
19097
85592
65296
64439
5067
55649
57450
44130
127
52296
52601
57572
24602
47088
20689
99091
66696
43179
68384
92888
96070
15169
32867
96282
27337
65871
68324
81525
46958
32427
3667
36842
7903
2118
63648
21488
34687
74507
4147
55144
80274
51236
90568
97550
204
78587
19882
83051
76597
14494
34635
64872
44885
44252
30781
79133
29410
99244
37744
59047
25506
74796
55913
39319
511
17927
55259
72519
88487
56816
52516
92264
45021
38219
49638
85208
66912
24331
88673
15439
4405
65622
17098
48344
31411
42020
86922
4956
31275
60358
73398
61017
530
37540
49414
4626
60493
76927
68915
16609
52600
91573
74322
67272
93843
96642
70440
58276
71433
43555
33705
49282
81918
80246
52754
68908
26900
6110
75774
72476
59386
49443
91464
86193
63154
58614
22143
88959
81917
65906
79295
22977
26214
76157
90033
24809
83336
86830
8705
13880
6940
3464
36728
16010
30626
99108
17718
62344
95660
75886
51469
61985
35042
13094
50397
93106
44629
551
57735
59842
79652
15940
64433
55211
27364
37709
47509
8274
78800
28625
72198
93144
79661
99742
47712
30601
24407
61667
29770
4881
59374
57335
46827
6862
26935
90195
72486
90209
71920
21466
2068
81246
18068
36121
79645
59395
80487
51720
82194
10790
23391
82576
2314
99750
48975
44327
82038
72003
79761
98167
7427
9098
65038
3518
88332
61353
14189
47470
62778
12641
85943
15059
71161
90169
56451
50357
58903
86894
21891
99667
98748
7816
50313
53296
56641
35784
64599
80522
20175
95102
17314
32164
19828
61880
92674
21318
5348
17108
8633
6235
83498
60150
42269
67096
32490
44853
36580
66492
79828
97391
5227
25746
99591
44029
79875
29779
36192
22466
44568
77929
44125
32412
50879
66159
95058
42461
64764
44436
20679
44916
3917
91486
76780
48676
9079
77098
93978
66358
17835
32146
86952
31178
41236
16296
18534
99945
26879
76831
13594
41942
17607
54728
9077
10979
29533
44986
88464
86303
30065
54699
37256
21677
83871
92315
59251
94160
33112
82064
15454
49890
54476
55579
67910
61700
19249
60089
83087
31056
90995
81686
38659
92906
57240
16268
86410
93589
27374
51370
21987
43521
14548
67728
22525
82562
90402
73590
48564
93661
15446
96331
13323
4059
4091
96923
482
33696
32151
82250
83732
17525
59346
86334
63152
69153
43807
2745
23666
16950
49832
30179
19966
48552
32250
83270
36120
72888
85226
84499
12738
2223
40802
66050
51219
74374
29165
59030
1617
63362
48506
59039
71883
53693
73840
38553
6453
35615
36463
84018
77760
72428
3998
12137
97717
39095
94071
16242
44558
27060
36555
87542
98610
27178
16691
94519
25771
47495
13460
14096
34726
27886
4494
22619
30214
84620
12609
67021
76900
76393
25917
50940
63271
14553
5637
80704
62941
64274
27422
10679
89907
96279
1497
62371
19575
49011
33371
96590
72935
70530
84102
95310
15189
13225
59366
95747
38970
45958
34298
2172
17684
23906
75132
51930
92221
15874
30095
5709
4489
60317
12068
99802
47356
19688
47881
82910
38789
10605
31759
23948
16603
3930
54134
26162
92371
2198
88951
69274
81947
18158
3757
75852
53686
43694
28193
75121
77972
13099
18129
89330
77613
51933
73981
81695
73243
97098
55438
87563
7889
67644
26754
35796
5083
20245
17944
82081
48083
6361
91732
40389
30205
33066
64240
48480
52192
51281
56192
10340
46978
99576
76576
60596
23742
33780
80924
42985
36325
1376
91003
20814
23182
3621
38505
75019
26331
69173
32576
22432
84138
85367
49331
60967
16404
64028
90998
98651
64421
31856
85741
56664
49241
12844
13807
78456
23216
63177
45110
47196
10573
59727
46726
49676
17233
93419
79096
38805
39982
10495
4739
18353
46475
44691
50501
46661
88756
33801
58675
40259
80922
10254
51931
60752
42030
46508
73810
7264
31605
65597
11231
3805
83913
27451
50403
55303
67917
31506
96227
3797
73674
22102
61811
54745
54730
4497
84001
79746
68176
87732
37275
16507
36978
92943
64734
13329
90549
60956
54109
95185
14404
16822
67914
69264
75660
45063
55172
62980
95702
3038
6909
98544
3458
81568
79494
95389
82844
79573
15097
89059
54238
88515
22051
92519
44450
21944
81612
14814
23618
160
85828
43248
50830
41655
44556
79672
57321
20600
5118
49160
58273
43476
71802
28585
96617
39167
75215
85727
30644
14052
78114
23691
85264
21496
41021
21067
93757
4524
62743
13564
55369
90972
86908
30143
66825
85508
15225
62585
45622
80819
76454
35925
35265
88279
23088
81540
24116
44312
11010
69733
30119
76257
3567
38367
45340
74392
78175
8779
98648
54831
99764
95022
49374
66739
39095
38372
39049
86210
87940
67897
49829
78393
94607
11568
93995
74635
4049
68487
66263
32622
76627
79025
6184
93872
95925
36099
25460
94855
57948
4523
76517
23877
25238
63609
45012
36938
54443
74497
44416
55156
51970
6777
9547
86257
30669
9662
10706
71637
93010
30867
89895
17351
14806
1481
8620
30997
25832
26298
49837
4201
65512
39214
36923
30771
95634
89985
26273
99365
54891
90748
80645
71262
74022
13472
66684
82526
69972
73985
72810
93304
71686
30863
86070
23205
79616
73039
98502
70933
76731
3688
54459
56289
73623
53210
93067
94876
55036
16457
56567
49288
84747
46008
14089
37092
21638
29615
48012
18787
60024
3967
54888
72760
30722
25532
26456
38989
483
81705
85674
93683
55012
95506
32690
17972
23517
42418
45003
69220
25191
47893
84908
80214
21791
90168
84130
47787
86420
27757
47311
15461
50701
51386
92031
21145
99514
57121
82115
18307
32117
62042
91789
24596
85364
76668
82182
47526
65199
42938
34863
27664
21576
15242
52690
48916
6812
2338
67556
85686
48932
10236
99865
56872
77320
30296
57764
29440
15105
43487
11914
28011
24585
99973
78850
94074
22498
71465
67883
41819
80703
99831
44874
16835
83219
57260
57374
46534
51636
17817
15841
82473
27083
94432
93022
62447
35963
10907
24842
73264
33612
70237
60513
12008
13875
13616
68733
17483
31712
25117
4597
32406
35939
74411
96336
14657
43003
60382
98532
19472
18429
94464
17840
35945
17117
6078
32626
6688
70876
44937
48869
75053
93295
95549
62459
37407
81671
44414
81043
38954
82050
56190
4696
84956
64558
86619
60565
84462
11733
14917
95256
14614
59242
49597
71842
47129
85390
46361
14696
68093
84926
91269
47370
20156
40285
44131
70318
54132
86554
22419
27352
9852
79390
68173
63623
45713
82292
12267
68911
35695
71861
13028
73358
3259
26831
54515
13869
28381
48977
63318
51094
92267
80373
54834
38157
83136
55019
95636
39852
57003
64414
60114
40126
63844
77510
56400
74072
42233
47785
29823
36623
67623
30254
81280
38394
31268
29376
97670
4389
62649
61787
64313
35022
14797
37174
94998
22208
69629
90381
43956
55594
73864
82057
36737
39804
79462
76270
88587
14429
31160
53890
93147
85803
81274
18997
69436
67536
33461
23761
56410
25981
88434
54911
51045
60518
53033
58067
45268
58553
53943
61494
3814
46172
58062
96494
60195
91267
37382
17900
51777
64011
49329
67345
84580
29366
25325
18750
41117
40099
72338
69111
71955
17417
97547
13298
77406
28944
53857
83906
18863
34604
1395
47227
86350
41910
25218
12705
21372
43753
14249
35794
36439
10806
97449
97036
8444
23269
64930
97436
38950
34089
22814
84292
80116
87870
27752
24904
64457
98785
94010
4694
27501
12140
49908
94287
5649
3948
6920
1814
24144
94753
89457
85076
68721
84114
92516
28870
68680
97995
76959
6084
66044
95988
1407
83918
47139
34831
2798
68053
3658
49485
23832
13827
35089
50509
76350
61960
21555
79282
52484
32194
75075
90176
72133
58376
1874
46995
99974
70995
19597
54524
57480
20809
43842
27514
88599
34664
95875
40272
47199
85740
84516
25064
74239
37917
40991
72772
24021
26040
62487
27324
47641
60983
83417
93785
22822
67008
19358
15501
72979
83879
31565
23213
53759
78433
765
60077
62955
39142
33304
88758
52193
79905
10492
26374
59954
93464
98203
10948
80286
68691
19138
56030
93868
38539
35254
80321
97274
23728
27930
1236
53166
35190
15373
58226
6634
72701
22769
64450
13950
58332
88518
80148
63608
31018
39317
28411
31510
2760
61097
41377
31708
78446
16279
78603
92065
73297
12542
94123
83044
25485
84425
33532
42044
76021
61522
40157
88461
93204
67393
48141
46422
43327
50162
62367
37254
33849
27924
68282
36079
52994
51725
66480
38516
70717
40987
98009
86876
44157
69941
69803
58184
19499
8752
35768
54017
72726
3582
48805
29418
95960
88785
20674
32917
72929
65278
46186
87313
23971
20028
89049
96257
16473
90283
4869
15496
16564
98033
61114
78881
71395
72895
96406
79243
52990
30579
50494
72736
92815
31095
29659
75879
61982
9862
46581
55776
51512
4911
52650
47517
91515
1842
35978
14032
26625
74951
27858
19646
12102
36158
40644
99315
69687
58912
80095
20272
24473
75061
16800
38143
84819
75583
26773
39015
38458
23684
49946
66298
94487
21929
77106
41676
83766
53273
96099
58111
69838
25893
51502
26009
83208
23525
3113
19959
41422
61981
33979
77627
82225
80379
96500
4128
4662
46108
62182
53454
71679
40078
6660
48105
57682
77488
71414
72676
91240
16310
2742
45619
29300
82409
93258
75678
54765
88395
88222
9201
88602
92888
46333
74832
95385
19720
70796
59592
58029
56176
65347
29953
16930
61481
71881
64879
5277
43368
55339
15144
62852
91596
68920
54320
30215
93175
37020
48464
490
61811
8823
19493
12209
15382
14330
65940
84807
73312
2109
54715
56522
98305
12671
52707
43894
73208
11547
12305
5292
5654
17188
77532
82559
70432
18397
63801
4316
12467
8055
20307
75539
69154
93160
75702
30150
45531
1444
22602
93837
90441
80859
72380
515
77234
53519
48664
2672
91871
50864
70739
94452
93340
56213
4357
93325
9430
80185
45428
68325
20289
41840
49131
46044
5468
33221
43913
909
46924
64146
86934
38975
12196
55642
6705
99690
90790
95366
39844
65188
66596
79674
31257
56136
26527
34387
44070
84449
26129
62496
10179
60088
84966
64698
43548
1432
94244
57122
30050
65786
49067
49429
91741
13042
73527
33902
68476
65557
53059
91800
16716
96389
50952
23854
51366
411
56836
84402
9923
38800
86325
88230
10923
19464
47748
97258
92715
47324
79038
58546
99205
11298
77981
63523
60993
53754
96838
94923
30402
92599
65196
6010
58099
51785
29586
22656
53280
24451
23629
27045
20928
47182
94119
82879
15152
75945
31648
89843
64572
97563
84079
84811
86422
35703
75399
93200
14152
46570
46645
26148
68454
96933
77605
77119
26845
53825
66500
88420
86441
91379
6239
30336
70402
64366
93803
51006
50389
1168
59710
64329
46993
97770
36635
10911
28184
19343
33931
32847
46966
11192
79558
4527
8430
56177
50706
80252
75567
90852
4258
74126
63429
87616
41055
25207
58252
99557
5284
7033
52768
13423
44675
35105
90032
95197
29445
10564
40080
78973
84367
64148
36238
56917
35200
68478
34012
77904
58006
54852
60844
18788
6865
56018
43770
35132
50959
32127
16258
97575
71351
31074
71923
50844
37137
54734
9308
43879
10322
11340
76802
64277
31637
6932
70131
15992
24325
16647
18293
16471
18583
43083
3960
63382
49780
5828
43946
96669
72341
91436
31689
54471
89415
57071
62707
96585
65229
38725
90489
54205
93573
44908
89266
67307
46691
8162
84204
2419
74233
15516
16797
2073
55512
96486
58231
92493
86320
63608
7898
70453
78099
57456
29316
74810
87800
38802
49572
17964
63612
33241
69388
26835
16835
50552
16900
59635
19611
81970
75802
95931
4097
50162
33015
69130
87485
27304
71918
58110
64969
81921
72910
43290
111
45378
2711
47028
4752
33728
45065
81496
59392
41790
49623
49276
36079
73796
24219
26082
86883
75257
69475
65891
41217
98334
12745
13246
42602
44422
92320
39229
70242
54293
63274
51391
94860
40019
3942
58568
75504
26349
88167
92578
18431
13097
10368
93165
15086
16420
56220
91562
38142
47850
50058
75072
50844
2386
27285
80201
54403
48435
49
5405
98111
82310
59217
14041
43117
61145
82550
30987
7615
40461
75106
80252
12091
40782
84363
57850
38627
65228
72651
44513
11535
29178
10291
3238
90582
93474
52736
67168
51148
96867
15302
81171
22277
94281
31977
44186
60088
3240
15626
76592
66239
89044
38942
22971
93434
85855
46139
29142
1875
41392
33803
88026
35868
91388
64227
1544
27412
48196
87214
74197
58153
95819
34306
82067
27704
66066
99412
80920
88656
1011
3526
93292
42004
11158
23519
3092
79391
63858
34036
20854
88929
59364
65186
71209
61352
62501
78941
83099
79290
64779
31458
31454
24190
27167
74249
47760
2299
13590
66006
13349
19448
87598
74927
13683
50851
84838
38888
69658
9677
5755
66074
29614
64050
73659
39122
60834
4438
23304
70149
95283
37611
71723
7361
78606
50255
67601
95551
52447
63155
20231
19893
13783
12246
21901
6568
57753
65519
23226
62046
42497
91562
14285
73265
72465
15529
84267
88064
15226
64908
80761
99776
93635
61420
39639
39887
54553
36737
61463
16265
75860
88099
15769
92243
9473
93261
67109
68693
92657
75229
28453
51845
13917
25144
28668
12318
39636
81451
99110
32944
63843
20557
5037
86480
32096
88960
23653
93264
86483
85782
3653
87466
49666
34640
63170
10165
47319
86465
32682
36122
75984
48081
50778
41921
38883
28957
3005
75652
26315
77148
20545
8645
85331
65213
26679
36379
71166
2732
27239
3272
7505
5715
56206
28070
35550
31517
91253
62911
80782
71734
34831
74076
91625
54350
1710
98741
20901
78780
89251
99048
83369
69951
3376
57349
11389
55168
66604
19429
51472
77299
96626
49338
24549
1468
60486
87938
74907
2927
37094
74165
17048
93391
7880
22334
3729
6968
37782
24967
22873
83257
86722
17548
12483
41176
24327
84402
80053
98938
6111
82352
68907
33434
36635
4491
62021
70838
99394
50272
39407
54665
52552
42363
2763
28274
77514
90628
99484
46548
3972
58745
22705
3543
79823
17110
12941
60813
86554
82065
61967
90030
9828
7234
49763
24068
22484
6879
92196
32035
71541
66086
2220
89168
18641
68852
19065
6082
23272
32243
35518
12774
74829
20207
92003
26108
24061
85449
89178
98495
2909
81189
87008
97506
35856
6654
9195
41046
51282
96570
55830
28136
31795
26072
75526
82471
7667
33957
31544
87363
35638
96142
7722
58449
8069
72143
39650
14155
87585
42282
79167
20
32484
39956
43898
19673
17078
82729
60632
4627
89480
70143
20463
28234
78385
31832
54226
42899
69571
82898
53275
77433
93193
10137
39157
49914
30464
40444
58339
12200
22766
52412
39791
98256
94019
91360
14771
8151
62379
86214
92158
44864
74476
18804
79876
36299
55427
4524
58628
78840
35221
90430
91703
81576
36244
71512
75026
10116
83377
17913
88824
61975
80729
32675
5888
54998
32589
80590
64478
75201
96322
25049
8304
92769
81361
51579
87463
16880
51067
92856
48752
82841
40125
17103
75902
79828
78764
88816
13974
48052
86126
46091
17943
55132
19445
61859
6276
90059
32344
8322
32143
36825
51439
74854
58947
81593
60171
83801
85486
42974
96591
254
88553
22906
50639
31655
36870
26690
13028
96516
44565
32749
58985
9365
79890
13627
20182
13409
51567
88466
29686
31199
93818
86308
48039
65905
29834
45324
20045
45265
33643
44375
26547
47876
81764
37536
43295
86667
33601
52180
70801
37176
1730
33492
27544
10877
40319
23256
68593
29472
13558
98672
39805
21067
27379
60134
14045
12319
40347
72576
18477
35433
13396
80097
72538
71245
92244
17839
88513
15071
97605
55119
79110
83792
64882
73772
57773
77061
32753
96759
73081
30308
92749
21448
50943
43016
99471
45027
19398
81235
68296
92278
62877
34787
2685
42079
36280
18141
99471
44330
67305
10726
90501
48695
87031
62353
3033
35130
86910
91154
96061
71836
33346
66929
44744
8031
32017
63259
3744
28319
88853
85970
12773
65716
53714
10404
91800
50260
12674
34841
24070
43509
10602
95269
49237
14608
5305
49150
67242
5537
50461
91816
80597
71435
13505
76396
43834
67193
75271
41223
4796
25919
78398
55647
71463
10366
19840
26736
84122
97190
22955
15236
23088
50070
24410
72801
73322
42207
80479
50075
95482
95910
57855
98827
4462
49896
79850
43864
5464
12377
66741
33234
15158
17125
93590
61502
37762
79127
79035
38026
90840
98455
34344
40194
67871
90766
48267
18011
52502
59846
69309
38317
11997
3053
29624
22142
29373
68664
61424
38361
64117
19651
26351
82302
81762
42582
26224
34131
10474
71364
92631
49464
75941
59949
73420
14391
62760
963
88850
52154
36463
298
29448
24983
59206
69657
64988
96135
86645
23261
26183
35188
91846
23836
43113
84912
52628
39894
63745
55650
76146
17576
45352
43612
78836
20139
22219
7848
9918
70393
66756
70688
61320
27568
8500
88125
5866
78158
40159
31784
20906
67132
43491
13932
21279
94632
63606
78508
18433
76970
15100
93744
85743
43048
17346
93819
87260
21749
44538
80472
16854
34164
38419
58771
67189
12218
2196
32804
87773
39761
69748
10405
87696
37689
64089
92165
13043
49034
73676
55029
38075
41268
80405
25088
20308
57959
14137
73720
2254
60334
11308
9419
66436
58390
16756
38293
56202
68109
59996
11438
57426
50022
46065
78980
48667
26393
71933
51107
40247
60102
17053
95153
69944
8538
16929
86199
36502
42826
10784
22905
75455
80508
88886
83110
11356
25798
65051
57482
59835
23182
41568
75201
2718
8784
63529
3367
71616
36574
82433
31563
51967
87553
76383
79522
3531
32862
50772
79063
31945
7572
13709
74080
100
63522
59115
83596
49329
44870
73212
42872
61149
31519
38933
67457
19861
70196
49903
55827
79057
19885
14460
5472
55679
2815
38340
18797
82280
52678
66624
69606
74080
98762
73202
69106
57967
95204
36895
15457
90039
93562
58218
10177
44578
4998
51375
50128
91818
42613
17240
95020
1636
64011
61567
81254
60458
68611
72097
46230
8547
97972
10523
44711
50737
64112
82788
5715
91126
61734
86823
41289
68228
21159
95995
23082
49696
37157
87648
53876
20978
51288
3289
13014
10892
93594
14976
88546
88180
49490
8234
94464
5200
49934
72569
41951
82317
12329
41848
52966
23948
74828
33558
81961
46634
33744
10178
58103
87114
95714
41087
95792
98145
67296
48964
74772
76989
40672
56851
94839
80083
56751
32883
2160
12164
99894
62509
21521
39339
15769
88736
99281
64645
70042
25985
21572
87101
70522
94194
19244
89172
70816
93885
69961
96842
50194
878
90060
20267
59135
70731
34217
71321
26207
96784
53899
88657
60722
18123
80065
23485
8421
84593
87446
53302
74740
9563
77182
73171
98345
88352
40492
42898
46658
4976
5537
49218
38673
80747
81600
38699
26941
69436
4476
11834
63045
39573
66258
48493
95749
88232
37523
17527
43057
29279
45722
42257
79998
85176
73244
35422
97088
59425
58237
21273
28846
32748
15934
65500
5890
65391
98228
61871
41404
62139
54325
2380
70470
79926
43660
86603
47314
48503
33164
17007
9120
13533
73216
72044
45692
10765
15393
48435
10404
98759
84097
31355
5799
39460
29988
87886
81032
99021
75246
97229
87778
35131
28279
95105
43557
88230
92955
5919
86623
10124
45583
65367
60727
72449
57838
94137
80594
38509
85297
73893
74744
73831
31325
46254
38864
77676
48821
84201
64488
67067
92592
72024
64433
71760
14214
94829
48775
74171
60613
48061
59439
77628
20000
68964
90937
69502
44742
27630
86468
45741
32976
80969
62816
51157
12692
15589
35535
47704
17399
26948
47621
18636
9152
63748
99567
71599
48615
70150
85072
38599
10412
79098
5926
63099
5059
82825
77770
36615
21005
7998
28118
66816
59363
61906
1538
85221
37227
47220
31239
15037
72717
14001
56964
99571
31359
95461
8159
39595
95549
19966
61443
44096
23732
93576
58087
86011
45981
25339
65808
10194
38215
4382
34733
20603
78093
4758
26431
64299
80327
83823
7068
17039
6684
5509
35721
19686
74292
68655
73156
59993
26732
97001
94436
29688
9539
22685
78648
64051
52625
174
13868
88593
29272
47200
90699
20688
67538
48743
6750
22298
18122
48842
99730
31521
20102
20691
631
26807
71522
62903
1508
89292
80984
35805
83768
13444
33179
80812
93884
85780
9444
10645
82053
3801
32291
6042
12437
13910
36663
45817
25280
72904
88056
38234
94604
14439
76881
67185
70738
2427
13932
69263
51586
15736
55590
59755
77059
2744
40417
61513
67895
41588
42104
14021
84860
79967
43309
12478
27279
54430
46526
52034
28876
11624
11831
48881
31152
3254
289
62992
85983
96870
19063
59661
88290
57970
9753
19594
96328
96200
67577
8360
38125
7558
44243
72050
79896
8021
39610
80322
7550
69663
80205
61587
33668
5549
75369
1861
40481
87521
65656
25575
14050
65932
11175
75556
58600
44686
34549
29196
35372
58664
94087
18846
25026
81951
8056
88591
61019
21616
51982
90937
23044
63626
66472
70659
66412
34668
60467
69673
42435
75964
71612
35304
50814
99873
68320
79624
94807
66142
18622
3942
2546
67756
1262
4925
19322
60146
84204
27121
83305
56452
38412
92343
12230
95797
35537
98404
11465
86298
78745
14673
27674
52796
75056
84296
37976
21177
10949
16045
70901
73976
29433
90668
36318
55496
71603
2971
78009
47732
29201
66283
10695
78212
6714
59601
93865
44563
32334
72331
63070
53897
40926
31473
17514
94037
33592
65018
27123
40072
75771
99208
53925
71120
22953
85745
47990
35919
43386
74955
63363
8280
80237
33427
62744
61190
40474
7353
44495
49945
72547
21772
10320
19822
97608
16894
70391
22137
50073
44275
75444
44226
31142
23595
92139
15417
38099
46634
69883
42263
58599
59041
90684
2098
17476
45370
49473
925
6641
76229
47198
22682
27250
66554
387
77053
13465
94826
86214
6142
55414
78855
73406
66330
8522
91404
98155
95111
50425
71434
81652
53906
96990
78705
20936
90487
22968
92567
21670
75644
80898
24232
28216
63403
48417
82954
81594
83914
12950
68651
8281
65560
26227
14665
20438
49382
28298
73918
50633
87215
77857
90151
25698
80054
70754
97487
9291
155
74223
30492
27530
80089
23859
57398
44707
2879
90323
64847
8409
25064
26723
59380
86613
54362
9909
60238
79743
6200
92620
8853
25545
87748
96622
58546
33420
51413
88984
86991
458
20432
68972
79838
66514
88006
9638
14499
25793
83178
55468
58366
58982
23725
93219
91481
24382
79512
99006
45610
68542
15013
50578
47813
80591
72027
74629
29122
7860
17668
17348
22278
12615
22284
35540
86769
51425
3384
99584
43843
3096
25313
50865
30123
65538
5452
59068
97134
34808
52455
45748
39216
58262
69025
52417
5123
83647
12359
49641
73737
82590
20247
38346
21319
2727
48483
21577
73736
65819
74947
57701
64938
39851
39671
72613
39754
8275
2456
87472
31687
64808
24186
45979
80981
10156
33121
92444
44193
61662
76732
73950
85244
87951
38178
74093
99270
67630
90983
4881
64824
80582
66683
25688
38605
67741
22944
80716
95086
69277
54759
47204
27673
80048
51398
10421
91661
39108
54551
69897
43253
77230
83023
87496
63470
44458
72761
27923
30327
95681
21231
47984
90964
98531
6100
37790
58431
22324
30545
71370
48108
68163
4715
74971
25430
63925
66333
5352
65675
94625
44280
58634
67794
92916
50547
73836
29268
61684
76400
21214
26286
54178
60492
40232
13073
9145
6754
31740
46900
37107
68222
53956
53431
92362
86489
87579
25940
98075
8534
15191
89252
37319
16087
45732
40620
28660
9021
79148
6562
80657
67418
47154
39039
58166
82996
85535
61539
20361
35801
32211
58400
1629
77402
76445
18500
74517
27141
49222
69318
38567
60291
7207
7468
16219
43498
93371
16727
23282
53920
44911
17996
25508
39981
72565
61535
78786
28283
77592
60926
84154
37581
77546
54199
94552
56089
57401
85479
29929
75363
39521
53760
22683
78584
18139
4022
90625
76356
2322
4839
58259
8304
5494
95749
43922
25403
38409
19969
29224
95412
51607
36437
68366
85873
71812
47821
15335
87951
29917
35699
43018
74535
58448
29207
5981
47081
59287
75191
20092
7928
67919
12016
57
16578
84967
5953
26014
1402
24724
33625
92110
80979
59969
89245
65705
8539
63780
26167
74574
76145
59436
42141
13818
14373
50230
13213
29935
24619
94463
2051
66257
83420
19380
85863
4745
75529
85861
92054
79308
16252
48824
80411
42742
13453
89817
37225
21968
93661
98415
88200
97393
85331
59050
95417
2560
75953
31448
85320
36215
28210
85464
18765
95491
28194
86214
10623
24808
15546
66452
42454
45666
95478
93337
11803
93638
98613
69987
73614
17766
64301
31753
61267
20084
53832
27739
12379
50622
73566
1627
67146
44247
99953
28644
57130
75159
50111
95144
19116
96472
70056
40825
99126
61729
14396
2109
26317
69504
63199
21732
74720
82064
52989
16405
16750
18043
46692
548
49046
1464
88066
10848
48281
77301
22940
22538
60142
7184
43335
46944
74914
11007
58663
150
72265
8495
18594
20390
92390
56362
7776
98815
11090
61106
12130
17753
65229
74122
97116
39944
14398
28755
31631
42574
16136
82675
35527
12107
748
53331
68142
7440
37653
64639
27692
25938
75780
71696
77564
90329
9656
77318
25100
85848
87609
4687
89552
66167
81794
12869
23395
8299
21193
33651
20379
86184
13356
51351
49319
98637
4217
14147
81256
58301
96697
63518
20778
88014
58139
58600
51678
52378
58009
58842
27701
55187
21641
5931
90907
92756
96418
26128
46797
94130
88585
63739
11096
42961
48247
17284
45392
40723
93928
50565
74889
82123
6179
38110
39574
87312
33921
74681
61500
38477
81276
45705
22737
31125
19285
23819
7223
82899
47170
97231
37775
54048
14482
19376
13115
68974
18303
19677
25173
4545
87951
75516
51845
56349
39334
28997
34499
81499
8843
91306
17609
5749
58677
17110
16180
27104
85906
12051
45655
76826
31189
81958
46780
43065
97818
98037
98904
53283
37686
12200
55914
88892
20928
88205
40144
30553
75029
98454
20197
71763
60205
55037
5595
72663
31032
53383
62385
95899
34772
10534
90801
44587
85807
55385
96105
93313
1619
24174
20611
34931
39442
20712
5411
83110
16751
94747
45597
79841
38183
82612
2801
57980
74330
38902
95076
3255
10970
56671
90172
96199
68335
14281
38392
86059
67428
33740
38089
13821
94929
20865
76272
33252
20038
11457
20374
32517
35601
55115
42018
25274
56013
51173
64602
20443
23079
69882
40378
90041
49773
67490
79946
10538
19254
52095
92255
23582
76904
94851
92592
22352
4714
79535
65619
22616
40390
60599
43092
38621
71770
97
68561
30408
892
54860
97013
69971
31944
94573
19695
99456
4583
55412
46254
59495
15005
40781
48123
54215
31727
4418
69075
32894
46608
75262
62848
67668
50983
15981
6355
63025
95038
7264
46606
83624
37036
89045
6345
85328
92146
98616
3410
27643
38297
56925
52770
20474
3862
26241
25452
55790
93710
47814
6028
80119
43666
95338
35707
9947
76585
33958
69925
71760
63308
15489
87313
31430
92811
62191
81599
41652
72653
70505
6065
76029
90132
39402
69248
85886
96639
39875
7023
92056
43081
31259
89532
28212
37967
37447
55091
21464
15150
1218
54045
82340
54570
86633
49205
83657
63372
13654
37051
85639
89923
30038
87554
39649
97547
90953
6628
7328
77515
14518
66037
54816
15032
70888
40116
4987
98583
95785
48894
19952
18496
52026
88925
20304
56510
81196
95006
90437
10515
5982
59648
39487
7096
63859
10216
40668
3041
45263
61938
8946
89439
39214
91042
88508
27680
96897
49848
54912
1009
25926
65537
90937
87363
8610
31722
65734
20555
75422
1424
43534
89924
95868
64883
43918
9455
54260
29193
36736
78650
88175
94190
19497
83839
88703
84825
95040
77763
23385
4650
36630
1759
89648
84672
70406
70299
37839
9991
11387
94486
90003
17806
61080
26658
78531
99031
50952
37197
16333
59879
91875
90106
15358
23581
88825
40206
26749
6144
55102
53126
25572
80208
51026
26117
78204
20031
62604
57068
12117
17817
44930
3714
22879
91805
20856
34675
36679
66064
17378
30901
17329
84327
5880
5893
41007
25410
16917
11824
62043
63833
83403
96622
88727
69934
10088
41384
74238
95649
40093
57050
90342
61218
51152
84340
99861
85633
65696
24090
21405
41186
93584
31532
43958
36525
40307
94912
62934
44193
19122
65258
54479
76200
59644
57597
80069
35878
22987
51788
48906
6475
58479
37161
46296
92776
35705
60751
84907
28510
71910
1531
23193
92690
80390
25845
2830
2716
37576
56461
78696
88031
22180
47872
4811
66451
13540
11161
28866
55230
19184
29844
79412
48577
22580
91934
47903
15662
87056
75000
57267
92408
8061
43770
71085
41379
64887
97269
85198
69786
38539
69649
25400
73983
98302
79925
47525
56093
65463
85156
74787
91641
21450
71268
99856
51975
67266
60539
69454
60537
25386
60722
80995
3986
87577
27963
9391
26425
73336
87599
64843
25161
42224
91472
54203
22885
11829
62125
25199
79913
39369
67492
44572
78491
74158
801
61810
32128
85964
74085
87417
60780
73339
99650
92269
30769
99150
53411
49715
43384
3068
64168
92951
50062
62156
59854
44836
35989
2044
71277
64190
11516
47694
72124
96960
8745
21488
50639
87949
29586
79494
31616
25557
55307
64663
93740
30022
34329
61776
70868
84172
88645
22392
65123
11687
84397
43090
76175
36583
55636
82344
20441
70183
14201
99483
21871
8515
73222
24548
93553
39191
82751
32453
26512
65397
4186
23761
67058
98850
50542
39348
17843
26766
57795
33152
1125
46511
83113
76214
60056
3065
58693
73677
27316
21276
67814
29538
51523
66073
19926
26525
63084
25826
88812
77211
65114
42478
31838
15837
15995
9813
67667
34605
79684
93934
19606
32104
16914
15299
44199
20044
52811
72397
81196
68799
45251
80946
86341
32569
15195
65495
45437
91344
10179
93795
83324
50878
37632
24307
84922
2545
93001
37171
67981
36974
40299
18911
9347
20483
41997
19990
30027
7208
5741
27640
12238
52817
51529
61372
97019
89427
95738
96913
56416
57648
48795
78863
71477
60001
30343
3032
46738
35519
288
69360
14400
88141
40428
85142
46765
12390
70394
20446
74809
73278
2627
68973
814
83480
67467
19216
91948
27268
83814
7353
99650
15346
56183
62968
98137
85400
73716
8178
88330
18939
37189
57664
49712
48669
9196
93510
24344
24068
27614
70702
36341
2307
