20989
75715
80850
13002
83296
79231
70232
59212
63281
47745
63191
25204
62927
83990
26596
10949
63859
95274
45357
51439
33336
85540
63796
8220
30503
81772
14219
51235
6653
8013
94377
39834
95068
80342
27015
11081
25995
47930
82426
14522
40202
97783
16589
25196
65655
63636
91034
51718
63542
12771
39652
39720
45409
65606
52084
65822
33515
8238
85647
8846
2258
14974
52464
80336
58625
81614
83911
89021
92287
3627
87565
6816
50168
2076
52771
14698
74469
31840
22439
95970
11258
59635
62385
56057
78636
19919
6768
17210
80510
78351
19900
81632
24167
66735
74872
87971
65985
11247
98534
39818
71376
71959
3558
60228
10860
20244
53805
97074
47821
67231
58622
33083
86323
32927
68679
8387
64656
87013
82843
98678
29042
67350
46311
59135
54640
12262
76531
92757
54031
79198
12856
38324
28466
81536
79544
90569
62493
49634
80382
80775
91076
26070
41075
90680
91797
58570
93882
45549
9886
22699
19497
83030
53884
33700
19140
65549
11137
14629
51351
79468
82753
3775
97776
27455
21657
59499
85783
27540
12349
39434
64972
39055
78653
20103
90075
43642
90899
53209
3069
46522
19915
89061
37518
97180
32367
60992
18695
71022
6414
79985
5112
99083
77513
40693
82884
13230
80282
47517
57496
14120
23745
81329
34665
28428
11116
97496
23593
59687
65121
74159
31174
58605
36108
31031
33887
46350
12352
76204
71300
21928
61644
78735
50249
18518
12987
89381
47750
28710
42471
78168
55854
56425
71100
92731
34474
78787
45253
74315
7122
59778
1269
19409
84487
2443
38835
57221
41168
3023
86403
86188
6031
58973
48973
19009
57182
23410
96941
71186
12812
2987
1334
90017
31982
36283
26851
70891
47619
9559
75452
67206
80009
29551
83841
48419
83734
95160
28342
22802
85972
31428
30347
54053
95707
32274
85223
10477
98348
42818
13905
30113
91784
35553
46842
35773
91755
70498
47178
77958
16265
31982
69829
43915
47299
60050
14458
36616
82981
40343
4936
14756
57503
15151
82637
40923
71134
11819
7853
16918
14182
41450
17755
40053
25423
59371
79847
10894
12665
20259
69444
45967
26542
46602
74005
7712
62546
26896
73107
50692
30121
85197
94109
10238
29893
69334
53501
44209
50410
89228
179
79007
59233
19342
544
85491
25877
56494
90993
9882
14317
10753
46822
94539
77670
26896
57054
16008
12621
29580
88193
72060
56022
95487
72874
49892
60028
33981
93134
81131
76085
44088
47917
44110
99152
28115
28468
81406
55214
80622
44461
53955
44507
2817
74500
52157
11591
45284
86742
36646
7941
69195
13816
12180
68768
13999
71841
37114
20917
77638
40629
48622
67377
1589
97807
51813
40647
11036
68555
50299
79950
66799
92013
60879
69877
23845
71313
57450
65060
3498
48816
49088
7409
20879
68683
6863
45755
2209
27576
83077
61510
90999
93574
52382
45651
52837
29326
37162
61371
94253
33432
69229
41513
46165
26471
55360
49457
34387
2018
14998
14961
74533
13824
87033
68898
26462
13071
67858
78042
67355
47169
63239
52994
43699
47700
57598
25903
2956
61181
29888
89120
32651
35056
28697
39186
64195
98190
68764
12771
21295
54987
12899
24065
28826
29754
25940
47022
59
22008
98944
14451
72703
23090
35973
94238
83871
20724
25171
16089
94448
21840
67563
48264
59704
70982
8706
59807
73182
5558
81286
53534
24667
95135
94872
36618
55661
27603
93751
67400
70219
12857
51069
25209
31346
72830
19843
1837
95229
78938
38784
62341
13043
71195
53806
55497
41019
3248
64781
19938
9962
13907
4385
78870
93245
4979
77751
37886
54338
89245
93797
84677
65840
69127
60239
14399
34136
16250
38661
95779
84339
68121
66538
5799
32346
69906
17839
48215
13621
71679
18590
23985
45995
97497
52851
88576
89944
99035
41764
63538
51389
42702
1858
31512
93361
2326
24439
17370
28436
59480
52239
2421
58116
27078
11540
83443
6377
16233
80721
80453
81772
46986
40280
98302
59173
46397
42655
95439
74896
30122
80676
40282
56737
36057
91762
31190
53935
59097
59548
32479
81964
32878
42342
246
13269
89141
66243
73244
39268
30548
10360
18759
29347
36515
49887
43134
45275
59953
76552
42903
56874
16181
41051
58091
44019
91602
82297
57810
51887
997
67232
86848
26370
70126
33388
68475
17865
68185
6682
85208
64495
40040
97672
52785
23326
48031
46937
76902
45490
56107
24660
10957
53033
91696
57868
28407
69847
18509
83739
56320
46934
62254
59815
36466
91579
90446
17414
80343
4836
32615
52094
62137
70445
80280
72453
24057
50209
2385
8167
14664
19246
85534
41830
53956
86225
99758
10076
17330
51825
56671
80155
75541
42952
12871
99030
33001
99739
71009
32025
11807
4778
60083
19154
42645
35523
76856
40403
53104
27185
57038
27919
38937
33106
43390
61762
79505
23335
88612
21550
68562
34564
80954
76735
81156
6055
85253
60912
75897
66277
24347
40711
64102
27168
18544
39707
84830
24053
62108
41622
3020
62577
94826
30421
55628
40260
34943
95212
53607
238
34373
2118
52266
98101
18388
86667
63458
70169
18748
41626
65782
46110
65969
51701
85376
62633
9811
91356
68553
95494
90168
83090
86656
91046
88985
39196
40439
12550
7990
74120
34299
38730
66342
97514
67214
37960
74816
11969
74114
53665
22431
13336
4787
36011
17781
2696
53346
35529
19311
6010
58378
21628
50625
72491
81313
90770
35310
67433
72269
81341
4565
63354
66144
31839
20379
63035
38033
69377
10962
49414
41336
14435
53923
49933
22086
5773
21853
38850
28095
41092
83065
23993
61461
33401
16969
97093
68834
93627
75037
51007
89793
94445
44850
2022
30250
24882
27576
82624
65736
88708
7838
24990
83257
14148
63612
86461
57026
16363
20796
85577
29419
51135
91685
64476
13406
61282
73542
32900
99544
10052
3100
579
49513
49177
66848
32528
62702
93830
63696
24218
36872
75348
99800
84269
95928
41062
9629
99341
69370
70631
81190
65535
667
57149
46183
52168
8121
70683
64683
33452
32533
95954
83453
32824
12631
27014
94483
37180
73791
54015
50264
42416
73379
81654
13300
62263
41418
5552
85403
54881
76323
32775
87407
95978
99011
25347
32562
64096
22937
23591
85900
69026
48848
17960
33429
49667
44097
2489
30655
49966
35665
2625
18307
68356
39182
99854
75175
76480
45122
45123
68905
25756
45586
45773
41995
44748
4917
29363
82811
63464
71380
53515
97245
23464
73723
95306
96919
31240
58713
2739
46009
41290
74553
69521
72807
77722
69245
31424
90148
15821
40340
4037
84476
10371
18969
3101
20110
17579
90760
23827
87381
39141
83900
64748
15186
94243
24554
89116
21176
31561
83188
43195
56179
26932
60331
56562
17909
15159
26436
18991
55167
69024
40309
67705
17160
87481
71917
49245
14157
4042
59565
97478
45013
15867
67207
97771
6560
84759
15089
33731
7980
80397
92294
97556
31235
35504
35258
32424
19332
62206
42487
11520
30380
98014
75736
60995
77985
22754
23714
87311
16123
3852
91962
99857
29455
82669
6023
98863
28313
79721
36293
19202
95462
26198
99331
25665
8060
14595
76538
50520
9286
61652
55946
42968
90335
87276
72370
81191
85274
96132
16300
80856
57420
95479
30563
47542
60823
14016
96273
57722
5811
81947
60730
44765
70907
85224
37055
2983
85874
79055
26975
22405
61296
85405
36112
46104
19244
85292
81494
76618
78664
26400
39998
28220
51828
3342
5242
71259
44800
89047
35161
49298
2209
32274
21730
41720
28671
27976
38189
24298
26585
32569
10398
79699
42133
42428
65599
43335
37416
87427
64921
98287
1982
54941
82574
49311
95943
40021
63158
40644
12702
70839
60915
10937
95575
56275
85267
52824
89893
42874
28419
92685
67205
98661
86251
9734
33642
81142
63593
90919
86214
16534
205
58843
35185
73853
39663
77604
72729
61520
57896
17299
35047
34692
82131
21843
14378
45024
45665
44608
54754
68065
17075
33653
73578
53912
81400
96067
29795
95406
98564
2077
25946
72039
73065
50064
78805
64196
32180
48241
14463
32130
88646
63502
83149
89153
5837
85158
13420
11743
63071
61748
45449
482
65715
76295
57117
8980
50428
14477
21875
45096
59906
85133
79704
13244
57310
69556
67325
78615
52402
42280
34188
38833
85924
15672
95045
62418
89749
81524
6259
84370
57473
28825
3728
58560
7221
43268
96369
73598
29480
19368
44431
12970
792
98907
39188
62039
16579
34923
87903
66777
31486
57869
14675
9632
47316
64438
76866
16060
93247
54210
90897
21183
15548
96018
40777
2080
22670
26035
56186
18427
63890
85657
20043
23285
39962
4907
45410
19710
57097
94551
97196
12495
21194
4870
67786
68851
34253
62986
57593
54946
85246
34900
48316
31528
48387
66787
59912
7557
86963
32439
46316
53581
16782
53635
54171
16848
3900
51232
20695
39635
55078
89406
88827
13661
48011
46517
53220
80014
69728
78490
26430
17321
34440
2926
14151
85011
98539
14768
35394
2644
57750
72371
10299
89562
18735
85930
8690
53212
7826
73407
22725
46780
49613
96963
26238
22918
61333
60767
80246
87317
64355
69930
10980
10133
72783
14099
61575
76739
65223
70078
40139
35952
13004
66732
2843
82148
29257
5426
43748
18368
97200
8684
66242
27548
46675
77098
46314
49390
55932
97736
21650
1292
76074
90748
68864
38985
8648
83113
53550
30075
26028
43888
18871
24126
99177
88806
13857
21329
88369
63520
54663
10525
24266
9034
50433
53846
1195
29048
91922
37499
90388
95188
27022
46583
98184
7222
3782
38058
78632
946
91825
20865
62316
22410
91929
85281
64480
69188
50144
9860
51066
91223
58893
65978
54292
69503
37622
6448
79434
3152
17099
37646
92369
86343
62717
17434
64689
1403
78665
39931
67265
71250
33413
26584
97470
48209
35334
64158
15335
62060
61867
16672
42712
44123
14538
42937
6849
57133
4949
69037
17667
60150
68329
74125
63654
14788
71283
35545
16666
26256
36926
30912
32680
52815
38397
76836
55187
54568
46225
78232
92529
9600
75736
68971
28128
15729
36084
65566
26791
33241
45459
3313
73738
45006
42239
53948
2825
29136
55684
28217
53238
79959
53497
62623
29105
64395
19821
96072
30625
72723
13488
22836
56081
35045
9435
39303
72677
44668
76252
7758
72024
30983
78658
62079
93172
30301
66562
71006
78636
48303
64740
56028
94521
46870
10317
25
57327
84940
21129
80362
14300
4726
59284
97238
20637
31998
88998
250
15164
37440
21465
69805
98281
8026
55768
67037
37332
39558
92102
69400
39301
22884
90791
50119
92696
41296
3503
40181
42808
63348
15813
2861
47063
5654
85780
87841
83207
2513
83918
75975
98136
23393
37053
63998
95278
87224
29160
39022
56958
54606
91614
53037
85030
52693
64802
97118
91526
1578
5779
52980
74463
72679
83670
49557
76902
82390
7234
23289
68740
20352
94248
63282
46477
70532
42429
72997
36219
56035
30950
47670
76807
73943
511
52514
31204
33092
98280
97190
83064
5223
62476
25309
72983
10379
74671
85606
63166
79738
58355
21284
35336
63152
69895
31294
66928
19084
19661
2663
76804
4896
81190
7865
62147
16775
19197
21914
14675
22902
40876
55265
29153
32459
59151
41650
34294
90114
51331
35588
66258
88775
16954
72707
46343
84229
18399
72401
12245
75901
84704
7656
85821
24338
59933
48443
10821
30881
51563
43834
8935
8399
97380
47284
29174
99898
20879
39191
55374
14225
67752
92467
84758
24287
88396
17468
51157
22467
61252
50062
37358
59323
42987
78795
59834
88223
84989
29568
10817
48042
43486
64326
82420
56178
66052
34084
21769
60857
52354
79249
15092
54140
27153
76951
45311
22569
37053
24947
34790
15373
9514
32473
49
55819
56706
83061
49327
99497
42876
95884
39755
4932
88297
17825
98382
78468
32574
15699
98225
28619
9657
9539
90236
78694
8787
54484
5344
26534
46849
66155
8846
35752
38918
37558
19026
41552
96472
1833
89071
3829
41805
11043
15416
80757
30370
49295
8841
20009
99815
53446
80640
26100
92715
79250
42906
39477
7936
6414
26798
7548
45163
4969
71264
15192
20746
14761
63940
35854
22914
89068
87120
31175
79492
82729
84412
4129
57691
62837
20920
24677
80756
46882
66474
80472
7786
43074
73922
4075
45294
26089
93500
25517
70288
84848
23826
38337
81132
21814
99035
15850
18035
42177
3556
90754
71381
30690
65674
52778
21480
61847
11985
90972
3320
11241
1411
27836
46859
99798
424
97293
54831
14409
36031
23808
7907
32741
23831
44103
85311
20065
93324
50407
28288
92845
87873
43020
10036
98098
46550
77238
28446
3064
62438
5361
47559
95297
69536
75427
20738
72690
15840
6623
8345
36786
81994
97014
81817
40235
80962
28493
99351
17614
37226
24169
77533
45139
53273
74087
81173
71326
82772
50056
12913
58524
39212
99082
96629
81453
60885
43058
45506
6204
72158
44740
18495
30505
95537
93557
15558
14727
33608
39896
93192
78177
87370
17397
6174
84504
46081
49048
63693
93992
5753
38981
77813
38568
47864
50089
49046
93552
7252
96683
27968
55413
79157
94498
62165
38896
46057
7488
17469
89597
55901
39500
90342
12350
3391
75885
80182
81215
33837
65858
88239
5781
44441
71087
35677
26528
49820
57522
66751
68688
46323
92020
91887
89891
93243
25403
33264
28620
29669
21467
32883
37104
62453
57964
38758
85545
49373
16567
93594
99309
39441
6347
41391
40937
40039
88172
32958
5287
68365
10379
64322
73199
68518
44880
84964
43146
55938
45428
95714
66465
19865
6251
72572
25828
23684
31678
30266
39143
81625
94263
40893
67270
10337
36853
15809
4361
95415
27680
57995
13762
88703
14230
50357
64435
43104
78852
92019
23661
71040
73360
35073
66676
23770
87699
73739
62590
80734
33380
73880
97498
21222
69519
15572
21485
15505
22341
87769
3607
46302
76653
50553
26068
32294
44856
28235
76575
94325
30514
14447
57041
98727
42709
63168
43079
98396
21239
53621
95265
54615
4387
84947
53575
80185
1125
29523
58630
79380
75679
40651
78616
83535
34873
42172
29794
27157
58037
49048
8823
89498
68480
21294
55161
41164
82757
64755
17279
5201
97372
30222
67379
71299
93759
62783
40434
52293
10780
7661
30006
43584
263
66764
52753
51806
67367
99976
94255
83266
79089
23920
17534
60770
68082
66593
49130
39395
60101
68270
48001
61136
9348
50121
17237
97398
99067
13073
48640
61310
54201
87032
44801
49223
36992
96879
46980
28384
18939
19536
1376
29312
95727
70248
57882
38850
83530
12927
53031
65504
97337
25893
49199
42442
15413
36251
28845
8131
81405
78875
62227
22905
95199
42085
13418
43231
37295
59048
887
45640
96058
17417
17497
58338
16213
84626
35118
2157
59374
84762
85813
93367
21412
30285
65807
17653
28627
59096
92767
16832
67527
50995
24240
11145
57266
12555
17974
27290
40504
81483
54956
62731
49127
91014
80637
158
14469
35236
1598
7127
6721
82727
60440
79131
3595
46296
32579
35236
55968
73139
37006
36735
40702
83180
53532
91523
58006
75740
71912
61613
60927
93900
23337
95548
20230
63612
59504
49798
4003
11729
30702
50293
65928
40249
33075
71234
80051
57340
94353
5836
61250
33345
543
2421
454
39513
25721
93146
39311
37740
92325
76716
44679
50911
29744
95824
5724
43903
93367
26511
35285
10925
22050
42330
70533
59365
15754
62847
29437
79564
11291
39168
44604
40405
25941
76374
47490
28401
5421
76386
64034
34513
57616
25579
70806
74009
99271
39449
39020
70722
40149
3277
70973
32844
28894
66715
14014
39839
16386
92101
67600
7036
3527
77397
62131
98725
96501
96950
37527
3333
6138
76176
22866
4701
14350
92862
22158
33836
44144
13006
794
25082
38095
85108
960
43362
55174
81163
99543
34618
62367
66505
79151
73792
920
46686
31305
70466
57890
44169
23817
32010
56166
8055
60548
35813
18498
95449
65971
14574
60113
44097
51274
74587
55529
88664
51618
30851
89214
23807
59858
69675
80452
18784
49789
16076
99505
39824
7364
25987
673
97859
54108
50485
39315
97036
61338
16764
58577
87216
6091
69554
96653
78950
6305
68793
76198
23501
69447
80388
39786
25673
92853
51814
13077
54204
55647
64021
53880
69853
61800
24922
96501
80920
23604
85656
74343
38402
68282
98359
80478
91607
26649
42636
88744
20177
68194
36135
17995
23687
47986
58296
76110
11552
3747
77342
39992
12978
33241
37294
27216
60
50071
73532
40483
60348
80468
60905
5700
46733
81864
90954
94190
71137
41984
97168
64357
46391
337
60729
40091
28217
61833
30611
37518
92693
8257
63304
85390
54966
90094
1002
79101
14142
97783
49181
50991
33378
89217
88315
96496
85922
74214
22888
65861
90116
52485
45299
58794
41035
9458
99109
67099
1113
29454
91881
63406
95070
62481
41208
15901
79580
79620
43807
41826
30041
27019
50128
10236
5984
44767
44034
78
23892
15418
83270
73509
81586
75851
50279
10394
35778
51498
73053
97870
61945
46630
11534
7314
65007
35545
28033
89481
82456
69501
99937
1797
52065
97367
28810
23918
5544
29906
30227
35713
82776
66311
43767
33621
23840
84280
27234
42969
81359
94172
53301
2393
6991
52468
23287
26015
10363
92604
76088
76917
63677
70558
40578
36681
19497
90880
50430
74474
2224
86941
85568
57359
46497
81489
99345
40439
6690
80590
55287
78667
16647
57900
37603
68735
8109
45918
66710
48951
66262
38847
45424
38022
9249
75466
62007
74034
38789
44425
18689
78932
99114
69254
575
93819
14756
49885
67878
57904
87180
84050
730
92275
45021
44223
34105
19845
4136
85798
53601
22687
49205
53733
11711
33952
85751
12679
26741
89316
66954
75030
59527
69295
12843
90671
14179
67529
81716
58126
45194
77123
86002
85960
35199
41239
80037
24344
90027
64046
33524
77809
4747
37596
19371
22706
9239
77861
79314
71831
32239
41731
43947
85324
90243
97663
90247
32732
47840
46365
10149
7816
84402
8244
77128
49524
66779
71706
61940
49755
9326
68223
75845
39394
9608
78608
45772
24554
74796
23580
96839
29887
83577
98515
90716
31150
28395
61993
1042
6387
55498
28794
30284
59376
63346
70568
12482
95833
98816
18528
28989
8524
82934
44571
5615
39007
58284
41856
30541
32594
15987
7079
91403
32419
44615
31640
25426
34688
69712
56593
44544
18743
11061
11110
1404
26025
45534
18947
9012
17789
99780
46701
74101
32592
38807
94631
51206
45930
96395
24433
3362
89741
7456
44202
55568
8327
60429
37558
10752
6918
22153
12442
5348
59659
75253
86116
81801
47159
41769
50184
89041
61890
19066
86757
74543
21802
6436
17831
66078
87208
15770
81925
40445
11871
13447
97546
35115
72398
89056
92881
53947
70309
10856
74825
35636
95284
38367
42136
59592
9982
85384
13020
97487
72556
66678
60653
90591
17054
35762
42718
39690
98781
39115
73538
55540
16012
23803
81355
59728
63197
88146
84045
68790
88960
86402
90913
19139
30485
73190
26182
42829
50531
57231
14466
23296
89857
65900
70791
35354
53713
43125
90000
71680
32781
71316
58634
80891
44121
98065
4752
65171
66904
47417
58446
26790
80731
73162
49127
67396
80116
78301
74738
12362
37545
24273
29727
30458
38691
6320
12248
82739
20742
49984
40034
178
9979
61064
17347
18341
95337
88412
2045
79591
76483
6824
31320
84734
38714
2709
13982
90125
38099
35323
57760
48469
68436
9699
75766
9583
73271
6326
28004
59167
45377
28552
52248
93398
79340
47355
51535
35110
51937
5298
32183
15778
73281
53235
95855
68786
51042
70967
27179
36240
77367
38289
8532
36578
15400
45816
72108
75540
31297
72179
58447
46385
83526
40192
3477
64542
4484
49025
11700
25939
97411
63812
87298
98615
89240
37422
58232
18583
46390
15011
87826
58050
11140
36980
64850
48644
30794
74821
12453
30941
25189
31962
99293
46013
88538
66270
92702
48095
73607
4559
55188
87199
81077
18025
32033
63897
93418
69549
75893
20576
86875
60782
790
27863
17758
1433
63359
52687
57373
12222
60004
12158
59366
86239
84595
6136
32864
13523
19414
83085
54553
40472
46709
8319
38330
63475
70201
39518
95612
34981
35211
52321
72179
59628
2299
63299
30632
2290
12509
79736
77669
12854
20909
50251
68234
66294
179
95157
26332
62838
40962
90428
22397
55375
88250
24230
24727
11287
27757
1784
35921
4936
99679
81423
56484
79408
37318
3130
69736
94101
2321
90002
17287
46723
70341
14424
82099
41779
98274
3113
87315
39705
40005
40896
32184
98026
25895
36072
73006
59368
42978
44924
27887
172
66675
26366
92977
82543
81467
42768
9280
32693
74527
58098
9350
95670
60464
54040
10022
66762
31877
88359
92264
50097
36356
2701
31470
81180
53343
41978
14885
71707
7547
60318
20280
67748
41932
88352
91167
91325
14717
20281
3284
9958
13163
59371
23558
41638
13745
72225
54374
29904
6654
55492
47327
83313
72450
59574
50723
52953
59624
87055
56608
40292
67677
45266
94225
43524
6223
95980
52721
11245
5040
45704
59914
24604
13786
9873
9227
8453
30860
83557
56793
24792
46931
9459
52796
63886
99812
26705
49882
38582
37029
56156
4801
407
37771
21484
31806
58561
17982
51731
36459
19572
94777
13587
61124
86668
73134
23801
53882
82632
294
50522
59489
36982
19462
73608
40580
57884
781
55408
10072
39685
86074
2196
78798
46791
94250
99488
18114
69613
57215
76843
99985
48422
31548
56940
31079
23400
69996
22678
19350
67586
73475
89586
81603
24158
67517
36760
88154
57199
43938
48233
32417
52988
29739
84555
87722
56008
98270
85410
65731
13406
38036
25288
41543
65782
16348
6441
97047
20806
21241
96605
46243
98600
25254
86850
10914
60164
2746
27734
54594
1882
80455
17518
96473
81134
24732
43030
16058
54960
13066
86534
87107
17702
13443
43292
96498
83737
96190
52668
68248
48313
96343
68193
52294
29582
43444
3454
61540
2972
92899
71734
60385
35186
68478
85204
93060
46607
32977
81864
68320
50321
70322
39135
25863
88987
65070
83518
37813
50178
59461
48186
88941
70037
50476
39382
64482
44103
58416
55962
77803
30299
38138
21357
72953
23690
5742
24207
2245
79507
53645
22038
91394
352
61979
20579
34098
87760
1531
64767
96565
96647
8534
98199
9468
55534
56346
44721
77723
19976
32575
33674
5980
82803
61445
38638
85040
62967
61273
63059
92897
75726
37430
47283
6916
65872
81065
49124
8618
15034
9037
68117
2805
40730
82260
19975
84359
77145
85415
32805
67477
72837
22596
27394
28571
87514
53031
782
33386
17517
60612
44692
34684
96277
55696
85651
35784
5494
6207
18935
75057
37387
77895
29524
81049
9999
92196
96510
68274
55880
53269
57959
8789
82193
85188
62422
1036
41667
30723
22336
8361
7871
21074
13894
66234
51482
39293
17515
50964
28006
16929
39152
94444
86744
12111
70734
96933
34971
41417
27888
6307
95793
83562
16426
16542
31073
57506
22873
14578
27714
3423
70233
5811
35746
76999
80925
43038
48339
86722
19118
87819
78323
19924
24515
52255
51542
49448
39258
11325
83730
40712
44176
56700
66887
66921
56323
44980
80969
46499
33057
79634
68619
48638
9740
53484
21770
16680
59085
86798
66131
76547
32561
35570
95058
24348
57348
22733
26264
66485
23113
18310
12744
54533
85204
40643
23678
73013
84932
70076
38364
23723
46528
4592
69043
13219
26925
75894
46666
29401
45737
36524
48046
14564
54983
31563
48822
40668
66503
28284
64946
59548
90993
5091
77584
48099
5390
59065
74186
92180
84356
85881
27631
51101
23020
7792
42092
58996
67569
72151
25143
98749
81063
66492
90232
36169
37829
24092
39573
99609
79552
8718
82360
41440
5318
64953
59839
13318
30996
49093
86463
61033
20724
98191
20918
41085
51415
93942
74796
66196
99755
63026
63109
84025
44601
53124
8486
94422
3422
87080
23745
76406
90051
20168
4446
34181
13531
32138
2984
75731
7832
13162
25426
17623
29067
64898
90756
98704
38582
12869
79142
30823
43855
83691
31239
2640
84244
79782
73450
83184
40806
1428
98542
82328
99940
60205
84665
26607
43108
49660
80800
85934
35983
16715
45462
95300
46458
86487
19662
83546
62493
99042
29006
36177
60786
96647
42002
16967
46540
35784
88858
49721
84306
90115
66962
67170
58774
20739
4188
27970
42102
97395
43931
88250
76750
93165
47934
5875
47863
88497
14216
33502
78624
95313
37368
54806
54824
1257
55610
69346
41333
73452
1801
75094
71349
87257
10911
17945
94446
85356
85178
866
74340
83921
46157
90235
13895
53908
57984
32552
66741
8852
30853
61281
17683
71894
31993
53530
38468
94293
24018
7075
40419
75734
94411
7532
83011
75386
28713
68545
9921
5389
40745
42995
27458
96764
67049
45910
21711
48995
86351
95815
20233
9860
35066
94438
73098
80500
89635
14433
59034
45327
31151
71921
43242
96332
38388
16413
47473
73035
76933
76668
2273
18538
19740
82841
39109
20151
63395
3343
1849
54880
8608
8947
97094
40358
55962
55473
14425
87376
68716
77167
87294
92316
22117
28654
13086
63216
29048
84782
58898
28911
82247
38769
31395
13511
71880
18520
54240
58342
51601
553
28859
12813
78469
26642
21281
44541
59771
36392
21331
74190
84167
9800
53381
79071
59463
27294
23699
1831
4236
49508
10171
9770
53859
59682
80187
69927
75007
25268
69736
77422
613
76713
13544
90543
94996
81351
61933
69997
67758
93196
10798
17810
29800
37456
59203
18588
3018
67910
33020
90869
53443
51041
57407
15008
15020
11219
93341
29775
64439
89745
40944
70898
23124
78834
24083
31146
95
63670
64286
53243
58506
5924
19484
21600
93795
83147
56363
96376
67713
66410
49103
3134
80976
14475
31027
52246
73463
74377
44093
58595
75394
25555
73677
23638
46481
3881
77810
74209
33692
90467
65353
6346
129
73073
95667
92891
54412
48157
98705
81398
3106
92077
19358
11685
12169
5604
78602
70447
21623
41576
14159
72807
73046
3006
49170
52447
59857
1777
21559
80506
82718
31506
79585
97406
48616
20634
44453
21032
68823
53674
62249
48090
69118
36915
34015
66607
31617
67346
5208
23216
63201
49683
30567
54879
8230
25494
48979
77679
12200
11951
49976
47255
38713
43943
32826
15772
8818
14689
33511
50667
93113
74807
56104
33032
82540
24034
49124
67872
941
98456
29202
87739
18569
40367
35800
36526
11718
50944
10949
20557
84553
11719
96039
6749
67490
14375
19081
47462
30741
19434
37613
24776
93509
17606
82530
73765
43390
47835
42018
59772
43167
14489
33611
48502
21923
69471
80248
87993
17931
98238
39835
66106
31401
1980
59545
19343
1867
4980
21922
51682
50242
44314
74507
88354
41615
72124
6218
33204
99337
53252
19021
56039
2861
49179
67544
69348
31874
58184
31609
69700
39783
27637
10633
859
10844
82738
24162
98867
97418
80179
58711
63892
97744
51028
63253
94558
48043
57534
23668
35129
39041
14081
6553
68292
42057
38049
59564
46666
82843
95117
73904
79282
23920
40778
79396
67125
85685
526
28790
63211
78578
66312
38527
69150
34993
51549
57534
71488
63693
10574
5301
38105
23545
50357
94490
65176
11945
26094
81083
85514
51777
61939
5202
91817
8025
89247
37696
73772
78761
54836
13033
53820
96823
8183
10187
14598
61722
15065
85084
60620
55913
84305
39552
71415
30245
42949
42788
53063
76704
57704
56314
38634
80137
9917
8593
77195
7574
68153
3503
41826
82828
58215
29550
45770
95565
29701
7633
45039
64830
49579
13026
28454
64884
88300
17001
40247
85851
89077
62378
34613
45795
74290
20348
86638
78503
45552
7426
14461
88315
34621
94088
90237
59281
88075
17947
59448
38056
53012
50821
44958
4754
92440
82851
18993
71361
71841
65541
43837
26381
71399
41090
9029
58404
61456
23798
79192
37390
81583
8249
46819
35484
29517
33436
87264
38605
8517
43650
97420
25661
7273
29497
34454
44362
24579
40501
81330
8163
66806
60167
30158
15344
84386
40063
64636
27289
18341
87451
2926
69748
97087
77066
33600
25101
56815
39809
27567
13428
36697
80089
15592
95486
63209
24260
22555
82329
95568
19722
16045
52209
57197
80036
47213
87063
41544
55316
96798
18420
11095
1599
92083
43306
97539
23432
79386
90115
96997
49707
74927
29529
26378
26930
35921
55553
73654
26839
49041
94452
70501
69591
67782
78524
90124
11215
28990
48183
5341
758
18159
88139
66761
77271
82252
77319
320
32329
23603
8753
32821
89260
47011
5937
96029
546
60714
37689
88949
81320
65404
30383
5923
68016
52993
21849
98965
96701
79909
73508
65286
54457
10579
90705
14815
72950
92379
47389
20186
52927
58224
2187
5345
82043
63887
67440
59637
62430
77529
18778
43723
75531
38913
69246
13009
63049
97377
40476
96910
77409
59335
56242
73287
59058
54925
43354
21949
7793
97030
52800
78292
20672
73236
36165
33263
521
24119
89833
67479
3480
83904
74200
24186
37010
93923
77844
33424
18422
12267
250
4697
84207
31879
89044
57987
85459
33378
61754
72615
35867
63409
93830
64018
50718
61029
70323
80738
8652
79200
26769
98662
98949
84452
87048
66568
26324
61831
96933
53383
68651
62467
95398
46844
71868
85066
97598
14622
54417
42294
69318
93761
86760
91198
9665
53049
17519
86917
40393
86653
29880
48141
78267
14567
86553
58729
87644
39832
20482
68271
79143
95799
29308
54796
40468
12890
67579
27250
72294
75741
33983
97709
93265
25327
83565
4595
93605
76365
87525
47513
20796
58726
55327
83234
44604
31357
29703
1458
14250
59533
61010
25185
38604
66983
47676
54572
62616
7254
79616
73029
19710
2724
94867
98570
52782
83989
65597
45267
87112
96433
68853
62533
25791
14560
28344
43268
3624
2445
7685
82597
5957
51373
57528
14849
84936
34265
96001
37253
52422
62230
87872
72422
61274
27350
94464
66259
48403
74552
66477
66563
65596
87146
1491
5388
18053
69326
34644
65077
89779
3675
38118
63396
16769
13178
88679
44177
52593
5329
19581
68028
62227
23229
92655
27546
19024
67000
49625
76426
78067
25402
82480
81477
70357
66235
97171
18164
8644
70390
21641
11740
63888
28458
60957
66900
27282
59290
44115
89111
65497
71188
58278
51157
13937
31759
30879
89540
46642
35181
39988
32531
5347
73504
79898
24447
83209
33321
17897
79839
31696
29499
37835
858
19220
18334
52896
4441
77548
48912
78289
76566
78804
3686
12174
72659
54358
11472
48646
57448
18676
43930
81795
66292
17877
73454
74432
54324
63594
96919
53192
77138
59547
83681
99501
27733
58162
54428
88833
69142
32132
9439
88948
76595
6903
82058
9578
31004
36341
2883
43096
6410
26668
87074
66875
77935
58079
88776
86070
52937
59212
17770
7078
94033
58010
71948
32163
1328
74399
51624
1045
74736
49996
14829
43920
75504
12182
90372
35534
59250
14754
53998
75112
36046
2636
78890
86577
5258
76787
5395
94926
30241
50212
79493
47285
38463
51266
73408
86530
56879
23919
28101
65296
57611
1050
57053
94234
81203
94501
27673
80910
69786
33681
39476
69546
15449
67720
75509
57335
97894
89991
65713
9054
76000
81350
22733
96907
4065
75942
93889
78269
15894
79510
28535
21126
75115
54817
54355
88358
60447
77911
70765
37534
55927
30326
52057
53587
79183
37110
17128
12962
87690
76718
2855
506
36298
25830
92165
57466
34523
93882
99507
55080
8330
63399
40900
843
18036
84949
70835
23718
51705
47137
86179
59186
17999
79206
59009
78870
38130
86600
54854
47622
47929
98268
48346
49589
67396
57239
28754
88887
75761
61394
78618
18424
54734
10551
97741
59987
99209
93034
91073
62864
31940
79415
60192
86878
62628
18452
45296
71048
59592
10034
47412
43766
65014
40358
90892
77507
65361
334
72984
71831
77927
57186
19898
7136
45159
24569
56600
146
94671
48245
36897
90680
9956
27980
8839
60117
57339
50996
5418
24732
42100
18249
24246
16168
64422
42014
21187
3545
23989
91807
2650
94220
1568
85022
2455
52053
65463
69922
30313
58651
8106
31816
22839
83409
51645
33621
26109
21389
27544
29753
21971
60486
12314
12545
53071
10095
83693
67514
98881
21450
66612
3549
8668
52843
93729
31291
32885
59818
96484
34758
29155
41572
4190
62777
4679
86031
86516
71525
61189
57560
8830
46618
60176
12731
31103
38030
92067
60862
17935
93997
52748
69547
75379
39421
41923
77256
66350
1068
14488
33108
66257
48280
38411
90880
81583
61211
83029
68743
11532
