31130
92763
11248
48884
69970
87525
21505
96918
55519
18093
77182
67502
55276
72292
64476
78032
88456
76170
68743
72209
41400
27863
57226
62913
11243
15241
46030
7458
17387
98246
56730
10756
72430
91085
48217
77727
35212
8093
90713
81164
62379
68065
99823
12737
93975
534
2807
16935
70157
48443
27193
24440
5558
64756
77160
64410
25713
4059
28261
26003
25897
22819
27552
26601
9094
50794
92798
29719
83775
69499
82390
67501
41453
10429
27573
73733
80986
82460
90625
12093
18200
12594
61403
57142
37807
12593
14109
36744
398
74479
23747
77696
29923
13295
86759
24823
48229
43976
45476
73328
29870
1140
77532
10029
34983
41911
62709
63246
45275
52522
42846
8104
7597
24451
94031
12670
8806
57795
30606
55679
30246
11228
34958
35323
22652
42332
82322
17923
76433
49402
42352
98172
26238
67932
46672
59168
90525
73442
36627
56433
1373
35027
56721
12923
49904
64803
46778
77093
16447
55741
1630
78035
5021
40755
45481
90299
72600
41151
62342
29441
42284
34996
92740
30610
18065
28070
39030
45529
59029
86291
66324
34434
28741
71308
7006
91881
30212
96996
60929
25342
74046
53589
68210
42999
26774
23785
4536
81745
18492
20331
63398
12293
95866
87978
1766
69379
46189
79943
39793
63374
16209
76668
80378
27188
1269
62377
10122
25991
84654
26780
90150
73693
488
81948
82894
82305
74359
43731
97183
30323
21675
24181
71511
87843
12673
61553
3416
99493
45174
95987
86405
46417
20118
63347
56266
13659
61587
8510
86553
5290
2386
51486
56431
34230
5088
62921
85141
89891
85730
12675
84193
80245
95881
89425
52253
38095
3459
38459
74815
77131
1358
76509
56760
77816
41064
18347
29065
52107
80099
66206
41294
66340
788
24031
96510
40159
78186
17806
17643
65842
91067
20399
80452
44137
96410
2866
69819
65788
26725
74590
97440
11018
58619
77882
14507
78037
45963
11575
93241
63993
55047
189
77134
66666
55960
95569
85913
58633
41866
60352
72565
39938
30984
33674
99243
90694
53955
81613
91605
76800
5387
45005
50494
47509
18688
91518
42629
6781
5986
60302
41248
53593
84741
69137
75036
19696
93857
50953
20771
25386
39109
87794
46007
82056
40011
40488
38842
18813
65959
70518
18224
28557
93241
20956
12860
99329
52706
97212
36007
93732
3923
92577
31680
30302
29856
61164
72765
1226
16596
8380
60895
46741
66718
41081
36852
61366
31529
60894
82165
23588
1802
92992
27952
69945
14802
61887
992
98145
76515
50921
29432
17950
86848
1029
25055
62876
78717
4546
47092
30860
56693
30077
63347
78143
13978
13833
73968
41441
33510
84542
38720
32431
96337
2688
81208
27094
2108
25867
33613
39850
86249
97848
19193
16095
32974
57775
16447
56488
39134
35753
59654
24969
84711
93408
62786
48059
12379
79541
85904
75100
42054
9438
3391
83985
40894
39498
8652
66201
57721
60402
12230
53678
90360
36318
89297
70107
12864
70641
37638
27125
82281
24467
53559
44759
26608
9497
38543
62174
54599
85746
64344
51517
56557
25616
2806
75294
15480
70065
57425
69526
63757
77098
28465
62148
36530
72367
94786
9254
66716
2401
35990
17047
11234
1204
84713
95721
69074
51324
14016
36603
44673
62676
22891
24823
69150
28970
76778
69995
98304
81674
51819
19233
66174
24934
72721
84957
18685
41471
15088
9875
90468
94834
24725
22051
50731
98530
85667
54898
56338
29342
44664
23974
99182
37230
47726
29565
66590
83775
49213
58411
51100
77001
34109
30894
23310
47386
69674
64527
58748
73825
2848
87480
90813
41336
44518
92492
94314
91087
60391
36967
25908
41969
83611
90548
12337
57653
43588
79557
4657
99012
48564
25842
15
5889
16044
25649
60514
36282
96863
51854
90516
92170
15350
8551
30794
97064
10956
33543
89026
65583
2777
51645
86715
26443
90572
82424
41262
74493
55282
17089
45946
33259
85043
76533
55805
48935
61435
35678
92798
38682
62806
66829
14503
67629
92373
92821
91473
21268
56973
26375
10199
75128
5822
16262
34317
99007
65553
42790
69641
34137
35451
12838
66399
98922
10078
63943
98794
5391
95759
66568
33446
74959
4690
66048
54907
60927
51233
67959
80788
22578
79372
63040
6510
5276
61818
45207
43084
11809
42221
22035
73319
75806
20580
50729
61698
13267
85370
42109
52187
29100
14155
7461
56190
79083
9111
68732
89428
87028
75423
31071
3768
71061
29389
56999
6186
24431
26192
59940
60861
50085
9828
531
18987
75712
35024
63484
6056
28668
63113
76138
3795
21587
83732
34567
41449
29988
54281
92020
97556
97856
7859
97218
78049
47825
89107
49104
71471
80550
13861
41281
49795
47935
56442
24409
28345
45618
21508
2196
8980
11544
12304
55555
32471
7768
7790
25988
10732
41613
91628
9788
47137
73974
1248
72980
83699
6682
28388
52749
99778
98549
97596
38754
93156
73316
77203
70361
75349
43977
1539
5637
91724
35099
56212
99483
82953
99630
6364
2606
63339
76730
79684
2601
99390
99755
73067
95017
70929
62660
78467
81909
7685
87536
89849
36666
50210
51751
69299
70599
32580
74169
91218
40066
45362
84282
86743
31974
96367
93482
85730
85946
46505
50271
63029
18606
21391
61970
3191
32052
34816
88803
20660
16441
41503
87114
88226
42655
11682
8315
10206
54264
50697
80853
32501
85953
8555
60071
42815
121
19948
87871
62597
9148
66220
60209
97859
70848
13241
52000
50601
33611
82500
56172
8091
33935
41745
54328
75480
36739
64904
48342
4408
96160
72552
31538
65391
62485
43291
95992
47374
78663
25253
2371
59016
63144
78646
6050
40850
65650
79167
7817
30980
58529
52929
85906
84284
78826
97697
71437
32226
6364
32503
89099
46085
32882
9318
47203
62756
33585
97606
90304
75722
15492
21949
51623
17392
16082
73164
16648
37478
121
95077
23104
62445
50217
74362
6121
38555
14399
6833
98111
36865
43836
67957
30191
86762
35330
71398
18142
55129
33483
15343
15827
31541
98245
78200
18370
53505
80526
36018
85750
69860
21544
3696
65338
88519
24408
10901
24645
5436
79361
24328
40672
10940
76920
55492
78708
15145
1444
94060
17909
54610
57429
187
47333
72469
96382
20282
14438
31518
88495
70987
80384
89582
8723
89794
11947
54775
72835
65012
39290
82659
60005
66471
51300
53589
32901
37929
38256
43815
85197
83260
69788
34162
6564
43086
99274
76076
73409
24328
26248
7820
65227
86204
42522
75465
82511
99361
93542
42592
42908
30716
94780
47892
34238
40660
27936
19536
48373
46983
27574
59048
13105
7131
78664
38718
79692
87596
46486
69856
40004
52708
64635
64142
43476
52458
96281
27257
18159
55217
36992
42119
18872
39248
13696
57556
80256
41874
58600
20786
14397
43268
10202
59248
40771
58604
64461
18969
70145
42265
8062
72692
28219
47957
30004
44105
25600
96822
62863
51555
88743
16564
53933
16944
44363
73622
39480
93445
91680
77605
19247
4542
18320
95234
912
89220
7639
94515
28287
46024
25911
96344
94069
80203
24825
22268
85575
77152
20769
14951
35762
47177
45004
87824
74400
87838
13737
22832
69818
11564
22737
93874
63211
38489
68132
65926
54252
32230
35554
15029
52849
83342
80258
782
84623
61579
89266
55487
9480
91448
13612
20575
92629
37488
91666
82088
11438
61045
88454
4963
69369
34989
58152
44156
82413
72295
66316
87732
77026
79676
76471
84948
35576
39536
65750
34303
88160
36759
67227
21377
73194
12276
57045
62724
85643
98397
65579
55873
87179
73754
47637
82771
21929
69068
27544
26695
43820
6475
31643
30479
57479
74888
202
11703
90599
94801
45927
85711
13820
77683
86919
55078
15170
16697
29232
14744
68555
33298
12238
31198
6250
2353
98284
28035
29246
91470
62773
15671
97658
86538
19527
90237
83821
50895
67792
16159
65203
6326
12136
39521
92215
42722
43
65203
73507
39114
65681
12799
53158
31124
15052
1539
74304
87869
68702
96633
205
48213
67092
77105
42636
39079
92194
53216
48650
11510
93980
76466
76080
89218
87343
23098
39238
67882
9242
72651
15714
4172
6412
33471
18801
264
35579
79828
96577
38659
79838
86967
68425
10086
25352
44024
30229
84102
87426
14973
22577
20831
11651
32018
92753
29242
71182
95486
92156
7534
69160
8530
58323
4898
67317
55418
98497
69232
77583
79382
39808
3110
81601
74530
83877
31270
9670
27312
95146
18221
16985
76600
99287
1488
58072
23974
75403
98114
14010
95857
32140
48274
94122
6092
1833
44657
75648
23669
38185
66994
9210
16747
5010
50410
16124
11581
16567
55767
28033
53118
53791
63389
85628
92436
11694
12363
65008
66959
90674
20733
13960
99063
46380
72314
53875
19070
71865
7997
13344
85396
98013
82609
10899
18554
75
74165
66145
88494
68818
73215
50125
84997
49031
15453
19679
29366
62923
63990
36030
22739
18362
30511
57450
49043
82288
12234
75960
83083
91991
26121
10027
24539
61361
6416
63147
32036
70398
67592
93861
94807
46795
6144
8799
39913
12023
76462
65238
30467
35939
31668
11350
68597
50550
38269
86485
15690
84682
86086
72620
54391
30070
7737
74643
20749
33049
50549
60024
54031
96640
23466
99484
3581
58868
81216
47946
38030
35747
70455
16085
86460
81513
24488
36205
38745
81626
76651
40221
13216
94255
60338
35972
73479
76267
28050
44077
72592
47177
34
82670
51070
68740
72925
21210
77476
7810
64609
42243
30009
18430
92057
42031
78824
99313
99256
65814
7620
76284
39868
23318
40089
14548
56690
77842
42461
59978
70552
21357
26822
47798
61469
9215
45109
76127
96197
2067
96240
24298
97737
67069
76333
98557
89499
65210
67177
84751
15847
94021
46201
59214
31668
66803
33304
69132
70378
21517
56256
49382
88590
96232
92052
44626
73097
88482
23065
39589
26919
58
36740
96127
80762
73004
85902
94356
62207
34921
95493
32471
70168
98383
56700
50085
26873
64778
25987
31083
36126
3558
84049
40852
56217
38992
7549
27123
32586
84680
32108
44874
55398
99781
29125
85909
89146
6725
72065
4054
96585
34063
24350
56542
66673
92584
92850
71156
90188
36333
35676
24421
67218
58355
55478
45448
89756
94905
92646
17132
49731
49415
78645
16065
31143
81798
78103
64608
88940
40251
20744
57784
10718
20609
69432
85526
39541
80834
60445
32880
41299
46962
55944
46894
95051
34760
42386
34453
5820
99065
22356
98129
35098
15635
47637
8927
78798
44435
94942
15316
52404
13891
92362
79310
8322
29588
31481
88725
9640
17715
70787
92141
11826
6123
96938
17562
32747
9912
16361
29168
988
93731
67241
1271
29938
20767
92914
93079
27806
32382
63773
34630
3189
18352
83016
86827
57976
62938
63299
28238
22862
69999
39784
72126
48557
58894
78312
76542
35479
31383
18207
35277
35233
49739
37481
82512
39343
48031
80527
86847
10203
19612
31193
8041
80085
23255
5000
99812
61476
88936
81051
58549
28011
34857
7246
69304
73958
64461
36484
93197
37683
29466
66713
5119
71598
72164
47802
5586
4789
17064
19440
31880
19306
80865
15703
46448
97623
32235
10220
35885
51243
94898
27077
19230
1475
76405
1851
60398
27556
41661
2531
26490
54276
54004
99482
91707
15848
28292
15518
54416
98152
76365
28921
22345
34639
1089
56792
29393
57951
13376
32955
99257
25905
69580
97125
7869
7674
69576
26290
58102
29993
17714
94408
79323
40524
81369
67527
50773
32498
41597
46746
78430
89708
73986
44207
2804
27885
40752
51171
96831
75921
58123
22678
39069
63993
86026
15326
46119
61012
42197
37144
1378
78905
5632
28857
35844
48624
80574
29218
81728
42577
77220
8562
71088
33829
84764
73333
73502
18729
88162
61338
43855
55440
84703
3
17548
59464
14111
40885
76911
56309
28177
14128
30982
18425
72251
47640
76391
61173
65879
48945
18545
97769
6029
1898
14010
48791
46606
77776
15290
40646
18603
76707
14899
11746
13424
35397
49947
35329
84481
42638
36552
64257
84303
87582
44856
38604
51286
32650
42713
72285
57590
60535
75899
21821
31244
40517
87024
96038
20621
36962
85469
11305
89535
83552
35489
97770
26739
47232
1470
46409
33122
83309
76232
48188
34499
89926
7913
81175
47015
64275
80815
90894
14897
2681
59699
40913
91765
61544
78407
53558
78540
2001
69755
60085
26257
83733
57931
7244
48348
93689
55977
43843
60856
42710
23810
78570
28642
18188
92656
79006
13792
5111
66780
13706
24060
51834
3949
66826
26172
9367
59154
23307
26560
67872
68679
27503
61879
58728
46439
30956
37885
16691
10863
59540
77237
99692
78667
85167
92351
63893
4991
98116
79031
10585
28468
36695
76874
94398
84573
38252
49909
52982
75684
14505
43900
2132
11190
39994
14915
98779
59848
9870
26668
94162
25477
21567
6542
16564
48725
74223
13359
10628
75467
80686
58366
28446
31947
46935
55439
80041
26870
76538
58548
58472
71987
77333
23188
90192
47964
54715
55786
89939
71874
37622
65245
27963
12062
56777
45463
53330
16758
32366
15077
97086
21256
10751
12394
79882
96501
42288
70720
96064
77357
36057
27884
93043
81139
48977
7325
39000
73804
96053
61889
55540
72618
80009
12003
92976
80240
20597
35717
15210
1697
11889
32149
27654
51529
75227
32080
7489
59911
15077
11184
92069
28981
19948
38227
55257
80854
62658
64650
79056
47995
96749
94266
19074
74898
74665
68178
36343
74956
85128
82697
97279
49225
71930
27924
19552
81955
35048
78306
92295
37715
41593
26996
40159
35
70359
81051
33055
81938
70892
56815
8477
9149
65319
79210
86912
3728
15035
21215
54196
681
1574
27418
62391
99141
48206
77430
79280
57993
24327
2933
53983
16399
73970
38751
29071
13611
60544
6201
55272
48057
916
97793
86338
2469
54310
44165
72563
37783
81827
99933
34889
90009
53682
62603
48916
32934
45938
41325
31962
50832
8703
74940
49102
89614
52339
1893
44795
30753
92264
51458
91066
52193
67740
5588
51715
5288
58638
60446
87935
83067
58757
36161
32572
40273
23888
34768
13658
65441
46856
41839
96355
492
38993
35245
25432
62916
35711
28379
1478
36984
80598
94408
4471
76989
43274
75898
6468
46778
78276
71083
43432
86000
61190
43838
54416
43620
77509
8700
51759
82123
19285
60496
47342
95089
62148
40251
21505
17893
22332
11188
58804
76868
44044
21280
75108
2721
46592
17674
58314
7694
80204
29247
66002
93162
83656
82568
45482
56167
45173
50629
37301
20406
11486
5123
73152
13618
65881
3257
36748
28454
84973
58917
55082
80315
12846
52670
77797
6465
21091
92373
94936
18073
57417
83437
42368
32222
43920
5940
5484
7790
76131
55549
57266
14904
80773
33244
36411
74084
74935
90013
15966
50969
48534
49569
45035
36911
28161
84342
89949
81586
87512
17009
34738
96591
68960
27979
29271
8702
93091
65365
83068
98156
18740
27834
31592
84804
71312
75568
80869
75962
15616
26585
71739
3060
31643
10780
20603
74581
92136
33979
25169
86662
14657
69010
24989
91651
29844
47435
56187
56640
60643
25728
5758
6358
91947
75182
61179
3374
96865
68690
9249
15305
3032
81507
53863
97994
14208
68299
34558
22752
92488
39491
65702
12851
98692
54858
65660
31434
61865
26338
62352
37783
43477
91272
52820
64768
49357
68430
29297
58699
70334
2358
86644
61477
90948
91053
3878
84079
85321
37249
56185
63493
27045
45025
50013
47980
62020
98800
98899
4600
30789
22021
8025
94679
17310
25057
45572
99325
48765
14702
78092
12877
5545
26897
69761
57473
13512
60684
60411
90615
33466
69075
17199
81624
37378
54888
42877
91781
26148
28021
24198
37376
26185
66278
5596
52308
22912
11360
98833
99459
85344
67490
74993
87050
47592
75190
57932
29042
22311
75028
49611
27894
727
19252
20548
4684
26051
24237
13417
86098
71434
59663
28250
50359
43996
99322
39387
24547
58337
46232
57120
38083
93817
97246
35972
10293
28254
44826
55513
19276
837
16729
38970
44704
46596
56216
88509
23638
46477
3205
59172
63528
52568
53490
40498
9808
29984
79732
56250
69174
31523
85470
6451
39476
81581
97013
71401
45282
99022
62096
72397
82946
5095
46671
47308
88938
92133
76596
40956
56266
96516
17794
56371
89017
86484
48144
54322
27841
91321
14122
12159
29475
98764
8165
89136
9800
30815
17757
57955
94181
54622
86029
50379
69833
47025
89289
48964
92999
22782
74235
14824
87515
33739
441
23514
60155
63297
79424
55679
6171
85420
59023
38636
40733
31
82946
10523
70227
82484
89672
80279
30354
50481
83588
15063
87925
26086
32093
36040
78667
55187
17410
11842
70782
27143
46654
92924
96641
58595
84019
70204
61461
44188
9783
16134
94392
45567
2632
99670
99882
22031
20364
33289
12189
79883
90185
49845
86425
81643
62974
72954
37706
97256
65372
71120
91687
97819
82949
30207
72095
88893
83391
30349
77857
59182
98165
98065
45096
81106
21579
76455
48673
61429
97243
77885
88155
61423
8657
13674
36874
28099
19839
25406
46392
72225
5662
70005
39945
28780
28162
59781
69641
35733
4056
48406
24788
69478
5886
29201
93633
73531
43199
39889
27244
77642
83147
73654
33023
98723
13679
48185
50428
80019
65461
69082
8618
99491
99931
49781
60089
47389
37128
91155
59699
78350
43409
24028
69249
90311
39687
45546
65592
91517
44762
83000
99518
10961
50766
14042
28157
5162
5336
26727
91362
58110
87221
67088
63730
75920
17831
36948
95819
76947
15725
49388
7218
76748
57502
23042
35102
99157
38690
50335
78495
21086
68717
23265
17772
1519
73817
7691
71081
66280
73790
61942
30513
17897
56657
63622
41190
81229
10231
54743
96850
28177
52868
73590
64632
32531
59764
45484
24156
93397
41412
58933
24780
78017
51310
12431
64074
40391
26208
93070
94519
32609
76632
53356
74813
75607
81214
97310
96313
63710
88734
15777
99267
41628
27648
68659
25083
16487
74374
91967
18866
3531
37889
50672
39474
6122
34064
31078
63179
87805
56183
15622
67547
33817
78264
26220
87705
76877
99440
45244
9183
2856
44528
52087
37553
22807
11414
92360
48782
88396
51528
73981
44914
83642
63213
38643
54789
35901
79848
91499
87332
75126
30097
7385
71626
25172
69266
46843
20250
42543
68379
3046
64652
1389
24482
28187
97426
57159
14171
97529
15045
52774
53711
38892
99057
84455
25244
48324
70233
98238
71817
59904
34409
57590
5892
61833
24150
86134
62266
92699
82164
40895
57939
48446
28212
37843
42791
7891
65751
21552
95105
38538
80180
6841
3854
51440
38754
40117
75618
81445
24099
98481
65992
5196
59597
79744
7011
92955
78773
69507
53317
49970
56250
71620
8523
71721
39436
97596
55540
69538
21271
75605
28125
87614
11984
38889
55450
11947
51514
55817
14930
52219
69781
60026
59416
83408
35141
31897
93313
89555
56890
68127
92487
16804
3713
59840
10105
56939
62918
15405
32444
27821
38756
29402
86243
62586
28203
2522
39014
94563
86029
38054
39330
77994
15109
97468
83021
14130
10788
64548
99732
39316
3065
66702
87251
66707
29213
59959
11856
81000
60568
30987
77044
18487
52211
78468
80967
64482
48091
77776
65095
38556
15854
13169
55876
9557
50150
75614
4412
25300
55135
26534
20974
46212
57159
45780
45917
99429
36801
20559
69571
45251
21397
68665
78671
55044
96920
62295
84060
12090
11443
71631
38224
45176
28402
2989
39310
63042
58156
28865
24536
42813
93898
15874
31268
68613
17686
99798
90329
88445
80194
60969
89063
92193
76177
1146
76385
52120
26886
90134
57144
33541
61671
5404
92821
76637
46477
56031
73938
93363
78507
35658
2517
13902
98265
83261
50154
83452
19996
43734
6717
30400
83795
54187
9233
72998
22432
68180
56575
51640
45714
94117
78126
24041
98251
78009
21803
42414
27955
35818
4229
20204
36440
36925
21544
89805
4767
64603
8724
71085
56620
17497
49466
74800
10889
43481
15699
30934
17943
30281
13468
64710
61935
78570
28305
7784
24019
28683
63621
5903
63415
64755
3227
75411
26661
24062
33861
11389
46865
88223
63798
77147
12441
62563
1286
55667
37176
12502
39394
35605
48105
77343
25069
52809
8722
80294
90775
86151
96436
10166
96471
12997
31789
25118
82376
90347
78216
21873
97758
88642
23714
21805
45252
93227
58394
59865
98868
54381
84052
89095
73138
4166
65577
21369
24709
39138
35215
61536
42194
88201
73697
81471
58230
4531
26923
15598
88352
86423
56884
42906
93674
12065
11463
63178
33042
83713
10912
41821
4249
97184
10064
2607
5879
84046
50957
62330
40856
91991
16953
12025
8695
21908
13869
56392
91798
68893
54723
97671
21175
52764
34365
16638
30394
78045
77140
89082
71156
96865
31680
67508
36008
98354
13057
42195
40324
75473
63976
36264
12411
74763
17798
32760
62330
82410
87118
6198
45097
96743
66633
32110
24865
65406
93111
59231
81316
95194
87900
93056
40189
36527
27727
86435
82645
92742
3066
86870
95535
82803
15726
38374
41441
96898
70951
30750
50831
59120
22712
19950
51206
23062
2066
38023
83025
73504
30646
34498
12700
4668
53685
86976
17795
56430
8159
81804
59445
61152
40624
49117
41963
38359
13172
44728
21407
51617
13363
93618
31434
96074
36413
17106
28542
89549
28786
74741
68733
61671
17774
4491
89140
65096
83472
22527
85176
76771
73958
36981
27387
59557
58391
26731
74283
87778
42924
72482
33640
54571
4636
9750
7199
56795
43602
19656
42951
78001
28733
80829
17591
12024
38036
22239
89283
16897
91300
7137
34033
59858
82647
46848
26620
95864
84675
17285
47492
98808
60012
44360
72144
65508
99319
19246
85634
24169
18188
40050
73493
45796
47206
17698
2261
42356
33883
79520
82394
96747
81283
43625
68611
57087
60486
5203
86443
24989
66631
24463
67147
64317
50503
20589
34764
49232
54647
41247
50502
1046
86302
14198
25658
34252
20194
39529
84873
62274
13975
98676
45999
94955
84289
64316
28320
64045
24136
49616
49853
5945
75223
94316
28402
94165
62641
35095
28207
50388
57073
82988
94305
84231
85916
84854
79117
60844
83301
64021
34440
52613
85436
28509
64502
83108
57268
68733
5469
32482
51727
51517
23653
64655
80937
57856
40014
5059
99262
53865
19310
22003
67897
43482
47589
70015
92058
93592
17471
2537
91522
73227
3910
15648
65470
33281
50626
50042
30446
41297
79790
37568
8689
14685
12311
49603
9359
54512
66323
30092
74946
97319
3932
38929
5922
80685
48808
388
22412
92351
76198
44741
20622
13326
92343
97656
14161
36738
80551
6193
37316
7195
33606
71212
26753
31539
26440
25913
16574
47456
35957
57076
87282
6869
69261
46803
45441
56936
96540
89848
97830
45326
87062
5030
28412
57187
83087
13073
66762
26534
19161
14510
10729
82720
2043
23369
54067
2565
89483
82390
62665
17907
1224
8575
1920
73591
8342
26715
73258
96944
25910
43840
28509
50443
44481
57072
64930
35053
14242
95726
52572
79087
58989
75284
39762
31075
85632
71165
23899
27990
71860
89565
21381
49422
33408
97904
49858
27442
95306
15536
89968
9576
49130
8736
22371
3993
48254
45669
77106
91537
43364
64245
62362
12131
49271
50119
12819
63593
47016
57898
78093
62601
56024
56242
53318
94932
64976
92236
42283
39528
59998
23699
4872
71253
3884
76955
21006
97436
35518
65547
78688
28978
29992
67368
55226
41349
5994
74412
72447
44534
4649
28917
92765
91876
78027
53401
17151
31881
6062
20855
44815
66686
78021
8650
93382
71258
2320
60119
4977
75607
58263
2309
10881
78997
92292
57900
26544
81048
42874
94501
3563
43181
77877
8322
42400
56778
99999
69303
93445
65523
53132
4981
52962
27352
89107
94808
44285
71483
65866
66390
30464
96272
13597
69847
6601
72990
32458
97508
35502
47042
54396
91449
51626
5874
10785
97940
15241
32575
10090
33839
62860
24083
73824
52874
77913
87034
49149
2017
7874
9854
64430
94909
15152
63658
37795
73446
78156
10000
87183
41110
42793
90982
32355
29481
57874
24394
31074
33488
18028
87143
20608
4901
96935
47376
18556
21785
66246
54953
77847
34985
64744
52772
57775
36304
90035
97929
36765
3925
70173
74479
30536
50212
38678
84071
1763
40123
73557
40633
38634
32187
81085
48006
40788
74942
70571
20107
55477
98023
97279
10407
23667
13909
9925
38420
55747
37458
84127
98769
94752
10312
76209
14944
50951
36787
35944
64939
94033
51122
42183
49506
96462
12022
70992
77791
16954
41437
54380
33227
1375
94808
96087
56665
87943
51624
10507
89200
17148
41544
58727
90182
6879
1668
65883
59943
46049
3399
403
73365
33857
14578
75229
3562
47490
69768
1721
76664
47303
93766
43197
18898
24974
48112
26050
35395
4647
70055
62254
29500
14640
8662
39999
26700
18862
23660
26640
23847
44394
13860
95339
60745
50789
47167
83275
66772
4825
12404
20653
44116
45838
33181
66355
84580
46198
34067
29780
5098
8230
48724
85123
90845
72881
77152
1115
84583
8802
88196
85220
86437
59542
7309
81732
39243
86291
36862
80485
836
49673
51069
60350
439
64580
11079
83169
35206
40523
98820
98625
43600
59032
92437
1406
36822
39988
56458
62831
10651
96270
23088
89034
11364
72920
81191
48787
58623
76415
43506
44510
69856
84421
79240
48866
262
66812
94695
27485
78108
41185
9960
76094
51035
7698
83853
18195
93644
48589
77015
70671
57996
53223
91125
21975
87465
63462
11990
67530
1641
28060
69663
2571
61161
78944
95193
67564
5763
56714
73121
37433
16041
60939
87683
86078
7693
80679
22529
78005
51427
41008
71692
12560
44734
64224
98358
10943
29079
17011
99582
74719
41709
89118
70602
20128
71686
4784
77875
67472
2899
60035
72506
99657
22961
95327
24824
49716
34252
8524
61428
46425
18270
4177
65197
62117
32341
4846
20855
50453
77203
68018
31107
43333
4655
46778
3734
66672
30616
27943
25307
85987
60954
44794
58741
47938
42489
47375
1101
39638
39578
89716
970
49682
81538
52324
93150
9569
98101
196
2428
17967
28832
66296
99272
70800
90867
15939
35431
67760
34758
75098
40726
69271
508
94916
54998
72504
99941
99216
55396
75671
18077
13651
62311
85718
85458
64669
80067
54810
72419
68918
40010
90942
87267
12538
62194
2868
50589
24974
65282
1459
54770
23837
35973
11362
86493
87412
41089
54815
71640
37847
52258
90636
23927
37406
50864
14102
1458
9263
81599
86180
86593
16505
89060
21913
34943
4426
84709
89669
88785
42542
64329
79150
21408
48068
33583
19095
51682
73439
36859
27498
69686
62390
2667
1127
23790
37992
31751
90537
98471
52656
151
39633
23828
61248
87439
29746
12761
45853
43237
81208
21267
99863
59682
5333
80757
58531
96791
6313
6893
99383
69287
90574
80229
43618
66434
70398
91813
65573
81043
27361
87733
39346
82991
9046
9632
93151
37677
18109
91125
70503
42933
33023
76743
54046
16753
21787
14996
92814
80256
32143
83523
58867
36201
23902
53670
34159
57933
39747
88767
94186
48917
49587
51199
91658
26442
36904
5450
51019
87588
75536
92758
12188
63802
56944
35665
97814
20696
96150
97570
38841
57775
54074
95496
57732
90182
88624
13792
12721
98862
84716
28770
18699
78483
27890
11754
93869
95278
23418
94516
46968
51031
2685
43712
36720
90168
45534
13110
10291
51709
98615
79299
38680
52456
4991
68129
40768
833
88341
51508
79003
8938
58028
62833
83867
56656
70643
87033
82285
50077
32384
52707
25465
32683
88504
10744
40662
47091
57981
29400
3242
79651
84693
12666
74878
62126
19603
19120
45883
88190
53892
55785
17219
59972
24632
88368
77870
86096
96682
50449
50399
55196
66414
60668
55330
70946
95351
95810
58788
72975
32514
90172
42959
83343
84322
86924
57249
68967
19400
55515
7432
67201
40687
45537
41116
578
30658
88098
56056
40152
16171
61366
29175
76463
53368
35521
5319
52162
78540
69761
89357
1007
56479
72423
16661
72835
33523
1372
72051
95317
77844
90084
50523
30639
80459
69504
27737
27910
50016
11277
31054
53323
6665
35178
66056
46905
36755
71160
34429
48623
63915
97754
46340
5720
48490
85403
74544
89189
92283
53230
66217
78301
47850
8273
36361
24843
27339
10891
12560
48277
32196
20788
7556
96621
31864
62420
91688
34784
79217
61635
51320
2091
25257
51024
60286
27566
65525
72093
99989
52505
72271
8968
77624
37795
98430
19972
47621
49433
78468
58085
75251
48307
42180
13371
50765
55746
57454
73430
40074
81542
66216
71496
37514
38684
88890
44968
6128
62613
71158
34578
39063
74881
50787
75755
51346
65098
66469
27267
73923
49854
70698
45555
54103
56867
36147
5734
34109
41327
40445
48276
87265
93008
91979
34505
39722
9125
68946
96293
83404
97552
43200
32700
58186
36099
47370
23677
81836
72247
34001
29840
57464
30108
35472
97305
65552
35787
61989
28377
20616
71159
82905
72243
59843
64033
96590
33900
58633
60363
64420
92012
36007
7940
64488
92161
26499
24226
48281
40770
44858
9198
18744
60817
67671
45753
27916
20378
21554
8493
13870
85304
54372
862
10136
56695
82050
60159
30629
31156
92381
1745
37829
8320
91637
1749
31072
84003
44629
8131
46468
71518
88047
61779
44845
78505
72501
49785
66927
4698
50161
1102
60643
37799
54818
24649
62284
83491
87060
96236
27557
54276
72698
15130
2825
24966
9962
62631
12734
13544
79925
87496
31294
88179
91105
15626
70276
70331
87813
84190
65840
85534
30305
90610
59127
68554
70200
93690
59466
53148
37963
24909
81632
71074
26803
63341
97187
75041
30362
34718
98196
31634
17270
94871
89980
63816
39331
66294
14577
14573
5148
24398
37601
97834
66262
45404
79613
73637
1145
37304
16805
3717
61948
52870
35468
71025
62812
40651
61000
86486
64856
92669
74424
22663
96236
56980
60690
43551
81256
15485
79720
17794
17709
3980
26998
27777
72547
25713
28811
65628
65146
99844
31090
82466
26907
34267
91356
66709
62633
21626
53035
79144
5082
69609
90621
62058
16652
8065
46387
33884
65030
44256
98365
13854
71916
57661
1061
54312
49438
92725
86900
55540
33070
98660
31812
43001
47580
93775
12100
36529
53103
86589
54081
69884
25394
68422
90903
19710
97801
97092
49524
73892
28079
88710
95365
4036
84462
44580
80960
53314
21753
73868
74733
45903
6569
48699
40305
73163
52371
90343
65752
17835
13538
43545
92126
13142
50966
34712
48027
32905
67672
61440
65609
59067
30936
10898
78547
22266
1286
42693
64795
11860
64490
93370
35144
84402
47392
89933
60555
1215
77811
47079
74316
45094
28821
94032
72726
20601
34584
60290
82139
74222
44204
29049
28421
12452
77046
72199
20731
30755
40297
52356
30252
19585
93603
20610
28059
32449
85958
14142
90694
81846
7346
36275
40949
87526
82684
80968
27452
47113
71405
13738
29645
54353
62938
5300
52477
73827
44027
42
74801
18723
25066
5638
71525
70158
43641
105
88760
55937
12656
63699
53592
95063
6946
30574
46533
29903
41804
94885
54949
39404
18633
72562
64388
56373
27477
51860
41605
5373
2812
91679
98249
49790
67677
72238
54490
58078
92288
70355
20085
18356
46513
44175
62578
6659
52217
62109
8402
71045
65624
60265
45476
85603
67616
45951
21779
86688
90001
68509
92880
31734
11757
78602
56055
97976
44439
81824
4257
32758
91884
11492
74821
61503
57662
59895
6283
25217
68681
93060
93967
81836
6996
84058
12526
74740
59238
31828
20529
6485
91075
1524
3155
94673
14977
44366
85872
14133
53451
46752
9067
17114
11377
28960
94044
70311
30698
63309
21429
55283
49095
65255
76368
80936
3957
67931
60759
60835
66191
84631
5551
30808
42078
85852
18113
44019
37678
17520
25190
28153
65038
82963
27663
99789
34307
38954
84719
94446
14537
43671
79077
45181
33000
26602
46921
37309
66094
27984
77362
84115
51247
46314
24962
24493
68822
64793
36751
57663
29095
21716
82575
19976
35795
65852
25567
24595
5590
86119
400
68505
33296
62232
48143
196
63294
16432
69583
55855
95444
98334
6900
47785
8762
40914
40831
83960
99680
29007
89201
34330
89855
31742
40062
57190
51982
33375
16720
18993
79613
61115
32277
58157
63538
95925
19526
53900
88702
33342
75860
73506
58586
9448
69713
68264
49475
50578
41305
46685
27471
12899
4571
97159
12364
19442
12199
66839
1940
73185
84982
56267
84430
72457
15889
52044
90787
91089
72927
6744
74075
25464
50798
73018
56789
15762
29213
48277
21376
