45148
52003
31536
18323
23708
95592
51239
33973
190
26370
22838
78322
65829
73540
97706
62131
70167
93170
10775
98731
20405
86481
92233
71569
43702
27357
60649
30312
71903
80121
96585
43167
74593
95393
11884
31604
3854
59740
17525
61012
84537
3086
66698
30558
98474
77161
55844
47493
88699
96195
7478
52532
79219
33762
70104
56428
79964
45844
38895
48840
67394
49692
39226
6882
70858
20006
14044
75182
91052
94940
89409
24772
79439
95953
31470
22107
79200
6138
57770
62769
366
85085
33347
39783
9990
57921
69406
21769
7910
38053
74207
58859
50527
27533
11121
51407
42828
77622
63922
65508
48329
11915
19806
79112
43698
46736
61975
20365
14074
17052
20398
20282
31813
89219
67952
72232
53250
75729
37392
80781
1320
12499
66477
85302
31051
42608
9184
78412
56315
38869
81220
11833
92282
22445
25089
15621
33176
15951
38295
69657
35053
66961
40644
81124
43346
60827
89491
25755
56188
21878
44065
74907
51350
32516
16877
6923
93433
52745
379
71709
32395
96198
33540
74355
97330
67078
29246
5630
41619
49714
72836
82113
36268
40319
1858
77108
56585
1991
95423
9157
25223
29557
26182
30040
94499
43098
70963
66447
80798
45916
45879
54565
83536
32142
82600
64661
51877
14843
21481
85912
89272
83804
44049
55370
19371
38057
7450
24430
9056
91372
20712
95240
13975
37585
52083
5288
73733
81977
34771
80327
48141
65166
84968
48009
45694
7249
49891
93826
8200
64207
87317
9750
53915
31794
23122
24313
77183
79476
12480
92885
92010
36110
59010
23273
43169
49582
12700
49102
63887
34983
40322
629
20987
24802
60769
876
66440
62355
74442
44576
33294
10374
36791
56157
82385
10392
39227
54096
90171
78882
84330
32205
31547
76272
17921
76300
96185
99568
33396
15279
64820
95750
4243
27486
5082
1181
38424
723
5412
7831
55439
76626
38988
15717
58978
91888
9931
18034
90560
87349
26643
24345
41194
53947
20262
45304
9914
48086
73586
91612
10096
35374
40617
67836
17562
39079
70721
31105
14142
23778
7140
76226
86952
5148
27477
99375
37131
4180
94656
95972
71926
14410
88476
78365
72500
19555
6657
50312
59071
70441
92480
44021
35427
85583
59235
71178
24843
90418
4449
3060
18602
2236
4446
31064
13991
45122
48829
7976
8390
53580
25187
31921
19183
30453
9610
62416
4446
85864
6142
42949
29030
93706
46743
89344
98210
8151
80084
58263
21914
29669
49872
19577
74734
28709
41380
69853
93250
14344
77689
27540
454
33981
79912
75134
19297
82936
20208
16248
94617
22191
66034
24594
83106
94910
41005
80799
87425
12778
58417
83686
93883
46787
50434
21621
69983
8834
95915
99605
9772
82194
98172
40024
61888
83563
88386
61327
35359
89593
27106
39160
22684
33915
68497
94965
63719
90023
56563
19928
91539
97963
95758
67066
67971
10767
66826
84107
64720
71158
87591
43043
83833
97188
42555
4695
22216
51993
97127
67272
66397
63098
43572
24277
95705
28721
7599
49488
71305
57547
21887
76206
29357
85055
92671
43960
41220
2735
76252
87903
13238
92487
68556
13548
97278
25698
72745
51445
41873
20427
86633
75244
69327
22625
37243
89265
96677
32724
84192
36456
99005
31596
47748
7749
96355
41418
12984
42820
8564
39525
97261
32149
59269
25782
83214
73620
28301
83920
13658
49879
77488
94118
43741
97952
52169
63025
41835
52882
14996
20329
27736
32129
79413
6320
87063
43170
77128
12526
68588
80770
80230
42167
81968
72114
22064
30953
76673
27487
56636
1138
45731
53856
87961
47822
66968
15208
11168
76301
5271
22428
89337
77619
50411
6431
70759
11706
71947
97224
53201
79666
62865
5557
15854
27560
13722
30073
75244
59140
8281
46288
91645
8940
2168
74644
52095
76518
61772
89320
71879
14363
34291
27025
28681
10295
60877
41189
58918
47885
11956
47611
11538
42904
56570
89026
82528
63292
92285
15374
19981
50570
59242
63885
38118
8898
23435
80471
65399
47987
52462
88452
25105
22302
59124
63703
31287
36089
97745
55320
95078
60015
67655
96512
50302
60484
26938
32173
96849
11062
55280
68469
45286
26176
81799
68760
86858
35384
81906
37262
44661
97176
98482
74239
83156
11066
60045
20113
30873
39964
18925
82556
16539
37058
1719
7738
83434
49979
96422
21722
5363
67836
3493
63187
51820
5353
93446
66550
73790
80498
16577
44956
78988
87834
80171
48318
14596
17010
32242
30180
58976
11908
10675
72469
37753
67500
41849
95917
42474
11265
89235
81932
16316
77361
82576
49323
97395
84778
76217
75146
49396
95893
85099
33253
74161
79452
36079
44869
15667
2732
28920
68018
32643
80214
21721
94982
8149
37200
66496
93181
60849
93017
92115
96169
6271
23065
81189
55362
20462
61606
55605
53946
63842
91299
78724
32814
39672
81603
57169
31128
76566
77483
59058
29505
76532
80182
82481
885
54657
82290
57121
16943
6356
33863
73723
89107
56016
76856
22009
27738
87186
64898
86446
83912
15258
91713
52673
75065
40148
80882
77860
74042
35330
75219
79765
17525
35752
71
47472
34884
41971
18805
53134
80582
77862
28816
93791
76815
14179
76466
0
1305
98259
2497
184
30841
13714
25875
52117
172
85690
86062
42206
94769
42922
33992
10580
29328
39474
44237
42954
6551
52094
60063
57022
72518
17501
19416
19955
13952
42957
42347
80844
4450
86596
94120
73575
26736
20925
7998
39124
91723
4829
29498
36081
23903
14050
53102
58723
33112
24455
42701
35859
30164
63382
61715
94979
29139
38027
61986
67051
74252
18592
92295
15828
60826
42074
72730
62543
18035
94959
14308
80627
57944
90995
54043
25330
62792
9310
82409
98999
63056
72859
77899
73375
53245
50767
69013
42193
92466
63780
50419
45978
44469
68690
75498
80393
11267
25257
6716
6532
80996
39613
54731
53701
83033
46062
7157
59925
41810
33874
22109
66532
19932
11874
21386
63938
23192
65342
44585
52700
94374
88701
718
33142
51616
96982
40792
80097
46787
44644
72114
12474
54888
26073
6677
46463
12434
30114
20523
84078
72127
51155
74798
69564
57473
78575
7855
25103
60839
22549
80179
72121
58260
97002
24664
49457
54609
43040
6101
31184
96350
19136
94687
29380
24099
4793
42087
74388
42821
79364
76737
81553
76213
47603
71520
13205
88770
42806
51805
42012
50094
84202
21623
5915
61854
17247
14292
12769
67307
31332
11141
23016
27606
24144
9351
15128
70873
71408
34822
26841
74968
59208
81628
90450
26294
77896
33751
14307
31267
31789
32345
25435
56531
47216
14233
34039
35722
22735
15495
28760
31508
20630
73196
7968
98641
37386
42287
13992
40493
22866
10356
63617
40494
3682
58240
53189
81670
77605
76664
7161
4489
96390
57126
96770
58264
31835
55773
33952
35483
32591
63380
75403
37678
93706
7918
22217
73618
68320
55675
10026
62628
33011
10423
21568
42443
90053
24432
72446
99403
90846
99269
40331
80822
77237
59817
72611
58626
54559
91879
50027
35254
91858
37568
74959
42814
96437
73328
48473
25918
72806
67950
85520
50530
54855
81714
7723
35156
48870
46865
33104
92903
32711
48547
17134
58224
47088
25766
92627
60181
35153
51739
34827
96702
52301
99374
24918
72519
19082
5876
46084
85047
98577
87629
62863
7339
40418
63176
84245
83372
12920
27654
81105
82143
79252
84918
7125
18683
18441
69440
65254
34997
57539
71517
56916
88247
15860
14339
85685
3855
74141
34431
4829
38339
34165
35227
31355
10243
3609
31967
90835
29815
12336
49171
82771
22583
97914
41827
54069
8601
94709
72763
5744
60037
77355
47346
45947
50949
95163
71107
7071
79576
18274
4565
66104
11014
88646
33469
88232
32557
84319
13402
8024
25657
28738
18814
61164
62195
69035
1132
53025
3056
55815
58876
90149
79626
87164
6876
4275
29005
2101
3889
31658
54087
70797
24155
490
17378
74839
83702
35722
14734
88264
16860
57912
14743
81058
6504
11022
58966
62269
29910
91213
12099
65332
8551
38137
16680
10090
24864
72209
95985
40887
64113
2377
7264
41650
8595
21894
72157
5085
8715
74069
36810
64520
68395
14984
19060
64739
98520
90734
59205
93379
84006
57998
34455
99472
13919
93504
94659
32873
93794
92488
14872
58100
24584
28719
84327
25126
45442
88896
91194
59659
50943
48700
39781
71379
69290
83291
27028
93689
58511
60192
54564
81233
3806
53239
38799
48558
91208
49869
42879
87469
89479
64876
75587
64513
16474
42706
41951
82940
24077
9965
35933
49526
69783
46197
33954
14493
36861
85606
81148
11962
90388
28376
81623
68828
45956
95581
25135
18339
79847
8662
43359
19242
36977
12562
49976
1330
69898
46180
18541
78600
37622
19520
45387
51730
94294
9810
87046
42523
136
39068
35759
55352
41097
63178
18434
30038
56346
96402
11867
42146
51520
64045
11976
70997
91621
24205
89690
56186
99901
96923
92501
52062
29763
57870
97415
73714
7713
52841
33845
43999
16142
4433
16049
19208
39858
45545
54440
22165
11750
86541
55800
58305
5590
54728
39390
20897
4008
75090
61645
9102
96022
37033
17499
25554
15702
21994
22901
88396
87356
77100
49267
38175
37301
40058
61638
90621
24468
34923
93838
75147
20970
4896
30536
47442
56238
91769
31685
19874
30908
71092
73558
95490
59162
43779
11138
53464
98965
52904
14650
32753
27274
3696
59332
34382
66720
47722
87763
37772
38643
62659
65016
8334
60044
8991
19570
35049
75147
4213
92544
48332
66631
59175
35159
82761
92972
71773
86032
1509
44099
95741
76601
9880
99951
92553
31883
65248
17427
21302
34811
98249
85618
4004
43306
85809
99662
45534
35063
4891
7666
77072
57973
72339
34763
56928
98807
13048
87825
33963
87111
35371
28867
59965
13046
89139
98864
94380
37933
24906
39378
21873
13442
38983
16309
8900
50887
13737
35830
28467
53213
10364
9926
39838
5254
21003
82126
66866
81047
57635
14028
59489
18508
58752
85051
37818
10997
58838
3729
2058
43694
30110
68641
55663
58189
15163
6433
64181
68116
96392
59911
7823
22471
64000
63212
98291
12567
94153
55122
60722
96285
57629
89378
21170
60322
24407
87918
90187
62555
58775
95797
21914
75122
68114
26116
92901
76639
2649
71962
98220
54709
14083
50148
47976
6585
41274
40103
65891
27438
44032
90877
46611
42476
9051
72310
90804
62383
12836
81471
72481
27595
18120
10304
95343
42076
3929
42208
42342
56156
62068
37059
80509
16942
43407
86227
63985
84152
27967
45980
5761
36781
50819
72529
40777
46088
48625
13037
15034
38581
83963
19668
44274
7529
73182
71672
18301
71474
5159
94551
15751
47944
25473
91297
81916
84707
19519
83415
30847
32038
67362
16079
88611
11193
74056
88628
54921
24501
18578
12042
791
91033
10929
61648
20849
22905
3084
67742
51415
32758
9872
37102
80763
12424
14676
33943
15421
32695
53319
2580
20037
48970
16409
4259
28540
50838
48835
51017
22695
93208
17683
40338
88608
69406
90648
64695
6611
2080
39
55832
5939
88716
46632
13353
54647
89119
384
87402
17396
29679
92539
43309
25303
79333
50773
23548
34783
56520
21414
2355
56245
74100
9288
79657
35498
58186
18246
82156
39595
59265
39299
91466
38563
5914
62979
40780
68205
27857
25722
17853
60308
33807
70447
49384
83050
11741
15341
47583
55809
467
98790
65784
60169
46670
37604
77234
87591
82751
1774
40853
46766
98112
81811
37975
40316
23170
40662
14011
39764
13667
1366
74101
75155
44923
16696
44520
29137
75925
70771
33008
92183
58778
4984
84219
42807
34888
99100
2289
91276
94338
95524
58037
65135
55618
96684
84324
32434
96010
33780
44635
82813
16503
36135
917
36132
4790
70249
31409
86753
99921
34556
31698
18131
90754
82095
34496
15762
2408
71204
84395
14221
39223
55388
88784
71778
38858
79874
90965
23610
99156
11920
88910
43871
85619
86370
50466
36794
23526
72693
90215
39757
63701
89211
42185
86346
96239
81727
80202
76302
52625
79759
69892
72190
39490
94570
61994
61436
16508
10920
94861
74214
57828
28096
93881
4811
54299
40762
88351
66826
1101
45394
85646
35210
13094
81189
1851
27024
56324
4956
3135
10688
51528
74738
43839
45619
45446
63235
61287
2192
72380
22259
28080
72842
82368
36952
45857
31767
20049
74917
65041
25577
75056
48915
77258
58794
4743
37870
51017
79192
17479
43354
67778
47675
88112
95649
37313
54815
61257
26618
30987
4147
30095
90230
26371
99708
68138
92490
42952
24982
67867
74068
12731
5385
97874
93581
87391
68356
78653
75274
54169
48984
22554
90574
35479
98355
10413
90479
47405
73976
27757
19907
10650
33464
86936
55015
34953
24367
15111
92299
47988
27805
89085
92830
91234
44383
89625
93938
86801
85865
92586
74796
76719
53027
5346
85802
78946
62525
97219
13649
29992
71120
96726
32401
90904
21171
38971
62263
87943
70167
61787
54128
39
24063
74105
15797
93898
81791
54855
96376
92644
98448
51348
16072
86190
1356
82979
9540
24423
6925
5399
90074
86965
1309
91274
35739
1609
70169
31709
50013
35937
78439
22442
71660
91879
90801
17077
6126
35254
33629
56513
83345
13084
81354
83454
62516
39771
1929
73472
98671
48906
75413
69260
60127
57049
29553
63339
75986
19442
69565
98241
57291
96282
43189
6007
49811
71478
41286
78100
36733
82347
87276
5066
81555
87902
33773
27149
53922
83706
2764
84095
61023
5039
20076
93766
74356
70263
54177
49886
56971
42389
45588
61291
79894
567
59987
70983
41241
7514
7026
59258
60405
84140
98
37352
81361
63148
108
98404
807
35277
73931
2882
76520
64570
82499
48841
99917
40564
8929
42567
40315
98135
32401
2623
95026
50331
12662
29278
7666
31765
26410
19948
46187
77309
31378
61565
76479
39787
89628
50023
51222
62171
27160
13774
79582
75023
28688
6586
78653
2004
52966
43498
20341
37596
14088
98242
67698
68106
55954
67840
16979
94573
5057
38733
54674
57411
65743
75630
16786
43807
30640
30970
12132
44422
87880
98566
82838
18579
99558
97820
31481
35898
3105
30731
95565
31529
21134
53655
93291
7626
21499
21105
50702
11653
50091
98145
61343
61026
17071
98879
12252
84781
4797
85858
43269
97266
28783
9648
9122
16872
51546
11539
61588
23274
3017
77133
599
62976
96182
19394
54576
93948
68837
77588
94425
62336
76125
1548
87974
11389
72932
29940
84563
3191
3350
72898
67180
98596
66497
622
19512
19763
43615
44516
89475
88329
22097
64501
36519
42918
65237
44968
31254
2630
76100
35406
38567
57156
83275
92819
63866
58649
72355
34288
2570
89858
59759
69182
41070
6240
21682
5701
98699
92856
30730
97586
68570
36347
71149
14599
90577
23648
61790
25644
56657
3404
26668
28419
65900
42388
28904
77273
27856
50905
56832
90712
49077
59539
55197
79962
93887
14441
44117
99001
83567
87099
38318
52897
83628
44259
31408
66374
41802
33456
5446
54962
30741
63026
33617
48471
11036
59476
63848
78114
11068
16226
69103
144
6056
49452
34995
18907
86834
2051
13792
82477
20185
58081
26847
46902
97007
67685
34960
22936
54053
56219
767
37374
58229
76154
12966
72845
26795
53991
51679
43187
46002
91800
43428
4348
18359
84562
96102
74116
28444
67091
27110
53766
43867
83756
86450
95379
8532
31430
42143
8223
71317
19718
41568
90261
79526
53515
25537
4170
71598
8659
34210
89135
17989
82302
94579
34272
12342
20618
71017
28761
94832
3965
59098
55497
5899
80929
21658
59486
67026
1866
68467
26144
464
45203
98938
89722
43131
9159
2196
50130
85496
91323
43557
43034
79465
96216
80080
66367
7450
72182
64496
83839
68036
50692
41553
728
56027
22053
66188
65723
7995
62900
75806
49534
65418
36520
34852
36561
87177
84882
86772
30089
7357
28867
33403
41560
8500
45963
44815
26814
15414
12764
52144
39321
83306
29741
35424
83639
6209
65242
6075
34220
79459
86409
98645
75103
28661
32359
81263
35231
46116
10225
96950
72467
9617
28783
216
25742
91768
27866
73475
20065
36190
98303
19196
20811
59894
91579
35481
46220
48240
37446
80028
26359
75712
26380
14476
93733
51462
63478
79377
76614
99231
30440
86476
40915
45256
57507
27441
91359
90154
94858
56194
87052
5030
46402
41065
2969
40797
98995
87473
99385
19933
77995
73665
35295
10148
72930
67479
24885
41554
58584
47933
48236
44303
51802
5227
31118
10454
35587
3289
5999
25021
12799
31198
40546
68994
33259
4074
94792
65043
1560
52028
49155
10714
86255
74625
28520
45091
11790
38250
17299
84812
36944
64488
66549
96744
11499
82599
30984
66639
56915
92324
45283
65350
42236
73356
79240
16486
35645
37139
34235
16236
67215
46446
26318
44701
80596
1421
82391
60691
63797
63032
97443
17224
15076
75717
85699
32125
40960
70387
4293
49288
39255
15239
95742
86489
1894
90560
9795
3527
72347
98105
83062
38235
219
22554
23037
6968
10528
15195
19631
15398
93370
51831
616
29914
85687
53417
79324
66755
22941
29125
33960
36116
33427
84309
95108
27881
10432
4366
436
63864
5131
87375
45502
76149
3649
65846
65654
63649
47446
34143
57044
27280
13346
88729
33447
98102
10700
44935
49763
36366
78533
72016
23350
63655
96491
10563
4665
24299
57102
83754
91586
1356
8336
52682
19830
66222
59077
16213
59835
5099
10297
81772
87019
32455
97169
63796
49860
43121
68297
20243
39229
43666
93213
3271
24499
74293
41827
17572
37250
50515
1622
65032
56271
64313
47054
68317
24706
20217
69034
46442
90161
37610
39055
23382
85591
76925
98122
70842
13155
2013
30385
66274
23117
69410
7400
97696
57091
62642
67680
61548
48130
57716
72121
75804
81088
20339
73000
3612
91142
40459
98420
40299
41116
45363
84859
99890
7132
40262
10513
36769
35080
95600
81512
55879
88919
88818
82539
72781
70698
97650
62596
74416
16125
90659
4894
75898
47897
96780
47204
55196
80167
63959
64232
83082
56159
68216
97024
70003
3710
7160
8971
35003
33718
55069
78898
33238
91615
568
95209
20291
99659
64170
76756
78595
22200
27379
67750
38838
88894
52505
64037
81072
98824
2610
89642
47996
69151
66095
12260
62317
98370
19877
40380
26749
70258
97976
57683
26724
330
24645
88519
97655
75691
80269
48180
41114
83701
68826
41528
81091
89587
17167
32879
47533
74573
28816
20861
47829
4672
31915
73450
55893
97547
64097
97703
6459
88224
77237
11887
7141
35931
83856
73544
76955
49486
32111
29417
3208
18778
32810
19798
48214
65147
80033
63014
63430
62619
42724
12133
31497
87174
94879
16054
52510
44829
82849
79152
40521
78756
14120
82218
8012
67190
19595
16977
4676
22872
19172
40181
94530
1035
16119
97540
52548
19259
9827
57102
94576
95284
83012
38920
44012
98901
83010
35020
61053
77372
11257
11005
61114
1185
55174
90664
9485
46943
5739
13413
53638
37133
35264
14814
24731
60714
59062
96263
80383
92695
24137
55051
63613
11486
2913
95559
69682
1360
98053
2959
73573
7309
51933
41295
452
78716
94914
47341
16988
55867
65988
78441
32852
24720
88823
10278
94247
92477
94523
94434
85276
27090
9959
55649
62724
81085
89810
19240
98479
83548
13149
85189
2539
74995
5792
27980
33018
49401
38799
20477
1614
8269
71081
89889
75108
13350
46430
12754
64219
75112
54170
94362
1775
85746
40977
54004
55574
25684
1001
2223
97655
10205
66527
55089
29890
72531
61751
1752
92783
24924
50211
78652
37143
41593
74063
70000
15177
11731
97351
33703
45610
85261
2566
12627
27052
38681
80572
56744
4682
67014
24795
61183
22877
64119
63486
24567
95262
61135
90901
52247
92761
55625
37714
96174
49738
88068
58122
81178
29398
51451
24968
6407
82056
52018
48564
52240
8487
6604
12379
63969
38961
37178
8731
78461
79895
51982
21581
74843
16148
38669
32272
58091
25194
19683
24430
98007
27803
31953
38829
28068
98593
21185
99220
88344
33674
23770
86487
87669
97268
18191
76706
94371
32225
2001
64062
51373
15031
24421
42338
33153
30871
84656
32122
74939
94903
51247
92300
16891
13694
96100
46253
91442
32348
93546
74047
64028
89188
26857
92581
27816
56999
8037
67205
78995
87277
29905
888
27889
3378
74049
58865
2605
55259
6397
11303
45321
33268
94609
75745
57310
88296
46817
77821
52071
51228
44250
76925
4633
60776
34596
22319
59146
42099
46163
64216
61683
45418
86461
43324
70512
80284
31334
11884
37956
13077
46231
84268
57689
47253
28141
62912
38949
53805
48173
47410
77224
12117
12981
32323
26194
60077
64590
30284
17729
94734
75485
30255
37352
21675
47417
40735
53676
25258
89432
14249
21704
12857
22594
38845
54320
28942
65222
11741
77810
60320
49067
72480
66328
91483
91166
11843
71882
71364
31691
68878
74129
11530
62599
58527
47894
30853
64458
6165
23945
70926
26842
47642
4350
31194
13986
34957
55697
69299
59521
75500
16010
61461
1503
57435
59260
13666
49563
87475
62055
71299
33023
64330
79901
81660
91125
85466
79426
53771
53203
38257
91852
76988
22545
64117
97802
11628
13212
15058
72129
16088
19970
59489
40178
33921
82702
47734
1911
35198
61934
7750
97292
65982
55951
22483
61546
7289
84714
85238
84462
14449
68536
19432
90297
34890
7329
34285
78224
84451
38994
15261
91588
17777
60909
68976
77452
40503
93690
96582
8974
92387
15708
78896
65693
5383
79742
22558
92411
31859
54380
32038
25568
46540
96509
28366
28115
68299
38414
67638
11221
2100
52459
22789
93149
46193
32998
41134
221
40747
47274
87902
16708
84805
4264
52549
19517
33333
5840
30015
61109
83455
44669
77054
23802
68815
55591
14262
26558
97011
8380
81412
19163
13715
45448
99516
2064
86926
85520
99022
92106
95986
50719
19059
34814
44055
38904
34810
70546
80281
12650
95498
85179
75057
53217
91347
94049
68143
79897
85429
54719
82197
97518
57932
21799
53395
86543
70071
17603
10362
78640
22275
20789
69151
41343
74457
51807
51023
75150
34561
9503
40681
53391
3698
88562
3517
14558
92567
74458
7871
26232
75999
25850
14951
42249
30368
84414
85864
87971
8745
4535
43178
76106
10915
39396
41031
2349
60772
92332
89343
9679
33136
87592
29625
51427
95723
57022
72726
75542
19360
69799
94643
15942
26951
47346
6299
12369
9814
6562
82182
28328
72711
86322
69523
86018
11138
78361
15613
96973
78343
9737
65597
24287
95130
44113
5851
31114
72203
90082
15506
51374
89600
41774
52384
33289
10690
46092
85926
73546
26305
69304
83682
16323
52293
52888
83591
53116
68818
82202
27414
66531
25270
97881
29243
481
47731
77950
55782
68137
53540
49154
5092
73258
89965
96882
71065
73092
88163
80171
51420
40407
56437
2885
50672
22902
69430
88332
4603
28059
46888
4073
39780
81364
54023
70912
63054
97467
86735
30547
13099
73475
71850
32995
50879
82062
83930
86646
15475
46780
93184
60532
60817
14877
50470
51275
30179
58184
5775
94995
61411
41060
35833
94284
26942
37443
40620
29571
4106
2639
83778
98292
70176
13212
1811
36777
63640
48189
98267
40000
39585
21363
81994
42666
24729
33344
96969
53392
55631
65818
97220
88400
37618
34267
26168
13894
94198
89524
91866
79110
51619
27234
18369
87205
77881
12921
74129
67415
25124
72061
64453
57074
60919
84111
8152
60946
60008
78948
85040
4823
87593
92978
27240
86664
69982
98499
77817
25914
20224
46316
50692
31852
90893
72600
98558
33514
2633
79645
62520
44401
10773
74320
53034
51506
58762
20020
15484
14736
73810
90125
89649
89059
49956
96019
82896
90911
74618
5218
82288
93358
51984
4078
3071
97850
85851
45396
69935
79111
69956
28588
84126
58781
94816
19482
11968
88739
30477
84164
23659
33638
11083
48734
68991
52762
74484
74593
11536
90968
93785
69882
70801
73125
87163
23998
99391
74643
87683
76123
29607
16672
18111
89034
40725
30204
65081
92833
19930
40137
73557
72389
93465
8987
83398
29852
84942
85118
57166
37664
40155
27479
68593
83504
18993
84035
94740
29761
46583
74171
79384
82801
30394
38713
3629
35100
75281
58612
16404
65479
70636
12967
25781
64858
6713
88113
41081
85867
88402
73941
55621
14325
30054
66721
66868
22760
61090
85163
53904
36313
80124
17976
69101
92698
6364
3478
84226
63013
18344
57641
53765
25234
57674
65379
60033
71719
7616
2156
63158
86575
42175
84098
18446
291
39429
11705
36951
93701
17018
28323
83938
78700
6786
18603
86679
72730
37634
75836
35379
89449
31532
62526
26847
79299
92232
64544
44782
51633
56897
89361
88723
79115
74154
45384
17244
96367
10571
44228
49359
57805
98156
40974
90559
23038
59964
94715
61707
36148
36510
32173
78867
67469
24529
56216
54200
59265
35803
46146
69903
14171
49265
70148
51650
73093
4517
77197
14371
15291
28525
84966
15310
4194
91436
46800
37818
28497
27647
41577
39355
41549
7494
91246
95927
70675
89293
53627
97058
77775
373
64205
89113
46025
27268
30248
87544
9055
17702
59124
31480
17037
69759
37346
9481
89737
20206
49421
50919
40491
7423
33372
92188
15337
10381
41731
50482
27681
3985
34921
22771
5744
94412
62373
15167
86496
7566
61282
94985
35806
92032
36449
4719
92360
26068
80285
51380
8965
21798
73897
46491
51215
34127
46294
4354
37580
15463
95729
13337
28571
37780
87881
85181
1257
58355
35566
42358
12323
85346
38325
3593
54725
8711
6168
24378
76689
65665
44698
76482
97276
45257
51240
28361
58690
71012
49947
69985
14842
27240
73562
32927
61539
27272
33885
27317
75358
89278
9292
58256
37206
22228
73157
10860
25754
240
36029
24719
63211
36793
91710
65993
47600
36842
95310
23366
27751
88018
3184
94797
65462
51172
79940
86904
88831
86466
12041
99152
42226
26146
13091
996
53373
8538
55448
27686
18367
78189
33268
47554
93466
41233
87212
80828
78598
63932
8255
70085
96706
18028
12568
28249
95589
27056
78705
98521
3795
53782
79634
17792
59083
24241
37079
85667
22429
9062
16783
74442
44345
18644
44481
50342
49026
68573
98249
72462
63490
86453
7263
94778
53239
36711
51896
2683
36715
74622
75303
17493
43585
23575
5308
91802
79403
86400
82604
78148
90009
36013
37361
87630
21067
76055
37896
6287
20680
33073
216
65301
28647
23305
16338
42138
59755
71286
24212
48293
19243
5764
14184
63776
99343
98330
94922
51474
65047
5444
46950
5336
18901
52642
2559
7876
9051
87468
69613
18130
95055
87648
24126
30371
63771
15370
63036
9592
93248
78158
52175
51565
80523
28853
51226
23247
31072
25362
75552
14299
97235
8688
82025
10933
60437
89594
91488
31362
71211
56102
14004
71106
51451
56799
12798
99725
67232
96109
20098
18185
34620
20547
45518
89541
39725
23461
41087
67926
120
3252
46755
87211
24418
66488
74522
14926
27998
90025
78934
40698
37184
25305
43489
66900
78000
30305
69949
21223
19355
78855
23110
21600
61827
47689
93076
38370
38006
88937
32285
29991
51644
89140
57271
87669
29130
68272
59
4152
59731
34754
85637
31937
52894
13626
7064
64059
45203
59516
65374
1189
58159
86283
31181
2705
84920
21203
70277
59577
83882
12435
44502
69528
51151
12230
63455
52460
33613
13549
44081
22790
81497
79834
60210
57515
55305
93083
25501
15755
84327
98049
326
44059
17634
25517
94459
6353
72351
28566
18375
60604
27404
47289
53616
43229
54677
68029
82336
79814
2415
52161
67808
46765
46450
25093
58432
45196
32420
43026
34356
14009
6832
77799
47225
23293
48342
58241
3029
94291
2812
11045
55483
16736
4962
74349
91662
50473
96562
86094
24509
62997
71190
41410
24589
90784
52836
9558
39732
67544
73877
47186
94593
63960
92179
11104
31322
51167
53392
18331
55229
69036
22803
95094
77608
65400
49358
57317
70867
64016
47339
45804
21659
69806
5157
68771
17530
64691
23954
88802
55378
5635
90430
84559
98185
15549
87731
15649
88589
83605
41332
35183
58296
52559
31625
85370
89583
31034
19573
15636
75461
5351
38275
16588
19453
15429
81887
55000
60364
80699
70113
73757
26813
94113
5795
61597
28750
76187
56916
12701
10839
1874
6982
44818
17611
3121
21153
65000
11543
20441
10266
58671
73767
37377
56030
78882
95880
48494
40233
12149
46888
9931
56147
49562
46521
27781
21162
7408
15285
44358
57723
62537
40028
47564
31081
51959
70840
50437
92096
39218
13410
81416
68387
51912
49021
1747
69377
353
95903
30493
33446
76302
87152
55256
54702
23182
1740
67781
66517
6493
55394
42451
85802
78873
80607
70901
9762
63537
79877
5471
28808
35309
59508
2941
18450
11764
3307
40816
60623
80286
58855
42854
33980
64407
37770
73429
72374
1997
20695
74707
88169
98262
2682
23349
80615
44000
57285
44930
50005
44246
34964
84788
95871
31468
46610
72970
80460
17896
43733
46028
23692
96397
11204
38333
9773
56773
856
66358
8781
33866
76288
8613
30634
12209
70815
21537
98070
17395
47441
62216
96806
70554
63787
62359
95113
7364
86687
79685
65685
50391
41726
92796
97724
54402
84761
23829
32094
34475
78720
50608
8633
59930
95947
3117
81756
2561
1751
63498
44313
32454
87879
62809
75384
61487
5580
19580
29928
89033
34048
57760
92112
48245
27404
18163
83684
40016
53098
47268
25939
27965
84612
65206
93885
81712
92443
77472
12194
87770
1572
57220
8726
17516
56237
10154
65105
22346
39261
37208
42626
33711
35161
5136
32483
39830
20578
66726
51207
4523
7868
5212
82800
18703
58282
92285
5246
39074
37365
55442
16514
36656
38604
39108
94544
23259
63204
3919
55731
81536
92929
3742
79194
43593
46765
30345
240
61998
82372
62984
39145
91145
18739
85363
97753
53877
2997
46840
11199
53410
39196
83767
10270
44919
80209
32701
79499
39780
66579
33211
68098
93156
56443
82083
8852
66699
40192
90463
95100
3986
52534
72078
66479
58492
86066
78843
23633
46851
45608
13915
38948
47108
43925
63107
97883
56420
37145
1284
90444
36414
96124
54148
40772
12586
44561
25338
20085
61259
21143
72198
8554
17940
89116
15882
85980
75640
26237
12905
29405
7054
50793
3963
72881
79197
76740
60330
12860
25770
48486
26764
77174
9467
18499
42397
97467
56070
61254
1848
24288
30843
90390
79954
70752
25322
81275
28435
48244
36307
15161
18833
8321
53705
25627
22923
11434
8193
6251
82335
94214
92989
90462
47849
80109
18095
13005
33593
98701
67884
30941
85712
83065
72079
67104
87158
22720
6279
60661
52250
26715
24511
33610
54855
59456
46407
9154
62368
22292
85604
96977
63928
20766
15825
93156
93680
17302
62703
1853
73326
70428
67729
92
89238
61380
62301
4058
59976
50095
32063
4175
72085
49302
33936
17875
76831
800
81342
88769
589
90578
11225
53528
86408
45158
95898
48411
9460
47060
49583
93144
71342
71628
76775
69254
11839
88006
55991
49095
24154
3825
98663
51661
89592
94760
55132
12281
4205
6659
67842
34302
9286
47145
19093
36708
75618
56834
64396
5481
61194
64363
16323
62018
34510
86051
54756
13695
47198
88994
6705
29292
42626
2506
38065
98611
70006
61077
98165
65375
28069
25678
41637
73372
54848
8091
92523
85786
28827
40952
45244
12593
12293
43967
76158
26270
65635
69251
99355
18123
23239
99517
65089
36108
18002
5341
96146
52870
27843
80386
70543
55018
98138
6820
23900
4575
54286
43438
91568
47262
41192
49898
41340
93430
84954
15413
55797
11088
63039
54385
7584
32718
16719
28601
67769
62156
52991
48495
88191
68232
2868
26001
3167
59037
6562
73259
80476
64523
44005
24326
25912
28051
75515
23581
2050
34942
89628
15536
5020
59197
65879
80593
30279
59595
18858
36828
18701
40847
88541
68420
53739
23806
42364
78568
82489
23965
28623
85989
65272
36484
83096
50309
11255
84094
47945
85845
79169
64780
55615
93012
12326
77289
83871
78247
76004
11528
57355
66921
12339
4954
50848
23168
90954
29325
37199
37163
32593
10158
78519
57239
94660
10990
22300
51409
98176
71746
26150
75190
29549
1700
17176
23110
10600
97047
25578
76790
87948
17448
85798
87301
16541
62513
90556
84326
88432
45399
17026
56796
85242
2291
74860
2661
4148
88045
9380
24973
4616
32707
6949
82435
73498
32074
11450
72584
8950
72460
72750
5924
37522
16559
98639
4882
11775
60823
28933
25052
54770
29729
15625
59809
32553
12592
