85176
10990
48841
9598
2293
28625
80502
97244
37928
7213
52734
77391
34229
60563
57387
66830
55378
59528
25974
25663
38408
22341
19898
38754
21079
25743
11173
74366
92502
91246
44488
806
63735
21004
67661
78888
2792
17419
69639
73810
74038
87331
82565
50913
65516
72184
90593
44007
64634
19316
21365
68312
55249
10598
88781
93425
79850
93206
71447
4166
94054
7299
14679
12487
70544
54108
34871
70286
29631
11767
59580
14791
29144
25361
79988
37532
6512
19459
98251
96604
28110
31101
78204
27432
16975
22209
1988
69850
62563
43007
6995
44978
6677
49033
6524
97630
91049
75954
83692
66917
4861
2407
77783
57904
96178
47658
19949
66069
91236
45991
80908
4866
28980
68822
51471
13890
77351
16876
83940
87503
53511
31325
9852
38549
5351
22162
27163
41599
18724
98274
83919
46304
92263
70993
69309
53471
42791
1986
82551
51808
72844
37658
81321
9931
71982
4787
90963
49724
22236
21945
75761
1670
95832
15589
62070
6340
42335
82771
12024
70046
5991
88866
20644
68980
85441
96679
3602
10698
28829
83278
12115
35056
65421
12655
36007
76717
79938
4649
31403
13704
53970
82941
91407
28978
1564
70218
60390
4435
99522
78176
63574
34095
47444
47075
18640
36277
62318
60574
31769
12452
58871
85825
42919
93210
38570
68441
80039
98811
44434
42443
2907
66618
80367
82861
13442
96007
94709
68896
41999
37333
75187
28173
79643
32359
64273
53915
54229
96854
76786
71626
58200
73089
38713
92912
78678
51794
2856
29294
5424
94761
85092
63054
79719
3751
48244
51931
26893
99961
36712
6012
55093
74335
87223
46990
20681
87704
57472
38621
61881
85932
16754
23071
68337
64790
50567
5454
4100
50763
27915
32512
70821
95435
77467
64741
80116
88963
59560
29788
25461
76061
68602
15441
79580
28581
8881
21975
70373
91672
94951
19838
11936
2571
1234
53969
50665
52341
50437
95504
35733
93434
69654
13349
64841
53590
54938
59908
22821
34210
52205
20003
84734
11589
99054
44852
25289
18554
88294
98396
98706
5530
81897
97841
48460
97638
58293
55764
42148
47380
98679
96872
68398
85267
64718
32367
6241
80988
13831
55936
34590
93367
77863
27846
48011
33959
96551
96536
98559
43187
20633
92048
20278
94386
68809
3147
67427
34418
11231
85820
51525
38373
14625
35085
30098
86089
48502
81395
75665
56787
43461
18028
97956
14071
11835
24984
24418
25302
74635
87281
44450
41316
14735
85961
20467
68884
71725
96159
53129
45443
9142
76925
38769
70878
29800
67408
65222
37713
75026
33797
8188
79822
8471
99293
80954
60469
61804
13773
83269
63910
64892
43956
91927
95552
99788
73145
44142
76309
84824
57793
5856
76428
51227
938
74284
40018
97902
54663
75276
72287
93064
7929
79048
8513
5155
67302
94436
6567
72095
53080
29913
10443
68576
83540
74656
38748
75539
19926
35882
15623
52398
96550
76878
77378
22804
97593
1434
98646
56216
32422
73450
75910
91417
87490
33815
44672
21004
87195
29478
65886
12408
81806
92289
31673
92186
12518
20195
21228
2568
71538
91789
1920
14963
30209
61974
29849
39525
90140
80703
59484
90954
93856
60228
69467
51404
91542
97294
39519
70134
62897
69541
46449
27450
20292
56259
41957
81806
27069
324
78723
68784
12898
97401
5747
85802
2214
2268
88676
70578
15208
53534
49434
21320
71977
65660
61074
81058
85064
92272
25363
44517
2171
86500
72882
5641
22252
44353
29409
57759
83566
47877
48502
46927
55290
9907
39956
81529
3498
76325
27160
21053
6801
87804
37730
5751
20950
78104
46558
94914
4587
4291
20430
10269
76270
11431
97366
25066
86363
12480
32515
44243
35276
51084
98777
44648
10926
75519
6967
1315
96289
85076
80361
44237
27212
8381
69098
48633
7482
55963
85332
57262
73429
19785
10310
70690
15997
71027
83376
16609
83781
86276
86974
86701
39371
83581
8191
94655
11666
42081
58961
92844
61598
24237
55370
41988
4907
62149
36165
94611
72361
9545
38760
1802
17528
83207
98766
72472
6141
80523
25429
40817
28958
84593
21094
47825
82976
42746
93181
55674
46426
57788
18484
99640
97749
53332
92528
33414
48258
66232
89575
10794
83832
519
49325
315
52649
21857
22586
78659
79840
6035
23385
29119
86522
98986
37775
20227
24798
58313
97990
2522
60985
63254
79286
80651
91642
15726
28207
9752
35431
5145
40197
87360
77467
9592
51480
58660
6781
40635
35806
19367
78621
65167
63824
40654
83085
93044
30574
5159
59577
41997
38224
94309
27429
87921
49322
42025
8354
24446
88410
71997
98349
49517
60657
5947
38820
21792
55996
10858
46598
88280
86895
58312
65189
62436
33965
83459
7946
25011
35413
56961
79878
23754
17740
97151
90449
88881
26820
75734
39009
80776
18534
93114
95400
87256
33697
17629
54345
49156
98702
4017
20889
71517
52735
88042
98127
30261
13732
98433
36967
6603
98138
75317
44345
81893
86513
19595
66928
43100
49336
61335
12266
93233
94887
6387
31051
8989
48904
83020
41566
34534
62722
70652
28169
95406
81924
6385
61228
23014
98475
78733
23318
34175
95952
32423
26948
72385
6417
51630
75223
34868
43162
5390
18801
78364
72368
91307
80555
7842
60730
38314
43734
11053
65100
88079
81132
31471
92977
88897
22034
65691
16180
48170
17069
8917
58347
62427
54461
2978
1377
34636
13947
78430
13023
94976
62922
60045
12022
32775
77917
49833
45835
43581
38341
9978
35167
90607
64469
62979
32794
42526
43124
86457
42644
11517
98814
9263
7327
53077
77752
26636
88404
327
21390
84894
48473
25329
29066
39912
30284
25002
92595
56727
7247
4167
46592
89650
20816
56224
87639
43536
57331
22573
89895
74883
94782
10985
74846
86930
80769
17881
62120
59652
74752
89702
71877
47960
19646
3205
91781
9682
77159
56280
51234
12336
92315
76238
67418
61882
22994
76901
65608
96344
72528
96272
9342
54877
3655
54611
39201
35297
76963
33995
62401
19085
17718
59211
28852
92176
7937
77217
4110
3790
19739
47255
84606
79383
22881
94485
83528
10486
23514
19747
45466
28672
44614
36972
19790
83308
18467
21887
28059
90210
62171
13455
84408
35820
19757
50586
56911
56361
9686
60231
86073
79456
69116
22888
99451
23474
59383
65727
59293
1608
6492
55421
89955
36043
9031
32230
57162
63315
37445
35632
57376
61623
52188
56489
61952
21539
82455
80600
90569
70376
21969
78748
2235
589
61
58066
10125
98563
42576
55762
90541
6326
42284
79288
12533
88927
94025
20608
46662
17910
36994
14890
56644
42949
22330
1694
74926
93080
99593
76233
41848
87185
19623
97989
57607
32760
44915
18518
47976
70351
0
3729
29837
15043
79517
46999
165
25502
12031
11583
14647
60026
13262
24882
47515
304
75081
47600
44597
67054
58134
98960
50127
22727
16266
72068
881
11205
12945
9979
75808
21305
50203
82560
18384
62259
17860
53759
2119
94221
49373
32264
95088
57441
85500
26220
20440
61467
87101
14500
22793
11850
92755
47153
54465
144
98320
55423
27758
50712
85804
8194
65608
8071
37109
37890
38699
77739
21588
97203
26607
67856
54584
91805
56102
43217
30081
39419
27249
11788
61066
97791
91007
55438
68436
29362
24547
89230
73836
72024
26193
28534
36568
62578
32310
67803
27555
1981
22961
31693
79298
80184
19793
58282
61506
54404
90252
53710
59953
86660
13240
26277
60645
47107
69738
65024
80108
66644
63146
46470
32690
13141
3503
29314
10409
78829
63516
25946
57208
75412
87798
22720
89954
80818
99809
86401
41841
64575
57622
15866
34751
54506
38179
94187
30177
14965
88703
98852
65904
51325
85448
1243
17814
40056
22683
73728
43314
11671
19727
71176
23303
45419
37327
57861
11431
82564
25970
67255
27063
81012
58073
56443
98112
31985
53156
90465
83026
378
65393
99036
86516
14673
68018
9907
75084
19111
22474
31156
60679
1973
34308
80840
40230
73894
25327
46498
98918
36978
21114
21361
43434
79077
90856
31572
31175
51391
46224
29005
58284
14804
80980
20078
67212
34643
92860
88752
16137
8868
26511
65123
79358
22091
65709
97216
11113
23913
87563
47994
11475
31777
31019
46514
65437
78232
27064
76362
47754
55381
80379
42641
93315
55657
60797
67581
58795
72680
61114
98487
57951
97845
70814
75344
24169
2076
12959
70610
11298
52152
16886
69649
53729
48181
69659
34048
98661
5392
34844
58495
23930
85050
82073
12242
84779
69435
4991
21710
24741
97747
99968
7596
75364
61660
73196
27264
64221
45868
89070
69635
18662
59959
57540
34764
85733
38033
15996
31101
99348
32272
52040
35513
52974
76048
89374
40788
12665
24304
89167
19907
65520
72121
92034
90867
97643
50623
84524
94549
45453
61056
4877
76566
45130
41130
74954
33709
55379
37369
49443
78158
39744
83262
60657
81500
88
8379
50654
23707
5632
21354
15200
9890
36382
75358
28755
55855
68936
513
81906
85301
12174
80508
57970
47985
42049
71989
28379
61466
11550
36243
85924
25303
24571
49981
76042
37578
82477
82496
66573
682
16532
98959
82983
60014
84099
75557
20873
71813
67247
6502
11027
17699
6580
28387
21360
95094
10559
34652
88204
54519
25371
1344
19891
43867
38843
92720
86952
93449
193
14466
64350
67238
22889
90274
45046
39916
44469
18674
49270
26553
89173
51089
4994
30308
73618
79930
49818
11082
83928
11523
35984
67047
24894
3942
65060
63968
30451
15869
28574
61916
8647
42982
49927
20627
41331
93958
31172
60415
75110
16074
23824
69423
74924
80712
1396
70747
62077
16548
2310
54641
33120
82159
60092
9997
86938
617
35691
56488
89495
79271
55488
69992
74612
35312
43354
30901
44966
79809
6818
30859
50922
19312
64393
14923
84650
3662
1276
73740
63721
70918
34918
76751
9739
24066
1379
29456
60612
53900
26588
95672
78748
1810
29347
6511
8475
74275
6540
78991
82134
73014
19783
28564
76598
89385
22518
16080
62210
34791
79151
48347
46761
20227
7983
72807
79502
99521
29049
17073
80688
36532
51882
27796
11796
15394
10266
53623
45393
76867
56114
87271
45272
7912
27844
67455
59902
55097
79979
31171
3080
61527
31168
54573
12914
20352
12790
27070
76732
62672
13715
92502
29009
12101
78763
55039
49621
80347
93754
74787
2698
93909
50398
767
92095
78621
81935
62447
22134
49539
31452
11144
40528
42210
27139
23748
67032
86304
32589
82456
47496
85364
81604
97762
53052
97409
21873
45566
42961
16609
406
4888
88089
24989
79749
60859
37023
22680
92187
9384
34769
52044
98749
80387
37807
23852
51661
17351
4654
79016
35753
86297
50249
5135
35136
51033
81572
50287
85490
36789
11358
61752
96675
11321
31252
12542
96411
78689
71020
19805
63965
60719
42340
75543
94562
38199
47671
24921
45329
29591
50505
74876
56094
45092
41328
6406
99932
28736
48351
42897
11648
1320
33391
46692
50164
91786
68140
22301
31380
51987
40986
90960
51368
84038
29731
6569
99550
51721
61566
90381
20580
12090
98556
23358
54367
4287
5394
93022
9259
86906
29375
73067
61584
24347
91833
14569
1533
93999
99640
29917
85379
65271
55678
10645
64369
99987
57473
10789
58119
71453
26135
42572
95865
58675
48317
71061
16002
53388
1540
90201
96674
81931
55416
28418
54070
21681
79054
73675
85395
51981
82762
83267
54014
15215
34826
55984
91530
52090
8755
56592
36591
72823
98454
87994
51620
46854
79166
6531
99194
92592
3384
41629
7860
77752
85215
8634
2470
7599
6404
26254
49577
48039
98103
50802
79864
53983
17492
81605
78250
88669
55372
36909
49132
83867
37775
54523
4570
70232
22803
4204
66394
86382
24036
1356
89846
85123
74184
13110
57748
68761
75725
33238
12691
89441
86322
45583
55108
74093
79023
67800
69635
11266
17153
60033
46064
40844
99510
66291
7598
29483
69969
9270
68056
33356
51387
86252
97531
91123
54663
21338
19380
53331
71199
18375
98054
78080
38864
55485
81911
94875
94671
43533
76201
86093
91270
4079
22768
79023
51264
50886
96885
65222
9868
1506
58822
70188
99089
25151
28535
67881
55087
40555
17625
82529
44141
44773
5909
27526
75941
27073
85222
23182
8040
99080
4208
36448
91375
9628
54497
85992
72863
82329
82850
29290
38456
16406
65977
8179
69754
50315
9951
53322
87317
76941
45465
30214
21899
79893
49429
56729
15236
75774
85219
82986
80782
73517
90573
47233
40271
48587
821
90139
80329
56366
6601
34429
48488
98102
92229
40421
35723
87475
9638
98555
38284
57731
82022
55719
7822
98361
25241
82045
91394
84313
34755
35571
30774
99136
4308
56083
56059
18657
90721
42475
66545
54378
3711
91426
4785
58629
34270
12357
44630
51706
35905
18080
44265
46066
45526
21064
87080
91478
65974
16724
49875
40022
1978
1324
16947
4357
52535
67290
73574
79426
8120
70109
63979
3121
37272
91933
17606
67112
86616
95672
44433
62022
61731
39355
36768
70269
23291
65196
43695
79952
10975
5220
91594
29592
19836
23066
81784
4385
18445
70587
93893
44881
5232
4821
42347
39432
1798
93234
70429
63522
64999
43811
51471
43546
2784
91666
89285
13161
80298
40601
30582
84268
57160
63056
93820
56355
42397
65569
20347
35894
3815
17305
69132
4978
3772
50583
62918
58193
63711
99622
74759
36952
58431
18119
36100
64761
19981
90568
1067
1337
44791
92465
1745
81932
13574
84221
47261
80412
39120
69189
10735
81353
21723
1400
98959
83498
73039
24295
65870
77842
74551
14908
17723
24685
55540
93739
51364
29641
43133
96225
65414
19890
7062
3993
15732
87766
52428
6958
67520
99527
95947
43466
18249
82654
75581
14204
11457
61437
61279
88296
14297
56429
51585
73305
16555
79558
99577
52466
46532
37549
2789
36514
91340
74263
93371
94965
97459
4716
94671
43303
91930
67335
50561
47539
60987
46266
22943
18506
88406
206
3902
72447
54906
94407
65745
4959
82220
74470
48516
8191
40022
65321
64920
51181
77039
15917
87642
71976
75075
32308
95810
87148
50751
70561
70949
41349
1979
41471
74712
49189
11396
81314
54178
84208
53605
2437
31548
99988
10065
87762
31111
17431
60848
33473
42986
49833
53092
78648
10055
50168
73302
76432
64377
16865
72802
43544
35436
94724
82620
84466
60857
82257
48573
15036
37949
79359
78606
21321
67861
9052
75823
80462
93591
87838
33093
61881
43664
78391
26526
78715
96246
42983
98178
53254
62409
94699
14520
74481
19531
96180
19121
1080
53560
97715
31414
12736
14468
69776
60297
94393
29840
36761
27834
19805
73129
91927
77961
74997
40893
95613
96498
43866
31514
70586
14746
76216
75045
93421
92628
32623
2484
56088
20145
42643
18505
59886
21186
11828
63147
73606
64043
71896
28066
26353
66373
92739
12879
75016
58864
47481
1830
76318
36244
4282
34697
89140
43186
86220
76610
36108
38348
70839
98908
40374
20269
15081
39934
73350
30838
80729
41830
18854
39750
18761
606
68007
21093
18533
54750
21203
95022
15721
4638
75614
46647
97951
49877
22395
88158
15844
84051
14123
71570
14540
8215
16816
83706
24668
61294
94687
40358
12950
87337
9492
53552
21682
41465
49375
79086
14887
4554
95325
1752
29769
10073
99714
27024
52428
67635
26705
82802
80390
37676
83630
82106
44211
72761
66474
7501
4306
30442
14174
47429
81037
20231
92147
92476
81334
12774
13406
80244
15980
27719
59305
46432
38461
59500
92460
15635
15621
6968
47675
98659
86613
54786
74905
78073
97007
2870
87594
27672
25646
60456
13414
11560
79650
95638
18025
69470
7672
98906
58375
97834
76729
66440
84605
18588
47657
73866
24674
32947
62959
10390
6461
90372
50037
61544
12880
77827
45605
14337
33810
73905
22547
95004
9275
19043
81338
3561
7288
86954
94718
42440
43326
98948
76145
1859
33403
46463
77073
81000
84744
27333
69934
28642
43099
18889
64553
44915
83192
16204
77880
94448
44839
30955
34983
89305
20930
6793
79544
66195
8677
80597
2187
72996
4904
26648
12568
41451
90600
93117
59417
92921
37441
37981
26437
56944
60568
29574
64247
82838
11348
61607
72077
49653
76877
77530
80620
13907
61565
7023
77025
4873
76052
72561
83907
1571
12295
43736
25044
82259
79016
86442
54469
46065
336
80366
36601
42611
5753
72335
68322
81893
1865
49289
7400
6
9128
33779
79560
4863
98482
50793
28793
67520
93000
74164
2954
73144
48033
32824
93990
99344
9055
24923
19930
40581
41276
30701
40301
93281
85730
13144
89326
5781
57817
39941
66316
18773
988
4488
74046
71312
56101
8746
81411
42090
79783
26929
80995
70328
81626
41678
84373
95607
95216
19202
80858
7945
6022
65646
38406
56493
20951
52981
20703
11289
96842
78128
25117
53399
25356
10767
52274
67706
89240
92615
83171
32412
97395
47772
14228
6101
96084
48364
82626
40346
90720
25749
76010
14127
36148
84644
72391
83530
48219
68987
71289
11558
23648
77918
3488
26240
50717
2971
97991
19666
97425
57427
39678
52714
84913
92457
58112
2182
29301
42758
77972
38382
21683
81735
49934
38253
84393
71172
58645
82862
82579
34109
15616
44943
90173
6467
82201
98404
50291
96704
46083
34603
91220
66372
73016
66312
61252
6829
96939
7421
66432
24082
86541
86023
4813
1196
20075
88695
51081
3905
26196
6891
6979
89775
36440
20233
92135
60210
99947
29719
12785
53586
14889
80442
36067
90955
79156
79466
9266
32794
62073
65358
79834
16673
89073
43129
52081
86872
77059
76416
87193
23153
9126
75478
39087
13413
37797
18407
84033
93727
51003
20045
25501
3333
24381
18290
31812
37343
3415
42915
56957
31014
89742
92877
3654
20042
73061
90136
4197
37919
9052
60348
49308
78021
44306
36547
44123
40883
13803
5341
1615
2848
76492
63066
60921
61549
94851
66728
15002
60818
30500
10473
10218
94820
89134
4239
23272
38783
75885
84823
36587
38710
6456
99072
90390
99924
20026
63462
90250
47278
71630
15520
35510
29607
74723
63186
21194
86943
45919
54639
18889
4537
61792
88942
13501
29896
2877
64456
48452
36085
16044
54988
12423
94447
43516
41823
35148
20336
66434
85715
99041
19112
95762
81283
8537
5097
39715
66792
49620
52494
43349
42139
3382
77352
3438
24968
29305
90598
45119
6283
35934
96032
37958
39913
20735
82464
89325
25806
38400
82190
64175
11102
73092
52183
29947
65786
40668
28633
16913
72978
18266
88750
78889
89793
26340
55922
61811
21577
45604
51218
46457
21836
44795
44083
99584
67748
65334
46556
79374
45536
82745
46466
74693
93787
53303
35150
18669
76090
19556
37644
70736
5794
98946
73779
48863
52532
52119
42252
15186
22470
20320
15648
94701
39839
41246
12835
88062
32623
87887
10775
49218
46729
73688
57823
90631
63038
84126
48097
51852
94422
69396
11990
52965
4333
77614
62545
49435
36329
34163
61865
41840
75060
68210
78341
15200
24666
19852
92995
92643
24031
56271
1670
79631
39390
21250
72730
58842
97850
92124
79524
98013
26051
47376
69002
66611
54216
33891
13884
1441
94035
85789
68350
58961
12197
68445
90964
46998
28302
23239
68009
11316
37705
90841
22683
36567
88274
90108
46630
39841
93061
7094
87243
42530
45204
71164
27549
79679
4197
31300
71369
62965
53158
6776
88543
34327
96302
135
64001
9492
96817
31061
82950
9044
40639
52211
37004
20736
4313
52554
34552
54337
58769
31088
81483
67200
92190
2909
28227
85357
56889
90871
94602
16764
50103
16393
4896
41513
33122
78418
23104
46684
29750
27322
95185
62535
33974
19775
20811
17645
64360
55278
14276
68093
74772
27982
35542
12891
21396
53589
73519
79392
46488
24510
75221
30968
10809
91282
33204
55145
62359
71331
51333
61939
63186
55192
44828
40275
86369
13506
6734
641
80947
94638
10365
65754
11008
17555
16770
54552
45770
40107
56790
63772
56021
66206
52381
61934
54208
60729
99151
56987
17920
33598
86148
83166
69272
50197
72380
83545
81590
41088
46760
54562
365
36557
38872
73691
23146
2692
45090
24729
1365
46368
43948
38662
5254
99483
18614
14018
94913
37601
30343
14789
1520
52007
402
49311
79420
44532
39812
91904
20232
2781
52781
19667
36298
10319
83721
12069
44998
1093
6442
31204
8360
6298
13124
86050
43518
31736
52213
5017
50480
77743
12558
86408
89437
76897
74562
25403
76787
15162
66122
91402
52010
74460
1874
3352
60702
16185
48484
75803
39720
30234
93775
25019
3096
54364
26899
72467
15088
30234
76460
41365
80608
71269
10553
16842
19897
48881
67400
77271
10544
21289
64447
90907
96786
62851
72041
64981
68606
55949
5244
10146
31492
58471
68355
78980
97400
65322
15373
61662
96786
6886
78097
66299
30917
29609
56859
44175
48218
60731
77912
21973
12136
69255
95546
37528
45202
89876
8104
33901
63678
26386
15077
51645
28685
80463
15932
49249
76220
47017
40837
15526
69750
46430
18038
30352
94195
22687
32169
27354
97042
45315
89350
52379
51566
79383
57421
29316
13472
32852
85346
16934
83121
86569
82101
10897
13049
89559
23212
80120
24441
36860
38704
1200
70993
17990
88753
7766
7039
9961
3031
3024
94454
53420
90022
75819
93783
2270
85645
88708
79662
59206
70603
71747
32651
71736
64670
73506
67547
41795
137
44715
41058
18663
25569
88319
89816
11812
25525
62291
96669
90797
81944
80532
3418
72091
88781
23115
47926
51487
30093
47964
57777
2575
95575
89832
20544
46434
49077
57299
53862
503
4230
76032
47948
94094
48942
52440
62237
77594
33559
95369
1504
28558
26529
65995
57330
14613
76461
38974
31135
51134
54946
77103
509
29652
13114
41593
38245
22443
64045
36808
81391
56182
78040
84857
20586
21654
20457
83070
79477
4365
1673
11006
52604
14161
81222
73592
21490
3835
49308
77351
41575
85343
82400
21953
43558
19478
98441
14682
90990
65048
96091
95078
73067
25093
72305
17084
80656
30402
41702
85302
90675
51009
66432
44788
30758
66872
88858
82272
75149
8916
25517
27244
80609
60743
10586
88472
76736
47964
49686
67279
40398
13131
23667
22609
55372
8648
31271
83436
41427
82966
46234
16867
21549
36569
95569
60529
20913
43753
12082
65222
5017
91746
78484
76144
16897
38169
40613
693
87454
17545
49719
5437
29785
40458
52168
58092
99911
15171
32908
44941
84198
29655
17849
35146
70934
95675
52655
9175
54833
86343
91938
62863
50153
74091
90213
5815
17884
95577
12405
55902
69366
10304
78239
91718
21444
10649
6095
32892
67152
5978
87510
67042
87518
62792
41399
95950
23266
11977
52142
91820
2043
88567
65341
61311
92912
81713
76149
58436
86726
41963
98717
37079
34203
68006
34210
30735
20418
58875
34652
18948
36315
22064
60376
84177
34638
60269
13511
64148
4356
51304
59170
66739
83586
74844
3384
34489
3171
58264
13814
14941
35793
44244
91602
22563
70528
62879
43156
444
20935
85491
7202
80425
57564
55242
36518
14749
93866
31210
69502
43360
20401
19996
63391
42287
1371
11994
24871
87937
8471
39814
55454
16677
14675
41623
47048
2055
91226
13550
56554
25745
59464
54376
42294
81614
51974
94220
23925
84682
58919
18148
51951
79125
91230
39304
50394
66662
70201
98645
16221
33564
19326
64541
64608
28192
25696
21976
40306
59014
27902
73497
70678
50674
92312
41563
22763
96696
4879
51610
68023
70556
76632
15774
81007
3159
99485
83345
76070
17979
18225
4786
90127
35278
31405
79554
2096
43346
59339
34780
57381
88325
46718
46402
70254
69252
23244
3058
80887
43050
86858
49527
35522
51319
23986
29852
31762
140
48515
43803
40470
25810
73717
23412
34225
83674
46392
46393
3234
52671
33544
98758
88405
35079
60207
43214
7909
53033
30487
43888
2316
81833
53642
16937
78632
10399
99528
38242
62412
95445
90916
78314
33792
93039
18396
72319
2294
7012
89843
78246
37163
99339
54796
66202
51509
66737
95109
17057
59375
4614
38094
6329
96286
9400
73668
33010
34079
48280
33295
39253
35024
3800
29300
34658
61719
14581
61655
89752
57107
47730
96786
59500
57405
65562
48490
45533
2234
13575
7124
52414
14496
58784
70340
6546
24866
52476
81709
43862
35194
45478
29370
20344
70739
27801
85831
24038
93840
98314
30397
47489
92283
38757
57832
29713
18190
49488
45687
29585
77208
48172
15216
35946
9388
42329
88845
45118
9164
32153
31223
96379
26094
35981
57757
65104
42856
35579
98705
24891
58717
97329
81663
76032
38500
98211
55051
33559
65649
19697
51718
69564
52290
78468
52012
79690
61704
16087
56126
96801
12816
818
52663
59875
39885
80145
29837
27743
26372
57539
18213
28229
78388
29934
78035
88985
81407
54704
54573
67906
27482
58305
60491
18242
4173
49044
1054
25887
30695
39164
67402
55936
55265
49803
28737
64852
44365
98998
55837
82347
34459
58452
46105
19176
33159
25445
71372
84942
98499
9263
72612
64056
93853
38276
30523
86117
86444
37728
97305
73392
47676
33646
96261
46621
14900
86185
24681
13232
35392
40704
22369
19512
23968
63219
58175
40
31244
26906
32959
17765
38498
95173
98
96027
64046
83678
72073
34123
90869
44075
48
30975
20349
75247
70212
23135
47516
33136
86434
40283
14108
59379
13614
21512
93544
25283
86509
29448
26934
68657
39167
28002
72529
70646
31548
27792
86241
31443
99786
28343
74073
9657
45400
95986
89278
27845
60091
82279
10991
48483
44770
62491
95476
75123
72695
32033
46983
65065
3189
4909
10905
74350
40001
73511
4163
15076
56326
84667
24683
12551
27249
82222
20399
57263
36614
27211
78353
91378
70428
82330
88926
66823
99900
60754
2556
62756
39409
22662
144
18345
12716
96027
61642
68181
64920
4890
65710
3414
15764
98240
7391
47295
10706
77138
2857
67569
15884
4718
79179
93628
23550
94045
4160
27135
66755
69669
37385
40011
44495
86651
71352
36421
44006
19254
23707
37387
95192
92926
24323
85998
59162
8162
35857
31037
67394
86825
94716
72834
6655
73217
27553
26182
44626
21780
11111
38415
15213
96472
59597
49834
96614
94853
95219
30820
54871
14241
28898
75250
89878
48023
76249
81104
49292
2887
85973
62982
28565
63798
32028
2535
51891
52262
50342
11699
24110
58561
83656
99997
20044
49839
37886
25798
25865
66343
40084
35176
99603
10785
75058
73487
78341
58954
48994
3777
99486
86449
27551
18271
32541
62334
77724
33443
26620
29986
69869
93353
83014
42090
45366
27178
9589
98349
11087
84324
5548
95557
30640
80853
59982
81018
86143
29734
8282
7226
24339
7365
25636
15013
80355
95786
34224
90756
98289
89755
44557
92857
27756
10283
64620
48466
9734
93181
2140
4215
71156
18246
59396
65187
6875
87856
73980
432
42525
24539
56520
35371
89407
81471
80721
44998
74262
41996
56514
18508
80366
78482
20764
18831
17207
76989
92566
50365
1132
16664
61173
70321
39425
82610
18116
30054
57384
34877
75056
26855
8896
40499
82723
5313
2907
42483
55195
16378
80523
85098
9126
8762
41704
78669
64860
43015
83808
14146
26424
63888
49275
10847
89236
95231
99338
98154
92225
88625
68876
30175
65632
68130
19837
71024
25760
59713
27803
15111
25300
31203
76086
59654
63792
74995
31091
82224
61088
50247
71261
1600
32709
78093
64425
61847
20557
43397
85988
48915
45134
23624
2875
96187
33854
22470
42854
71255
44882
95406
11858
22844
18193
6
66443
94374
29557
14042
38978
84797
97181
43953
80896
48186
16914
18491
37031
37795
54196
5094
68609
95634
98879
95696
70376
83892
84416
56567
99089
82253
38126
1452
98134
69432
6759
18022
74238
55788
88232
75699
49930
66651
12776
72745
45311
85620
74737
33467
50828
57992
36860
38855
38935
32330
89161
95468
33704
70095
88
19897
47025
30036
34471
76576
68888
47519
72168
74697
68163
69534
9821
81763
36575
19788
78387
98709
17677
77330
20697
76307
87658
27434
35323
52684
25209
13406
5855
24768
91855
69999
955
67855
5626
28722
85233
96749
86735
34516
98025
60305
41263
68607
62697
92300
95381
66964
48659
10839
87742
35000
32155
61094
94805
15020
56612
35065
12059
85556
30006
40016
56560
45273
95997
33662
89536
96873
41793
76631
1901
54012
12126
56803
31412
15442
20095
23253
42175
76024
40508
92756
82695
51946
58157
97848
78659
62546
61578
42993
53329
24782
39937
92065
46432
12944
54386
94634
3832
41471
1738
99394
5798
69690
78043
56611
5672
69213
12308
31391
63953
17052
54722
88400
43770
7724
76387
19790
77222
53729
40706
70617
90767
96466
15732
75382
6418
82489
18190
21815
14356
55094
39457
40403
18000
81267
36211
18453
54110
77890
56955
61295
83265
31203
40697
71055
56909
7810
78448
53354
89778
17789
32352
58549
82026
36899
10948
77459
27099
44695
47365
54793
10314
48020
56089
22797
35869
85643
40124
65596
98442
46343
85897
14410
76993
7762
68149
8469
88082
96400
41640
49522
7421
54697
21464
36617
50869
39620
73636
82845
56591
21423
77227
27171
78925
93532
32166
88948
70433
87237
47688
88445
42848
47439
17521
94580
56774
74764
45737
18725
25503
51450
74335
74250
11417
13226
48030
36217
81284
46875
67305
81175
44994
99845
24563
17226
5041
75441
12189
16397
90194
62853
87565
7772
5013
76478
7431
75663
56643
46902
8299
2084
77447
69189
683
41973
92570
10787
77766
39880
31915
15051
92134
13477
32391
11227
20691
67458
29994
79641
30258
16954
36706
19120
13373
73117
7579
64984
62752
47521
96781
70643
54765
63574
40479
50995
51613
10102
56662
51353
82532
14907
28990
65112
38831
51403
18451
28792
44093
27439
53644
91639
12919
82177
82693
75529
85710
23716
84424
84992
32943
98541
54488
59336
89285
31678
59769
26921
44235
98356
77919
3407
17580
51510
63217
76198
24505
69454
93817
75518
47302
65556
48492
68942
59554
59174
27344
89109
56498
33652
27215
83772
49769
11127
80439
92824
58309
80354
56043
65227
85768
70960
46121
94218
90289
70557
46936
78681
15896
48241
18510
51026
32419
73239
78620
19428
49031
92907
66839
19160
32094
35890
81380
23503
92833
91844
34751
39752
76418
16324
50279
69501
47625
58160
23370
45901
94921
62867
44424
59573
28958
19800
76582
1111
55462
67002
34482
5500
40249
62358
36654
37397
22374
48770
51547
84093
69675
50999
55747
78971
17296
18761
33027
76260
82273
26135
29075
27805
35078
72958
93268
49149
84993
13128
83445
26481
28420
37698
70625
3290
33548
17771
29096
41681
83038
63143
87209
5546
6972
82292
12057
25398
40611
76949
49714
11202
75653
33385
69211
17981
15966
8672
98896
19927
12309
88932
65678
95781
99185
44754
93853
38594
56821
11756
13434
49743
64025
99271
59616
93466
88999
22719
5651
56860
16751
65867
16104
91229
26023
72011
91892
46386
6115
29854
23952
1446
66061
92848
40678
50647
82017
23024
19738
61495
98023
15135
85976
96500
65613
8004
40918
94929
54368
32669
9157
92562
89352
1520
45978
70647
74718
44512
5459
67296
67018
81147
61512
87279
13757
97872
59984
33290
45767
56638
30509
63135
62390
42983
51669
11363
33325
90787
19806
92211
94748
21681
33989
41724
52034
83240
96378
67733
81563
89004
88300
75082
88711
51005
92461
63508
55290
48905
28545
35043
5465
43457
1288
31165
41463
65416
70246
15488
46060
47592
35756
63108
26319
43455
20164
87485
62928
50327
88606
64412
1269
61972
44818
2036
42318
94950
55633
42010
6743
10974
56845
71205
20714
61116
9473
30997
39518
61287
68478
99025
41152
94615
88148
59112
28620
22060
4121
53561
6120
76609
97721
8302
18941
32954
38682
45091
54899
83163
87658
80613
71560
39699
41799
58613
30157
41909
81643
11275
15581
23911
16979
52888
50875
93555
9258
70308
23431
78203
26454
79125
23580
12041
1439
18705
90345
53125
17495
52571
83018
10431
8267
30073
6306
2604
23908
70454
76407
98318
72666
31363
79083
27948
71222
11353
6706
30529
79426
53402
6581
37648
83056
38069
79553
42101
13892
93063
55756
35798
69470
59967
10503
34200
24360
29562
41081
89966
97080
8269
50685
57388
96802
31298
84729
28187
93470
51065
75161
26693
7985
66607
34249
41583
50779
17436
44492
83527
13372
88438
42203
80018
2339
53043
12221
56744
83317
14508
80063
94748
7286
4030
11569
13043
11128
92938
50205
37718
9981
84507
75844
98499
89066
33063
11255
51709
72842
76719
25903
61379
85755
