66404
76696
73887
29742
24161
94272
2722
83295
90361
59666
84292
91895
81088
67129
60841
72054
91507
2272
72468
86717
10958
15201
59378
49621
35338
39100
19302
70927
94358
1763
65042
32134
81649
67890
28574
85121
36610
88412
873
28564
84148
74720
2377
26246
13521
83579
13440
32846
81785
94583
14525
74582
21663
64928
48748
60290
56992
92727
28924
12042
2817
47392
75658
53922
13253
60758
63087
37082
79176
735
95395
62530
78330
99642
77708
70278
11867
64084
45383
40631
85871
95673
54961
74473
54719
38376
97523
81433
88492
83808
50728
10855
7088
6486
80077
77921
88595
33673
54020
90720
77319
72620
94788
15691
91776
48738
51168
25241
78259
22985
15122
49141
72330
52908
47012
570
74530
45404
507
54269
99201
92186
73697
17098
24887
32203
51469
67687
38352
54797
73905
41493
4658
5673
41472
29524
85562
82398
81242
94886
92941
75261
88661
24492
4094
47860
12810
64300
95483
37506
31833
86100
11732
52681
98777
37337
90217
33633
33440
83416
48751
70504
83948
35581
671
52216
79756
31234
77466
47793
76557
85903
39869
25494
30341
54560
1341
3508
58326
3780
45312
87739
12159
50177
42744
44881
73157
80405
15164
22876
62393
77880
6692
34110
62918
52925
22401
3774
32250
16215
24726
75232
58223
68408
14679
39318
35956
97749
62493
49839
9852
72261
88100
39566
40771
51624
70337
80567
41593
31909
54018
11746
83020
37259
12260
27441
14038
5721
30507
82878
79392
45465
49570
21038
48497
83558
38607
88258
73304
84047
76338
6028
54098
49428
79578
93438
81560
42733
96900
6685
96872
17834
13457
56533
44014
10581
63970
53543
46382
59604
27571
81918
65649
34346
2193
17023
36426
96733
56665
93405
44932
42898
59567
35468
34410
40628
311
33358
64850
4308
20308
34890
59911
11691
95867
52410
86897
69594
95059
58691
48739
19346
10603
5312
37761
90896
13687
33783
38988
95968
90825
40589
94796
14178
18152
86581
83321
17194
88464
72963
43109
41793
82341
74047
75337
98058
90613
41301
82379
40895
35338
74602
70697
53593
79592
62505
13444
76301
71945
66939
71916
54196
10162
30868
53476
53284
19666
53642
92978
62938
15863
90625
60613
96505
27340
89314
24131
63307
16691
53034
76174
52134
36667
71710
49011
85994
40126
58621
80239
49511
20218
2605
14141
4028
6954
18871
92704
35674
34720
76207
58378
76199
47297
53260
48071
42718
23613
27702
13385
10035
93193
27261
82352
48596
60475
83589
53782
90795
63937
5119
41172
19553
27711
74996
18389
21629
55139
31738
69397
39177
76775
74921
72949
79957
43106
9031
92830
61493
89419
39391
35951
80421
46699
85009
51556
7501
61597
77027
83685
3872
78117
64596
59753
43614
1067
17713
13509
30682
43923
16161
78998
9397
11065
89435
45990
34665
79598
88887
35933
69538
18186
81890
58152
54246
79181
13707
72287
75510
99574
42298
30069
7404
24830
26272
31649
87556
66002
7178
2020
26136
57260
27663
47382
2883
92717
56489
76242
79271
10873
24160
46650
24809
61134
1698
57256
23130
89186
36431
79763
51121
13561
78160
37274
60820
53472
35751
8528
46646
59017
36226
51268
85338
14019
33513
66667
62453
24917
4567
10829
56722
32118
25830
54665
36207
70764
2595
39845
86596
88128
60032
79606
73924
59290
47976
35592
56315
83327
6413
13994
28728
52771
41469
63450
86373
86732
90579
85928
21233
64517
90602
60330
33070
2555
94317
77980
68246
19992
53065
75345
46377
18905
58436
97338
26033
75054
30566
52210
55238
62190
15893
60740
15854
11669
97312
53721
42716
30075
53169
94882
55193
13105
421
82878
70240
84315
56344
90248
47939
18629
16825
28705
33228
67747
34813
93653
56733
58793
25839
27501
79865
81027
18789
45328
19163
28274
65614
41750
63332
89828
74055
13419
80755
53614
60429
60860
23212
42857
70700
2050
33947
83495
22486
89992
68465
400
84336
85370
86605
43389
38790
43884
22519
84592
95391
60548
63173
73582
89995
35013
29088
70618
82648
90457
897
59824
45732
91930
9109
96026
89997
47005
71584
76946
38084
68539
92605
69525
3104
17693
67556
97536
81807
92740
22660
21738
63816
48915
32495
64606
16859
41881
45557
16851
9193
59583
98217
82218
64912
58154
18944
73699
91327
83725
44695
97147
37576
55086
41300
13734
99539
11347
89637
75750
75471
2953
65093
40742
13699
93873
11485
58389
42819
76455
10247
52418
67870
34832
23661
39440
59476
9472
79248
77014
99397
17062
60549
4054
17477
10100
43097
66199
99115
38990
41878
77602
18601
76686
78846
89718
86933
35794
19027
14280
5190
42243
90809
51834
4155
16098
83155
71638
63605
92593
78378
15496
25732
18844
49836
46198
76543
40226
93425
47356
86157
80292
89081
88808
2081
17608
20690
49487
96323
72842
23669
35466
776
76768
84975
19217
80963
51017
54493
13873
93045
59601
91761
9165
34944
86147
34290
55887
94650
49964
3232
40137
22621
55336
51700
31533
63003
17291
46757
51397
22095
86638
66471
74991
76654
5843
38638
31385
32828
35415
241
82357
12538
54708
35338
52185
43421
15408
72921
83574
21883
46885
74792
12818
85695
53038
50730
96548
13404
1354
99612
60300
66461
56560
685
6572
38554
91472
65786
56103
7912
77794
80082
15349
16040
845
54424
41504
61439
28533
12359
9438
5189
23970
13808
75339
18870
5194
73918
51905
76615
15546
34363
29911
35091
96966
86315
94484
94771
44138
8342
50799
92523
80348
55396
57701
83585
76977
73472
50677
51337
16744
13919
67099
86876
11831
57978
15943
32647
53648
72406
761
32800
73455
27525
35900
58387
46563
36101
6236
64826
6710
30567
3717
76299
16731
80714
85594
54731
80787
97606
3278
96416
87356
84772
91714
26213
38871
72682
87644
51414
50516
78677
95584
37515
9564
55743
83245
57922
827
18272
13623
12981
4616
37008
39197
48938
81074
34570
23975
23913
31145
56813
4061
18600
59110
87740
80198
94754
65111
10309
11484
28199
80459
73183
21640
82157
61238
10092
74976
69028
47522
6942
18330
75431
85875
10550
63499
86669
13621
4519
85952
21567
57828
5689
40792
23173
95032
36938
61372
91002
22059
42351
74908
56542
66952
54040
20520
62025
21457
62001
36935
8540
8781
91172
62136
97876
9164
86588
9346
21208
79385
13445
25018
51762
61851
78415
9233
24987
67495
37457
25399
14318
91654
84075
99760
48350
37087
71747
46449
86275
89664
15697
38520
47760
20878
49910
83685
32192
54439
51079
88312
14799
29072
63560
58280
95461
97632
68467
23261
54573
44456
96439
97739
58180
95037
93853
21740
74284
17540
36166
64537
60896
24184
61329
53093
65154
71515
51001
57974
59824
99831
72826
7328
1398
58320
72628
31455
23132
25768
14504
68272
92896
89646
29119
5101
29983
98372
81418
23140
57548
70827
68388
52
15459
92749
14612
63427
71575
72903
63247
62270
76167
70161
8698
27629
33936
81899
48013
11474
56636
87654
88978
86878
69656
18541
16141
38737
70051
66862
72534
75148
61026
33800
77697
25844
84656
77426
59039
55878
78739
94246
47261
63121
50730
19017
46858
85940
30434
77303
81879
17077
3976
34351
16822
58843
75768
17337
90437
22313
84628
82992
2724
86264
76881
27248
97889
53648
907
92124
21781
96066
76697
46380
41128
11556
13691
98802
35503
27274
26192
41416
16918
42429
28868
8119
58488
15195
86566
19590
44555
95372
61719
63901
81881
74748
95038
33141
34216
30809
7161
70847
70395
7755
54574
91213
72018
24778
69184
97057
67853
98081
43069
96432
38894
40734
60468
16562
74011
26450
1060
43976
14723
86891
27951
59339
69688
63531
72237
95821
18746
37125
893
68526
43221
82292
77463
3326
99104
92408
87804
44393
68999
83726
62959
79940
52291
27914
54269
21075
87908
59604
57335
89716
69008
33372
28544
65099
42054
19291
65506
39883
58107
58184
10875
85438
84230
76787
8469
25553
33367
22049
69236
90591
24545
10085
1992
84249
64537
17367
40322
87087
13078
62068
82243
11357
39512
58098
97359
18932
82822
75614
64321
42819
42480
38676
90680
33123
93330
59194
70575
91196
68569
40218
89771
15831
7328
51098
7181
8801
40756
89241
26407
32249
28374
10600
82635
16631
93246
9378
11679
8152
66493
55050
68941
44490
94139
97760
28599
44016
50302
72959
4583
5618
72780
32598
3589
44677
98760
4224
68258
210
81560
58083
21232
18182
84359
54466
87252
60022
94215
25375
59092
30796
51758
22417
24043
94994
13729
8029
72412
55290
1358
52340
63107
81895
62131
92489
23270
80732
40956
53613
70186
36191
71369
75017
76098
91114
8014
92791
64739
77646
22421
28990
54515
32003
11326
2408
23679
1009
96902
65
88811
32628
70277
71758
37125
15728
96753
37512
76083
40273
97953
17524
93578
29821
716
62880
50368
82424
88463
9660
25017
83251
18669
43666
16478
44883
78224
34115
58957
48889
65038
99776
37673
75763
85000
43937
2225
81695
44492
38278
4910
59383
86074
1704
72134
63230
40835
83995
9871
9029
94349
28931
80445
54586
33459
59375
80987
57549
75561
534
38936
42592
19166
42253
97337
23691
57722
25026
28237
70666
66790
29784
26718
98179
75019
51487
81634
56087
10483
22671
34641
99077
4940
59521
39377
68309
87211
70474
5454
66408
28173
96885
66821
30937
38776
188
70143
10832
49632
44611
10427
12067
72357
85713
4836
53129
92698
79019
71490
32701
60448
89647
55820
1131
91121
9450
59515
3258
83641
27254
61145
6550
10559
75796
91256
88057
87489
70561
24512
73813
38205
95544
31392
6496
42060
10053
75014
33757
2664
87329
89481
71075
52175
19247
54723
18668
24576
24945
86493
77788
18114
61256
97474
1100
40227
62118
96565
63058
49150
12369
49983
23663
3734
85143
91680
43188
56191
36905
40007
78258
18012
34933
36477
17885
68546
72132
92955
46300
89692
14668
32123
8303
39144
56979
63980
22269
78398
46497
17152
33818
16049
8032
46912
5105
34766
7827
23935
58644
92961
20560
14155
2685
2328
51995
47040
21887
86079
67233
15382
78478
70825
31694
21531
14440
88528
64651
69564
87710
21396
79383
92732
48227
13247
8545
31015
1136
16298
48319
57536
32946
43832
13647
54743
54449
92640
60551
32726
62173
30216
33754
6170
38167
60524
58858
49119
12729
76382
26693
97525
32099
68584
47582
29486
16739
5837
36904
7161
77536
58893
73585
17705
27235
52903
17305
94286
15747
76729
77101
325
64044
24739
92356
32139
77995
8521
82678
17901
9752
3991
8756
79867
52383
64639
98408
32858
61549
22173
89738
54233
87125
90428
69787
91452
71452
54898
90498
6772
13191
4998
57633
51023
26078
24274
89107
90123
68669
60867
88868
71302
47287
19677
48237
87154
59080
16476
11786
70180
98837
309
66394
32075
13954
5115
69875
26109
47952
55453
43935
44013
24528
46028
55831
5465
83881
89979
78746
90720
8930
21599
81033
42929
32492
71542
5475
32350
99343
53700
9272
97392
61296
95672
96236
32212
64667
27981
58891
49426
25395
73516
29603
38654
60755
5615
7362
5959
52320
17504
89645
62381
71821
35360
51769
64209
18186
47940
32426
90212
40811
43578
36166
52065
4656
11945
73269
34294
77782
150
53560
67517
66489
62531
62083
77290
94372
56786
92760
97405
89975
22599
39968
26487
90740
47275
11529
22697
51814
92813
27671
10535
56142
4259
37160
12412
87211
95086
92745
71735
98373
14171
75950
51683
91670
59142
37362
89301
12086
35193
95563
52670
87362
28050
53768
92769
65448
81891
2603
80158
10994
59699
8893
83436
19276
17794
3186
2469
15092
66889
44154
54011
7165
88384
83169
55912
98399
59737
50724
56740
99198
59945
20816
25744
30198
62983
75449
91119
24224
30189
89107
74004
53028
11676
38993
31189
38875
94236
91672
97855
13375
87104
71614
32740
76657
38504
78565
88656
18150
44640
59310
23577
79248
54406
41531
29205
88325
74185
2406
7397
69486
59436
30199
60270
20174
21610
51430
84808
16045
35540
40013
12304
12000
56982
74281
4312
69078
6487
7885
97055
47265
75423
12931
26011
19935
76083
91040
63377
8613
69916
48739
90215
1575
96517
80234
9138
26182
85635
96496
38121
57494
81359
66919
50170
55627
98543
59694
76410
43136
53907
89775
89080
97251
9050
11320
69291
12544
95541
14131
47786
69993
93987
45381
27130
56831
32220
55807
91042
13055
73417
21412
17402
47564
7472
48728
23362
13844
44462
35265
69199
84354
94365
96638
37312
39072
52437
31520
80335
13863
751
82312
20642
75173
26660
85759
42753
70985
884
95148
29795
74605
22466
87702
48641
22849
6108
34550
99660
15312
87321
83511
98650
15281
41371
69837
18747
79468
31957
47119
21322
14439
1414
67859
60767
69901
21474
42469
13441
11578
48305
18979
66424
32005
52881
85912
5761
42185
82423
89203
84635
80370
70291
81091
8991
7265
11601
3505
17996
98556
56188
17626
42592
36629
9661
98344
59298
68085
99713
78540
25916
84741
7704
16442
71783
27065
26138
58688
87294
40985
2052
36612
67669
28526
39072
32410
87298
41285
59971
26207
53945
90530
73487
51445
85845
6149
51545
2651
79250
2578
64453
15239
81400
90879
11117
16131
35282
51167
91616
19298
96029
13637
73063
18429
81436
53592
67972
43247
98280
6834
71987
87689
82372
76340
41042
26418
22862
71658
89501
21119
15794
47222
21298
41643
60025
91196
47219
49491
38878
39081
60809
43921
57793
47553
7910
67570
31157
18980
14531
98262
62836
93244
35080
8900
91218
88645
39690
14791
11822
32441
26542
90825
78981
84695
4236
98987
69121
39471
50798
62846
54351
69517
16440
28577
30638
36224
56258
15223
49891
89830
97345
92996
91402
90134
85444
20740
71815
14281
49273
12904
38202
61285
19535
80526
91664
60072
73591
90427
62486
24686
89604
92856
25833
28670
53041
34279
18569
92983
1473
10880
74540
70835
69730
33260
44718
31253
1163
64189
78982
88884
2468
31912
42452
37348
59749
95072
60791
96541
17207
47344
29051
77002
1078
56021
28463
27665
1496
15062
92021
60122
75143
26785
31538
42525
49290
11043
51269
9068
52610
48355
7348
83611
33744
38523
14018
41512
42356
564
65789
15082
11152
22942
21716
53786
73642
81481
75814
86776
32209
16002
12886
2364
4439
44589
43258
74330
45213
27676
66610
5713
66412
53545
50869
11312
23135
89462
37543
59845
41566
69918
32904
65348
30822
91447
86406
54384
30692
45287
54386
40841
78720
39648
880
95698
61174
37114
78696
50557
4991
77163
5721
23606
46702
39429
62221
41161
67863
52428
92840
496
70954
78098
95802
9565
37917
23665
29396
98593
73607
97029
76055
73078
56297
80548
86216
35151
90855
70682
4735
56794
28052
11365
68191
81487
44524
32810
99168
65433
48762
53490
1384
35037
14810
21540
27672
19531
3353
86368
55938
82944
62072
20629
70169
41173
82736
77248
3616
52392
79919
2563
34533
13830
98816
63453
36423
66737
82633
55083
50673
58387
75502
41787
13995
87840
50355
69000
37574
75681
87806
68983
61621
18914
53403
20205
44539
31769
61433
70763
58175
19569
50129
78855
27420
2803
33831
89704
68565
12848
95754
12957
934
21902
42965
98907
45045
31660
86264
69298
92999
95603
74544
63050
76783
48955
44594
91039
89858
3447
1256
7542
28774
48510
11282
80315
14857
90711
52110
98489
42445
35072
42578
41429
7745
70363
99125
34759
62315
31254
8397
43317
21153
82869
27188
40046
67446
91614
7972
66560
98290
96481
96801
18103
30779
88738
37302
34035
48975
77956
24951
68676
48948
9460
84165
13797
49606
38799
24081
73394
74319
11441
29272
61831
69142
52475
50700
98326
69166
960
96851
81252
94670
43660
96392
9345
14401
91922
86176
73059
26228
80848
96135
69694
3693
10081
85033
71234
89051
95679
87884
10864
73288
87666
24602
78650
95722
94842
26365
4663
28345
71445
59267
62399
30940
66125
97761
28745
36796
38657
94228
47391
31738
21678
85378
1818
69788
87738
9567
50208
72002
9758
70476
32214
26551
57485
73593
80419
69123
18309
48107
8676
11069
22480
72665
68581
60478
21207
29584
60482
57265
98980
10455
46459
9702
31731
78509
78381
53606
6869
28558
13107
90528
27264
91220
13080
72642
50774
71833
8087
47364
77359
20219
19153
35742
44806
72185
7946
8377
33406
29882
28033
71587
73455
8973
23914
21788
98353
48074
71594
26093
60419
39287
27662
18105
13817
51495
47721
82156
42752
29694
64200
64656
46638
19951
47603
71358
28459
12486
21474
5265
79254
57441
8569
32982
82454
6937
84834
82528
45086
78910
2181
68056
39131
71841
65927
6385
94109
88779
14493
6969
11263
10634
71755
18540
31637
88813
3005
10531
66994
76004
93184
35305
2483
52938
57598
66926
37900
44223
91605
46229
31948
9678
94515
57320
64335
49229
35697
54475
38080
74595
33160
45166
51209
87716
71700
42972
90585
23319
53795
93680
28848
82040
43578
76679
54154
14842
27173
68816
28613
83044
32217
72768
43505
91932
90024
61635
40564
15490
82431
57964
93911
58547
74111
59726
6192
40014
88343
51331
27596
76210
794
38793
37657
5798
68258
10957
75661
57715
59745
48319
55415
5804
72640
63141
13440
50702
11638
60876
73565
64770
36198
61272
3988
56223
77654
12925
2601
1836
47879
32678
97028
40771
92214
87763
50528
67441
72366
74016
24946
3546
12071
38335
61588
98298
6207
21064
35021
64486
66387
36615
89887
58513
32891
42579
96621
48587
43456
38143
53735
33603
83066
65098
60851
12909
29482
80305
65402
47454
86672
88419
12876
88180
83690
83349
529
29267
21674
35276
60909
92042
35507
11128
3630
41748
15056
83841
64501
78075
95473
29273
99071
29174
92898
2416
8175
19987
45962
22439
42714
88368
30429
26652
48239
17123
30174
10628
60385
53658
31797
55191
36018
89661
19049
19172
55837
63823
35930
55141
84320
19699
31485
31054
28037
63082
84661
41535
62379
41883
98506
33497
68726
71852
17513
35693
27503
69165
28120
97168
46009
22932
38836
70891
70674
89698
66121
96494
48226
133
44973
55204
88547
67095
51897
97954
59052
72323
5573
14074
81212
2567
28127
24172
38816
84053
98632
92443
14945
2196
6667
19485
16013
88260
62459
51884
30464
85951
10568
17467
14958
60058
94845
11522
63888
9931
87609
72218
84841
45348
9640
76868
46388
50141
797
32963
13260
5360
77646
55082
85783
54014
87372
29968
28080
79951
798
39264
33680
49463
10521
31213
41592
95891
62590
89475
29
93555
56208
28568
22064
78322
26672
59490
62505
25632
68311
62850
56495
86528
94767
43390
43335
78029
32110
3500
6679
25048
23088
67689
81814
31053
91505
83338
54770
32564
6724
77418
15996
35411
4658
89027
78164
56816
35698
8728
61805
3891
7393
39886
21821
20298
87647
2426
46340
26791
4998
59701
33494
95876
62759
69709
12102
63463
26114
66965
89904
63776
89474
46173
20451
90991
92884
88028
73482
21122
56898
41033
34614
23260
15344
8489
15818
62898
52049
89507
12194
54063
7751
51664
29440
42039
5621
77198
52308
82920
70083
77619
82440
52572
71406
51774
31365
94795
80201
56713
78694
71470
78740
77467
81975
3678
82039
65018
22665
32795
62171
48317
99541
26344
94469
85023
57514
89844
65936
57968
81205
66676
98438
79174
88044
14667
67418
47218
98807
47051
91013
41165
42107
58741
25660
50128
30436
2621
65642
75202
13839
14057
90543
22668
28401
74968
61748
34345
68168
43423
53802
29369
89404
73614
50879
8245
4368
40818
26076
19228
85227
46515
77693
23468
97694
16990
38925
92973
14322
61373
1278
82695
97583
481
56770
55507
32491
72098
32682
57135
81869
63965
15960
92587
96829
82588
8066
38689
11050
34644
53958
34018
97911
48904
31908
76714
15811
43082
99933
36821
89331
21826
7750
1484
2814
93383
39369
31352
83669
30954
85368
39767
65134
72658
622
93003
19596
53953
95364
19151
58444
54902
14285
26310
15405
22348
60431
22828
30877
21920
35870
56046
64573
15376
61815
81173
39280
27582
51030
98301
28453
29939
73428
53604
58206
64449
63008
17597
46365
3297
17497
70724
23658
58747
85029
60877
64227
81316
91153
22453
80929
49730
96742
33914
80386
40586
6980
5190
22969
96330
62526
88198
65838
42755
58321
97754
65395
92686
27618
3941
43972
12832
69715
37507
51802
63912
93186
8410
38604
11893
29119
38730
56834
80916
16647
99742
39192
47542
91489
32932
94124
89969
2613
81785
37188
79837
82724
84733
11518
17407
72968
17062
90774
9698
63529
2961
28045
62817
8536
41075
72380
97537
38988
62061
79734
29595
64662
99166
98482
39895
28259
87410
36989
2708
92111
4696
22843
48357
75840
41682
46550
38965
60486
37894
22917
12747
12588
88081
36794
57480
95323
24154
86664
50669
81292
94308
22734
7258
29032
68926
485
89266
14814
54133
6626
47482
72223
19401
18088
7199
77754
92860
14477
31799
49391
21479
41031
78943
51378
49959
33427
26244
58015
82100
38690
10142
24180
26674
8001
98774
89071
30305
96675
79913
60708
11023
6509
9988
46907
27854
48541
27919
99493
55807
37656
76102
88441
48525
97135
1890
42991
96759
5037
80471
94039
40549
81024
13718
90711
93372
84577
25459
38624
52492
27202
49409
89419
390
40499
43513
54070
10347
17744
95961
2133
51488
32683
42473
62838
81310
91025
28216
39829
84838
27388
51173
93433
42737
38325
1851
32585
69925
30659
13780
31823
34595
75028
12414
15015
82877
1127
33754
87299
85766
6740
1505
26079
62690
7161
58113
99771
29276
30530
75142
51643
15926
56147
51156
90743
76475
10805
45519
90367
30897
2011
65597
94863
39338
78767
43972
62475
33465
30366
8206
24407
42625
89501
8939
41270
4521
73527
89525
63709
33452
19476
80366
60818
16462
70951
32485
326
8232
95252
58200
29197
66724
72124
35924
94678
132
36582
64151
24427
37693
82124
13654
26631
9761
89663
10299
12974
95994
90936
77831
75726
80690
56701
91509
83376
51567
66315
52190
71195
62364
49094
28121
60997
94563
85819
95866
39031
25111
14061
14907
32604
9805
93700
52697
79237
95914
45551
75573
39452
58167
75153
52219
88003
67538
64655
49503
9929
35647
79029
51523
56072
38267
90272
71125
91230
97425
71883
50261
51749
41829
67065
89237
82065
13005
22491
8505
97126
5440
2047
72509
5204
46086
54742
18038
69776
44879
12704
97072
55856
63169
31574
8855
34594
74569
5556
52882
72265
51666
67265
76969
12085
91763
46524
68903
82719
54466
93541
28602
93854
68198
65477
46807
38792
43755
44315
2875
44681
46799
68131
32109
27929
50521
73669
22495
85309
34889
76440
13459
26588
4778
305
86265
69212
47236
1868
96214
34681
9487
95989
9473
99297
65697
45076
41000
86255
7368
96787
26351
41441
47380
11021
49656
98264
99947
29140
19966
58989
38752
895
30427
96747
55998
38350
85546
37196
8958
37468
5319
30931
58776
72128
62194
35075
71413
61248
55474
72730
36995
21746
98966
28654
36323
40368
16215
47555
74556
4440
93433
69925
48658
28925
82448
30536
3569
74285
62239
97818
29763
29344
40380
29090
87585
6298
58768
60631
34534
56765
82778
46975
49343
2958
24531
28323
8031
47842
14412
11851
26223
51556
96179
37595
36899
12230
53269
9289
62119
62978
59453
36698
18968
45836
62203
56153
96079
6390
43135
93427
81656
74751
65828
63154
60737
29145
64363
17267
82094
29941
99868
16870
87401
94446
18065
62658
72054
34958
67022
13282
95749
29345
82408
67136
1857
65012
76326
62220
22501
68841
90181
12362
76366
72314
13045
94565
22124
56616
41537
87156
73714
67807
66796
17735
48524
93511
32726
53325
87120
5738
82175
59174
23118
75389
64898
89152
30849
43213
35106
41776
93927
1639
80355
39087
62189
33667
73871
21135
62404
39886
37721
92408
28240
30963
23902
22467
81086
88070
47655
20658
85557
1869
427
47530
87302
60746
53970
68942
862
31273
59380
20313
8058
98115
71359
86199
83545
55373
49208
79649
69325
70240
81016
58612
71051
63173
11736
8333
15491
27805
4008
73283
8841
21962
99672
27648
79409
14910
48954
88125
98106
39998
34110
8506
8001
3346
99901
79543
37238
60012
82354
20465
76811
87954
77314
11516
39785
26826
97628
85465
11741
84097
62940
79157
11120
39799
83785
56127
96148
37419
27902
27875
54970
89791
72678
38087
69856
13096
18880
67521
36551
34804
84866
96147
91747
35159
79834
82884
97324
45780
61136
4284
54098
15749
45447
97820
60781
68520
87298
74616
49266
17158
46627
57426
20097
25888
75279
16212
36123
32664
9933
4522
89522
98649
59277
21978
76248
62244
87717
53280
45369
23097
58967
28426
87621
45406
5902
92268
69
76975
82439
32257
27183
35842
23245
8416
18197
63029
3132
61527
94615
983
583
68518
36985
59535
54837
84762
34799
95021
17382
22660
82292
73580
62164
47701
11386
59552
8149
80505
47964
63585
39164
56238
41200
41556
11679
51711
10584
35987
63155
89537
1303
58264
89459
21961
59520
34955
54720
39847
93354
55429
15522
16004
99937
33089
40077
94932
13590
72030
37183
64823
26518
595
56741
3506
22008
26608
77021
94660
8975
57516
26679
16168
50559
97136
41525
88615
91341
60800
49073
91030
12239
22881
81341
36883
69987
29836
49285
82680
65212
21837
64337
35354
66934
35832
62790
11553
20907
86121
96333
13539
8254
34998
74987
59679
89332
88147
11503
59219
68482
48802
84811
91387
62082
69269
65018
35943
20223
1633
36607
76567
37328
19969
60622
2293
51682
48516
228
77519
92141
68372
75760
6416
72488
43556
27957
44411
44121
23349
17192
11203
20421
65157
86804
59689
82597
67316
37053
45554
87769
40532
14369
41316
75094
83373
85594
82270
72828
27979
34497
21906
30883
5861
91212
48511
88979
6922
66808
66415
8242
50601
40962
57225
43159
6749
55791
35988
33342
70707
88555
29386
89269
99770
15150
72436
33747
48774
36955
91816
90081
95874
46011
92336
19887
14533
51620
93793
71260
74552
99279
45667
76900
17633
91419
1279
82206
88639
34545
32976
4038
33223
63553
39127
62694
84202
82394
16554
73600
42962
28806
15468
53018
9355
57632
82840
54919
46878
24147
14391
32014
50425
25360
33137
11481
48650
31755
27808
57852
73450
35923
72255
88064
25815
1868
66434
23051
89721
90667
43968
82190
1126
71597
24362
61515
77856
57780
48447
90240
70300
69791
83736
8437
45791
7205
6271
27005
68033
60110
83869
75788
41587
94670
80944
93014
80412
70783
96315
43616
65119
35578
57431
19237
25112
90129
48264
57831
34758
77420
2794
44912
4643
70494
87850
67363
6733
2627
91121
46052
18281
23864
19931
84033
76318
35223
17510
43548
3292
81134
82790
60758
38336
86235
36149
97561
68751
56486
14056
35745
15167
28059
3388
27305
68181
75330
52143
47502
67049
85373
8908
94754
65479
86141
76702
75279
47566
96098
81925
86373
14907
55117
84039
83714
27744
81923
84989
16637
12973
96256
38830
53935
83952
49525
98010
28895
10873
53537
77548
98377
88182
9447
47954
81738
18686
37585
40457
70410
52329
29601
85842
40326
48092
35472
27553
54265
88611
84165
17108
60998
77014
10515
60896
17861
46014
38895
70470
77095
82161
24557
33669
68840
78488
29974
8810
42321
41362
56776
3426
41446
95666
33482
23856
43698
2692
42602
48505
21229
78989
23542
89468
71272
57967
37491
52416
71989
13323
94845
9318
52469
38689
50331
97950
12127
8499
414
67509
11786
18025
64886
60363
32088
97485
87153
89571
69567
78294
32145
85299
89844
74274
26473
2267
25910
82012
91956
84435
7701
37853
73969
88477
28509
39406
70015
88346
5891
60236
42673
93785
11082
25508
63567
46665
34034
19774
21737
9103
99998
45143
14936
48339
53249
86726
87698
309
95557
96576
46185
6237
18007
86806
31714
21776
94034
27740
98829
74718
23366
1445
60870
40248
12549
48778
65190
78080
75370
90697
9158
1145
6630
60458
46610
45981
31560
80829
4486
87340
59048
43359
37704
29922
657
47260
24321
98594
98153
99278
34745
83726
50334
28483
60686
66393
34414
46620
91857
97363
1203
78066
1405
56355
4585
22932
12308
16404
11294
60907
89240
76934
24757
37694
84003
92837
20630
40401
77156
24215
26901
29480
63895
82446
6046
52362
79679
51805
98970
96481
64866
6184
31777
77917
92609
92372
10876
72632
79123
51261
90485
58356
96669
39974
64510
96065
76880
78059
93978
85307
66878
75891
18796
48527
6522
37249
59002
84254
23180
78794
19517
23771
13902
73153
92712
3406
27527
9901
47219
61787
61889
57948
75107
52764
60168
70449
36503
2667
98209
59896
27281
50300
84452
61723
32191
41607
94360
20589
12102
49699
43850
2339
83690
24782
94922
57923
95676
21513
16482
77268
27201
21920
56723
62709
48474
10888
93709
98793
67957
58720
98987
9328
45744
39386
62953
80786
80485
52947
72196
58452
33590
51326
94124
73100
150
92319
5736
76817
71058
90066
49542
65100
22458
34572
71549
37899
90064
77754
19297
23540
45004
19878
34402
91767
76905
70040
18914
53372
70064
25976
49105
58427
59263
58385
55015
65994
7061
85873
66909
55601
125
58926
13384
58521
45908
82019
89779
17251
69208
83735
59927
6870
98800
65438
92986
71920
39346
29465
9410
48701
93525
14521
21044
63973
36691
99521
21454
25344
94874
68041
96573
54597
17424
4191
76571
35840
64929
1576
65576
20833
4551
89284
76356
23057
44148
73903
34631
47456
72542
25987
2685
19226
69031
33915
44993
69176
42600
94931
47637
86674
89018
5611
17851
11762
29025
12106
28468
77572
80662
85311
17682
51657
63791
76451
83835
17995
16237
97626
71741
87883
641
86201
46280
99702
73307
79361
35405
79830
11441
59049
32561
44004
50665
410
43853
80124
68291
77747
31846
72777
20902
3469
22116
16447
63782
78073
61713
74439
76238
74630
24655
18581
43055
61727
66934
25429
69829
18800
75722
33124
15106
9928
47317
95675
66330
70362
44326
12102
203
2463
51141
37491
17350
85878
5329
85350
59966
90219
65016
88329
16908
57749
87507
95585
20605
83608
700
86332
77817
69387
70445
47302
41264
67381
69878
4858
75682
27601
59065
40086
28619
42576
25222
19783
9034
45309
48814
61347
54413
53115
72295
98006
67867
31883
70235
23636
26717
40778
38477
32910
23850
50359
48745
97215
55533
88626
14471
65638
86293
52064
72860
3886
37625
36715
15804
27592
84806
93415
97936
19418
58598
31695
22863
59089
68174
12109
81853
81330
30661
59000
18109
63311
48748
50328
19316
50677
44047
9061
79132
7681
59302
69709
90017
39859
84872
2645
380
77786
66477
13079
13033
39055
23837
15561
6663
8734
89530
66366
57163
91423
40168
34694
15553
18883
29781
87313
47841
52714
41736
24304
93514
19057
2154
69596
52189
37032
45355
12720
24441
20834
96435
43473
26638
92070
95655
18575
41632
55426
92179
35363
8378
63647
50810
87480
31660
24367
76375
19686
51107
81315
22766
55353
50276
22105
12117
78416
39428
49235
41785
73442
65511
17507
35086
15867
24723
70914
17558
32451
21936
39904
33325
91520
71134
99029
52879
33010
79923
18326
6566
98908
79152
3907
43988
77027
16607
24062
43226
90254
81835
12598
5251
47149
5531
7553
44528
7799
52300
55944
91456
92555
53706
59996
39067
97016
8107
66726
74075
76408
35241
64700
47896
2103
34170
56272
17839
9393
16750
82370
44142
53785
70788
49878
60862
46999
98696
99584
65709
95177
75757
43324
38424
85130
10691
13754
30737
17231
70549
44246
65235
56814
32706
52710
69983
95738
6390
3948
38257
56137
9125
12043
17540
65654
29827
31095
74495
90434
29411
83749
16411
22742
33066
73505
34353
99427
77422
39199
31109
82346
90384
28297
54569
14424
78355
77879
37775
93609
83193
75132
34160
7790
3641
9597
97586
84809
19710
88284
22616
24052
36767
49267
46220
90689
80982
7773
9474
68444
81472
23310
6761
6221
8208
9026
75763
75930
95472
29651
32958
11337
56949
79844
26878
88131
2525
82554
21897
7732
35816
82795
43359
94383
58064
93934
48820
6831
40807
52530
57340
25624
74860
40331
43154
51547
50089
49478
84708
42328
62731
90942
30622
66110
24351
13159
689
38414
17830
82952
99584
42622
90676
32358
74183
51705
6155
67419
47625
42339
75727
33541
58644
62747
93862
44858
53971
19577
93102
42906
15504
15254
55194
