49488
22979
21120
35992
44919
19424
84523
38304
42035
40031
10303
25016
77125
58148
3908
7387
47159
66424
97884
83352
60272
40749
6444
27659
63234
41168
5339
45464
63457
35435
90707
68195
41262
87219
27941
14766
89842
7093
55433
14704
32902
74424
39555
60591
92335
96431
23936
25786
52935
64286
84319
92581
40022
29157
44685
50657
34592
76750
64265
73687
42103
52079
15175
44097
19665
43197
94448
73030
10357
84109
47590
30640
73135
25160
91077
88076
57955
18986
8484
93565
2046
18295
50619
6908
24456
36219
30207
1873
6325
42748
86025
85607
45658
74271
53749
84239
30909
22995
60293
9235
87942
35582
64485
5332
76242
3138
61162
16067
73030
59371
50964
42201
56576
60919
23891
79508
25224
45443
25381
53838
42438
63406
68445
74619
78958
31693
45599
27743
77494
70731
87304
94249
12104
84985
18923
38640
8338
24569
18870
31657
66363
57155
70739
35746
17232
6675
51434
78910
41853
65456
95652
31309
86775
77017
47754
19559
10037
17037
94444
98438
23647
11031
78749
61021
28895
31957
34524
96600
3253
93828
33070
80657
61094
16841
69606
38188
62644
75262
97094
62288
76712
26839
55167
88419
53612
32816
25781
71776
35253
96053
94110
87064
75006
38701
39177
9826
26992
1796
74715
92064
62173
82868
88084
73392
45004
99151
12848
55083
23118
10572
59786
86174
72943
61579
7035
70082
31560
13862
44096
22330
53745
95735
82297
27720
10837
9760
56270
83501
46558
81211
27820
53212
17390
85534
46125
57881
68239
28682
21974
1971
72195
99025
78042
10906
789
86849
30715
28415
13680
34641
70192
91144
74830
90471
60578
55660
39560
82596
76113
27441
76621
96589
34100
83391
9518
21271
98334
49408
61238
39597
93915
30711
81590
65537
38489
73339
81342
40589
64036
23406
89960
77221
81546
76158
83791
48091
9885
75671
23165
9549
84119
1346
26177
13103
39959
43423
18111
30065
46249
29370
16546
81070
64612
51789
17837
52464
3053
67730
25999
19522
50585
62243
82356
71316
47248
40784
4120
59397
43309
64636
26806
67920
10178
43029
32863
9045
6680
27118
67399
49506
88244
47674
54361
13598
66357
92519
96650
61715
40089
98677
15211
1685
77951
21010
9496
80211
71048
48787
89229
25721
81431
33745
824
52095
25015
51261
96298
21938
15516
6433
36359
83069
20033
63605
19262
34260
94928
38651
78994
59708
57889
25880
5526
91514
68762
8815
10295
10455
17492
99099
76019
15501
85086
22984
42663
23344
9819
2447
63462
18939
10950
55372
47686
50518
56502
41182
31733
54466
37788
30107
46889
47393
76713
26221
96052
62021
42445
43213
80886
47539
83130
9946
66028
42386
10663
40822
52839
6262
51664
4574
75224
73604
87483
92580
55431
64130
34901
11914
14274
75837
30299
50812
15250
78645
84949
67819
39562
5065
82620
88194
3161
82650
65276
39399
19391
65215
53653
36175
72699
73701
59387
34046
46659
65057
16478
86331
31661
1491
4772
79468
8778
71416
36529
27378
41715
54412
99209
3267
76539
29658
56972
85216
88516
43395
43136
16851
61901
91270
85805
30024
69065
80241
25377
77092
6635
34469
51124
76326
86397
6015
17477
57144
86736
59336
27267
5521
23438
70907
45033
20139
52235
31886
42753
79517
42138
37599
25673
45524
19356
85052
93106
13907
29587
98607
54981
19459
74964
33124
85920
94360
15483
377
84222
79971
30584
18305
48021
31565
59176
58004
74233
63511
52895
65687
55710
8651
48160
33795
42650
86974
95823
65877
74665
93604
39581
6513
60074
42576
45987
38484
77927
1799
50923
58485
68274
67840
95303
97430
18826
48154
96452
71693
66365
32090
74041
34313
33703
66175
55226
51012
86073
27300
3082
88964
29845
95921
38765
25517
3894
33406
44315
83847
40780
3910
57392
77799
45668
77731
19136
96796
22151
44108
44008
76729
54265
79080
46304
15354
7393
64045
31980
39956
27497
94554
10098
21022
66043
38893
73925
77590
24491
770
87008
72369
82228
21256
45679
59235
98234
74273
36583
11559
40847
34839
38518
50635
64529
55830
40469
57372
41968
51913
94042
53385
38573
76084
80137
46486
84030
66987
96907
77344
45935
56302
83319
49960
30786
34179
32300
16349
11575
42222
87681
30442
551
47854
72819
43322
49353
38199
9950
10115
84183
67847
97127
93398
34635
1543
29814
84609
98403
45953
11361
72799
15301
67289
59106
84542
58747
84329
50635
97770
85247
29852
62256
81402
94834
71527
98531
25335
33317
34079
18142
59045
78555
31483
34360
96975
88806
42183
53754
73683
33710
59137
30219
9223
45648
74132
84232
85959
74179
67535
39055
37021
84374
85218
44250
62507
65749
58004
22890
77271
18826
39043
17657
58836
21567
66713
36209
80201
3746
77703
9563
60448
43106
96161
65583
54093
1142
81589
26506
30360
76573
65481
18942
30058
85216
27089
85347
70928
16179
7626
10795
29455
22842
54902
96211
25924
21512
15860
74614
75446
84739
79387
33820
78651
98916
8467
62031
30659
4506
80048
39438
59813
50669
70604
11322
9381
27584
3103
33389
53630
44881
23837
66603
81137
70394
58285
43569
24362
94457
70818
98666
37932
6893
40664
32833
98201
42199
40876
11408
98175
53920
5976
78423
20994
5689
13322
43400
29506
14044
2719
55518
68745
29682
98657
37486
787
72207
13883
34198
79898
47607
75541
61907
32670
81796
29617
40910
43341
33151
48256
63862
84116
11307
50657
32489
60866
50850
69911
15723
30773
81367
41030
97849
54180
49723
3242
80184
22248
91803
88661
80039
5608
35270
45507
97523
7135
34636
34202
16904
87084
66177
53603
69413
36022
51009
75392
70024
77786
36430
52585
4521
63571
67829
11847
90819
72324
90447
74412
82028
91173
45795
94381
15334
35623
49385
9470
50574
91494
48073
96712
28402
76298
82017
23945
46592
74394
12549
56744
81817
47838
61921
14803
41028
11022
36410
29879
92959
45629
20339
57211
45360
3548
42700
80154
39001
23244
35492
19131
7178
4676
51167
26478
21361
85882
93602
89542
34444
94130
64731
54605
87135
55649
33374
40681
95169
19260
28426
7593
11153
37474
15819
27083
42566
30978
24120
4238
67043
79851
74076
30158
17193
86126
38578
85473
61031
3602
30985
95373
20653
56340
55591
95844
6302
440
89738
62206
36228
77104
73065
6705
75677
69192
92474
49839
85459
3468
44461
21277
78985
43607
21941
49227
11985
17049
71302
97428
27514
91171
10681
97812
36679
90322
57325
46177
61723
39254
60136
13383
61392
36030
25468
22468
44552
86146
51748
72189
48922
78957
32877
32443
39758
39909
68018
88902
13796
83671
56735
84572
95181
79780
25975
26285
78077
73346
82609
46678
61753
90960
55549
79481
72363
81435
44357
93525
93492
92678
99374
17351
23361
21305
30238
3837
99254
38920
67447
21235
27622
80958
8385
44236
5093
7271
98118
71886
42773
84119
94007
5818
29372
75546
76972
64966
83351
58649
51049
75385
69767
50566
95612
76643
6954
95844
57378
9430
69221
70261
22793
20965
55517
91041
21392
32952
15621
87872
77419
61097
78161
68645
82883
41662
64649
95944
57978
89251
93497
50254
91532
10531
64357
48246
62769
91683
43066
9858
92959
62395
74048
69376
74348
74738
26091
2101
74865
77845
17137
41829
7114
19987
44278
14369
79769
43128
35650
9869
72811
3012
59860
93676
79922
76616
80721
51787
88050
28796
62869
36040
29783
38271
64425
62813
59587
96268
99285
18316
86502
91734
73965
41224
4422
74464
54983
16573
95870
81404
19501
91358
27938
14077
238
15497
48768
45754
7407
90137
36514
80514
40414
78984
9904
82743
72199
52479
43347
93065
98911
93915
22964
86608
28510
99358
37091
40996
49674
24143
48852
76892
19054
45838
21027
35778
12905
71448
26008
25680
36323
38484
75718
91977
3866
28440
87245
15030
77147
24347
86335
37211
24237
60183
33600
19733
18183
58074
49830
4339
61249
41098
19776
47150
68071
55154
67027
10279
26186
21358
37023
26459
15665
90607
73985
30789
91886
2763
34418
14000
98603
19652
49772
20407
22050
89139
87084
23676
85324
18641
37170
2081
63665
91138
8774
44934
75550
37758
71542
36127
64949
60733
86170
60017
1342
7327
97784
81770
15227
11829
31778
67194
48058
46895
72957
96721
17635
52067
66013
3543
54641
56118
15277
10658
99390
56203
91050
8055
58550
89798
26031
7264
97870
99867
8683
30630
93997
6775
29902
66923
30792
13930
76771
86215
57548
60112
86967
11486
28244
51195
31704
30714
65275
75391
42072
91017
4683
27097
20689
35829
32404
92317
62882
38012
17976
37946
89496
76461
54403
14412
4968
45022
55480
71998
64824
99500
52678
25114
15741
83311
64409
42447
43167
42169
70381
17982
67129
1164
92766
93537
51133
42741
20250
32055
52436
15881
34776
99152
99587
83834
89986
2034
33065
14390
90606
87462
21349
47932
17771
2946
33428
4955
15638
13108
35608
48873
64299
26887
80820
51997
26009
99093
3475
71402
72782
4714
23401
40345
38034
61872
50194
38082
36080
23004
87862
29894
4367
2613
5294
6891
71071
35772
88992
97301
23950
39868
65669
51646
36986
94896
46060
46386
40353
82731
51416
68265
56372
82760
27108
7681
34762
86382
66439
61592
8305
85535
17426
26915
22975
44126
65687
25614
50310
86459
56259
16785
25446
63421
16204
683
90621
40107
23654
61533
58745
70774
21326
31205
33166
65702
25162
96245
94339
33759
7752
72080
66023
38543
5090
88449
98081
2391
98659
62168
59269
80596
16644
48642
61474
28970
86031
75140
21848
79404
357
98227
95175
20874
59931
23635
27810
93015
53630
16041
15907
17845
62423
79007
97880
77312
51114
70133
66523
55764
63128
68446
37279
14779
34597
53598
59718
25047
88276
93789
9583
78184
96078
57032
7469
49115
29665
60485
69779
25072
26981
91441
1996
46566
87066
16569
16519
81861
2509
37585
68111
8615
60473
70771
60792
22052
65738
16727
50293
73784
84638
27499
21287
34515
19076
46768
46352
45598
26374
89650
71398
52133
85858
24545
76451
81829
18323
49424
9976
89586
91088
57898
23042
59845
70986
49580
66005
1730
23129
98818
35412
68546
60944
10082
10339
54017
2188
54527
84084
2085
71852
18251
81469
89577
2842
58989
51979
37830
82312
11226
36848
49661
50486
56275
50999
3427
92688
32955
19896
88137
10803
93684
61351
93831
71344
49077
60807
42821
5289
80681
88412
30022
46969
96006
58238
48369
93680
91689
62122
12413
58076
85067
92594
48184
90467
75874
820
90228
33133
70999
63272
52911
66398
543
25746
47261
74721
2200
10744
23956
64192
35426
12590
10740
48687
45303
17965
60945
59465
99496
44738
78846
57011
2262
35970
62264
86684
2794
52667
56460
87238
74993
67622
46214
1854
53304
40025
90999
88806
57503
86393
24641
87541
34909
77868
79427
36724
66609
70124
98684
30505
48384
51544
55933
38064
79279
39428
68496
25829
26974
32657
97055
69983
4703
82232
35042
20502
99507
39743
54313
54757
57184
65870
66882
69323
38768
72059
79655
24235
3176
9985
26567
24787
19427
80239
71247
20665
7595
65053
98613
80705
2836
16346
38369
33244
51285
60513
84216
85067
68867
21129
67463
19425
26988
73883
47208
33030
9261
93407
724
87063
35793
16047
51301
75435
80838
47149
75655
71793
81693
27984
82235
79061
45822
44666
72166
4801
72102
60229
48924
9216
75134
89051
97669
40670
83865
98373
19722
36715
57097
24987
32735
53502
16703
70266
4748
89110
11389
49748
27065
70652
30938
91042
69493
49508
43153
28724
56227
95123
1030
73896
77250
49082
89303
31193
12632
32384
81914
62095
986
66302
76153
36180
59194
28963
51814
17735
6350
75288
69884
53353
29241
78302
5941
75765
73464
92019
36962
32461
76235
26324
28906
98479
24253
87516
31681
91078
82610
14315
69284
46941
31053
69666
52303
2094
12635
64682
38427
98201
93567
19060
66967
49456
72539
25147
50562
39247
94359
47526
68803
46057
57938
61609
59461
84317
8738
85611
722
94344
93705
32419
99722
87668
50678
77083
39136
13581
55189
16055
67601
17044
94837
61295
48386
58349
29715
14071
30294
69267
47176
88319
98441
20844
38700
7831
51755
27127
83461
23179
37052
44929
79568
20492
56960
38486
89386
82574
27904
23445
69340
75822
32989
6333
8897
89612
80593
32323
4598
59670
44388
74150
83677
58501
33064
42137
42157
16640
5393
2751
62489
42974
42516
41814
51739
46794
48219
74473
2429
27967
82467
65001
73636
29586
86066
37911
57466
239
98744
88696
48406
28668
63553
12938
88906
86170
81715
32758
94025
11593
97643
94043
12947
235
48878
94602
62878
71137
12431
63953
67651
78673
86716
57775
17762
53481
16069
15878
58738
7166
89738
45294
85545
79949
448
16517
88389
60130
36512
76229
6421
95607
14283
31566
36614
97716
94366
12483
84974
50485
79342
28529
96655
4073
6049
3784
84328
36054
9033
66382
12606
69338
70365
98345
85026
7661
36565
16347
93375
80226
77186
39851
72515
82476
16007
55357
17800
44285
29752
10275
38685
56906
43342
39500
58709
33258
10373
34491
51788
22173
64242
25044
70226
34346
2371
39311
92309
32992
2037
66030
42319
39486
4300
31915
46057
63470
47603
92395
59178
48075
85104
2319
35777
27684
73699
85577
84363
64441
47643
17515
33249
50338
40725
88986
80705
65551
17106
30466
43255
84554
44531
1316
47687
10713
30388
56907
62042
10559
66338
71484
83907
16834
47834
11562
58221
93191
4928
58729
47203
82425
58808
28475
92763
95657
28453
97319
91328
2064
95324
50247
34714
56367
14596
94816
37116
66775
14220
10509
78730
82021
80424
4788
60293
43781
19658
4858
64853
71511
10745
96882
10866
31631
61521
2736
19278
86102
96758
14588
24898
4047
89270
17474
11828
9172
11163
30919
85442
54398
69353
17878
7981
50210
39386
55832
25445
15129
66611
6977
36589
6233
12867
12039
52299
29887
75256
81198
29006
62798
52989
37023
76028
94384
83572
16151
46551
63803
8908
93659
88236
36239
50399
62666
52472
78876
67211
23210
31478
4993
80683
22596
30953
5583
87857
53228
84867
52236
15202
72473
9104
26163
80270
70931
17250
22168
14762
82794
14649
36009
25644
7490
95407
19184
13570
26604
14877
8182
65648
63601
72462
91970
70980
24423
42462
39198
41528
46086
6766
59290
11203
92756
6119
27978
47132
52124
9608
69706
11372
14462
63917
18050
42638
7360
2654
81733
5894
54433
93810
54675
9340
26702
54046
61215
13684
80110
39615
40010
48682
94296
34815
10062
26287
67364
39398
98359
16379
84671
88481
34187
31022
82712
15464
81611
46727
94391
33806
9617
24927
43853
39146
2617
11107
82311
58301
13725
82477
78012
40447
10936
60414
26854
76139
52044
54970
1165
41027
53246
60415
22559
70241
18271
28771
90268
88924
43846
58058
6413
68435
92153
94561
42580
24921
44843
62714
10271
83933
10175
3172
77270
64692
85738
27686
90836
88998
30359
17367
86771
73554
53156
88381
52448
85086
93449
91649
49965
77087
72985
14219
72197
23873
79648
76736
10682
32563
94861
78484
27834
16307
5610
92589
54848
73553
14822
74230
39047
79619
90515
49436
34458
21413
91499
48937
4870
12458
59758
73626
2641
60803
24358
70815
80547
82507
17899
13711
98818
35341
35907
65350
50973
89202
33153
66908
27838
38923
68718
69378
14114
39127
229
60092
58085
78385
66872
28502
97334
28186
7185
74756
93770
7902
30450
45850
67692
9958
90910
93668
95538
42201
39344
61155
9451
43663
16937
3461
40020
63732
19336
17503
58282
32821
15793
78794
29913
43339
37744
57848
7763
35969
9910
8177
23645
45091
72322
60430
68579
98405
62716
94033
41420
26477
1786
1279
43016
9406
12037
55643
38149
66338
18774
98337
74369
94963
31034
57435
60602
89990
26517
46851
79841
77876
54946
94934
52525
46566
55993
6929
2828
797
89065
48139
75797
13980
55332
51631
69592
3442
59162
70324
47094
34280
25086
87419
8653
61443
74597
44452
11628
19798
69516
11244
89509
78247
1721
42887
46624
62908
35610
82647
26476
10338
97386
24199
70448
6906
43698
37254
52832
320
68236
74723
52939
89241
9250
80257
33969
73369
87925
78647
53010
48623
22010
96711
63490
84845
28894
22616
33784
83031
76171
65395
65542
45319
20259
25719
92098
32539
71464
71897
56131
83100
29310
33083
99400
5035
7208
29319
25810
85834
67919
26313
35217
11109
72673
89319
57084
92475
93878
45661
27034
87373
10190
87289
33630
44641
27991
40720
39312
95059
70154
63067
63301
53369
39796
40114
75856
40562
87698
17442
69458
78410
75830
32398
55437
20844
11207
45312
67639
12901
28645
86922
94314
83185
54057
35998
49592
19620
67530
26854
55356
1207
4732
72768
53003
3756
22547
33274
85993
38368
30566
44070
58231
41901
39759
67802
72618
40697
58222
39943
39992
96414
17421
9395
96076
98359
85631
3253
51801
2019
49537
10733
99114
23641
11394
17245
21591
82185
62143
41832
8053
87243
73703
66150
59237
97638
29053
92609
67820
12702
82876
48239
58530
81467
8789
2252
36355
88179
8563
60818
83556
11891
90848
75992
26560
5455
44960
38757
28912
2275
81083
54768
52056
90661
33977
82678
2942
74794
67589
95318
502
32721
62644
15884
31225
94064
93311
3016
96180
55321
18123
49130
38621
56232
23338
14621
12032
33196
22970
36493
6967
47375
85132
76390
75928
40772
64095
59435
89320
24012
4491
98959
44717
15461
98137
60147
9346
29936
31919
14845
80451
79005
17258
95281
79784
98389
72644
16078
98319
1988
61141
31144
75186
84257
97621
82558
13047
36603
68991
95480
83206
52578
74674
61438
57717
71567
55601
11863
17375
99056
51722
95325
34580
8340
34164
60025
82954
89103
56113
19681
35601
18347
76595
92395
20452
5036
79259
50156
95194
24158
56252
48081
13660
79549
96702
40889
71858
42369
46207
85581
33079
36580
57972
52957
3531
83057
59277
46841
21574
88426
32374
23016
32841
74966
60441
49129
47249
80645
89729
17987
52325
11554
95130
50347
42415
48916
64244
22546
59176
30352
33030
9000
63307
96255
76976
49745
27915
14664
78104
72706
60224
80089
68246
37273
47101
14135
21899
95254
61757
38752
96428
88217
56796
42521
11485
16217
3618
75289
72952
79806
31834
85393
74828
47868
51713
6486
55426
64301
68025
66061
29147
35530
53949
25809
79286
11174
36239
97732
34478
80135
42413
7952
12415
12065
28067
92121
58601
25584
96313
33153
6349
7505
80653
4951
32084
4638
16796
76157
1359
22693
13977
22388
74009
94245
58656
83110
82009
5604
67780
82192
35460
74511
93476
48042
65151
28622
49149
57300
87458
29475
15513
95007
28215
11391
38821
40982
40674
30818
3616
64999
99771
9933
38255
94929
70582
41765
61709
8363
21636
87783
3744
65455
62034
90210
85063
33986
23375
89813
45423
65888
62060
68070
52357
29416
79259
2524
61669
51618
16986
13082
84081
52777
6345
32857
87198
63417
47734
61697
9128
25237
97050
56003
45414
22549
57085
75349
43480
24075
76788
89419
53181
49617
41515
8782
14625
47952
31229
62332
47987
26863
79712
73085
70900
22070
26526
59869
82187
38814
13885
41418
2038
12952
8448
51212
35835
15030
46215
96027
95325
30842
70098
92706
5258
19225
87043
78927
52817
95691
81792
96243
32113
28241
68504
39132
10924
7172
11069
17740
37754
46262
99791
70806
71482
74407
4090
68341
54948
19879
64309
44457
59993
28994
24460
72015
55452
1709
39512
38587
86458
41548
3081
59861
30148
49629
32133
51693
28637
40228
85995
43260
29647
8372
86160
79097
91672
58711
47851
3540
57986
83194
8044
97106
97841
96920
64230
59302
1781
81538
20014
29832
54207
26632
187
6421
75184
92038
27981
20643
98092
14445
97131
28415
92398
21644
65477
8325
87957
96284
53175
64667
20988
27941
50510
86699
72168
13456
29221
2747
34074
2122
33673
80586
49732
28786
37787
37609
39352
45120
40083
1875
14044
40753
56354
20427
50490
29459
39600
26801
97684
55657
74307
88768
13204
955
67329
40583
34146
2686
26861
76801
94863
73147
16621
88628
10317
39871
62252
30371
61249
48031
44988
42000
75185
59909
87955
95186
29976
86299
31446
40782
11321
63795
58259
4565
94864
8592
57576
27290
21571
70485
53505
94414
99191
19912
96894
91066
60415
20867
57299
79672
13008
38775
61578
7823
17520
62524
23875
7561
52748
24218
87163
33618
15528
60685
74186
83695
39954
42585
76198
60665
45968
87210
4710
38101
67735
89478
4161
97585
9821
20657
95124
893
68966
70332
46818
85795
25243
44396
50005
78628
64090
72162
21315
54033
83782
39468
5389
55202
51646
58056
28545
41111
46347
62128
3711
29673
18835
66119
91480
92812
68428
25470
72018
68292
64938
60547
61000
64352
42712
26374
52302
25175
53573
12137
72691
77150
1654
84356
96703
8771
20986
45523
41787
87113
78491
13052
22640
33280
22895
74400
20360
53408
19374
84574
4881
9346
60958
61630
27968
71771
63915
5761
63026
95318
33138
57410
52173
51149
55996
26793
68293
61220
58088
36812
65754
56706
21825
47842
34527
80748
33935
28038
61621
83328
76073
86756
95862
53387
43688
47075
15790
60423
55734
37647
6788
46389
2853
47426
64758
51250
60669
86830
68482
77145
37677
35785
1601
73686
89123
4630
76269
64834
32566
97196
6724
12864
28448
94821
92485
36114
30410
65349
10519
83033
42367
16965
63080
27047
75746
83003
45651
66498
9692
43432
7451
54712
29709
4989
8948
62010
2852
52971
93345
85590
27882
56166
62199
50453
73048
79925
14017
91117
49160
98424
79581
48036
72585
6838
14147
36258
43149
61891
34022
12113
36125
28362
64563
98292
95276
38749
55318
83041
8936
92086
26301
82876
41837
65832
5492
98258
50611
34055
91566
82799
51272
16017
59077
30460
17337
343
21913
86488
60745
70956
60852
89106
98372
30761
92911
87072
55021
94075
33357
99232
55284
71658
82757
23880
81475
87462
7549
20523
34807
43984
39825
22539
34636
38434
32595
278
81010
77628
77677
43775
11611
11436
90786
40537
4918
7065
64786
1586
33526
77196
14684
40650
93259
11612
31070
56654
11890
29397
96696
8405
10184
14436
9838
95447
99386
9601
82988
53445
93976
65624
62628
21065
39015
31766
12658
18555
80950
36206
79777
60668
45385
49541
38823
79699
58385
44448
30443
69602
84316
59655
93031
48516
66696
34486
24360
70341
46995
29632
35666
91230
86095
56641
13825
32075
7153
93470
2282
62539
60840
65691
32032
98100
26442
60409
58898
26928
8586
56553
33649
18872
81318
67794
84112
2411
68989
7643
25060
36682
79102
46645
25803
75188
55963
33320
33705
67609
80701
42745
62829
60989
20625
48244
5554
69804
35647
78972
20513
35028
76251
35724
26196
76163
82516
76329
1973
9918
60490
63526
71493
24730
5150
59059
38809
59355
24897
48708
57887
44967
32302
51577
39358
69798
50803
22159
61371
96953
20298
89442
11864
72980
57703
50365
19863
95385
49290
34112
8732
17873
71188
78509
976
50762
51638
77135
92962
47144
99236
30919
64616
81705
36169
62676
80131
46970
7508
51390
72864
92463
72048
18271
83515
92035
85682
2191
49982
34316
30027
93867
85415
98105
29406
12545
72936
32940
96555
44059
60712
29230
70217
28453
58855
11667
55026
2045
19230
14795
49272
52758
65541
7042
56981
20744
88462
45493
73825
59671
28974
74993
31517
53439
43836
94602
60908
40505
8754
12116
3521
34509
99441
27906
71218
25396
98017
19705
15052
17384
73269
51055
3105
88554
23213
71206
23869
21615
73621
49375
56726
81321
18091
35580
80066
13902
43582
7095
41058
30503
81489
26936
15707
10871
88191
53239
37989
68326
10585
73390
23229
45769
92107
58618
52661
95311
49564
78862
86508
13258
95380
66068
5784
39864
71768
13665
16062
39758
81105
20180
52548
65792
84746
46699
16767
24239
39256
85825
95430
26639
5428
89768
38087
41748
9188
33247
51927
41497
61528
46736
80453
55020
64559
92393
55080
65177
85722
53748
60023
44786
82040
38038
76055
35672
36961
71104
51535
7656
32094
4053
12759
17413
4821
78969
52047
36605
44003
38738
79244
41499
5346
82655
83149
50217
53802
21585
70348
6336
32116
62505
61135
20238
53049
11856
73886
64290
10105
40589
11856
46838
7639
87015
85246
45434
24769
10295
41625
72505
87822
67688
67799
14890
37152
80622
35496
24341
81546
78880
13511
97984
67659
99188
37420
84918
84055
91094
37374
75763
48534
97188
84069
41262
66694
27337
49726
38594
87836
2324
47464
69691
57896
74996
39964
32794
93526
90162
48825
79013
42065
76299
28285
7438
92290
13801
94607
77598
26358
18397
78201
68254
43069
3163
94324
62850
12367
88849
12219
71410
70697
53733
87650
32087
69525
44171
21887
11422
10216
30688
93190
79851
30340
95750
27026
59070
66334
76764
22175
42395
6682
95512
16181
69656
62514
95684
31903
17608
94709
8755
58394
78238
69740
47198
68137
89729
58361
97440
43685
60011
79896
78250
38353
72925
92871
22147
78507
84707
78242
38112
799
65279
82503
45692
94614
71413
40408
15636
21323
8626
54110
88034
76126
56506
79371
44947
10114
28653
22456
53127
68945
74037
58093
99205
77983
51470
95327
37560
98827
2258
1619
14666
21554
11104
15073
94268
43038
42056
35571
23423
54204
67446
79469
50258
77259
77881
8487
22808
90832
4783
79958
26837
28071
17423
26377
87077
53716
31058
94126
83609
92311
38590
41204
4847
80061
7985
36556
65836
49331
4423
98825
19705
39094
1255
14182
19448
98758
85680
9670
30497
66777
32700
61015
12605
79051
33678
50896
99166
15251
27869
94041
52185
77297
46045
62474
96865
18852
64902
67564
81377
79192
41635
11611
71382
41884
28570
98925
64455
68466
87635
61004
90402
63135
70982
4639
9748
57602
11429
18311
12708
27489
63652
60677
42540
32991
30497
63033
91989
93738
91379
59621
51855
6865
48531
83631
42506
44179
12513
74822
31571
19443
16661
97084
69774
43719
86211
466
78733
20143
78890
97873
44298
50178
19065
17076
79399
43780
38462
62211
33759
86517
59181
24507
28360
58659
31977
85897
97736
77791
31634
72469
74481
99725
1451
23483
13435
28949
78950
4660
8156
59798
5551
97267
8998
77178
17490
11564
1213
31909
90345
95983
19571
63687
6342
4882
61314
84049
52858
79276
76134
93540
66559
81470
43509
30661
92488
80396
27867
98060
19203
35305
79926
15228
61736
81073
40811
19309
73570
6191
5667
56805
72726
31967
20101
6661
48628
28014
65265
72287
53433
58333
2902
86054
73246
54885
50193
97149
28705
91636
45956
37490
31279
72757
76366
17892
54570
30158
54732
61278
70332
32643
16268
66280
93145
7992
64745
28243
29546
22803
45576
49426
57179
59840
9838
23944
55714
57710
43996
31740
24970
79158
24872
55241
51644
39484
71065
84978
7337
12751
68286
27603
35639
70634
91724
16274
42981
68733
47475
42356
97916
83429
79771
68012
88596
53879
88064
50447
92672
37693
15271
1699
87639
10103
91900
94262
38080
21347
92458
14282
42297
215
13686
42734
47204
28362
36280
42472
24719
98866
69782
32622
23998
12649
9823
44499
16439
46793
2305
22143
45386
89238
24840
4408
47163
29499
72468
93564
877
66476
23989
10289
79853
25322
96902
12755
53304
74374
38371
82220
69066
1469
85800
98083
92228
97249
56391
74859
15033
68600
4741
70971
54037
70461
94418
98430
37003
90885
708
97409
1689
72764
26063
63146
88346
17934
43587
21416
89352
93505
93889
50213
83755
71039
859
24823
30627
77618
94952
59542
32654
88616
90272
67849
15318
98870
38106
61145
22298
54361
79520
48711
9015
74967
58091
53177
66547
19652
10145
29487
59207
41409
88583
97172
59494
31902
55876
69328
20590
51360
19285
63258
12585
82846
22438
93227
48512
51141
93107
31118
25789
86332
19388
94035
37692
16642
44350
64899
95022
37523
30708
21165
79657
39497
85193
87711
89359
69342
46936
38801
92408
85488
15906
45723
37599
27678
98859
45734
73639
55983
20434
44320
70792
39250
14123
23753
59482
88991
54395
8330
34652
98716
80207
72038
22338
19420
16890
79433
12633
93411
18121
26621
97399
31844
78692
94523
41572
79947
69091
4926
16447
23798
37546
87795
17647
34942
28067
58381
34151
56435
7158
29685
46868
75078
24296
80446
53414
91616
3694
55798
90328
60879
69420
99481
4126
32866
32558
65440
31947
52489
61185
97526
5340
40511
8399
98123
4645
27940
34678
35490
27989
79907
95268
33125
91848
6770
32530
34872
19753
61496
40601
21867
86914
15401
86933
88713
85698
79628
64628
21101
75561
3101
75131
72500
93267
27119
12598
59085
98782
6985
84826
75501
49050
61457
12921
6368
15725
66855
12992
81209
98272
6184
10576
75819
49129
83923
59224
64112
96565
96711
29867
29926
62610
24651
70531
8538
60854
30696
39250
95068
63568
40049
10113
66290
40905
2947
71271
59241
50358
37543
95719
58757
95549
46068
34663
8762
27490
91313
12200
99379
76877
42872
66087
45168
3161
81302
70223
64973
38843
66671
92632
98268
25965
43071
21312
43029
42166
36987
84676
64196
83864
96566
1084
99616
6838
60544
28721
43836
9344
424
13787
50871
26204
56770
32475
25998
99923
7523
39889
66992
48245
74313
73499
98802
72970
92216
92779
52249
2646
53727
77156
44373
61959
31577
24273
590
76286
84112
17410
40086
78264
33883
49955
93373
6712
18504
6555
60708
69907
44405
20094
97801
41560
56184
39503
54145
12730
92543
9270
62084
16219
50834
59706
79969
41814
79124
57563
7538
34793
77480
69262
2923
35934
72271
50422
89324
33940
72560
73851
9942
75055
98513
97834
94266
45368
32706
88425
81485
38258
90201
29557
58616
61275
79319
95130
11211
9435
60842
41262
37649
37196
97260
23594
90175
99429
68616
3942
13159
9605
15612
6800
53929
21881
58170
48745
14920
89514
29737
89692
7514
66374
41033
32572
66393
23273
28916
82777
12472
69671
44223
37982
48751
11673
57024
18378
92023
77346
4681
74217
58161
94845
63986
54606
59744
66309
66869
37071
11447
50240
30323
89661
79373
46537
40948
43871
60717
43129
76588
81738
24618
14225
66008
35583
11952
24838
68712
31969
73813
72265
30871
87153
335
92786
69621
20456
19871
5768
64805
66160
74411
16400
26754
28703
76681
48688
59869
62865
69494
29471
40002
53954
64167
93099
96505
89797
33207
24453
77288
89315
76416
29357
80629
35091
10181
18710
46504
86162
94443
76470
78735
4960
95047
2317
71388
82999
33778
847
88393
21320
95802
13071
12380
76595
70546
86057
17477
95523
43626
67020
26692
31077
95801
91203
84807
21571
21494
48735
98449
87681
4646
54307
57943
32338
88720
49131
44132
36376
46701
56665
57212
6134
2971
32445
67709
96372
30160
73761
24609
97807
87755
70158
82560
32762
52870
20767
62419
53877
33608
88800
20851
56296
887
11874
93120
8348
83498
7390
98557
25910
23068
80035
49113
17169
32957
98110
63689
31095
7747
41605
43536
31483
66143
2688
4480
3126
26154
59508
60410
59773
50525
54861
74866
77979
63871
60872
48654
26832
35801
75418
63053
68517
67654
57761
18340
52875
89126
82341
84227
47760
1714
37961
84919
16861
24937
97620
93256
81646
74761
4599
67939
2958
88090
73403
15442
32879
45860
17928
77830
29571
43872
17044
35063
57531
61804
65766
71714
16505
34072
89478
94129
24371
24990
26755
49561
18663
48815
960
34877
15253
75143
90460
48847
90014
36290
44092
40823
71223
79433
6743
492
87306
57509
2398
44831
94985
58420
77831
51447
66479
86456
90101
82390
51797
7980
45381
87035
91822
51891
83670
70433
52384
29865
1974
81349
57823
38651
55462
50629
53000
26418
9
30915
40407
18314
79022
83304
42949
23617
60567
50790
34497
170
60902
54166
52074
14465
77091
71648
27014
22906
98252
64633
30754
24786
12154
81319
1543
59463
62731
37983
56757
10691
44818
51791
71839
61619
98743
30360
90434
61239
45516
49619
75235
22386
26797
58517
56868
92160
57651
33805
81155
15559
18613
98378
49744
7303
33243
85625
3176
84459
35009
24811
68530
91137
82565
71126
41654
32582
91213
61650
26773
82170
22071
9892
32841
72307
25087
83063
49562
54478
65638
37638
73049
29600
75493
76278
22045
47594
8623
98944
31511
60267
99227
47532
23540
51183
50454
59833
88368
80293
60516
77786
28689
72847
38351
29402
2535
