22453
87006
95946
42621
36159
35050
42269
46710
37075
85055
85837
84741
83243
54608
74764
5500
4729
12816
10580
875
38030
2903
512
54355
86661
65285
78440
88281
84014
10337
9016
64118
71898
93627
68203
87434
52992
40336
92041
86224
32971
33131
36698
13261
18048
59336
98470
76194
92879
15156
94219
15553
88821
3760
97785
44797
77835
82869
86989
18330
67792
42577
8840
85699
60206
98895
33996
99194
37579
25909
61010
48746
35630
65895
96331
23544
26955
51912
7089
57880
82733
54177
44585
8316
97183
64506
17720
1991
18167
95910
70911
1728
98464
39867
91572
83362
9091
30558
79742
53744
43601
79005
61709
44710
5648
53334
499
30538
13567
5366
8131
29666
46535
73499
12677
23423
6624
65210
50291
60438
25437
47517
61011
58735
18677
33252
35440
96919
57903
38988
24439
77264
22793
75565
16300
15145
20709
75006
93607
20520
11633
56499
47887
9219
65169
10022
33488
29646
62155
49588
12188
56814
41743
17662
96188
71244
88737
46319
26385
54694
11172
79710
66987
88703
89509
40393
15652
29719
12641
19201
1946
87477
18516
18885
42088
94720
4543
69383
71073
19533
53365
65259
77032
90099
80802
38349
64814
64794
32825
95009
48488
66354
37464
19126
75437
44160
86874
82836
65257
48179
33049
87941
38721
94325
27645
4944
88932
40253
12294
46464
61961
68961
1042
93827
48875
3432
3659
7534
54462
15262
51312
51070
78636
65376
41214
36089
45521
77879
20219
60499
45359
54306
36512
557
88335
95116
50816
15287
38997
20925
60281
78070
62302
60429
43637
85569
18937
21970
35709
37957
29791
42170
12091
9097
92624
48628
2219
79372
11788
63433
24798
51177
10762
67721
55882
74172
7992
49375
37585
2559
63888
62246
72811
6062
22291
17589
98099
36777
230
92341
95788
66359
51493
10324
9902
98982
57256
98290
20817
88273
97201
2329
64308
22011
17422
30089
64331
66296
6673
99313
70051
18891
98121
77466
658
7242
797
52573
40672
53470
27173
14581
99276
68678
76229
34415
71965
20186
82951
19134
47078
18189
68180
1995
180
55916
39663
1897
11255
94308
43309
86342
36490
21504
81620
36478
15393
19247
89039
6314
25583
25060
82156
57430
73265
50103
77491
61136
97019
70473
64227
92731
50268
98501
6090
13891
75312
91585
1600
13484
93986
51652
33153
97763
47676
10977
6277
91734
63981
78466
23518
5439
40053
17088
7214
98811
94800
8398
18530
64953
38780
82006
13390
41358
5033
42587
87942
42758
15741
37118
44471
83253
90785
17276
7936
3691
50283
64147
48656
1125
96520
57733
95421
8384
51910
39318
89822
86153
75771
55728
58790
78000
59286
31782
47517
14491
99616
73813
99901
66935
97710
97222
75462
84489
25862
10831
86110
40514
28268
63194
72169
77073
68712
65118
78208
37266
87861
20329
50161
1764
38184
11871
63348
97145
43003
28604
86885
34054
97269
56469
90818
15354
36440
8637
70690
81228
44743
75715
60400
940
56050
35705
97155
65276
33824
56943
68028
31672
73559
20990
38972
64400
85130
59713
80447
23286
13536
23453
23032
9427
1469
71617
45993
19124
50991
72776
59680
98273
43671
24219
46377
3278
56018
27412
95156
64139
29507
66622
31620
69974
38911
36184
84049
6960
76597
35640
5691
16205
58264
80044
81931
47685
72426
52603
46247
68839
87303
92810
96690
89198
87338
75931
33886
52843
87712
33072
63663
26689
15751
42062
94093
65392
48707
90140
47333
86601
72061
31274
12445
94209
26648
68782
71250
48065
51186
61705
50992
19449
2867
28104
62605
25909
49845
43783
30306
97063
94159
78257
8711
35876
95104
37250
1482
76747
67669
16237
81580
70976
92375
17529
85240
16631
36468
69958
91905
75307
31240
10094
82966
60590
36615
4038
71909
66075
76682
95107
72073
56359
47188
8346
26193
93174
65792
92288
28847
63146
34473
32304
32218
75126
46549
27179
23169
45713
48063
53177
50059
86406
41504
73645
82256
36360
13401
19047
10221
78595
86303
9395
66408
16014
46115
44783
7361
700
89821
85835
39249
51473
1012
65800
69602
90866
81613
43394
75211
91349
86766
11306
82470
67064
40334
44524
36815
17997
31803
41648
91387
63283
45543
31196
97523
28416
2831
34070
8459
89338
61257
59654
8388
47813
15210
90842
50106
66806
28178
46788
14730
49670
29557
41726
65924
3299
88198
84270
74729
20321
66401
90212
30658
41165
78965
50528
28444
39809
29325
27536
46435
20243
7738
13687
18362
30857
70975
35242
44085
62631
69080
52083
62259
93673
72615
63865
56379
17484
49628
45367
36753
72966
75393
33544
88373
10070
6784
43844
22041
62006
58769
23043
40541
3437
55683
75105
96969
36417
97926
28315
54310
55913
21971
3285
45561
6753
83225
16733
63133
3063
39237
74186
10588
88226
69837
23263
42314
87186
49401
11692
86590
21442
56462
53811
63661
55178
30616
70600
44357
23921
54740
53297
88707
90464
26743
25773
44465
51922
28799
92753
69056
40039
97012
86189
43549
96248
4601
34414
85267
15012
42293
44220
42430
65769
11513
37283
23175
70543
72142
23600
23457
19550
45916
93361
56254
40752
14201
35007
38382
49344
26732
69815
18550
43746
91325
87907
2505
29676
14587
68696
31141
54290
68457
46905
64109
33328
69318
73016
18846
20320
47543
69180
84945
57707
71091
11167
31660
3388
63211
20398
53061
56848
18549
61396
67924
94378
51220
20240
10323
90115
7237
80386
13589
58558
66599
28709
74432
78265
61128
82358
95656
77568
67465
61202
39625
79004
68845
58494
45089
6569
39107
53088
62857
44293
66765
64907
56334
32516
75469
66776
64175
49568
65739
19599
62357
52045
9733
52357
15882
78667
25364
17279
73655
4980
96438
66325
69119
81302
60350
52114
89713
40923
2324
16056
24942
34435
92394
29984
84408
51763
7388
48831
63058
99111
92163
78116
19322
70947
90326
10557
6655
14791
75069
39930
58305
86368
51028
97417
29252
74427
81849
77856
88912
81269
178
10970
85385
37647
67870
72184
84517
10205
48054
1865
68111
48892
44927
3492
66840
93571
26799
35410
41364
95731
40761
89577
91352
51656
92823
17490
60942
55250
22643
48332
81298
42365
12530
20074
82573
73259
68861
8503
13195
33316
39053
91450
70267
9956
65267
66676
77538
15635
9282
60806
92701
58065
59418
38512
33137
47888
74449
68564
26480
70076
959
50489
28907
60149
78694
93868
75342
15581
45020
5600
51549
57709
67287
6838
8937
25506
16276
96024
61966
14421
50372
40031
39532
29288
4276
33460
21920
36443
80439
18227
35071
79167
41554
16012
46991
25218
78244
93828
82913
91945
53391
13368
13358
48092
19175
95969
98029
20474
41750
66707
21327
9037
9738
32703
81495
46873
97244
60537
93561
85326
6654
65716
48494
28702
62272
18024
73329
3432
29534
95510
82233
7313
57930
14978
57396
20468
9745
29023
52060
80401
57741
54633
45240
93185
21831
24908
80018
7530
9286
77474
96464
54957
16312
65689
4946
72029
44092
50386
39015
16298
38346
46694
53611
39163
9920
44035
45793
73147
28426
17876
70537
15914
94732
82239
98239
78484
32047
26216
16656
23038
27078
54931
50521
13628
99995
13415
23005
14720
42843
71661
66179
51886
15195
376
30922
38794
10854
16318
35562
73043
23236
98693
55145
9353
72520
57721
89654
79497
34102
61529
97989
6265
25871
15889
35912
44575
81434
9282
92966
43500
51697
48030
14362
71990
79237
21040
34699
70211
21615
48760
83459
51681
3573
54068
1551
61458
27605
26266
91986
74725
68688
56161
41350
47424
90390
86016
24016
50009
41738
23086
13695
46276
54385
8041
39360
66182
76125
51314
91553
91913
56016
7477
55072
3656
15983
14662
42255
18314
4102
80135
30087
74699
5106
37766
8998
2262
76526
42115
3591
63119
7645
3056
16860
97804
14736
67377
66122
67524
51637
13538
72960
72480
53341
26680
6997
96686
69352
82143
45822
36724
15408
97091
35177
53473
84174
7595
90426
21439
19180
36959
3775
91621
58216
31818
36689
71049
55042
43450
23178
84339
6563
8196
67549
18252
51594
7589
27958
51413
34963
84452
67151
24180
53030
23219
84140
16137
60474
99667
45685
10079
99140
89495
6701
34687
14529
99795
63230
54394
43785
76660
8118
21818
65500
89099
32914
88810
19041
87607
30914
45029
17783
5079
88335
66173
45722
91076
47976
73161
43876
86155
42971
90697
51440
78950
98720
60984
28410
62422
63919
52205
11522
23966
53842
50350
22767
5471
40117
6962
14576
87660
67257
82448
2653
78313
42824
35657
15773
62117
66946
67055
78625
28913
60886
97233
22893
88828
2861
30404
20791
33164
72417
73583
40936
88891
94667
44691
42367
30284
72601
277
83925
77320
48701
36330
95867
55866
4355
38718
43103
73571
57787
5824
22126
55834
87956
5901
27987
75204
83338
25496
52221
8523
24470
7059
2911
58175
12676
51293
20881
8486
71522
31560
19092
85505
76660
83333
65619
91356
66276
91791
36869
46033
58518
55568
24046
80891
15706
61108
54021
7826
3899
328
6321
28519
15444
22414
40428
35869
58466
7809
85994
44546
54165
43871
14834
82761
32352
98295
4267
62758
59632
13104
89330
88997
28569
42260
10407
52999
24491
38840
3464
75290
83332
60841
26453
14323
51071
42740
55763
73707
12330
7153
72012
22643
10101
72909
3859
61877
47814
43507
57061
95881
59882
1623
89451
43313
54822
95935
90588
54482
35115
43566
74848
19215
27176
30125
35503
71235
45593
1880
2295
19291
19677
29923
15836
58798
11014
5703
89946
29946
53898
36333
53959
97084
97462
15670
24596
12394
35521
3332
43121
98609
1630
36809
89232
12423
9228
32138
66113
42860
80200
59887
84381
40290
77122
78186
95071
6630
69101
40001
99436
2762
79791
44538
6451
67824
46712
86146
99568
5733
54928
45401
78058
88151
67017
39230
47452
46836
44660
88499
8625
14273
74255
36557
61832
80916
12924
12218
23063
29647
43725
4430
14284
12570
66010
94540
7471
61147
84053
64014
43747
54804
52181
45138
80011
27737
7215
29793
12809
69164
92804
86556
2177
48151
51411
19333
29757
47237
48910
17543
18794
10814
9226
32195
58079
16254
61616
91033
81853
87312
95600
31311
99090
57644
97270
49345
76824
93450
58164
85733
62907
73473
49663
5817
8919
90017
18518
71052
50175
73833
54877
29637
99098
12294
74760
11892
12680
49577
98418
31284
88931
79588
15662
1145
1
48641
42964
37083
54325
23518
29309
88799
95861
10729
75754
52127
98678
84435
55774
81237
30067
51988
71885
3401
80333
88828
28812
6324
2284
32817
20487
98097
90148
7306
49265
30271
64883
25927
20342
12981
16838
17194
51053
84867
40251
53334
9897
99264
34978
96802
3311
49941
98364
73818
60737
40294
18725
67635
4921
32088
95535
7977
21457
65700
70691
65431
29343
16886
95916
73169
41087
27234
6351
71073
90440
93476
54034
9341
51040
38290
2334
47970
91723
47840
45727
68751
48287
27536
43816
192
4787
94580
5875
39972
4438
47809
60742
13278
3227
65714
10642
89909
43378
78582
3924
56312
19026
76407
92606
44498
46163
1608
20432
34341
69048
90634
48800
59718
53641
67675
12345
93109
7998
12699
93599
51288
33368
95100
76144
71507
4746
87366
10694
30758
64692
13157
55162
16930
99920
15920
16770
52073
58789
92886
48635
11745
22617
9830
88066
42517
44900
3867
57115
65609
73727
31682
33429
6135
88731
16618
5861
68267
41167
28519
67886
55031
85225
71715
77923
59956
23237
53922
84323
79574
80059
44528
26435
15722
81011
70537
19369
33934
90259
35524
89012
18797
29049
31293
32857
89718
51205
50590
73577
29145
31150
72841
82030
65117
87540
65444
26804
81120
64501
44578
1668
39724
69465
11818
6123
10995
90760
98214
53498
95879
25180
96971
61287
60471
65585
81887
32368
59018
2232
8236
27840
79793
6603
56383
3273
77293
84955
85693
90801
18877
38629
13123
89866
90913
19907
45561
86809
79248
11518
74450
89433
93682
61089
8226
17816
80091
88169
34205
60190
1253
89017
70760
88109
43304
83787
33598
77124
28441
96960
73089
15038
91132
80631
62715
27064
38375
21596
19631
57008
83253
65848
5217
75785
95812
97575
23391
40106
61036
24679
38795
95974
49404
22796
55558
53942
19442
63728
61594
39523
78742
97160
71524
4736
27604
18130
56668
58195
21204
15690
33250
40468
22136
42075
41799
71182
26001
74226
34805
43683
57502
85999
29980
60077
56355
39637
84666
70078
38498
1889
422
81768
90520
55415
8826
35001
3126
54231
95898
77279
34554
63119
88293
65033
95690
68106
43383
69326
40429
89478
89272
38630
79750
3491
61477
79062
22317
96407
44441
54665
98892
92671
62423
49146
13747
38032
45943
46639
48344
95052
4458
97119
74158
70447
41324
2035
90657
71017
21254
4746
71788
97478
12892
8695
89271
83913
35481
73029
33712
78327
76405
16091
95748
70352
99617
62235
33243
280
83631
27652
94061
2067
97696
89719
79557
30928
26891
97910
28880
42204
77479
74184
51234
86423
64310
85370
87845
58180
50702
4704
55327
41689
59332
83896
82271
92151
18135
84495
24419
4243
23191
31709
13098
5459
54736
79500
1521
55284
10263
54326
21068
88296
59791
55020
11682
51261
92792
26067
2053
33112
45750
1288
17581
19105
91673
60997
40337
6904
16238
81723
99649
63589
19297
35135
24738
27821
40877
61953
35495
17697
91298
71607
62312
20336
23538
39321
52642
31516
79448
19974
74251
16906
75941
87140
87888
8979
46984
73636
67533
18456
51257
27779
34247
11794
32163
8844
14922
32391
52556
69436
77339
93401
39650
7966
36985
26840
80899
97652
71924
8888
65033
45175
50889
47581
54640
38261
39002
27506
46054
91706
36935
3833
9998
34890
30251
80925
77456
16234
71861
67172
93984
98878
28736
42304
64746
30957
30802
72548
71639
93089
55118
6452
59007
91818
93654
49877
42475
47618
68768
12195
36613
48683
26163
77090
42655
46581
78047
5772
55420
58715
33623
51816
43647
19341
59500
67868
64270
53929
50375
95513
51938
57698
52066
29397
38958
16419
73475
91350
50154
81453
98614
69674
55163
97339
2822
38740
85728
6119
37560
69345
43163
12613
2085
54744
19770
92429
86834
91183
60258
50230
70061
11642
61367
51934
9221
21823
76554
78566
67238
81381
43872
11834
25328
27851
47322
30478
10036
21813
28326
20292
35531
24672
4514
64651
36146
69623
33768
21601
24069
47486
97338
48632
66167
54060
18635
21079
72651
17910
57640
28887
4659
91397
9602
87374
98754
46825
19352
57577
10256
90792
85701
31409
49642
59855
59267
55152
94962
27369
28187
45166
17434
48813
43051
57460
14937
34385
46418
32721
14216
58205
61563
75642
37980
99771
54563
300
54656
17802
15496
26318
96462
37169
18065
2866
4970
35632
2708
19834
93146
76690
84392
47479
17702
52736
66664
39116
25064
89775
96031
64113
77456
83929
16406
37172
90775
3209
2168
75353
75390
88048
93791
1922
59747
60596
69213
45642
61054
19048
70056
22956
73278
49207
49346
91809
54331
29946
40196
9541
35864
84585
44583
68667
13943
29102
64399
40263
31448
76725
73205
2201
51024
22912
9455
24074
56994
79350
19614
91070
43996
22331
83891
21770
21201
9467
97534
73295
15566
72512
48757
91844
49979
48740
30334
57746
22993
74336
35930
71672
76786
12674
44141
40623
4745
61181
98638
88936
38719
28282
93895
37234
18231
88813
46505
56919
69703
24130
11984
95462
76307
33686
55790
91083
29864
3427
25943
30778
47249
82099
53865
6379
85625
22837
24373
38400
69663
91148
84206
41474
91471
67845
13613
78120
68738
80289
15231
55897
92148
14161
2316
12105
84766
22848
95876
76064
14320
72554
48039
4312
6221
42698
73521
7237
31618
59824
26945
1839
77060
87314
49189
58266
54853
47897
71716
37223
26707
82493
88103
62451
82605
11723
40005
47453
45955
19426
38793
98629
80585
50717
90210
69264
18391
36330
7655
19592
35296
28569
60101
29952
81581
47665
52390
77110
5942
82588
86879
65649
36444
44707
58039
97289
31590
14548
81615
63461
98550
5471
30195
67136
12006
4096
41371
99941
61285
38551
3454
826
7944
68084
45012
3161
28687
79021
22341
66168
85621
80018
10356
64810
63859
1015
91810
28383
66290
97840
7360
87142
86698
51804
21780
79443
74780
29752
78503
58556
21993
41813
35370
28509
1933
94371
52450
33755
95516
48364
64503
19782
39479
82973
32820
73623
84554
94879
63068
19737
71941
36228
67754
70564
25205
90109
10786
88068
2174
47848
26522
98680
47288
69479
86431
14550
76644
7948
83877
38189
23081
96688
28558
13954
86158
29859
58198
76508
26070
52637
75577
73403
44980
3379
92770
92642
96137
18470
16144
26741
55105
50389
59815
15134
89862
58738
76209
43242
68959
82642
87823
20176
36330
22622
56256
90386
82033
95879
59244
45084
24331
42102
73197
71977
41810
65313
60027
95492
35036
82170
53267
54668
21016
52066
54563
12945
84967
32218
77268
47995
62997
68058
22580
77515
24722
43034
54752
43577
15218
52525
54827
51611
50589
45486
74669
90439
95827
96659
41834
93391
99488
65918
74429
58412
92888
79379
33665
726
23183
74979
47453
17647
97111
38726
50410
17823
59735
88808
85090
25786
77669
58266
30598
97886
3520
72137
27851
12249
9932
96268
62211
34535
29194
46870
73188
91608
50067
78220
76919
88656
53586
81969
16062
35785
37435
77052
79939
32595
40172
63147
59834
20475
66622
16593
17842
99529
4519
14539
56061
65731
53776
91184
81817
35407
86510
26374
92762
70422
68288
77969
58390
80068
48451
27207
83981
18828
6933
82815
58323
47465
56164
2344
70300
80767
66002
48918
15715
85727
74504
44119
72918
77289
50964
85251
25569
84300
72128
69682
61973
21289
69872
39463
49045
80214
69432
88970
63229
3486
77208
83764
26064
27013
31925
46243
43068
40169
87988
69422
2476
38021
81206
21394
56586
66927
70987
85386
23694
68385
39476
95453
84200
57365
83001
10417
62918
67817
40548
76574
95874
49314
19608
7358
88876
10508
5425
96704
55023
68191
45497
5563
8354
28190
33380
7552
25229
89529
80297
70600
93590
33459
96830
69452
55783
52542
71983
46484
86782
32865
73594
16935
81553
25243
49898
37249
52219
67586
17645
34819
65096
85636
35764
73379
79289
9647
31048
75908
22804
36684
77987
53153
86059
87365
30162
66275
21095
42279
98597
90706
65936
44483
53199
22600
64220
58383
83169
94433
40179
64746
73342
58831
86299
37372
54842
80202
98532
60763
28052
75748
22417
2506
27085
67994
37761
36092
60867
18918
71514
27670
52559
53201
28210
17747
70519
37799
62105
86913
65969
90563
42406
22856
76790
17289
7164
92075
54014
31218
68312
48999
16061
43202
72730
6232
68569
21621
22638
10715
5991
67192
50262
37134
92930
98293
29493
26932
2119
67846
75131
6069
35023
36746
80008
1825
91882
91829
37119
37813
12660
48993
33001
24950
90071
84643
29218
82587
80061
51001
76836
61607
9808
15999
31949
22163
47953
79040
50064
86890
4785
50090
50006
52814
53166
24506
99502
5209
91661
11670
84920
13406
36689
29530
93162
59213
17110
21578
12125
61621
37357
40007
37079
45379
43316
3133
93525
30825
54768
50296
69045
77083
2698
59158
41022
32658
88227
64120
67468
50355
30325
66802
61020
73994
6120
76706
30288
58223
51854
24413
47391
63499
508
35237
54428
77204
58725
62487
43585
80724
73908
45504
2233
19272
27013
37392
26631
36100
69121
42278
44214
89300
26677
1931
63933
59677
80942
56891
71470
88321
93811
93246
87100
68290
88286
97334
19591
92222
9976
560
39302
93368
98384
77308
34415
14231
62264
94170
74565
80872
35837
89962
9087
78847
66273
78310
5009
10939
56118
33836
32058
44199
18456
91058
78313
18940
58952
2622
108
39620
81089
28110
81846
77049
66489
72977
16940
15756
28822
44889
60845
41922
99338
67752
97500
68697
47724
28903
843
90920
93108
38198
12710
62052
2771
60413
9528
79135
97645
49441
52606
85802
94996
59827
99431
87483
85538
33634
92484
47338
74066
2480
70034
58134
28060
28642
38656
71461
65932
36145
56927
52584
98653
35582
27270
9820
26615
41603
42015
58925
75489
94660
30578
84821
32101
1860
25195
57091
79456
26419
68714
86966
81378
10469
83976
61384
95272
81950
88641
50728
57715
33866
49762
12735
98308
27337
83151
36596
32023
37831
529
80780
48025
80426
38299
56009
60136
56420
9880
47315
12710
84105
915
63764
53240
61274
51779
82332
85729
128
82448
91013
64246
29908
32902
56465
39006
68090
10773
17360
76584
87502
65250
44222
45481
58391
5422
45225
10224
48825
49473
73360
52552
70343
58099
73702
81354
19572
31927
7478
81435
79498
46788
4001
74121
74932
43361
77379
88254
34294
27276
89587
26495
12476
74055
47241
82244
18640
15263
78842
46003
18789
63995
15486
25851
72497
65373
70675
56266
18327
46456
85914
19275
40130
97231
12895
1472
46254
99237
86615
44120
20191
49287
70722
47470
75317
75058
24527
7230
67032
17282
15807
42467
54285
22072
71905
81522
56331
62503
76637
80365
76231
27387
67212
33413
97867
48966
27780
8239
14341
93928
21170
74561
8699
25499
47392
31562
45213
56793
42486
95467
58195
25962
77980
14486
55061
2189
14590
82145
15578
87778
89128
38631
84039
56978
21713
82140
28329
10012
78964
47018
40702
85341
21016
20364
65934
32763
47378
5479
89239
45006
27425
58560
75045
89420
60311
51262
87777
50671
33847
79165
85248
12677
34905
54508
32445
65651
61131
77732
48353
88038
92274
48069
91133
30745
91054
25550
59706
8348
34267
60345
6888
28039
48627
98257
49491
24283
1041
98576
21748
56209
40529
22938
64292
50881
22836
19888
92491
76561
39679
49809
91286
97880
40578
59603
64006
98382
79030
64090
21797
47602
32032
77427
71700
30583
54738
64432
95072
58668
53777
32513
72659
39367
69585
70826
87527
52685
79388
44806
51989
71360
22801
79000
68908
62534
49833
81290
82973
26610
7478
28677
46770
70481
92420
28139
68991
99667
28545
34164
78897
3059
13913
33795
26882
11461
10425
95556
5039
55515
77717
64900
88129
88149
69126
98701
56135
69571
70667
36573
24837
8855
19728
15810
38342
86188
72140
66228
18668
40909
80612
84526
11176
14819
81517
15242
57413
44639
20399
11737
27199
21728
55012
83036
30673
24258
14624
63363
15180
68196
98827
3615
22531
93395
14538
54693
74051
26680
38395
12481
99808
30522
77663
66356
84747
25202
82354
84428
71360
11338
65077
31583
29979
30640
3309
21540
45002
85693
69988
6894
42494
70780
97646
66821
8923
58009
94790
17987
99247
29224
2454
17160
58431
97711
89686
88090
66781
58097
21579
12284
61622
55064
43537
26218
73064
25118
64915
90350
36560
59640
67383
63810
4225
80576
53015
30755
82897
50397
19274
58127
41261
36881
75905
62107
64205
29983
28396
69746
44259
27639
28285
84078
12140
77727
5861
63340
96489
47007
88731
47536
93383
66345
56891
45908
94458
72964
77547
52750
99912
36180
72312
60093
36546
80743
76959
24239
21422
67102
82407
72403
34207
45782
85548
23637
21798
58290
88343
50492
11842
57927
1864
79516
19218
84995
19638
20056
31020
21115
16429
85080
35782
12656
16342
85154
78001
221
92148
80600
59717
83360
11050
28622
82295
92386
51323
67239
12712
38917
40905
74795
22935
34441
29567
4455
82711
91675
59530
54081
28795
4122
67874
23253
89389
97447
64230
80113
22430
74024
18885
72906
11767
93081
71385
86745
77134
9745
61070
10742
28245
9740
74113
60879
26573
64954
81411
28069
77304
71331
15453
31075
70347
97909
58093
63867
78754
99244
18190
48607
71021
23772
47062
30009
7208
11742
88
68712
83753
10549
92298
71799
46226
10172
63810
10812
71719
53677
14713
8138
48153
7216
19377
84627
8769
46719
8851
81149
39560
12499
91953
33183
93603
64780
41642
86329
700
3841
30412
76334
80203
93954
25299
76255
30948
43303
40751
43972
35241
75384
84324
87785
9632
13527
87500
47748
84192
15501
63319
16847
51621
79760
5202
77670
56739
58414
11461
70782
65270
39224
14967
29343
25912
60622
82156
26912
36844
61571
39758
37182
5112
22765
18729
84632
99023
10923
93776
91914
52396
75699
55454
88804
35099
76055
55607
34919
48433
97139
77133
77211
7228
19798
30750
64464
51412
13835
80186
29199
32721
63619
17506
32059
12887
53632
98860
17898
71756
77952
43779
65338
49098
53700
33899
92754
56431
9980
48643
2006
4785
74802
96227
56262
93520
29167
42821
20980
48996
30669
45408
80960
24821
25947
27951
6161
91882
79782
63216
25970
45401
79946
94472
1223
78908
14581
33187
42923
54949
66964
6906
71880
49608
55005
52974
35921
33367
52663
48336
52735
79083
51946
91395
55622
71517
82239
50041
31476
981
41235
33945
1798
21690
71934
94434
25254
39976
88378
62986
38564
30144
67346
84384
57744
37881
92008
1455
32690
41524
7715
13827
90150
32237
73044
74502
47607
45901
39363
74947
43863
72253
2011
83692
87928
91893
15502
66231
36842
26130
33542
30179
51057
47749
48394
94808
3074
44872
17033
95341
40475
70285
38949
9187
14204
55951
8223
14478
60166
71753
86332
60051
18094
91493
67761
23405
38429
76
16848
29354
51239
13756
44814
28051
38823
41049
63024
61320
31667
57210
93426
1929
59169
39460
60115
16658
16918
20724
50144
75102
8294
72821
58172
27980
88430
22705
8585
67391
73161
24324
11478
48959
35538
89708
45445
25597
64567
96413
69752
63859
46839
11506
18999
17194
86488
6174
28032
38421
51783
47136
39371
42907
94893
33844
96537
63218
38314
27141
99929
64615
68112
50433
41174
86810
5535
35014
42081
56645
7640
3256
70166
24221
58081
18580
82765
70802
63956
59678
45120
30129
88932
10583
30964
65928
1997
87467
75910
88361
53846
95462
72435
94664
85254
12615
73827
16382
30944
31372
29396
41808
13309
35373
23167
72490
71333
67941
34248
10117
4393
59754
10311
80200
96736
88766
99982
25130
24443
29246
30327
72533
80967
25399
61644
28070
38463
75737
97298
5585
36076
86980
41042
12130
67962
63999
74021
34782
72119
66919
90844
76072
89899
132
49482
15071
8015
1304
45966
47621
33067
11376
29344
82970
77232
59709
15703
84007
86383
53756
12757
96342
76148
41745
35888
47326
13122
71443
72766
67773
57836
11008
41404
41662
49454
29969
28859
37627
12678
12233
54568
70780
47634
46279
34390
88892
36486
6106
23049
88812
55690
49556
61794
35441
58126
2519
94082
83017
52683
59949
78493
81835
13848
72500
71517
93260
27141
20469
95120
87806
4152
71797
74511
78995
88353
5253
75435
73951
38940
64660
94326
77180
11427
51109
89483
84006
53549
75963
83004
16198
27879
12080
2038
29197
67662
69381
15827
72662
93510
85780
49403
36398
66713
4769
80632
44143
88079
10639
55221
31783
76039
39055
47921
79704
57744
30802
75814
98361
74118
84256
34929
45114
25740
29985
14430
27877
7042
54425
68529
94655
49443
34577
33554
19245
34846
74544
57910
20436
52271
90345
6503
73913
35322
55309
69872
56871
163
99201
82950
3982
21036
74666
7158
74664
49612
93477
83047
1592
94440
64403
20908
45452
22225
75921
13801
88289
58907
22694
36990
26661
90325
91286
13333
86167
38057
13428
89956
79147
74737
33044
56384
6249
31700
62909
23038
58101
41404
46046
2471
24618
56053
93272
36919
87456
37765
4856
62194
84780
24578
53480
30564
17382
65748
89787
99827
30150
58889
79207
84996
40936
18606
70256
92870
14415
81905
72254
97342
67781
35088
99696
2096
46143
23805
39946
8648
61247
52305
9578
84546
29332
51593
93817
25020
54109
17698
9948
82965
25930
63661
10858
47394
55235
43919
64728
60365
98594
52695
55472
38762
53147
90844
84065
54104
3228
80883
80047
49808
93903
25706
41995
11534
19676
55044
63613
38361
87435
66769
57213
76528
14376
94665
25794
95346
27423
51270
40818
17450
29159
54619
77944
38646
13307
96948
83539
68882
98787
62091
14122
69126
41009
5156
91614
40073
59719
40678
39800
33392
69975
8503
7074
91766
18946
41362
33042
19370
64481
95559
23968
37584
16450
47440
50904
36853
54954
68652
31243
43635
82649
90458
19712
12572
31244
32211
8360
1382
96315
95491
96143
29876
94722
23846
78158
58397
32413
74876
91358
84956
10509
78792
54695
63667
29111
68203
93142
6556
79340
80215
60205
82093
97635
52307
67316
21959
11937
80395
77773
12028
89211
77712
36741
39258
2579
81107
93159
56792
41406
2553
49322
2364
52262
91516
62347
69319
16523
87455
10133
67102
9316
61227
29628
16470
81539
92234
54666
11450
66391
63295
26897
37180
86827
36672
23551
49302
44235
18386
89551
68603
55751
68064
11131
56320
50992
13911
5871
48576
42560
8416
32442
15824
27190
60666
53630
16864
97662
11956
86662
42186
12048
22277
51735
4155
86159
97480
79359
13051
13105
15607
70986
76955
26590
89794
33428
2841
77009
69292
56121
46899
54267
10659
40743
2374
16167
89722
59797
86561
21241
7300
77389
51307
55952
21167
8100
91694
31210
61115
33835
36766
48967
85398
55646
81290
38469
75605
31481
5854
19594
2673
28811
20594
14689
2139
66466
58483
65435
15997
97382
46668
7254
74479
28610
58961
98364
18675
22140
71399
13794
16493
32454
75955
96305
738
81613
45438
51842
61421
18287
26465
36129
7960
60906
86611
70612
33981
26223
68364
29781
5656
93557
86517
28603
21800
63049
31599
40823
47779
739
8572
60026
86195
50133
44845
66068
23217
12988
78569
57911
44412
83833
70263
23738
2230
54009
84393
64345
39964
51984
10885
34618
64127
41061
72593
12011
50660
86983
6906
11558
7444
25117
31552
4726
51456
4218
32066
19412
39126
66543
31137
63754
34361
41883
50804
81080
12159
24702
29992
51477
20524
55051
27921
84589
92038
1211
72274
46185
92918
22078
24069
11693
8474
78893
76807
2458
76233
72187
31651
54868
41444
71818
92889
40733
88917
49625
62059
76320
58471
91067
13060
93482
69698
49283
62597
68531
57953
7483
70702
2171
13778
82900
99333
76911
51817
44888
51590
39050
26881
39515
65799
15608
88849
4592
18438
72374
30566
94840
36241
19701
52546
84405
86098
39966
81169
26365
89109
53551
804
46089
33272
27843
93069
58253
23246
61808
10069
32610
41519
18122
76445
88735
2816
54853
77903
51911
40442
94456
63840
41467
90458
80668
40100
77008
65764
36691
26190
43163
48916
55334
51011
91849
79491
87303
68250
89131
21427
74293
88594
9071
1144
77022
35375
426
99522
64767
90387
34129
12235
36454
94357
55270
9689
71225
42561
53359
40912
54063
16268
22755
78519
32155
79410
926
20710
23466
6765
14036
84201
45250
9972
29474
71187
14250
17806
44448
93571
69161
72049
42162
52523
40742
42460
75326
20483
24782
92685
64696
9033
45173
83007
36728
5234
38771
83108
28046
72722
83792
58363
12780
28932
50138
94414
51105
80662
11698
1547
68645
16437
77800
68253
80816
35888
97595
64326
80070
99083
10434
53403
59693
88611
38760
44604
70335
7512
38610
82799
33274
66844
67324
280
52245
63927
69634
10678
65326
59316
1083
90940
59550
72684
51679
41995
29197
85357
7017
14857
13634
53926
24471
79969
82163
74354
94446
7735
46907
6782
23003
71461
11401
70457
20404
31574
45109
83159
45597
75774
96429
354
27079
53301
51502
25437
51922
99759
21679
12662
74611
99801
46998
42568
82737
32625
26638
84682
27466
35970
22544
40184
39666
25467
63710
71420
19099
76683
94159
49976
47152
74236
356
33490
1819
11049
5881
80828
79527
97853
64183
76928
17919
8009
42823
46629
92117
97985
62849
37632
44735
39123
5474
32121
13756
36261
74108
88312
16661
3531
519
24205
81150
93474
66741
99226
8923
25676
7940
44061
15072
23880
87372
54557
23152
43629
22392
48464
55559
44579
1745
84422
68659
80062
78390
14006
25341
84311
44008
95492
28646
52745
92066
61899
12748
60453
17062
49804
15244
33619
33746
9043
83873
9638
561
80387
10506
9498
7309
63966
88938
72652
61218
4146
37673
33270
47343
93763
48632
68229
98854
6673
48466
63193
61027
29542
95773
45401
91641
16798
12016
24913
14599
35987
72047
19145
68073
34628
70001
55875
26827
28034
56995
28944
93496
88823
10885
79119
40785
2451
60210
76163
87994
40628
18845
24976
9198
19825
31446
66834
32754
90915
