24371
25642
52685
43281
75824
53390
96468
92106
76424
7865
53674
54207
37812
57639
51332
79493
72956
62807
71730
18577
10297
80979
93692
71120
61861
31437
80056
91284
67234
74180
46117
32488
1667
22118
63816
78276
89755
75439
82560
88988
44000
94800
22600
8754
13980
88267
43208
55629
53584
34875
83064
64097
83556
21328
18547
5453
75439
28823
39508
89444
27360
87353
2991
77571
63111
63290
82126
15938
79811
43873
38470
83110
74057
14456
76278
47954
44973
36841
27036
65053
22033
68072
1172
30975
24295
79152
53069
52485
2852
69381
46730
51012
16227
88057
26898
19850
51090
20714
2996
89871
30653
81864
36922
63499
70006
35956
44745
962
83678
80292
26419
30842
80659
44196
4857
30637
16053
52342
9696
65594
70262
46202
89486
20405
31614
37672
23521
2335
6168
62522
38029
40464
25693
13319
2544
13392
86651
72170
17364
87174
28097
24929
13408
96616
81898
97202
92923
6161
36483
59911
32894
60016
50075
59162
47093
85021
11718
39244
42866
68198
62510
83854
69741
42248
81622
77187
70428
76730
68556
93821
29547
57250
70987
17028
35641
65771
57514
72533
3535
94254
77253
99399
42972
72045
45349
97353
10322
21439
66031
16134
33111
75845
55526
10411
41801
32187
81917
34495
92466
72555
76029
17585
60419
10779
91151
30672
5008
75014
10856
28595
52616
60968
1134
20761
16815
31379
42
70186
99513
69055
22572
58973
90437
84606
96149
37075
61236
6510
34790
42656
53413
99143
22307
79178
99599
95924
62819
5481
55098
60382
17718
62447
24314
7684
10803
36545
80073
99783
56765
57923
26495
7554
9394
77043
64881
50999
86256
21419
48771
87652
60932
2377
65547
87924
63760
67852
45060
67473
6680
98069
70859
24856
88330
41165
80506
69061
34696
42885
18047
57485
7667
12759
71064
47339
50549
81484
78509
52210
6378
43095
53961
88673
5708
90079
40342
79828
19546
42107
4693
10519
8069
99733
56215
61973
1463
75664
2235
79375
73632
64198
48965
88585
60126
28394
33974
89214
18344
7533
15982
32723
9975
56476
85755
51561
50322
15750
89692
49548
78868
6811
25174
71593
76796
15055
92146
66588
54385
51134
23154
67303
19216
57770
32302
32446
26387
41920
4496
29727
10752
86809
45672
10880
35275
38108
36780
64769
76361
27937
85903
56000
33906
75312
61020
91915
6834
77799
28944
19855
50348
63450
89234
49903
96523
9333
6800
30321
13543
57021
53527
4947
37936
5813
60334
12347
63931
78365
61424
54636
49446
31604
69476
55155
34952
89182
52699
44321
95898
74880
21765
57588
29
50568
96016
71406
27623
2986
45278
76326
86509
30309
28705
59773
17582
81765
33878
25161
58873
71681
78460
5102
39900
51236
64719
69899
56747
73897
61285
6896
64873
56703
16709
65677
62390
91532
70367
59429
88565
84014
73739
92577
15001
80860
53058
8513
28396
44780
14035
87342
67227
94382
11107
4139
26048
39508
10436
44266
36077
19445
30416
25819
35251
59335
29251
73342
48557
69642
26003
75065
85324
79684
25517
94214
9855
95591
43884
53700
7006
82670
80184
90414
4308
3110
51641
32936
20070
67690
63863
1877
35044
45926
70192
78438
57355
92925
40501
26285
97813
35942
50945
14991
57790
94705
4982
29528
77939
6888
6262
26985
50201
77616
88027
19276
66199
2607
63443
47208
76482
6887
54268
3216
93827
63264
52024
43797
31174
76548
34861
39420
69442
38756
32252
5547
35424
66552
41019
73500
13578
33380
73809
75700
64337
5462
46702
75277
74363
99499
9477
88687
90471
78449
93447
78174
78302
95783
9084
6093
59736
6593
41056
94928
4808
17064
47288
16143
4613
75326
15472
65622
61398
27551
76915
36905
67258
43235
29926
29973
67057
10976
63489
52258
42378
44268
33995
71909
78793
51840
80401
32881
95092
69688
96322
21773
36091
27222
10506
99233
44035
19143
28521
17482
99341
51901
41872
20621
88327
22940
72407
69640
88206
6640
18718
83268
84862
13403
70014
64071
72857
11149
44202
37157
51440
74699
95720
69591
19984
70002
15686
98660
37131
38390
93754
80987
38370
94659
17467
33379
71917
60868
83925
15754
72135
25377
95661
65081
27160
76035
34642
39721
24736
53395
45852
61358
76253
94689
84740
49585
48858
47201
55710
82684
72724
41999
82743
68111
15305
14035
65192
29199
93471
63999
28564
3518
78575
88918
94532
85862
9196
35495
21788
95246
28724
55478
13146
79823
55858
95228
35146
98720
35948
36805
34025
16462
53552
82583
68500
35048
98582
42162
76908
80758
64562
13811
41736
20009
70714
92306
48663
97485
72782
98444
73873
14204
23784
15579
33496
92364
79009
21728
13168
31048
30844
65027
88216
71773
42004
64402
34789
97770
70782
30149
39770
28923
15930
29058
10469
51311
94460
91067
73528
68148
75505
1493
10115
96405
19376
11268
36715
16170
2206
73138
83753
12333
90750
45951
72577
94445
66611
36675
47837
62939
25971
69166
61318
38018
69515
67600
77023
5620
51689
79732
31198
59807
67114
41255
86247
5982
90656
31607
88742
36107
36542
87478
70697
68979
63812
83454
34552
10914
80194
1486
66866
73853
23691
23731
76421
92975
6712
29218
69289
59803
89173
87201
41338
52144
90348
42725
94769
38107
21356
81654
21790
55253
90997
59023
71075
7677
30115
28162
52047
86817
29717
90680
60406
22710
77881
20886
63434
20455
40086
77339
21817
2057
34325
77926
9538
40429
78860
16628
63924
55631
63208
57191
30150
85580
68087
54754
92845
65584
72976
9264
11805
48621
10495
90053
48862
76008
35153
35228
25866
70093
81304
12704
94689
61538
12027
35335
98410
61657
46878
49431
64518
46271
93993
26444
14994
6162
97719
60562
28505
56752
20478
72301
86995
86218
66709
16184
85567
66263
86119
46186
15960
99589
49011
16884
42774
3274
90045
54855
1540
61881
41365
22579
48154
62288
59426
267
64023
10605
43530
24836
70172
81793
37441
77339
50215
51261
41675
75158
94891
84297
17007
43971
58377
54515
36443
94908
4845
59109
91054
82700
11175
44655
20518
9676
42371
835
79079
54598
45512
89280
61892
88411
58826
50150
69389
99360
71245
40233
90773
72034
87223
30272
61630
87658
30255
21148
35331
42460
41176
72982
82306
82489
86852
22305
76517
19237
28151
83167
87084
30691
37210
35376
84344
53404
60503
16548
69654
76446
35736
53138
13318
85857
58039
89217
77287
30181
45153
72131
6976
24759
89132
49538
15566
29394
52369
1139
86501
19170
8904
38023
20517
67492
55168
223
83515
76778
42071
79104
64016
58299
12188
71516
26962
48246
2206
12464
70077
62742
73232
48685
87590
30961
21949
68013
28324
66715
42754
22311
73211
37641
25356
54942
91622
28143
95406
23379
84480
37386
6654
91611
63888
49721
74445
12076
62927
65510
94146
21681
9558
40611
81683
8604
93641
91184
54431
32155
9754
91864
95914
63683
91963
45659
98389
88937
24068
44167
15769
79280
53949
5727
46880
21148
49736
43742
72481
66949
54703
15412
32278
22599
61989
81167
15163
23382
79708
85397
2789
50831
48066
66414
47133
17450
248
48766
99544
2380
91282
944
59540
47704
87716
41902
39537
54437
19406
11340
9641
1323
78406
3813
16621
21207
80223
90494
59998
90174
76211
98598
9637
56559
40722
59327
64463
97952
13415
45974
98537
74602
579
77357
68308
84465
43241
10747
27236
80347
43157
82697
66299
39587
55786
59485
74333
51525
73814
15059
15695
80313
65188
15015
23121
54717
51453
30608
21558
70538
44860
14150
58556
83305
48557
57540
74956
83198
17665
43400
54063
55746
30769
3288
46314
6959
39693
76223
18392
73141
25088
3700
82915
66186
34049
13307
72031
8797
50264
64485
64227
61547
19722
6835
53861
2731
34852
31384
31184
2788
23776
97820
75652
14782
87127
77724
6379
10581
15043
73007
3283
94794
48943
60100
11597
51957
3870
31623
45985
56341
12821
92066
27020
93127
51078
96736
38935
22709
32698
50797
82453
53189
60474
82073
21369
77875
50937
57627
57233
10681
80353
19698
83011
69610
64025
74759
29058
49950
50129
31758
91725
64679
55658
14476
10820
28099
7876
85490
56296
37290
70692
21895
13934
97831
81186
62116
12672
2244
87341
888
60336
62014
93819
64428
78682
98135
29649
80161
95541
93578
63372
4245
92469
97241
14409
64517
30592
57890
14551
53324
92074
66832
82039
7658
40112
28878
22189
30464
88302
52278
92582
58615
67485
79975
3749
26528
1261
88566
53836
83542
57978
44987
6115
68767
99854
52364
88680
38002
4019
86056
38612
59635
24979
20745
19718
30042
50926
11900
30766
26641
47287
42253
25528
46044
55884
60635
56114
23858
51184
22890
21820
8394
45670
75736
5899
82801
32588
98215
97242
43480
93938
32857
30030
85354
88437
40858
55493
82555
1565
34231
69626
85820
33359
31596
31127
46794
69679
25435
37399
31080
54902
12921
28374
97217
17004
40290
13752
65711
9443
47501
3635
23513
60847
57434
63067
9878
5989
69095
41064
25937
24207
73666
86565
37349
57322
12633
39767
31911
93436
68877
14696
92451
94645
98725
77775
86527
11617
53375
80574
9052
65319
91809
13736
45306
81793
82798
78957
26011
61880
79412
40483
45248
83419
38145
94978
49711
89756
14390
29644
75766
30183
65460
56376
45449
42400
467
25946
95944
71832
63922
82576
22460
3531
10344
27371
59104
50393
20185
18456
76892
24768
1348
6474
73708
55378
7545
35974
76319
9912
15240
26667
43355
62339
94068
68252
51742
5354
14535
68235
22240
20485
49215
17475
82100
98469
7462
67570
98893
57710
47167
51473
79997
6642
91484
28018
25113
48875
99277
16741
27608
43188
24435
36551
3386
49924
9042
12199
69798
55433
44836
89494
14763
38845
3755
60427
63752
12455
55423
74544
94279
68721
68773
96556
3939
11329
60032
38190
45835
84727
99521
83346
64095
67362
5178
81748
29111
27999
57617
54734
2147
90415
80272
41551
70285
70099
81017
12731
62107
86887
98646
44601
44784
18008
99662
57597
19762
79843
32756
60562
24454
33324
85562
611
48439
13080
62819
85030
43190
43271
62293
32645
37116
77265
5485
17579
27466
71996
17357
59336
11057
9207
97776
53921
88974
97270
27422
46615
17613
12747
66139
83154
4622
57757
15642
50057
16581
29320
12944
76145
33947
71697
35107
46688
10483
43395
8736
2908
15335
60459
21387
82629
59375
72396
86193
25372
34115
96640
98810
25647
34393
22061
63291
18114
4616
20735
58983
69531
91533
59463
78117
79721
81066
24304
53053
41522
98092
19321
41293
22744
48550
55188
96440
21512
92665
28539
48093
61951
33493
86889
36165
2008
12185
25596
63222
9078
23766
76965
75077
43595
20018
16937
99112
38819
19976
3192
34601
62768
28396
58183
19223
66322
11276
12460
14039
86754
30834
96534
9015
41500
69543
90022
93123
38887
370
3533
27089
6019
73821
94724
85974
84653
80696
22402
42076
23505
15671
27518
61003
33005
74998
77729
49667
91614
89725
63686
83980
3402
55487
87794
15237
45353
23004
58058
24153
92272
39463
82965
16047
20475
95297
64783
28672
32151
15236
5926
68
7785
91580
93301
45861
88542
18191
44571
61141
24720
73182
6583
44604
25810
27299
31362
92905
80953
62362
3721
60681
41191
88637
68326
67958
82868
98759
5818
486
60731
34746
36105
12549
29662
18811
35922
2333
51479
4731
11721
92913
1437
5585
65618
80489
32559
67907
31484
45096
3808
52004
75800
1049
11583
67671
79669
61928
12897
25681
89882
88301
20941
12573
50655
91811
37796
42201
77384
58582
97132
43901
34878
24891
60119
56540
43436
96825
57524
64482
99443
94021
68018
31614
51818
72461
64556
9882
22358
34538
41078
50597
46114
36088
23491
54353
28411
34657
21296
17688
59915
34389
5808
83577
7408
28214
38356
57345
39671
2960
68118
73413
59354
97638
27075
30636
42676
74055
88964
29481
82845
83904
79847
51877
37351
98187
54159
1595
11859
10212
9748
70141
46096
53436
26295
38933
57713
9191
22823
58341
75210
99793
16169
12080
99303
25869
77704
53969
12713
75629
78489
98025
70334
88941
42025
58391
78492
81802
1445
81695
91193
45553
87206
78861
56266
31217
90999
52082
81654
24882
21188
333
53014
65663
64897
678
29132
43935
55860
53683
64573
97474
80352
39069
33581
71191
43438
79261
29653
73370
31226
58784
86083
23945
96536
99882
7054
64024
59138
6262
2771
22843
83423
72731
40754
75009
23121
90251
32639
91776
90234
86421
70309
45867
8396
95434
60061
68064
38444
29629
49319
39677
55906
94531
56259
48211
55840
15961
50703
97331
95245
16229
54973
3461
30700
89557
55407
31864
92046
26308
61010
50452
28048
42363
85524
29674
98866
65620
32036
66893
19478
37625
2149
10970
66929
46251
93454
29266
81585
74303
84705
7848
8427
76962
71014
91990
51936
48382
87907
23562
64555
65940
69722
6526
98218
8937
77055
98021
43142
12830
46740
34049
51392
45463
77732
38802
81914
56733
74872
43561
58400
33726
29529
1434
45169
72242
46275
78448
22382
41721
95169
1850
89917
26752
47627
36131
14106
38787
62617
93664
65051
59500
46307
70274
20766
95513
49527
37771
51378
97724
32597
81117
64639
50524
56522
22798
90067
54104
61159
5592
6217
69612
50398
51500
74648
25772
20313
87015
33781
54381
20599
45661
44326
89027
77219
79314
34469
74021
10162
83752
47373
56077
49945
46098
95555
24699
71337
48358
89284
53241
38536
88273
32135
858
75245
6469
46895
99227
376
14862
5136
71339
40747
73986
11675
14759
24905
93590
487
41694
61386
63309
31838
73555
41048
13387
24001
99361
94697
58184
81945
25689
14521
80865
20219
6534
30243
47880
40631
63250
89947
81115
70398
43937
12300
86258
46605
58075
79753
16946
92602
21928
498
61375
68506
78355
57381
72302
9676
22385
82334
38264
17766
79515
46189
96202
30874
89334
41811
20633
96196
20852
17560
8851
6451
9203
20299
19121
92145
73604
78263
87945
62737
23078
75903
69280
67348
4881
77526
60893
29560
93934
60509
51160
20990
86851
43322
66929
65046
19757
14577
15485
93225
26182
9026
49210
89955
91558
95710
20804
8795
36357
73735
27553
20800
40382
90084
80118
56225
86992
5630
83613
7833
41662
66105
13102
53142
79702
40850
29434
53797
33551
65810
98678
69115
29643
7116
85748
162
34972
24665
80206
27134
61539
333
25596
62203
2611
38997
37157
1429
41396
73232
72401
63204
67300
36903
26877
73026
94615
97226
50184
80921
86943
48937
10826
53518
80296
47275
36773
42756
13914
25967
95283
5071
13313
50333
42431
13814
2153
46055
2288
18948
6274
13313
31135
59499
37283
86298
6697
46485
33835
11478
38176
47752
56771
75274
78749
68245
74528
11060
28304
47870
73700
73268
38904
71170
17316
26506
34925
25702
20772
85357
79419
40289
70046
72293
39849
57316
59233
82919
34967
69764
95446
53611
1671
85477
47454
97802
98449
48869
96600
35609
46778
40067
94911
52797
96704
17898
45775
74986
30348
15901
49480
83164
41546
65249
24555
10609
7732
30561
4353
61857
67626
58978
50811
62747
25630
25989
44756
91261
59980
9714
54515
37327
29671
95078
25581
11037
53359
84732
20839
44207
73630
10033
95289
55783
92641
85591
4621
24887
36836
89720
15687
57148
4102
36837
7359
7674
7916
38490
72617
92406
98161
67023
75062
55114
19515
72286
68275
76328
18153
54699
25103
91631
73480
19477
11003
60291
69701
64856
37545
42348
85501
35420
78647
18701
34768
67230
20549
17022
99827
90041
49601
22121
16005
21873
94180
9694
39482
64764
34934
86771
62483
26317
46700
61820
5518
96157
26354
50850
95961
3544
78979
18563
56962
14946
10101
63047
73130
23556
72946
53594
7289
90103
50304
65802
66699
48428
55554
98847
65063
94261
91192
71922
98544
15315
47938
34315
79668
23997
58786
27739
23330
78666
58750
60274
24152
47420
44324
95966
32827
19369
18825
23746
94496
24423
11658
39374
95719
63955
90068
57792
50023
70910
15646
59031
22788
64468
68500
75568
15517
90762
52623
75615
9634
83139
78463
31436
75907
66400
35626
65159
87460
38178
81423
51049
31853
21981
13379
58857
68541
14875
50653
55479
33982
99753
19661
18616
78547
66850
21382
40543
81934
27382
18013
47333
85087
92375
53641
69860
68551
61952
27018
4918
91595
63939
13831
50404
62723
13165
21551
30158
96849
15639
62593
57911
67791
35660
78343
16329
19906
46258
52317
63916
61003
94967
14608
67806
69916
96122
91297
87088
98888
62162
50024
8957
2834
54079
63478
97256
7
37355
18931
29841
15752
69053
31109
43731
24320
83162
89362
34973
12980
36600
61117
19179
59864
73888
98540
83424
15806
39263
77450
95202
47977
77641
8776
60658
48704
651
98367
33735
39646
74444
2161
16806
57605
37534
44269
15776
6899
62919
79409
90248
77
83847
37449
98159
95929
47717
3445
66110
63912
80698
16425
65936
97263
67226
77007
95241
9078
17658
89735
35318
18409
42114
31118
20482
13325
99601
84124
21491
77773
72167
135
31103
72338
28724
5701
91150
64593
91130
95471
79277
26686
92001
65634
51308
48190
86807
30271
15573
78010
81921
38225
14409
10639
35299
94222
63705
21123
18920
20599
65534
86098
46383
59162
52053
87014
64786
20759
74874
80325
36308
82463
98432
53572
59686
71192
36555
65113
90165
9309
41802
24751
65524
56482
84436
49139
45858
44118
56446
42731
87896
40641
80310
95813
80337
87724
69983
27821
75350
87328
97289
14713
76005
62535
91788
36863
92669
80783
52705
87110
14825
31213
98269
66873
56391
95262
44523
50424
59027
47432
26117
19881
12756
12959
92463
14956
1315
63523
49392
89804
96756
46535
37517
28016
96067
10476
24708
68722
66044
91948
74274
14023
52614
51859
99649
44477
55981
42312
73730
51555
31978
6793
20611
30849
89522
40852
27165
75785
16184
50082
10364
27397
60479
38893
97211
12144
91777
54483
91452
3777
71925
44915
58370
94113
68768
76147
58027
2718
44986
50308
64108
31192
10780
13278
13323
31032
8899
77669
26611
98113
14404
91309
62968
94302
59692
65369
83400
59835
99186
5182
66985
40176
53788
83559
34324
20536
78699
50322
56494
60960
77092
68375
79679
60474
67835
52873
46321
8049
48286
86965
71719
19799
59355
77287
44503
91835
47503
57516
4518
30806
95821
9587
55262
89860
35303
77260
54862
27535
18587
20338
27326
59431
75325
19013
1390
87183
59485
45263
61034
53585
94581
61513
70860
95985
1010
8662
83182
96510
25052
14893
59817
42213
77987
91924
92176
83648
96168
10887
28610
62764
73637
90552
11152
70488
5530
47793
52716
67961
34901
2037
32489
69882
35869
85124
66261
12657
78811
70621
48304
96109
61286
51550
74663
74315
60297
66566
59442
16488
91507
35676
95910
28497
69339
28329
89879
7510
85134
16576
91118
99229
52567
84509
40131
54610
2153
77227
21911
21788
45900
52640
8625
35787
705
38723
29203
98574
70036
74318
69496
74689
5693
73774
40684
44259
53107
38151
616
16645
87278
20437
63784
94271
95223
80973
11371
42396
74958
21762
34791
88918
67192
96067
77222
90909
90211
62273
32929
55536
43607
37967
63223
23438
96890
12610
41834
14822
53376
30712
70518
44170
29294
97172
14766
48322
26985
32615
83478
37309
27744
84492
89239
27714
2323
54762
82786
68165
41086
90780
74372
22454
19718
75788
27746
74419
92382
56699
11634
70557
14614
45150
1813
57768
72897
60515
3573
93227
30690
31697
38198
36600
69779
80045
71132
1702
33521
79801
76474
78697
26439
5559
20466
12451
50997
52555
27054
97364
41916
18334
57305
9389
58857
33567
77754
59779
76028
27811
27982
60222
40244
13678
54722
63633
20826
7242
39658
41892
25510
37364
32481
10573
99313
96054
38205
14365
63288
84718
52686
95350
23721
96526
62291
14874
57742
80445
33208
85183
72755
69531
5488
32287
67669
76321
35372
39244
21993
41703
9845
98881
13991
85279
65931
89619
93425
31614
31386
96838
98787
54171
87254
73084
88409
496
76244
73992
80119
67998
49956
60737
72121
53229
93550
35442
74200
72624
16936
80526
61046
21895
43633
96385
44390
28030
62733
54081
64699
47699
19774
4035
72267
5109
88027
87178
41087
72103
4591
87419
48282
61956
96497
30604
50467
92989
3068
7034
90801
16254
5674
56282
1171
79886
66162
33703
37305
50549
94042
17626
28002
43064
66043
31960
82210
85951
66992
87525
28656
54712
25050
81398
6250
74101
8916
94084
13637
27920
32429
99196
42485
60814
43239
33428
73268
16481
59787
7864
22451
46824
22567
66306
38459
91378
41382
94504
63966
58015
23690
58896
79775
97479
21960
42910
29371
96179
70975
93486
19954
87881
78423
61180
60406
55142
1938
31008
4399
68228
14130
99160
30120
9051
13607
72798
82426
80164
26291
41177
32402
12760
58172
20943
17313
51351
62028
91031
11393
75972
96905
12204
87551
88269
49484
56862
16010
43497
92672
34339
78934
20698
6681
61899
3980
13490
5231
97425
13042
31474
33685
9837
84818
8622
71322
24646
41706
36972
55196
6181
76496
84875
48003
41189
80704
46624
26881
77478
68099
72603
49380
29344
33981
29992
86614
45845
71380
48626
44818
22815
97336
97058
12482
33001
58771
65477
25177
10938
3150
53355
91498
77323
36093
23852
70179
71962
98760
77349
91754
54935
74103
27232
62643
796
36570
74161
40091
2745
82162
25565
6756
57101
6015
73622
28205
13745
15559
44097
78028
33070
8224
23864
26571
56111
19642
55498
81661
92625
40300
8256
98203
55894
94137
88988
22496
97913
64287
76378
77021
92732
6876
26968
58265
72638
31165
5170
40425
53288
47812
87014
77640
2790
2773
19446
63283
98163
35773
76363
63396
41228
71776
58870
99656
9127
90077
25523
8511
98461
84032
47335
81072
59458
70789
74696
69895
11382
64868
72731
53452
99123
10845
89655
11008
71335
54624
82697
31062
60348
87289
27954
99628
62130
89623
73259
35749
79054
72152
82825
25573
58443
30451
61018
64776
70511
80001
86927
96159
29561
89384
56692
33032
44822
80006
85722
32361
85171
43382
80118
26760
99661
69314
2723
90346
23492
68614
32866
7078
7150
20412
44418
85029
72872
4490
51610
69657
10214
81476
66578
97079
36044
75422
33698
65490
83093
62611
79186
94869
38192
70187
6145
4157
15532
54028
1314
28369
50344
85440
5632
8575
48588
39263
93634
46004
42262
35161
60105
58871
21357
18946
64726
48098
92018
95738
48040
11806
26868
70456
23236
11547
18786
74546
31725
90409
40891
23948
4915
82902
87969
81371
91464
34403
62284
34036
89965
75045
15611
77781
18411
34742
50246
69904
77213
72661
20719
59408
50315
87776
52822
48809
96786
54445
37003
16417
53727
71264
25727
77332
13338
62187
62611
136
73183
10664
76050
57103
34023
9324
57339
28242
36005
65161
36918
94816
63437
14115
7399
97907
77871
77484
76448
78555
42401
30207
12017
87369
88890
99445
40475
45658
63611
68167
88867
61118
43688
46784
74338
76036
95636
23710
37880
86340
34747
71366
14336
20264
32904
83105
80415
39160
49687
83542
18742
54945
38261
95813
74264
19713
3203
22750
33525
19697
69018
97532
59924
95183
91432
32961
77439
72935
16088
88814
15544
89854
75568
88095
81674
65115
19380
71330
82554
62322
41416
96178
18908
4910
13298
85268
91394
69979
2174
53549
94095
20365
83931
98302
33546
32176
94818
21693
92334
38765
20663
41713
62142
26613
80488
87017
53878
67917
24691
62810
3356
27959
71077
51924
38678
48281
78140
72703
12693
38731
89229
39767
22062
59938
74626
41985
49962
30933
89371
39017
5939
13320
5333
87898
8815
19197
79209
5241
21801
24627
50123
44222
19914
21656
81266
21839
16423
44723
2999
17499
70004
81095
68663
60912
62902
48037
15891
51258
61846
81073
63959
32665
82706
18318
86583
46717
37517
22217
87508
53441
50247
92959
95582
92609
51495
71148
84852
27705
9108
22961
40296
42043
44291
17121
82110
76525
89835
57160
59026
92285
65396
80024
27896
27905
4622
54354
39839
58863
92702
90350
6447
12726
8595
74375
30002
98648
35223
95109
88943
87748
33089
91944
30705
93396
57895
83821
9702
30496
14608
14753
76579
55260
90664
63584
72517
91381
50157
74632
17394
75715
73254
93535
71614
94764
979
48221
31402
67286
17471
9112
98694
35622
31122
50634
21239
72185
99715
39873
980
27933
10891
3875
80362
34190
78516
62651
56448
51689
97361
57156
56821
90606
57191
17393
57764
23351
81865
96087
63594
2991
33601
61368
64798
56337
67146
83533
28383
25278
90555
26447
5068
49658
53726
24994
61484
62180
98622
15390
50765
75120
82270
15323
50634
51939
61351
63640
47974
46538
89434
80200
71605
54136
1539
11162
49178
46394
79982
83748
69867
58520
65043
62475
32497
21002
16877
99090
7435
11380
37705
69084
40562
69216
83354
28991
39158
20119
99241
52072
60072
70203
60585
13924
50225
62116
21929
2482
61407
19797
37762
47331
54080
95002
79248
99819
96167
20129
22718
82823
8492
97490
30714
37418
53680
23243
77607
46662
68414
71741
70097
2420
86636
87581
81980
82528
92897
35015
92117
96692
753
7446
60074
29758
38115
55289
49333
76385
4083
57010
99059
41365
2804
34448
58483
18524
11277
23655
53515
69763
16484
80297
51780
72496
92281
64835
22709
59822
35753
73174
8493
2291
50707
71601
28266
53546
78038
97640
99558
12801
78393
59219
72177
15057
83749
10053
24794
13733
42029
42950
64839
48298
35854
46032
39333
7026
73553
22595
4889
5892
61869
6725
84532
94531
79145
8057
81701
30841
82399
98427
8616
27169
60796
10134
15836
78318
42212
58914
99923
58043
65331
3517
8578
71183
51646
67717
50904
8172
45304
73519
3052
44341
84305
15847
89903
50362
76504
18116
31104
53505
37824
57959
65310
38643
78849
61264
87448
94272
38422
11069
58048
36815
5444
80288
90911
67942
4762
63580
34050
4179
55091
88540
65105
38869
58552
81232
87040
22282
44867
33669
94335
79925
39743
81087
38924
90987
29451
96981
20232
74203
8701
34154
48455
95960
90979
78371
35553
23332
1860
83210
53862
68634
38502
35486
14926
80184
37288
82677
8909
13063
63439
59247
14662
7561
64383
83224
42583
83198
57823
7961
67922
52851
1791
51227
13419
87400
19925
49498
63757
52379
61186
88738
81480
7030
6292
97321
89093
8722
89124
60585
97754
52903
52096
89208
19704
74929
40227
34661
76705
50912
4608
31504
91000
33948
19262
23239
36113
58963
93661
85337
359
55649
14295
90521
31724
26651
37857
30065
24443
27576
10608
29376
85033
79324
11321
38098
60986
82018
31825
35962
48
73125
95635
86094
77246
651
47136
34175
86139
97807
29088
96788
65939
83977
38214
84802
99223
41052
20978
82090
30707
4060
67633
64495
1536
3162
45759
46162
26864
42030
72108
44236
48135
46048
87227
3655
36522
47155
28071
11929
47919
14
61761
55679
47860
18023
92565
82354
96491
39630
48843
53096
28435
43252
30089
96041
61378
59063
11317
16268
39838
619
23415
46830
28331
98630
50397
41583
31742
9799
59353
905
91985
91844
8901
87853
71887
39056
3463
69916
23215
26373
34415
32702
88349
17459
19581
59651
23347
92997
47775
75028
90760
33612
3384
22389
95007
75210
28829
92473
16800
68413
94969
19394
32899
97287
19632
45012
54568
98198
19680
80852
68292
7348
25475
60482
21526
365
84977
99280
11672
1592
16707
65342
6481
34245
72242
29204
1351
43490
70334
88091
76082
10665
75370
35992
30091
73609
7109
13478
54307
46095
99236
64015
44976
45488
89834
198
3714
91702
89129
81956
16020
57542
10434
97726
58174
75114
5097
33759
455
36927
79268
86567
89176
21373
61330
30784
4236
5790
65992
32536
86851
8205
66358
78176
77014
84237
70409
84544
15877
62947
39785
11604
79851
3169
99011
31176
66611
94223
87265
31979
86564
53272
11604
19251
62584
83886
44532
26509
34922
7323
18974
84286
8654
20518
19004
37499
65050
83774
4803
90434
69826
89766
854
40372
88130
48317
11751
63759
99060
88457
14718
92427
87489
7647
5426
39025
88500
53585
96852
35315
22922
61652
19723
76716
60870
12781
53913
46101
54977
29880
4061
19393
99134
96693
62322
44438
92444
67216
95157
52745
14084
63850
17571
63284
29890
56233
90561
42742
85073
96281
10837
93735
80911
17149
15698
96406
17712
82966
74929
83650
53838
55375
92154
75793
55261
48291
8770
46384
84541
19787
1615
28104
79721
80712
35862
79257
88428
90857
13509
62422
14675
31450
31709
47836
90685
26505
67383
7280
9903
6678
38984
181
31333
46774
55583
13702
46947
3492
93707
3926
41865
2757
89081
68257
90501
82582
71194
36047
9666
89716
59748
99749
67294
22120
13263
59303
7065
88717
61984
17102
36137
83071
65218
58178
32394
85538
21007
16180
37651
87500
16271
94267
21509
74256
86136
34601
6908
91112
90675
46505
17960
53470
9567
9207
21941
55127
28815
57915
42757
893
48942
39076
18816
1255
67299
85757
97378
54407
41103
63311
88147
72143
1875
48467
7924
61057
98831
6642
79220
52082
53893
15291
79746
81115
3868
75456
38589
33436
60769
69677
48968
12652
37223
74021
11321
10497
81583
9819
22256
78328
28579
77963
86085
59330
50620
30483
59994
72012
1155
19313
8239
41673
12309
27930
17109
49470
14559
57587
30010
42473
25097
74992
80739
59535
81711
4007
504
43617
83882
304
77368
17898
78286
78523
75438
54712
58828
35406
97403
24932
67288
21018
90419
96831
46149
72825
63396
14203
55723
76678
29552
63124
41739
87768
37916
78873
78537
51836
44352
60539
87608
45359
35359
40785
88436
11253
85489
97284
90121
61305
15292
99806
87473
68449
1762
71306
90074
50636
819
98120
15749
68331
38818
54960
76395
68346
25429
6560
36954
24954
72183
94083
12285
86668
2952
16736
22746
36779
10644
93660
70549
71334
74688
36269
74738
38362
47872
11997
120
92712
89158
68279
83057
98648
89526
73553
6221
73705
72853
58165
41894
88723
1759
36046
17086
18395
16631
41516
49668
30803
60857
73683
15030
94860
37579
92006
6176
63544
85491
97452
52803
54304
94690
49437
72657
10591
48782
72491
9749
23258
73277
36239
72943
89532
4477
5390
72029
48177
40272
97000
9973
6239
22629
54494
12431
33309
10466
61757
87775
65617
46653
63979
58463
16841
10218
60909
48204
80949
75023
41362
49895
36511
46867
74784
3324
29289
34644
73081
59615
3490
92088
76681
61426
65924
94396
56751
25603
41517
65256
89958
4754
64855
14211
75663
21233
12150
24387
87868
44868
95118
82780
42907
42823
86319
58330
11805
18799
14894
92362
56450
16008
16417
24466
80035
31678
42166
83425
12956
66424
60976
35937
94932
95454
17664
67273
31050
44059
43164
14799
61598
53117
30590
58107
2489
72729
89404
10006
78905
31052
15711
83201
66429
68061
73922
35010
5002
70270
50505
7929
76984
67537
97755
45426
86716
41542
82014
47187
66578
51426
90094
75956
72294
5212
74617
15534
16863
76130
98010
1452
86249
49368
12368
11486
7966
8000
8154
61293
25681
35893
66801
78921
78550
98289
68674
51581
12785
1903
96070
56964
62073
86059
29440
20053
25417
55301
68819
56634
78787
21124
59645
86655
26465
42999
15188
86725
86138
2326
37788
23158
70029
4776
31106
36338
9708
59134
88375
96360
79176
44604
97356
50433
41109
78040
9543
78007
46939
76699
51488
53763
88216
72516
79834
61267
55669
29132
28673
96346
78019
83652
51292
85217
48177
12442
58511
99515
39918
87515
46673
4951
3285
20658
58884
69294
42618
494
33302
7932
48495
89250
14259
812
46643
86502
85669
63820
60728
37083
51017
79008
30383
78636
55695
30418
95218
63760
64206
20967
81390
58572
41249
37100
21931
57876
29346
20847
20058
32274
82978
3850
41434
36575
3650
56443
54374
40271
25073
76143
3646
27018
52386
23964
4913
69812
83624
72046
2980
16621
24433
36281
97474
62740
98749
57613
14751
7207
59450
54568
28202
9094
72286
44549
10767
91510
4255
37970
7303
7521
85106
17631
17597
90554
39166
58418
65597
6078
84092
42200
46138
59062
35310
55702
79548
81945
87705
6205
19333
94703
97728
61116
53823
45200
51262
77263
56260
62378
34112
91382
47561
54434
44092
58848
98311
34833
78738
97414
64583
87344
20606
20596
13674
98383
94967
29794
99666
38910
50664
55713
90609
78799
72488
88432
