3083
17091
21370
67191
96835
26444
98207
62456
99720
66274
40565
8922
68987
8201
88525
48995
23843
19414
13921
14756
97942
4806
72162
4287
84983
61051
58701
98578
48441
61684
75228
196
3841
59496
21912
51211
31241
54207
48652
87448
87553
47277
3733
51264
6416
36140
5334
25191
57113
57685
30057
86571
27737
43354
47791
33930
81100
94627
71336
23730
64239
79107
81789
70083
53632
26198
15066
26946
11649
16985
64634
21885
52604
87910
97179
7926
59233
89707
87505
89550
77738
1606
94038
73263
82303
58079
91071
62741
45781
25410
18218
99610
59442
16663
62579
36670
1068
49984
81029
4112
54415
91086
85197
66715
8093
50560
39563
62415
16303
58618
60738
95050
35066
9118
60911
28867
82669
11913
13110
9523
50679
73100
37047
21857
54981
48006
12704
57833
96553
55898
74972
75048
93174
86834
28137
63942
14056
63344
76327
28672
58528
1453
64236
14608
75021
21456
1877
92604
95174
98828
83191
3673
76276
31990
49364
13049
50925
94370
89192
78168
48027
29273
21219
42558
68251
90745
88753
52274
70913
35401
1909
65692
80760
84535
72725
66517
55047
91729
21582
59918
18191
89148
55879
73625
42450
49908
12900
23575
85134
16864
2993
17695
34342
47537
60158
7656
97089
38423
50890
20371
79083
42176
57560
40024
57242
57742
75647
10988
42316
97236
59421
45964
652
36237
21579
9480
28819
35480
53163
71407
10123
34836
15165
24594
70926
99380
15506
75384
61869
68800
57752
1406
15276
62760
83092
87400
63467
23524
62286
18121
16896
24525
38086
58219
1504
22866
18596
63003
78908
29880
1613
64500
9832
92018
84754
95430
18615
408
85378
33123
7074
54375
86207
10502
5639
85333
9646
56832
57902
77455
64072
21440
36167
25617
98030
96126
95439
3553
34073
70853
24914
77960
13071
13051
50954
44974
88146
44942
26533
43313
80754
48860
88837
81986
9795
74431
33824
13724
39081
48179
3784
91041
53743
91909
7973
92243
11864
37851
84958
19276
50060
98842
83703
61979
40660
87895
92405
70396
86337
90494
16252
81010
56935
60184
38009
62403
30631
40669
45916
45840
31689
39734
69020
49711
1704
32109
57727
3144
1032
25139
46129
73576
13059
9422
53297
133
24576
5245
11116
9167
34757
53386
20129
26063
45219
79467
20291
3039
36496
9524
22973
14854
29587
54556
64271
84014
89239
23594
53303
42211
16066
67997
11499
66570
48704
84789
66115
44155
1912
57569
36915
61981
39104
9414
42678
99421
73804
58952
44678
25834
59522
11032
66792
55088
8553
49531
75493
86800
77024
45362
7538
84024
84523
96523
1169
90340
47079
4036
24464
5232
48543
1623
3728
56312
86455
38054
41536
31919
7142
55684
72743
2969
25473
23166
4225
81605
61777
30596
18305
76458
66982
43608
71220
4956
26278
32562
78438
96715
13310
94157
60094
48185
27609
61810
75268
32246
56974
88191
67939
93082
56275
89043
68682
99390
20976
3992
37420
92599
44751
86926
39655
46127
66607
58128
72866
92482
81783
75813
68079
93715
54183
69702
26928
28425
82635
72455
56245
30473
27241
9763
90308
92817
44121
63528
6802
85997
71476
10428
14509
85498
39493
85867
21180
55189
97565
81774
30750
98303
93219
42458
33775
67216
79111
77090
99625
82708
6423
2697
41575
17382
3243
18312
60997
61352
56187
18744
68835
59644
98769
32829
75144
14114
61689
37776
29860
26863
92309
43847
75245
22374
65900
69186
32651
27510
71714
11221
72623
60783
21891
71245
36638
14209
79577
23553
69931
65588
11646
79223
94914
80958
9387
69007
87554
73956
67022
54320
39554
55376
98490
42893
32724
22507
47992
35156
30854
32024
59388
89587
15941
94477
85843
74567
82844
92206
44663
78274
3035
40168
74565
45912
28147
55463
78918
8423
42205
81428
55145
91136
97946
50062
71378
38038
83285
91363
25067
290
79877
85772
664
43952
13231
25923
90217
90474
17768
59297
77577
20192
73079
34840
96180
3856
94617
48874
65285
26871
86046
44709
70956
4084
31665
89019
26911
4181
10870
89826
14728
45153
84747
14180
74332
7905
56593
71332
37227
27851
77060
76270
76435
36013
22629
13017
17455
24371
76985
27453
87149
74997
31594
14059
36221
89855
96811
78893
64518
13022
16505
82362
10674
25284
20381
99190
68106
52793
9166
94852
91836
19070
29044
17289
60152
36703
99399
66623
69979
81524
74454
83474
80322
89875
39299
7450
13088
69110
363
22326
99626
30789
1924
77825
26832
96288
1439
85844
67174
33996
38956
1624
77313
73015
18397
92646
85405
53064
69123
11069
35258
61224
89044
18462
50120
87847
23823
11847
12407
41389
85238
75179
16881
38014
85497
39531
89027
51497
87764
88627
46070
40301
87726
22675
66364
39977
60738
95704
69670
91582
66235
18535
53299
22978
79993
62485
89154
27588
35472
49126
21384
82552
687
27776
16701
33310
88542
84427
79569
14035
25088
15463
40284
84435
11128
37258
60627
2568
42536
66805
98647
79764
87733
13137
71335
83192
48230
51211
72821
7263
47308
30218
21302
61162
87291
43209
98899
44728
19349
84245
78429
59697
37672
58756
90397
78447
37550
87024
34922
45802
92051
63119
3283
37150
68244
2512
61980
18428
85218
37140
51045
62730
1061
22951
10118
66583
65533
54266
39639
90527
45828
72094
71787
92343
58096
38686
47709
3094
98196
60345
39043
69537
20998
94523
55775
68529
2043
89528
77749
43042
86447
11428
56086
83483
9665
28242
84314
88725
53434
46342
38157
63881
14926
85625
93664
82811
5211
95305
68736
78429
24942
17530
44196
45505
53606
14477
69759
1055
95344
53116
76886
19359
31185
8943
51884
15172
16706
2686
87256
42198
55061
20995
40472
32393
26070
48346
16671
13167
3021
32889
73098
26487
54016
4422
30608
2240
44630
97050
82999
92638
98230
27472
52868
95047
74061
71081
52298
10683
16270
36671
18692
42126
29043
41700
18397
65332
55170
69270
59500
839
45836
31329
72030
69784
46511
41490
21675
87280
80986
50708
98987
49633
68753
48489
49665
56686
37478
79237
62645
67795
56743
64426
47232
26259
9720
45788
21760
71900
12501
68129
92588
57017
71641
93431
78529
54612
65661
13873
6458
89989
43416
49071
56318
68636
31140
14906
17171
24999
99521
44153
57425
68224
10675
96882
47506
92246
75591
87648
4165
85463
51155
13262
11457
95991
49051
88173
35287
28383
20015
22456
96128
74357
817
18561
75221
69347
17109
85879
81310
33575
99042
65911
32290
17719
44949
17292
5693
66766
88644
97157
56560
77047
78560
39793
77425
62421
19635
68249
9795
7181
30665
21434
81345
6994
44492
24765
33748
586
17639
75029
9029
34785
36236
33461
6667
18346
18641
36139
69861
40749
11796
71261
47044
60082
83968
29534
69376
56713
90312
32621
58187
62771
97071
64075
41826
46064
26122
99351
86527
71974
19742
29959
18796
52714
39459
94789
86162
82095
3210
90564
66799
65384
31803
13501
17542
13723
18070
1994
92208
29253
13819
43230
19761
52644
70598
51328
26022
72580
50130
16642
11289
26057
862
75554
18679
97878
45772
32028
8313
87353
12134
50249
63646
19891
27580
6681
52122
26343
72232
3593
61767
56413
84659
25088
49434
34932
93936
6860
10033
84514
86118
6964
67144
1513
91915
28281
91818
47193
98667
9102
29893
43995
83688
24433
14262
36289
58459
31589
7844
75848
95385
55149
77256
36359
74066
16743
13578
91767
80946
71299
34183
16926
53930
41663
29678
69497
34441
21440
42186
67494
37507
91599
99449
5132
27892
69709
30268
63239
50686
55349
60647
13811
90413
50413
73912
99317
80444
87783
40132
4801
62385
73850
96813
39371
77859
18424
5104
30253
53564
1420
53146
69714
28057
51763
71387
32733
39182
66260
73298
37817
18310
80284
66600
51837
17384
78266
43034
35771
35190
26836
15757
8358
4751
86628
76678
83102
78868
34611
37585
13690
90472
4081
57247
8496
62704
16782
70701
46403
75130
82295
71935
45418
570
64304
5483
4569
92622
45034
83218
24654
73027
41890
86313
58267
96914
41910
65398
90827
21506
79140
26423
42098
38129
67553
20699
47061
87309
33011
82900
42387
49948
68556
41604
73135
99067
99907
39732
80219
92740
71409
71780
63106
10568
34884
22620
45618
91612
33987
8385
83685
82481
61439
74788
11307
83675
55986
35316
80085
48691
59032
45524
93824
28632
10214
61862
12891
98736
30123
21127
66103
7340
22177
63604
94347
3849
52144
89546
44449
63795
96512
57708
32545
53796
9880
44541
19511
37706
39832
77965
92899
97671
38159
48496
39485
68594
59770
93130
63715
21306
45082
78247
25217
27499
12465
77479
55356
46793
94616
94838
67867
60313
17280
15194
95570
71327
21763
9893
47244
37538
38022
59243
58580
69356
18030
15949
37408
43694
7227
30676
14587
29856
44453
6393
4174
84805
28530
79040
88074
34189
54898
59526
45524
48212
77559
40303
78349
8776
19252
68098
17725
86407
11024
41553
73244
29671
2471
655
72413
3184
18686
50886
91831
51396
45921
67201
55952
42526
57786
82020
5001
47352
10288
51708
7648
68838
45210
79056
42054
15296
4030
65334
91998
84894
70507
60867
12878
86555
12079
10874
79462
74684
59382
92902
56266
77578
81536
92611
19293
35450
669
97046
67372
37006
95463
41916
4884
59733
59644
41376
52401
18509
3447
61382
60804
80041
23530
68837
42847
14573
62618
27794
37264
5846
68791
32535
13961
72759
69047
14882
82088
96446
42670
98745
1384
48981
47531
87276
54818
580
37874
66787
92993
69299
46193
29622
73121
57645
13218
45884
1763
46081
3068
91866
26768
31810
40310
93437
25799
92878
22041
66371
1413
17228
40929
56756
26992
26990
30704
71822
6080
72214
21455
22174
19467
86581
49602
8394
41323
68591
30438
83690
52493
92154
55145
16216
29081
97700
29094
65021
30649
91572
86012
58186
23912
75721
3690
35976
75705
40000
98762
91975
29121
76177
26279
53299
25186
62104
16348
24165
3125
63761
36426
89622
74834
44540
75989
63278
19103
41505
72028
8570
36531
6285
29587
26715
11878
32218
18911
58843
19063
10572
22669
79931
8217
34616
86095
70280
86107
79679
93716
31469
90963
83128
91011
9601
76262
78444
58804
1344
65878
81051
15723
37400
23496
64316
78033
75386
71569
26721
57489
71440
86110
27545
54092
25038
9212
48847
82522
1281
97066
10799
29694
57348
92761
16937
26372
89265
77052
48910
5721
24340
63250
45015
38407
50619
12622
70758
67340
67946
36287
24964
9302
22572
11681
26985
70429
33091
34015
38265
65021
98400
87234
42924
16782
31758
71067
21062
22625
71817
95241
6277
87674
51500
32648
73434
67269
8232
83190
96238
60694
67920
49795
87621
95745
79377
69908
12192
24914
28896
65300
72508
10187
28139
30776
67800
56536
465
53453
6357
81775
99565
58785
72534
11081
22989
21578
82374
69560
10786
39639
81144
32709
78640
24625
17130
47783
19429
5837
54563
9057
51463
30673
34907
5592
95813
80064
570
26287
31439
52356
14872
54434
35810
99319
2148
87900
59067
78030
94336
73749
83885
6563
59785
65099
13102
66141
94997
40379
97739
3198
49845
54748
76124
44457
75418
85529
58323
83405
9844
97417
81741
3347
35477
44781
25003
5824
87444
96133
98842
35047
51053
80783
5614
75375
28069
81181
48046
85947
65900
12561
88360
84892
59035
32344
41861
48816
96733
11425
83447
88852
78570
10521
74255
81902
40942
21124
36780
61776
83049
41817
51629
2025
8367
90938
33160
97262
69487
20751
5971
1184
92145
45758
31711
29498
33593
2889
42020
14266
33640
53221
83031
50761
26817
14706
55033
26025
48073
53755
17449
56666
56648
97004
46138
88200
48108
49707
27071
25909
22732
4725
57858
37631
7754
89398
92980
6029
10834
19139
20254
94235
8959
48120
9047
38784
30749
14729
91310
84536
64713
58407
8999
66547
26100
22866
6723
78137
70150
45749
56471
39224
91264
76643
35583
67755
91962
63019
9899
42953
79178
46138
27959
4424
70150
27598
88953
47724
52577
16851
68372
36623
43441
34300
40969
57998
39218
32319
96653
41294
52419
95181
49077
80010
10861
46508
30445
56346
40452
25779
47817
93441
40614
46946
88819
17843
69793
54492
93123
95361
3185
33474
8845
73539
56743
22253
89843
75584
90853
6951
53851
62781
58373
92390
60540
39168
8186
62438
3282
88255
10734
51394
64273
58794
66922
87919
6613
24914
55668
79285
39672
21141
79251
31787
41789
49671
60622
10222
78602
7453
31698
71709
59059
2521
43250
30836
52112
61614
4745
86532
62448
3727
59579
56011
80871
18776
31097
76437
65667
56408
10371
6478
98652
21882
18568
95906
59626
28462
46985
75252
92849
63353
63452
36471
65655
79382
62509
24972
36694
90951
6206
14905
22572
15836
91086
47874
28175
89310
85368
1831
5375
2265
96754
61914
99060
53764
27990
65723
94038
50542
68126
20018
55340
16327
45832
80904
27308
34664
57017
18498
53328
55104
73598
32762
29290
70108
31405
29916
52622
70737
14410
23227
54670
64329
52902
21133
53443
58760
15105
85482
61478
27515
99024
31324
49791
7772
53466
6211
85397
51363
9628
26440
40900
76236
30797
31868
62861
86241
43003
40492
74439
5189
31380
97059
26099
19421
62113
56924
19917
53562
6988
34722
43998
74311
73635
84135
35791
28747
60981
81117
8984
80377
79924
7574
50561
33774
97649
62491
72833
20316
63399
95006
77357
22105
16916
49716
65383
70536
78715
27063
42958
23644
97881
56034
69095
6171
32966
62047
19370
63517
52842
74423
44421
9300
55706
32137
5265
47205
40462
42102
44335
6708
10624
87928
53310
61022
40226
86707
12061
79807
58460
74596
48535
89461
67202
81110
84432
71900
97870
23571
58922
41783
68671
95639
92884
16112
75693
95680
8976
95415
63783
96002
9120
72679
90731
54008
50124
75270
65634
79061
73490
38283
33909
27736
76298
97465
2544
61789
62357
56586
88722
49904
39458
11591
31694
32412
41340
53043
38401
77890
8404
6216
25616
10469
25190
21049
15389
61826
92618
82422
77093
66397
33946
89038
27290
87351
50555
13487
57208
6716
93418
96265
91398
33496
50244
99696
99852
47434
60113
50752
56875
16
270
96379
87772
50754
63478
558
75177
35867
15373
25426
89602
18705
86281
1997
63390
72038
19421
47577
26063
3735
90563
54845
8607
27505
92869
7895
66316
37604
75144
70235
61246
99760
16853
29877
74721
19420
53253
28202
55428
62949
37385
48477
28940
21779
25875
60941
82933
55848
42949
1819
26983
80913
66996
41098
11665
65503
23544
68831
68708
87055
26739
62280
22222
18245
26683
39769
71250
22808
35110
23761
35809
44326
65649
35515
27511
27624
82285
69232
53460
56321
54758
81626
22837
26480
92529
79828
65166
14116
78898
69933
81543
6991
31272
2091
90160
4435
32501
68140
78754
61658
97965
65639
64532
86210
18554
40593
74327
73908
24745
75836
32110
58037
69814
19898
40301
71126
68367
38783
93420
35014
59783
91076
17384
29960
9657
13224
75192
13407
2615
20625
24807
9733
54446
62672
81714
66779
49272
97219
44607
86619
5373
70995
3896
51881
85830
30078
65699
80168
513
78927
72607
96169
49514
73897
62173
78365
86076
32099
4568
38412
64916
59117
69715
18495
285
61712
19246
59863
34238
70516
85412
82592
41628
69499
71877
48192
12589
21130
3082
8074
22427
40328
81050
39631
6480
53887
53848
83636
2532
81952
90247
36798
68897
87043
13531
91530
83183
54827
98877
51449
98113
86472
97243
8072
20122
94422
24713
50910
60285
10595
58392
60959
49009
85998
55089
33182
58477
44267
27855
46927
52709
34531
90038
42554
75729
27544
98163
5163
17302
22278
4914
60038
20180
54948
53430
91607
92524
84938
90713
7496
90379
95789
20448
25228
67255
66886
41433
96729
36820
29808
5940
52371
98964
48528
62651
68930
65401
25039
79119
29637
74536
24163
75265
71840
8044
55308
17386
51217
21732
35418
49128
36193
60074
61451
68021
2294
36225
57394
67685
61636
46778
47027
17244
87267
94147
63051
49001
48636
92045
5101
26947
94590
57880
98919
32511
25101
91133
10147
81291
79418
38392
76841
46186
96365
27408
58114
6445
40254
43812
99479
94890
19268
28723
90680
97275
47525
66440
67832
14709
33292
87137
12438
61827
91576
98746
37527
80479
11153
8539
45550
17101
88181
65914
89501
70260
52529
82670
33269
63002
59083
72818
97146
55547
89884
84530
55682
37413
50043
43606
26588
51570
10324
9000
68813
34211
20888
3682
17397
11926
75534
87737
33776
50884
44327
88544
56121
60698
30511
76923
20681
81041
87231
5601
88701
69868
27920
364
23573
8526
32234
58497
13593
89269
48314
45846
61910
44279
40834
75973
64806
63479
50314
17644
57070
65828
79316
36989
64513
30511
1901
7657
46017
36390
8096
21668
2117
51282
63972
30933
68054
87945
23894
59389
34228
69841
90593
10401
19542
83538
94009
68405
22287
96151
72008
92423
74027
43041
29728
66150
85240
4487
9679
66957
23330
5325
3440
33839
69911
73824
85053
98368
84937
44204
6210
66974
26033
12250
13774
88059
49393
35370
3331
29160
30098
75944
45164
69759
68716
69390
30126
86893
95044
83734
73079
34234
20687
85658
37491
19254
45365
8650
84254
17986
79537
55945
24884
70777
78325
88773
99939
96761
13162
15953
79650
44273
12661
45441
77083
32584
55188
77473
20259
88039
46344
16849
49995
62277
14765
87617
72591
70702
29221
7973
32331
56911
58355
72246
26862
74112
30434
11621
4582
80270
98950
37660
15483
40516
95418
11827
23608
63381
81096
5452
73827
61449
29672
8204
27662
24226
14592
61494
41862
24554
12169
74469
98569
52282
78194
78181
245
74697
6750
31375
92923
15055
13576
31072
21138
35797
77607
11444
71463
7484
53996
7268
23346
2854
31240
32858
5477
70212
74251
76844
69789
10909
95111
12701
99227
11384
17811
79788
84972
79335
28491
7286
900
50576
36661
22159
48842
97144
68158
87000
19085
47054
13923
95293
22932
30258
54508
59663
22450
14112
9330
5753
35352
82237
76161
47777
26085
73245
23353
28861
41401
5198
47822
44110
50087
77636
14768
86334
61160
15394
75621
77778
90220
82306
32433
86188
7180
47265
49464
60863
42203
11722
51386
92239
95643
76797
80829
40485
33387
82972
76329
87277
51294
95058
40460
84460
70919
33920
99070
88481
50928
71110
46750
22518
95083
90698
39675
79203
73503
38439
89552
62591
19076
83509
55207
74788
4873
62449
93534
42622
25010
64042
33478
41840
47776
22887
71559
31204
12553
17464
53890
85388
89126
31671
77359
4217
46283
89595
41445
70391
91377
9593
9144
51043
50703
83510
78684
76778
28456
49838
48647
43136
49085
83194
74709
47962
75811
78818
20101
10920
93743
88255
79841
30514
26158
74187
763
47854
34898
64328
88178
48315
84102
61993
35828
52254
99138
41729
66429
2870
48698
422
20990
39998
76496
33410
90233
87390
63403
9878
58313
81870
7647
30602
56894
88329
37419
39573
68613
5322
94018
48774
10023
60261
8545
76909
1480
65668
29248
21865
20463
1404
2052
89423
61382
19244
34000
40307
39287
36530
10747
40087
75126
19498
34941
65261
14622
22051
36739
63402
58387
76928
91618
18505
23975
43592
70920
34072
97208
7786
99309
19843
41942
67344
55145
43484
49890
8799
8640
86628
33586
3529
84440
82809
69138
95503
8971
58811
93444
89078
3288
68732
38664
21988
43603
74820
90742
60311
38653
73182
39784
22179
87118
57539
43605
9350
32494
87969
55768
26890
72196
29319
26959
72182
35302
63280
54784
97969
25711
50089
33045
7924
25422
86657
79304
36811
5243
2988
41786
29480
10308
91220
69372
87011
50054
19196
51505
59282
48408
32498
67915
48641
24096
81873
42290
65551
68425
47856
36131
99781
1964
55627
15317
2034
56107
42603
70359
58248
15485
74197
25268
13773
94179
15500
2137
54335
37017
35875
8269
45832
70441
15171
1215
89273
25433
56565
75710
38
18596
21806
28481
15262
31206
8500
20007
80517
56337
97392
49400
32751
23421
89010
18411
52955
44924
43355
36161
34058
36204
8812
14702
8699
25413
39753
35032
19941
64018
41129
68919
75536
99964
37340
94749
37808
20386
43481
51247
13983
30021
90531
55825
60053
63872
11704
13473
37031
45365
10390
77657
97113
40162
64458
62231
11489
2386
82230
31354
16538
81615
47902
58755
23329
4470
93840
33435
34928
6115
17486
76787
45429
46859
23801
95461
4238
80521
31643
33658
57123
9840
59952
34949
88703
12095
99378
63437
62444
45362
77760
34153
10315
61141
50251
13123
39117
78291
39261
14078
73329
70061
56198
38100
12571
42215
92356
95672
12140
54780
80942
55355
12388
17
19165
69226
75217
5927
75064
42612
82962
12138
9690
46505
51340
94279
91458
25949
41096
14362
1847
44172
50472
84677
37878
89560
74404
68508
59897
89006
31846
41949
48358
96775
14782
96862
98193
76586
86754
34783
49775
9935
83941
6526
77080
41758
8370
45545
11704
65781
13158
21005
44914
3688
88872
56237
3345
57539
63686
11023
63117
87339
56749
33233
45686
27395
80676
34105
10529
46987
9670
78762
94892
26498
57210
91185
49838
17868
67089
7455
67648
16110
73147
41234
35587
27414
73350
47276
86797
48696
78228
35108
92915
35507
16887
57755
23220
76499
2092
55175
49215
68943
9330
71948
15586
52946
23845
26665
2353
2135
28283
6862
84559
54893
58939
95339
51068
20314
32789
32803
54555
41724
63521
97791
74079
51658
15960
75839
3122
31706
8553
97036
85985
76540
82745
30601
86822
90850
15802
72808
81907
99107
71686
67801
1049
40245
6873
45212
49811
20696
61065
1335
50194
10034
85123
94564
68901
69109
13730
32418
45508
34716
6670
32076
73498
45972
76015
27878
97452
54872
61613
30835
24778
56180
56230
90916
13649
17099
48011
80075
82107
98292
90039
55117
29348
84511
76012
66806
62905
44790
19532
97927
16095
67038
8465
85962
6973
14269
86377
5958
7752
23189
9170
2510
90761
39662
63950
91283
13996
68402
13091
71098
80040
47314
12402
22441
33606
56006
39121
28026
94640
1906
51271
87570
86551
32932
24836
48139
54337
33081
70555
24013
64109
53311
83389
4444
10788
92053
51378
85515
76798
50799
38966
69454
19566
16310
23886
20109
39627
39916
75782
52628
29212
59309
85417
33479
18176
34225
11292
7347
94807
42766
61623
21568
10800
88730
30017
13955
36623
3566
60935
2671
87578
89318
83736
85835
31137
16644
86400
27999
96393
29557
85695
48904
12371
58603
74374
22667
31117
73162
29773
28838
93300
67070
39348
68642
93508
49193
98100
90181
19999
13915
36032
95395
23094
78553
76062
80693
47862
480
53916
44578
70385
75140
76464
61849
51976
96209
54833
65857
71379
81714
62731
9448
34221
42575
7139
69655
27230
31953
88456
57575
44774
91873
49010
25804
89763
88143
24122
37839
2208
82799
57652
74650
78906
22621
28301
9261
10831
34913
88926
84941
79717
46221
43306
5180
89173
86980
77210
95620
19442
9205
59058
50188
70298
67108
34672
17005
45592
27562
24160
30526
42002
51155
54015
63468
98614
25317
50058
31302
28796
73216
98242
65908
78456
22017
21406
3943
13248
18496
7629
77643
43188
36506
61831
90
96974
52361
83822
46666
29159
96974
97862
3590
98754
70417
77102
10235
45850
928
57723
75240
39908
57683
28752
8377
21824
14448
94939
70797
6050
95849
84046
57650
65431
77507
70937
2931
24790
85202
24161
38920
59524
64704
25535
33611
22436
71469
25047
82699
64889
73905
29779
6233
537
54972
59548
48160
689
15294
78837
89298
52239
29506
35092
2301
41680
35893
77085
29532
48518
94725
99548
98313
74020
81700
44607
54193
17642
89612
50926
9248
37032
50652
48552
40699
63505
50529
9787
38061
94462
85456
70047
57113
28699
26095
92432
57774
65874
89171
2247
29081
16946
20516
49204
9395
18715
86141
60281
90075
66345
34096
67365
53855
83163
31014
20300
71156
81471
37764
3904
34405
10108
13161
17615
79623
20155
24180
86392
63979
35602
46018
35114
96589
94190
23861
19868
12938
96893
67056
1379
43790
82838
89118
75859
52171
36197
79635
46708
95398
17911
3082
87872
12875
99134
85742
8855
48608
72481
26741
82464
33527
74468
38181
17788
64669
13967
49338
61544
60368
1021
45120
10351
72910
22564
35259
42473
50600
72411
55622
9717
71733
60333
68696
1838
51715
32761
67746
38604
4456
36227
61493
8090
66231
86139
19585
53200
43214
8904
64185
88909
15915
53680
83538
42002
1599
55847
78473
29085
19099
47249
69380
91393
13159
20949
94801
71103
15313
2241
76266
47395
83459
96884
3322
67517
81197
45420
99994
49305
99745
47277
29812
28190
51422
15626
65161
12736
8292
30099
70606
23843
85191
90011
26672
21613
71102
88644
74136
86181
52314
77353
64490
93646
79444
46312
55367
77722
37279
43019
53171
96589
87677
41010
85681
25936
37934
51870
65098
9453
45794
96924
21100
76206
9008
53964
19983
11725
94591
4877
38739
19447
61409
91942
51525
41954
43328
57268
46944
99975
81809
98155
41360
69758
64293
1355
30738
79734
33725
32193
58744
65325
55742
42166
47401
98514
77658
72504
72516
1556
44398
5347
88004
28966
55307
34796
25855
5523
29707
82730
69993
68568
26053
22977
48855
95458
9468
76524
84509
30820
81681
22374
5176
29812
15481
66390
18439
70243
77098
5333
78548
23224
64367
52892
81777
66217
76026
87695
29662
17269
79481
25632
99654
704
81665
7649
82825
56747
15879
38890
80341
93103
54062
28099
35149
20022
44730
35598
18572
43383
79555
43509
16546
10988
27845
68843
52861
89233
41076
15970
419
58843
2349
31496
71612
21811
52776
6302
97708
1966
10762
23320
1822
29610
75798
11338
47164
68199
60995
62260
92026
1439
77641
33452
38515
64387
21173
39269
4684
75860
40956
6233
77012
16443
77101
35128
58029
4709
94750
94605
3204
39423
85640
11305
4187
30762
9647
43055
91785
15962
63961
93051
69431
1329
17665
12656
99403
88243
38755
5212
24609
97157
51191
9450
42997
94535
33531
33987
67550
5964
10344
8066
32308
16338
92199
35411
78898
56418
85276
28391
96726
37381
34048
10551
9446
3488
94093
46099
30029
20526
95059
56742
98754
21721
12040
45639
89097
23669
23227
26302
13075
99737
92393
23024
58369
54683
75049
60330
50374
65286
10338
35462
80202
12570
74396
5181
26250
82977
61459
76265
33725
35209
33736
14773
80818
45571
57331
79332
27317
42551
17267
79643
48880
78018
74981
16492
19342
18445
56179
88032
85083
6219
88995
12992
55975
75407
36209
30271
93769
30695
56471
88327
42848
18521
20968
98463
7701
54840
41788
25847
24284
6915
12901
31536
62938
46458
29249
50442
43904
37790
58184
86698
85
78628
75269
60616
24786
80950
54818
27379
70342
68294
6748
23521
31706
52880
1333
64023
69135
81323
70312
28306
35267
74539
97975
16751
3987
35638
84032
55069
19354
1120
59054
60093
47448
42214
81004
73555
43022
30628
83572
49196
3909
36851
45989
74987
23950
6947
54260
61810
44228
88944
72921
30889
59309
31524
58922
97710
78272
58889
42086
32730
57601
265
71271
26252
18248
26628
53242
3476
10463
64301
73035
72830
2922
31938
84953
46264
54496
51590
96648
32130
22840
87676
67190
55537
78687
62018
81093
1440
19398
20136
19255
30036
4824
10859
52472
51083
53257
6803
40821
30208
84330
64805
80714
74205
22360
45157
21561
77789
27798
78188
37015
37564
42927
27426
33632
25822
32061
61081
72523
45177
22183
50053
66648
81569
83812
29627
73125
27758
24159
96453
28480
64107
12403
58304
9751
94717
17365
37618
39531
85102
46993
13931
75811
95637
49197
19383
58461
28868
61258
87229
67455
1230
69768
75895
77388
34323
45385
41198
81170
89001
72398
38065
60191
61160
10685
29010
78132
18066
10084
1629
31666
15998
21175
72150
88081
4608
65846
90158
58480
22550
4330
12833
82246
32241
57422
19631
45559
12958
17898
94646
60162
3536
65722
47528
48247
99564
58253
80654
518
55697
24137
37977
75186
66562
78124
12224
21477
98545
56014
25019
56989
31689
94946
59483
22084
2200
25947
13412
44317
34967
427
11464
31546
38136
99783
37025
4267
70923
38534
43146
67889
60653
66888
70490
33616
52621
57044
72895
43906
62812
31801
14995
7241
22225
79126
67677
54557
88662
8149
59687
87011
79218
55921
34071
1374
16404
64601
8909
37727
216
14125
44216
86968
82746
95685
78069
94351
56436
52049
45957
53710
46133
14523
91177
68791
13441
18185
84189
83092
21663
52190
75950
42060
20771
62496
54809
2098
81528
21492
44194
29240
94857
60613
60846
86657
33900
13668
13053
14547
43275
39434
23367
41355
67665
47416
28306
27627
39246
74431
32813
72782
72903
8956
82252
63548
57437
79163
71009
27865
70232
99580
80275
85816
57103
74195
66494
84238
29399
18729
86119
37281
71462
39329
68377
79070
67810
25877
55681
72969
9131
70493
21026
90543
89858
8881
93462
93816
47893
8071
87843
30297
56104
31702
32309
87237
9217
50875
9053
67651
41199
61912
23046
99675
55960
90074
43727
82123
88638
43668
68170
66902
69134
13159
77201
99547
29221
8451
34175
96227
8830
85639
94418
76948
89660
60836
20187
50883
47377
21216
35551
21190
39721
46390
35182
9415
25430
62650
14813
43317
67224
76794
60898
52437
15304
38016
94796
693
2562
22389
92956
78177
60141
1024
5891
86607
24137
55115
22810
67540
10227
78694
29336
34554
84183
17637
98260
49705
47283
51332
6135
24673
20228
48747
98620
7242
54352
55085
36040
12003
70383
76458
82880
44279
58070
30901
29771
7149
19777
56879
21605
22974
41597
90642
28604
86146
34127
25002
59371
81539
31748
20765
54737
5971
61526
98828
8781
15674
35032
33489
11768
9511
81087
29608
92351
21543
12877
16043
96348
24948
68442
74901
87696
59652
33249
8456
22815
97155
91236
78249
85000
61851
71229
47497
62207
74127
62019
50079
41960
72007
92117
14161
37106
91622
27526
82130
56686
32983
43525
70565
80619
98598
13063
10655
41968
20459
65587
72971
66933
7041
98826
22663
73694
24372
24082
32395
29204
34841
89661
63946
72354
69271
28410
34544
12361
6851
13880
73292
19968
75915
49586
51208
90220
71368
71068
95059
91480
36342
90025
53695
51537
36159
51510
94662
56961
90835
99094
78599
6790
97780
8026
9007
32941
17390
43932
79443
98000
66660
89161
93914
21450
15973
54762
41047
57427
28094
19949
91955
55133
43113
14965
68745
61833
71682
80762
45035
32102
99610
18973
51043
26503
71461
42509
85619
57984
97871
33967
23742
29309
58155
41998
39359
50207
2187
83967
60535
68244
30795
17615
61125
67570
9480
95083
34861
41583
6063
1612
75387
17856
59023
86429
72576
32780
42352
17642
30043
92908
64157
17927
57876
10658
76477
78394
97601
62707
95872
26502
43915
26371
94965
3124
38987
37739
45176
9760
67310
11353
17031
84286
25848
72804
21878
76424
50724
45065
34745
80293
90825
93288
62175
8151
99513
14869
85982
44416
8515
13915
24361
69266
57432
70611
50238
17746
97067
34749
20315
95752
58929
42617
12721
52390
92359
5765
84657
49267
39155
20371
54851
61266
68323
76741
47478
36564
22578
29480
23122
48214
56361
71434
12072
16056
52098
79994
36075
51676
65319
30267
46616
67127
76345
2532
7632
91575
31693
32599
6054
87985
66256
78236
28244
4550
44716
63929
53416
6801
25314
57168
57052
61552
2679
43189
71011
5836
56364
28554
85599
65798
84165
49978
20784
40384
35339
89166
25351
33798
41324
4879
1112
25719
61952
13561
76238
2260
40679
37879
90488
58915
11918
14017
10177
51488
19665
84367
68606
71809
3354
29721
60800
86276
72327
16173
97065
63192
75146
68203
34011
84773
61642
3200
54700
30105
20806
84413
67382
99119
48090
76052
49546
1054
98746
49231
89253
58875
29371
72621
4027
99468
83537
97657
39408
23243
56083
48456
54662
99251
13787
1999
26736
28905
89481
6143
94244
92138
77831
87710
22351
66157
56680
17091
30531
59381
1385
93518
3468
10774
41497
93345
47392
38017
62773
81855
7860
49741
81612
39232
45259
98532
85985
80110
14697
57287
77519
52799
14502
92159
73415
29999
63135
78529
3892
85849
78822
13213
9824
98097
82393
57668
84431
76866
34608
96307
76745
82207
18512
992
19574
21896
31645
58240
9281
91227
85292
27890
12287
