8680
58784
52878
70961
76706
82414
17638
92757
4837
51095
27834
11661
25272
52823
11380
69117
3097
63685
91419
75601
56522
95385
55430
95347
44057
12968
92667
91222
6794
11434
67593
25967
42691
83165
58046
24804
35188
21442
34246
54269
75744
85061
60129
43254
46349
22715
59391
45366
26468
65284
1466
91514
52837
65007
63312
59051
5227
3901
78556
87374
24503
54781
47760
81178
5980
86487
85265
52004
4934
8996
53743
89814
99271
17434
44416
50334
3424
29030
60344
58722
85256
30962
26758
26674
8860
58310
69518
53014
86915
71306
99966
94502
48381
91466
78096
87896
15080
24434
5659
8596
60686
98745
34070
40484
76814
89018
74762
29511
7973
60508
46835
34693
3897
97652
31763
48444
4066
31297
77875
10712
96341
66133
19223
94818
66766
54259
39868
54703
18458
91155
8464
64281
71423
38531
44942
33292
49992
18024
29909
51702
73200
67330
5253
52417
586
29101
43253
72221
57419
88579
89203
24726
33461
99103
94937
79685
63680
92989
63816
71458
5543
53918
81956
66487
75757
73383
16748
38224
57226
69832
9780
28783
76597
37146
69793
39644
99408
7746
41440
1177
35723
32338
63075
12083
66646
45487
37497
9684
24678
76205
21897
99478
66531
55894
61259
44082
98636
96009
39619
62871
36615
13983
21818
86166
19081
28905
60283
6137
15102
34806
58087
63988
55958
22769
11350
71731
3564
71526
16107
55283
28436
39781
51986
99982
46689
77951
88632
12686
240
46990
48839
89954
96820
75633
67773
74318
8063
84276
1864
39100
83113
58414
56128
55889
5184
31460
21921
37595
39341
82859
88131
29126
84127
49451
35352
97358
78486
6942
85921
88814
76877
47992
60429
97719
16005
27073
60175
40924
93707
62269
19291
554
44037
28205
77885
28661
85246
59087
48823
3630
32619
76352
92565
84465
54521
24737
1421
15290
79285
75575
41368
87383
45016
31852
94952
10649
8781
39124
55622
54564
90753
87946
14985
39558
75237
96184
58452
98404
62466
13333
79724
31888
42555
10153
71476
99543
59480
31533
54504
14999
26868
41485
43187
29933
46500
91215
49613
14796
53921
72589
35988
7274
53525
6077
88997
22740
25919
5683
27799
69538
5666
12764
22613
14341
75472
68363
51798
99197
95982
81361
15227
20807
31333
27205
9252
99732
18661
56739
74927
85205
77493
31473
90094
35921
7579
30652
40835
10489
32068
32257
57915
94835
63761
58471
18917
83122
8799
87306
71438
13351
58673
84819
60026
82417
86716
8130
30848
27727
51023
93870
1570
14422
74748
1539
57768
36927
12520
33930
80504
20632
2155
43494
16916
17082
98979
58714
41233
25466
12092
11017
2223
67065
91412
11701
62777
59094
18990
99753
28891
23492
8790
78226
4507
83926
56619
56296
59894
87222
1582
16874
21400
5077
17286
76167
84535
14076
23181
39577
3020
65313
23322
95756
29743
13142
88396
54365
69070
22332
46479
25597
7849
69717
59278
91445
66349
22166
18614
60899
72620
3835
1443
82658
17013
93812
233
68776
90933
39709
95457
61448
51018
96780
26030
70776
33792
94403
62763
16014
68842
96774
69363
98883
71198
47238
30540
77401
61645
52700
99728
94425
89437
11601
61498
24245
12198
4698
31626
74956
35141
88513
17173
1387
20576
86174
79852
86481
23831
30276
44646
331
54499
54200
89837
5022
36462
89021
25763
53476
24046
30827
16590
73837
9183
85982
97959
86118
18108
4266
71483
83223
73978
70763
57468
26855
57345
9531
35559
49658
7752
18589
99538
11578
59148
62135
77714
61363
77196
13724
82438
80312
68996
37607
49252
88772
93669
47396
29182
19963
91021
65128
75089
70415
92488
27393
94442
49790
83650
89511
5364
80696
17543
94386
57858
86846
98554
67269
99381
28710
48206
39176
56491
88507
46468
76852
73285
94625
89602
36328
60404
98135
98348
59928
65151
74037
28514
24645
15731
73941
16758
87943
30311
23278
82728
20294
32138
73371
74976
69993
73964
51034
19463
77317
53062
96496
51106
98679
8934
30921
32715
21709
43355
37438
70286
68255
32890
65615
78782
52059
56779
57136
29938
44894
90355
59713
97183
66622
27166
21652
52018
13604
96616
96019
62442
37975
27529
1722
46064
56851
32923
63392
65237
55481
83401
49875
58790
1856
42582
79425
89934
18441
43782
28435
16360
57040
76941
96980
46303
57598
57874
90927
42309
1116
87136
7446
61516
17890
86025
30303
9668
10925
23671
20521
73938
78670
56145
1820
96649
77407
99622
89390
263
34801
59865
42242
79439
22690
39081
56524
64030
40042
40059
68559
31596
57556
87462
25703
8578
14921
90779
25378
30354
29479
36463
84616
86807
88113
22503
14620
80234
93121
91231
8667
989
27993
85111
1762
24120
87734
30298
85708
99279
1829
72492
69080
64732
3504
70031
18249
26494
74673
28466
12199
38893
68967
28375
11938
57592
91174
51359
95639
37885
30889
54197
53740
9861
8611
19571
68469
94746
27442
90709
54777
44933
12789
46584
98094
37256
43316
44078
96448
88373
15134
68930
67313
41737
22832
80450
58299
12745
86513
7981
6961
20087
66043
31611
65796
69969
34995
4035
26464
93734
80122
99149
79254
78133
48092
88949
61237
97925
95397
56440
26002
51195
83731
35967
50022
7995
78951
2341
64534
15166
63669
51910
29934
58923
20891
9478
78375
24405
82447
3643
47304
30482
31088
95032
5832
26644
66783
22710
39889
73189
53510
73953
89152
54435
55926
3069
50505
37398
12751
15956
49336
57642
32472
29533
54802
65678
3854
40425
44186
32487
8537
54669
11599
22161
17690
15527
45714
15700
25633
8880
59110
51679
24732
25757
91440
27395
37289
32049
20350
69326
23244
8994
29252
93219
85724
14502
31585
15955
47095
79994
55360
14650
7286
28878
12859
51768
97212
8145
51321
40938
29896
70005
91512
41572
83977
61791
69286
48942
70641
38509
19753
87288
21090
31012
44159
91483
42661
90004
25919
21998
44218
62858
92062
84194
92138
55379
85390
30906
57848
89448
56801
54506
50198
66843
86059
73515
32211
3899
93061
81367
46674
18439
77934
15400
26870
59373
26252
15432
42041
11582
23568
74292
70108
55152
48184
13362
84153
63823
49038
56300
56084
77281
65677
75368
63760
51636
30915
21701
60541
96775
54642
23956
23407
14226
55761
77616
35851
58674
94640
60732
65050
48277
56249
6840
19072
14014
48913
66144
96294
50518
8797
65377
62547
5616
98530
49271
92569
94550
94053
74280
67052
67861
64913
73367
59822
78274
70646
28839
45797
93703
6030
79084
9741
16910
55996
11599
72298
76073
49166
30814
22934
65884
73153
71117
54393
94664
38755
81965
84119
1172
14259
54631
24803
38042
4932
3734
13041
74155
90945
36190
328
68576
203
14924
60694
65758
18270
80364
1854
82085
36466
22977
41805
75765
43644
65157
63339
87262
38356
54781
38156
88706
33426
39127
59174
55753
3410
69923
15101
28193
58038
64875
93433
35760
50635
26225
42905
63928
75363
42979
54945
66981
53057
86461
55759
58550
88564
30972
88460
56869
91002
29818
74109
34997
32070
80491
88953
18359
82301
81459
78677
14809
30746
10433
58715
14924
9905
85932
56442
58384
9360
65705
21878
86078
2337
97414
94144
45329
40716
58022
48288
65490
77689
21146
99246
51647
57076
74808
44065
96824
81545
66906
67935
77829
2703
57589
36146
16263
11201
16564
9788
54906
97415
66033
71713
37507
56275
33552
6819
61276
59175
568
12139
60505
81556
90191
46435
1046
32542
83185
97985
479
66395
56076
78205
3803
45850
32666
21667
71766
62720
89084
52196
32106
92813
85776
67847
89993
69181
46607
83197
26410
17003
4742
21682
19533
9904
72558
81823
66413
32041
15306
25853
45089
81175
54589
2804
92910
77823
80709
28881
20013
83698
54936
53782
44788
3751
95065
85867
88612
88675
67223
63922
24879
3899
62051
28216
19747
83472
61739
63879
83992
50330
34936
44569
73586
71168
3552
19368
3890
84386
90889
84544
37279
31450
93307
33685
11309
78967
25697
45937
488
22057
94812
61222
49983
1979
49379
98177
36975
32921
9786
23295
95563
69171
92718
43994
18469
47162
31595
34396
11036
2248
26490
85205
16514
71932
73307
56103
75816
38274
47962
61917
38472
3665
38097
4604
68654
45678
77178
38130
87493
64463
99343
94251
95802
6265
48225
52963
65935
20010
39185
96373
16958
22323
3181
53042
61799
4829
31370
3310
50712
42637
46011
74196
22873
81154
40620
64409
43441
54778
91453
53390
46776
30805
99934
66543
32665
41937
1060
10872
25187
28788
11781
79672
30254
38920
24693
71101
81637
86881
62
36687
35891
11034
20341
46425
23054
53694
4095
95041
8539
66018
51232
58841
47420
38543
30203
21774
20861
45277
96747
88542
1367
20731
97980
11879
64350
33836
63015
52314
61230
5963
46441
141
52781
9583
68703
98800
2492
80041
35103
12664
85088
5130
59830
43511
70375
28162
18874
90413
41049
59811
92619
3960
59197
75716
30955
31654
33956
71777
81526
84139
4662
53408
83840
76942
2328
87438
48842
3358
61943
36648
2209
56098
19700
93942
53363
30733
27915
88593
57198
11152
50241
76038
76471
48938
53769
31570
85956
40955
23635
50829
37239
27126
85011
16259
91319
58132
23337
17661
15884
48517
2418
31167
49111
47586
60363
26826
93996
81374
12893
97217
15533
41947
14409
59721
99940
45240
2992
4874
10044
40616
53984
46002
22204
70846
823
49529
4642
78820
40149
84863
27096
18475
33442
64113
56598
55005
88281
18698
55028
41710
17712
8886
67753
26193
34053
18002
99237
13511
43526
45295
38823
25714
1693
7830
4156
11047
22294
35685
67765
33346
12559
28759
70339
39956
4891
29570
40402
4887
23570
36826
76127
97890
39705
70387
30743
57751
24681
72196
24942
51546
97567
36358
38233
96989
86400
35803
55368
65942
43814
38604
21251
43858
5899
18155
59904
92866
33168
82295
45022
45940
83115
38782
75810
44221
54348
2173
11723
70290
57546
33826
46580
29141
35694
62450
96869
81100
44123
76039
11574
66542
44441
64881
51202
20343
47005
62590
23332
41147
65430
25620
46416
61495
97815
45146
19600
41699
42172
21879
36057
56291
89883
5586
33546
39453
19752
87672
77953
3429
31012
77437
73818
595
69219
1369
75108
59606
20473
21715
4674
23746
40033
82108
46875
36229
65642
81874
96382
55768
67166
65925
17493
95921
2575
99991
23397
50581
92737
19164
70880
33226
84750
68288
20231
46922
53018
41832
88223
37587
45140
19632
26030
36860
19621
86900
95122
68034
94904
77546
28415
17025
90630
5741
76179
31902
80156
84853
37560
99201
12236
49569
55253
66848
14381
27862
60753
48886
65200
91713
46853
36850
96512
38712
16477
88876
67605
45567
84139
86994
3445
28391
62503
81281
89351
45712
29927
19663
63638
30095
49815
82533
62
33035
60726
81451
64150
45730
70957
43675
64121
29320
63116
69303
72947
71215
30082
32118
80933
31010
21368
68569
38869
18187
58347
57852
56406
46581
35141
7144
78383
12203
49367
8710
842
22111
57557
77710
54811
90535
15982
79773
35979
26882
67430
52325
5888
81209
49553
34590
2731
63104
29486
35642
54701
56891
90750
40983
91814
14205
17345
40813
69404
89196
9515
96423
75045
23713
61223
78542
35442
99211
88168
41185
14552
11667
18952
60001
19515
91578
29919
42985
22040
60094
68610
74906
44048
90491
85493
23956
73933
33903
2318
84994
77106
14998
52808
16620
99075
83284
98560
94831
10830
46705
85744
94442
16116
19678
49158
29647
63384
97686
25952
20282
51555
5439
87174
21981
74482
60400
47043
67289
71645
82733
67649
14570
5988
75277
99777
32538
34391
51548
6196
85525
26530
81437
86969
22236
71604
58599
67828
45331
10827
57073
94215
74613
47166
53704
30735
46407
49607
23388
92893
554
4586
5595
96783
8426
97318
46325
50635
14483
69111
48639
6871
15556
2469
92211
65336
18203
8524
10484
89605
72912
17769
73103
11560
97310
85374
17308
77553
87132
22787
31749
59606
90857
60521
87518
20778
12486
63948
73522
52440
22141
46868
10814
50749
26367
69480
60982
18464
46316
62832
10982
2831
57611
76229
1812
68247
88442
66167
45152
97503
38815
86618
92237
80898
17916
91566
2329
9735
89025
78154
58376
28159
59740
17221
16319
34618
18731
38048
76012
3462
65202
91507
21155
60837
89448
13778
21892
61161
11660
42940
45624
41551
23221
79969
21721
6614
44711
87693
44945
72058
2881
70676
30555
27665
98739
89660
28422
55266
50060
4578
49112
85981
82482
45898
21103
31866
31211
87686
93283
12594
20184
57762
87015
1716
91298
5354
26894
61029
78380
96377
72746
1495
57448
19263
12143
56997
24325
94702
50294
69672
27654
40801
11518
79385
55790
98600
32654
4164
81592
23125
29845
52645
91971
54621
75025
1601
30474
80235
814
5571
10353
81159
61383
81074
87707
60990
50536
60364
63897
44814
48020
25858
96317
18832
61026
64911
27596
12867
80226
16981
98962
17137
44286
47318
56144
34496
5787
41068
752
16887
8927
91813
15897
30122
87916
3999
33854
95973
8970
51484
43120
71601
34500
67842
60276
35717
56936
83698
86575
16493
29810
12162
11262
64655
37986
22937
43075
84640
16105
56999
43321
67010
8259
22655
80072
54232
46623
33202
57492
84040
27578
10248
71152
46475
54184
74781
79344
24564
82612
60758
81020
67290
49760
48127
55712
19460
48613
99779
76672
66032
23678
34439
50665
78560
39744
65411
48515
99106
39297
10558
52898
94427
7482
14245
69788
26639
97895
59751
33973
67055
35723
35408
7862
23039
67952
14304
33564
60835
77228
76744
8556
62469
80895
19360
27428
70150
4665
24040
75693
32191
32824
39353
19084
1266
16367
84678
17304
914
65635
19061
97255
39724
75407
87156
71969
37616
97927
58905
80213
46112
2105
88763
7018
51347
4143
16390
27245
62950
95985
99743
96106
92417
25832
53
43286
83042
31549
50784
50697
79112
26784
73913
92169
27005
58757
4533
2817
94304
95976
84446
68592
32431
59473
82544
24350
36078
63859
84397
98570
68534
13806
41534
72830
15261
29780
72039
27012
16893
90057
63238
35442
28420
48419
80839
41312
90072
68817
14791
25083
63397
5464
40259
91441
2628
27321
65052
18957
83849
84686
37161
6461
81385
88531
1529
91022
87590
28321
54052
27289
91353
94453
89580
22583
89819
48048
32597
65392
98672
1079
5598
4849
17104
46555
50044
95100
96819
72339
4914
4889
43257
24613
90958
45131
9107
33444
98434
75933
77905
67442
25182
2107
50409
36359
62407
60764
23265
52842
62422
94333
84153
21372
9487
80554
99576
60468
32636
43125
7857
71012
88326
72521
49041
78683
82640
28343
45672
43364
83888
88591
61778
21996
22826
42124
72353
48673
89450
60998
81961
15989
36862
7019
91975
67778
94766
36839
37871
50087
10649
13183
88145
42897
93293
54878
23046
45333
85570
86919
11293
51641
2516
66121
24573
11250
41052
21040
43478
6312
85610
65432
19176
19414
72096
18237
71759
22062
72014
99630
93578
73210
14213
40127
87622
5212
40378
28638
96876
17302
30650
93149
18980
86054
52964
85006
41125
74473
98760
64941
21274
70113
99578
3447
2130
4689
86002
79800
30339
61605
70563
35746
17020
17678
3413
45177
81094
92459
5186
31852
79831
20707
56010
57726
60563
99407
77236
54530
65406
11893
60961
93125
88707
1262
95118
82565
11258
4777
6406
92384
26137
60713
83393
93863
82362
94569
67582
91153
79557
13696
78424
63500
15834
25856
80040
75598
33853
13496
83702
2345
84574
67449
60669
41437
32579
96885
43291
72360
64789
36675
86161
82489
91940
90687
63773
50018
35992
13263
63410
42059
83701
74849
69457
65186
1993
73520
3078
38672
21974
25189
98433
70088
28279
78809
61327
58969
80272
65337
71220
82915
26806
80418
85095
8358
13464
36556
72075
74325
11337
74563
28038
99658
17643
69488
73791
39379
28858
23895
32441
81098
66674
87514
66534
66530
93309
52826
85258
19965
25981
6301
3566
40059
38739
49803
13500
12780
40105
77970
29054
73319
58850
62058
81902
58867
88476
22067
2297
44130
51487
37370
17877
97054
24613
56635
83707
20091
92678
6368
46179
25452
33566
79655
25948
89746
5405
84065
56964
2959
82284
37719
31882
35257
5943
20711
55613
74730
76987
30445
88817
11763
11149
77981
79534
18161
33988
13836
41332
83224
1796
99886
51503
71020
10664
62777
95794
44494
84363
16809
13683
66579
57331
27102
60292
32817
66683
29919
22953
50098
56092
26273
45051
76747
7959
46787
28120
65287
609
49617
20004
21692
78155
70952
41408
71615
10349
12985
53125
64627
80751
60231
78525
25628
23860
91626
14655
30642
65091
82038
10725
31121
53011
89397
8299
41997
91442
58065
26630
78211
90546
77518
33087
39371
12689
25940
28523
81417
20419
69354
64296
94147
80030
88605
23222
28301
81026
6401
74991
15680
59139
89967
60004
90729
41044
41740
22006
56253
49202
10826
31694
85098
11402
24519
45754
53353
20040
98963
78148
60048
63869
57776
83920
15076
684
2482
59793
13259
70737
35365
91913
50623
25518
32910
84380
7359
11572
97098
7279
46240
80810
50322
54467
768
32861
65632
80520
22811
13348
18027
68959
97366
19695
39182
13264
9241
19404
39304
78084
77370
30293
40220
18624
48244
47001
62008
30527
27895
35397
8658
52747
76248
20751
12303
70328
11945
61279
57085
51101
77220
65115
89376
79792
17313
22189
6282
29660
52998
99891
68515
19361
66750
15266
40617
20137
3426
78808
64272
48354
42196
60925
86890
75261
97099
81173
88066
17314
95081
22725
75331
62638
14696
85279
56341
89610
9522
80555
58055
26857
52112
77780
31208
74974
69402
69037
2031
92727
13390
13790
19099
16314
76444
99791
31509
35418
4285
74511
6866
21334
35619
81825
40180
54702
66988
5508
90863
19907
3504
26078
93833
44618
11450
12708
15195
37421
340
49992
27732
27902
19130
95808
27549
59929
99953
45551
37591
7573
34544
88626
71808
97542
63484
50825
78357
67282
50930
95168
10450
73933
23422
46904
79476
25620
93896
18519
5439
40003
70062
70793
62075
84723
6124
48274
36089
23604
30680
18193
77396
898
91754
12882
29459
11207
57304
70928
106
11181
53856
83492
13344
51070
50847
84975
67724
10650
63135
54945
39097
69012
94573
60707
14248
73930
89767
67239
49460
37535
5140
39817
41872
38710
74766
62018
76589
29197
13915
202
21880
12340
5466
46151
53600
43560
84472
2326
27125
12049
68482
68501
86860
48148
25236
58250
7807
85013
76432
64244
21649
19661
32555
36140
94351
70596
52801
20151
35218
67436
53897
69995
81953
11514
30818
83547
99764
20960
91437
74945
88659
41803
9813
92967
18780
24407
18281
92307
3492
74154
45738
69932
17749
23668
44223
18221
27317
42817
10086
98917
46567
92504
76037
68039
34827
86931
60862
45269
35360
51675
90209
59781
84586
85183
48316
31789
81935
31857
54958
28144
47835
27805
73849
9444
6755
5671
94421
57311
53382
85152
17921
97503
15055
39332
13236
8307
91384
34196
5842
62633
61225
75723
72250
20116
6878
10782
77212
1945
46214
20405
7016
50967
9512
3489
90561
67504
5120
86009
23825
58168
64742
23317
63414
80602
93231
46566
88282
89185
52302
65392
33408
94666
3155
98245
40762
89507
88691
44351
40184
90560
11016
27865
81754
47066
8783
15434
34023
27172
20431
46080
7158
39948
24953
22293
71050
19881
94731
75312
22010
7591
89103
52859
80686
65837
39649
68829
55526
30567
7309
28083
11668
93109
96406
20783
12394
58991
52916
46477
51822
65587
45845
38510
14314
33805
82019
40755
11743
89857
50054
98392
72154
46936
14689
22986
1855
869
375
63334
92930
14067
26480
61936
2836
76941
46135
9389
64506
34537
13755
84669
16058
21490
69109
65080
21103
18896
28265
49124
75803
78230
41317
69200
10108
68200
23526
29265
15095
65767
70266
71670
61137
9243
25633
93929
67805
46524
98765
47653
85871
84348
27624
57231
21263
21620
1524
690
33482
11562
65165
58715
64194
14140
77931
12013
61093
91212
50244
24418
39771
75111
13390
15104
17881
29011
70370
45299
33650
32117
52412
58412
37805
67933
53727
38262
10770
11599
19605
17776
63294
92910
33204
14508
74519
29126
4092
44740
47641
13622
67069
79091
94606
70969
16918
91543
74204
49904
51608
35585
63352
80173
48553
10902
88152
37342
22180
2854
51334
43796
95869
9606
15601
2160
12098
64428
78270
54249
10718
35687
49307
21980
48727
99608
4340
68080
9591
66705
15294
57988
84231
53256
44433
36344
375
72407
53043
58325
58779
20372
5391
89818
38544
28488
43877
72164
35100
61422
70779
62488
30130
94667
12881
36720
74293
57700
52913
5249
94612
40416
78341
67621
5204
33819
41347
75497
87371
28675
14788
23733
28328
30611
35218
40787
89585
71914
2335
47038
59204
56519
47026
69321
20735
3
13405
200
2170
72139
75946
93823
44466
77049
94644
13350
16737
79694
91793
44469
65545
62094
41357
28050
93072
40888
17298
99540
66212
3744
80579
74674
14847
42922
35688
91149
30662
56101
82052
67831
92716
65858
67042
41567
61108
11088
39694
36667
79859
52982
50432
2768
5492
65932
45522
66880
69557
87766
26963
27920
56974
84957
53621
79477
44210
72844
38912
61915
87886
56100
35753
56722
38574
60508
72445
6325
41471
16825
63864
25784
49263
46470
25586
39533
49872
32688
31129
46611
18844
39841
31354
51388
14163
28759
63288
30106
37247
43616
17759
11333
2009
7795
55442
13771
95492
28270
36000
6836
99542
4136
31061
82961
27735
58355
30637
39393
47811
62160
46308
86336
35145
28686
99817
20620
33462
61472
47697
69204
72684
38298
61351
30240
74283
31944
33345
59511
2610
15691
63278
32529
22686
25553
37995
97690
80113
47088
61109
42816
39502
74430
20056
82777
49569
39088
93702
61235
97244
5901
71300
19897
38491
53807
56414
34047
53897
21941
54427
459
1340
41127
85067
41280
35483
62248
25052
61896
95743
71697
37388
4413
7063
62704
60473
61812
1478
43804
71701
98758
3208
43443
66517
74397
8274
32594
40520
27767
35190
61424
24868
33562
80197
29623
9211
90741
14160
54016
84141
58286
30599
12235
54904
11149
84386
51064
99883
47716
55774
13957
90936
39001
23966
9348
28775
55602
31731
81847
17351
20092
70327
68651
23999
53752
32691
57870
53571
59523
75841
89935
41794
74368
32491
28529
1820
84035
22546
21003
85265
51709
89675
92191
39957
23679
37508
35925
37600
46349
46436
63539
77697
40930
84528
98811
83154
51705
41161
81889
34630
14526
85683
12199
55583
73266
72977
62584
33245
70549
63276
81245
52049
74451
58131
37695
51119
70382
3067
79834
31106
42595
85448
37401
96921
36924
45124
74996
87967
16593
59211
45859
88168
70012
85994
11454
18504
71960
18972
44691
45662
40661
31507
4450
4845
17146
28728
21400
81354
28023
73290
11782
10321
21415
60962
43934
38163
74206
31287
73322
93131
45397
34557
39081
25454
29295
63369
4486
62208
27270
9167
48854
42467
4407
56108
5326
67082
84583
60640
9407
15723
96529
6515
41263
91251
34829
5432
36565
15668
68190
21102
56849
75065
55319
81411
81253
25275
28875
35924
66932
31724
63857
17328
80854
32432
14832
58747
38453
74059
65965
22253
9159
45013
76462
44282
87336
6890
18441
23309
23027
80191
69646
35917
45405
47983
88301
58690
26958
10547
85318
62192
68476
11856
40780
7810
64678
70217
63540
69058
21162
80181
74976
18245
91268
47884
86658
88964
51748
40636
7663
36740
90475
15480
28770
47319
85153
34223
18634
66940
29269
91578
97394
86465
77522
57775
45610
41481
49019
93331
92439
77128
5059
11501
33044
53451
74091
28821
77218
66740
52569
7755
21588
38115
86993
71299
31888
74097
52179
81630
99842
98262
55280
15925
59779
89450
84714
40815
59809
92104
26600
4913
79852
44975
10963
48789
28189
9954
80175
13459
10498
88815
94745
35547
85258
38445
37786
44005
83434
11006
24997
35200
34794
74132
97235
44647
23215
9968
32408
4114
33413
64069
55329
18376
46600
4411
10605
57809
719
91792
42885
95946
19222
63385
86713
58866
3239
4358
50457
8129
91396
82115
56493
72121
17780
17978
48145
73524
29736
19126
8272
62397
168
84099
45115
80570
99966
64849
53510
80935
73695
66520
83008
47454
85425
56789
6510
97970
89822
43762
91458
44572
85460
87587
12893
91084
46997
64717
74910
64321
57890
34721
64965
95251
95
63494
95561
73165
48579
56533
26163
75961
4575
58045
19189
42132
27336
40007
32170
33504
32291
10933
31498
39928
53068
62467
99594
99582
61826
92463
92399
49936
83282
37172
53005
4666
77087
18002
48384
10789
57067
18314
56358
52748
38245
85381
48343
93263
41679
33396
90818
14752
10826
92978
62117
96891
22656
28902
84840
18995
66862
85541
78423
53383
76140
58388
79706
94996
16635
72683
74355
50084
554
69909
31604
69636
10148
5491
8954
39571
37561
34880
68266
81366
53351
3151
50406
64840
52230
23889
42955
7791
80749
74388
60746
62410
17988
74053
97666
86374
74951
26293
25911
77296
97299
28697
79057
80517
34448
65579
83539
10917
42139
50158
55541
52965
28783
68111
30305
83396
95920
40584
62727
2517
69875
4862
30525
36187
69805
16010
19319
50548
31863
49716
7935
75948
4699
94650
95984
7090
95133
59473
14805
27783
79625
53539
57817
97619
89685
72982
81098
95217
94130
92302
44528
38539
41461
49864
20228
65760
10236
91847
79278
29218
35103
11212
61375
87516
93429
14398
5287
45424
2016
13577
28276
41791
7606
34434
52841
17250
42636
51305
60726
39061
56129
42919
58809
61523
23397
86839
31889
33853
59877
86209
35323
7507
53907
35713
68812
21381
54134
9638
47081
81347
18859
24087
19557
48369
26711
92720
15544
81110
45994
49130
8057
61140
68113
25368
60632
33138
17945
64749
77018
12084
71835
91323
6482
6412
34696
89047
52729
4938
62130
39417
58857
56495
70868
72831
13468
56799
78399
34224
6620
57941
2659
1310
50918
90384
93718
24645
18400
74667
40292
20592
15891
90251
30387
50074
78695
93905
39025
99986
81274
33935
27484
57560
44541
59543
93486
63557
55115
63247
52579
615
61863
28897
51305
45449
84977
33903
47171
34449
29444
92260
52985
70914
61327
77605
61184
75458
96622
82310
81730
87094
17668
64857
68521
18442
66711
35393
93261
85901
91080
64804
30519
81176
94542
84703
96017
86415
36366
48916
97261
29280
17113
54559
65103
50985
94434
68902
84151
71894
45050
95278
82159
90696
89674
21994
37997
67217
56653
52239
97189
83451
11463
62051
90415
26280
98533
18035
56400
27444
84466
22308
7464
90039
47412
19265
92695
45319
48609
64211
30764
12795
61729
2799
35724
78826
90145
46568
70811
56369
16753
53894
66954
98547
36763
35343
79070
75451
33664
18369
86905
70045
81009
41121
21351
65210
61735
95726
69510
16802
87263
22671
16595
85396
25334
45931
29357
70881
95740
46071
69928
64975
8024
86345
19889
53881
47384
56780
80825
54419
6163
76524
16640
66028
31230
54321
55231
83660
45511
38217
53585
10813
17105
35422
47423
93734
22028
74855
79175
22673
67664
81881
81128
78862
29974
42270
92813
30961
88787
63326
52595
21367
4274
28154
43929
50918
22285
60088
1475
19378
29288
60792
63979
23355
93258
48836
29668
63476
58232
29478
93804
59999
35984
11828
2190
55251
32767
48967
67313
32544
6687
80074
56161
45673
76145
88685
14872
98671
93587
31544
4488
93359
7486
13629
15272
46082
61822
25158
81688
3011
50094
49710
10866
73613
82320
50892
68335
48290
41863
3177
86963
23688
39665
37362
5623
21389
60996
92618
7601
57772
23587
4503
63714
90952
42428
17436
16796
6133
45218
615
65741
80854
6339
11937
26412
30016
26245
19555
70207
88254
96705
20392
66791
78798
72636
88989
46696
64169
33630
42516
2425
41343
58481
85400
27524
36480
53336
73819
49499
50168
28489
66475
2584
48626
91593
60580
28334
61885
6274
65023
13521
1516
34595
61863
14815
17974
67860
58860
67530
55486
14805
78705
6723
31342
8306
37599
65092
46844
17637
50045
76729
26991
39336
65815
77804
25626
99445
33147
24620
54182
48220
31715
47738
35119
74144
59756
43952
36773
40462
70501
90414
92338
96827
9603
63842
22299
97529
22481
9011
76992
32086
58021
16299
92349
49234
74862
92414
28979
36794
47657
10171
62753
97318
6515
50862
24011
74731
87289
12335
57981
89469
54059
29611
80457
35013
9935
34988
26316
86811
67953
61448
13550
31489
73080
30115
14216
64507
71124
23426
1856
52526
32628
26573
44944
19476
96948
66912
11941
13785
10675
88591
56675
97270
38050
62771
83942
38023
99704
32405
70435
203
91747
71029
71021
99928
97914
71319
18483
87544
35149
65163
18086
46660
70366
58552
2585
48059
35048
15877
96769
72767
51453
94596
80252
46220
18607
35770
69358
56758
5508
9199
86086
85150
68492
73263
41791
43376
99022
1818
16898
6332
53534
9486
68489
69103
48236
61743
77246
19918
77686
58225
96738
73679
30621
73186
52426
70963
95220
46550
37060
70244
51669
80335
41847
48999
86159
18057
30472
18333
71962
52864
26361
15772
42986
8639
74540
51717
57825
23366
1253
87778
1759
62711
61293
77118
25045
67933
25043
48032
2232
46009
18061
24805
21136
4042
2876
61018
29936
77112
56525
21843
28160
52254
68572
36491
20917
77010
49171
64568
34787
21521
2865
5514
46793
79692
97189
27072
71082
42345
81145
50086
39516
52504
37996
82799
9721
43443
48120
78092
35347
22064
77682
74022
96069
12806
46575
49085
17220
26458
35843
52669
79284
84677
20037
57082
15927
52323
91983
75497
45888
80315
322
55674
64326
83398
44742
42869
31860
86718
83374
90640
72573
98852
12474
74538
74700
36526
1654
40327
48922
55019
78400
96905
86297
49780
64583
58343
42541
31377
5647
22828
97818
24101
60848
41871
2457
63736
76094
18827
90788
67615
92004
4794
65425
7433
85450
20787
19739
14632
94293
33980
66843
87419
18253
59214
52758
20564
80442
35236
66224
62538
70248
32607
5470
93565
18569
30554
65849
39394
36377
91940
14702
40714
1629
28447
25171
10419
53253
32724
31092
77866
1968
31697
50667
52603
38703
48193
47374
6232
17762
42150
56130
59074
61534
51349
14734
93878
40816
33901
60586
49111
80411
87254
4502
26228
53885
80979
33479
61525
87983
23043
7612
87944
6412
73113
26959
78498
3881
1654
57287
96820
19330
56640
61930
67116
29526
31457
59215
22724
68008
6367
15793
15468
73703
5075
20480
76847
39207
84840
60338
66724
57774
6706
35959
66708
81355
38729
15466
40130
46720
27968
44579
15164
4576
28806
10249
77949
80883
28569
73125
11260
26519
59393
68337
98516
76353
80272
42224
43057
69281
33652
29207
79668
13699
72183
44745
50083
2450
88340
51200
10512
47767
93301
83399
9316
49567
61741
63301
87624
73114
85583
54835
84688
23936
17194
72207
66469
54126
43905
51113
82509
96270
93099
49850
11576
8501
44868
96597
26890
57669
76846
34806
97600
48563
16680
54102
36033
99171
26504
6657
50754
42319
87352
88318
74838
42759
35275
43565
78097
78642
29019
6160
82327
89842
74560
83936
97413
54342
90190
92672
4347
30825
87372
40462
63877
23159
32972
36246
66469
40624
89932
64609
65279
77365
56776
778
13985
98255
43674
97777
67724
38384
64304
22313
90883
89905
12615
41836
87215
96026
14569
82382
56556
85568
76353
35726
70388
49608
25335
74953
4966
25610
98988
79273
53299
93009
52371
25339
84453
33118
85642
23999
40043
57068
77332
25752
80741
2671
97045
65026
62889
39606
85929
52867
19792
20623
68641
26202
17857
88649
43803
78836
57079
37397
39581
99038
20049
390
74541
20053
33110
88855
64688
17145
2114
19052
85661
64480
37426
7024
72221
88742
65704
45501
3010
89090
85243
27387
64577
63092
61311
98847
78893
7643
14476
75669
70162
16291
10830
9176
89674
55483
88808
64926
87071
80133
70597
5873
30206
59430
46653
84088
13012
57533
78176
13492
84232
15569
36674
69702
97076
90050
72739
89742
50273
93346
5433
31694
82623
79901
13373
10733
46590
93203
62959
21911
12652
99846
34407
39841
14731
78158
21849
44523
80653
35530
85828
79391
5359
6834
72951
11285
84335
71144
60896
11449
37868
12
94899
52260
99609
22382
88979
76582
92573
83806
4000
21478
1194
78912
