67117
91995
53708
65288
17248
65238
12271
94812
15192
22075
94588
97166
38763
78593
12443
52395
86064
97137
14083
19545
75261
8118
71655
27837
32914
30785
81836
50567
69742
71261
36699
81339
93567
68841
87729
34716
57784
78967
78227
72342
30938
96161
20159
78824
63093
24291
20734
50509
97064
94136
69878
10310
51972
84724
73244
87173
54734
12411
16775
73336
86532
99965
46111
72848
53783
8687
74451
79278
33494
3463
88042
92105
73899
61524
93778
91614
7967
80791
35989
97268
8056
94754
64937
20074
15043
60843
52678
33056
46317
84876
58162
16319
52427
28539
67000
26886
13881
13697
99416
20050
415
44186
61239
7497
75696
10248
8247
90115
65356
49843
50690
6357
58470
50849
22752
76827
63487
13070
79176
97985
86641
56584
10418
51887
88008
68042
56267
8527
88554
77395
99202
65660
91384
74594
19967
92425
17996
76465
76755
67050
83202
57387
55691
53027
39155
10538
29470
21388
81917
54833
70
48093
36926
57059
21163
21212
22527
76095
82651
81696
33550
58681
65270
19264
49379
78357
26821
85278
30756
93922
78986
79017
57220
43377
13811
96083
1638
56465
65736
43217
32223
94569
2756
25736
17081
49297
11425
66458
1716
33069
9484
58348
58088
96230
57495
20467
33125
51719
90029
38235
96795
24049
72512
76884
61238
74587
21790
82489
27393
26442
22914
52894
92203
23081
49511
64565
6566
69061
18136
91389
27052
44872
73186
82952
19164
43472
54763
27528
2179
53131
97947
28213
39126
83761
72920
43069
59771
29117
37009
90888
78856
90985
72560
51335
6211
90150
47122
24569
68104
31061
81939
12346
28041
75781
10018
65160
64720
16905
49844
81683
57919
14933
90100
73152
29081
41877
99224
82554
95609
69290
25262
57750
59520
29570
54870
68385
17356
73843
89385
83240
61220
29363
18359
39523
16912
18551
11279
25759
29765
93926
30391
46344
31327
16762
92123
60879
60838
80690
22594
53469
43283
57335
58844
60660
6700
47433
87671
94366
64555
55428
34417
12117
45917
19157
30504
81326
41734
16595
95949
90819
79489
91292
2327
12059
75717
37357
69012
16023
14052
11677
45786
22492
84717
39318
33788
96825
27985
23793
41560
3028
6403
23470
20237
27701
41592
76397
23370
42542
38285
37900
79073
21125
38024
45917
86778
60000
57207
39170
7684
12204
17461
38120
4134
52266
69003
90110
53780
6135
19411
67920
90301
98262
11799
97988
33409
9500
25144
58928
8736
49367
33195
99126
21102
33212
82429
21598
22914
89324
66488
74766
87021
56866
64125
6472
44392
37531
79889
24704
51463
20258
58133
8505
72650
50328
11981
16507
15953
77981
71746
23474
62607
35549
25698
45222
72984
92154
4101
56435
44340
86705
10091
13444
93590
37740
62241
53681
94341
85860
83619
7058
41817
90896
47899
36159
31330
43278
2951
58406
90722
3181
14681
47879
24187
66069
55256
26383
56931
81491
71875
48752
30580
12581
43094
24249
6592
7358
6757
94199
42945
81687
35429
23400
96591
94995
18890
15703
81674
75404
89195
14809
92343
26047
47842
25571
10920
29489
66031
81478
71860
6557
40540
85608
11974
94971
44827
91776
12144
31086
66444
84718
78560
94954
68283
51157
85387
48063
82246
37109
88230
5479
63324
27593
276
43144
49184
96090
27898
80423
38989
35166
18158
27754
32116
28049
69805
68935
36032
57550
37739
54958
10011
79530
68518
22095
72969
63437
52275
106
71666
14221
21978
1074
28893
43113
93790
2204
12248
672
26036
99722
86261
19723
81717
29134
27950
33277
87950
96573
42792
94198
99669
20691
80373
14558
33238
73532
42195
41700
42699
3174
39699
25907
9162
50913
22676
51406
9048
13871
14990
22952
3675
57614
65962
41378
71886
13151
49934
24770
81517
30770
47191
37900
19696
86032
42559
80128
76181
7972
73342
60464
2390
45191
41100
54043
44377
79304
98340
54571
85414
5108
82212
71080
75187
76327
41042
22295
14907
97999
36185
77298
31726
23000
53937
37285
20098
55802
45180
7938
42919
82396
69804
78306
39159
22691
70882
80281
44332
20827
42289
57108
11980
90688
48833
61298
30176
46601
42224
88956
37762
28562
5842
49891
43061
45957
60057
93300
91726
34629
22833
77594
36047
96022
33698
99024
74933
61580
73080
63297
82215
19118
50911
16254
16143
19046
51335
10235
63461
41801
7687
16071
23847
51581
51038
86535
41253
91052
73269
17422
53016
28740
28417
71930
73683
68200
6212
95693
27953
29654
53267
91174
48270
16725
41874
16157
83218
1627
38299
28664
77416
4153
61437
37004
73516
39012
1633
62931
46371
97089
68008
60710
83909
80140
22737
19191
91221
93924
99318
80974
85233
95255
12726
16158
38148
34469
6702
83811
85401
2131
74528
91259
85899
79535
33813
56894
56599
12091
19006
68283
32019
55704
22838
81328
52600
86320
28612
84005
15610
576
11613
76806
37880
43072
53670
93467
85711
60113
50230
96134
10953
41954
29658
22297
77971
71550
87987
34193
49644
58869
58842
82195
47064
97030
93635
15617
62485
52358
40383
59672
3014
94863
64443
81290
88426
72584
20582
89907
41841
77485
4048
28794
48005
63643
94958
59238
14019
46042
39547
13946
99725
72583
32152
4846
21592
33885
88275
34796
79360
26656
50757
94788
47100
32997
56758
65772
41164
51745
30843
12888
42991
3021
8575
47122
72369
12435
86496
99542
32609
5847
29232
96780
74880
32549
69885
64034
84437
6323
91562
8997
11518
89202
29275
88477
50721
95543
76720
5603
97185
86016
76073
40063
96812
46405
89256
4194
55377
59453
72723
72540
38799
63146
41592
92347
6504
71298
81996
26434
17780
31867
75308
87745
914
68754
3653
99831
2809
16311
44622
4608
61357
11833
41683
22204
73870
45930
63021
30047
59370
8398
23020
31022
37778
16645
42198
24828
98249
86131
56585
53025
5081
39753
25949
22356
3712
99953
61926
29733
51368
37947
98101
71482
8725
1631
35517
66563
79959
27950
26291
80892
2271
43898
33486
98687
33613
95550
95374
75715
99848
69611
35258
73205
63240
78161
71777
53841
47309
91142
68162
31357
47090
99542
57703
6242
13787
97095
65516
97256
70988
57415
24190
77581
60756
97940
53566
39202
85894
4584
47652
72994
92712
17184
63137
21296
41060
72743
15133
44620
58492
81155
2750
11281
1306
71068
34762
73198
49894
52068
10116
28831
62928
61544
28338
71367
26157
90673
40863
13836
4447
86743
60924
6928
42349
86435
13218
59047
63570
74495
27731
55610
37265
75997
83550
73750
49158
85249
21504
98449
6231
36395
70376
80380
69865
48357
52467
80670
48015
21989
438
93394
65469
88991
62267
6686
29852
86315
70914
9582
42646
57038
67304
3598
18160
38024
27973
6497
88728
99897
54287
4832
58579
18608
49436
55666
86169
9042
74725
7972
46717
53827
3239
75078
29252
94741
88739
7106
13719
16106
25636
59097
71860
88775
42912
47644
58974
24183
75800
78884
14708
90392
10010
5998
72127
73063
46406
12855
27589
2595
44973
58543
32027
28800
87125
6493
52280
73739
54521
98319
74532
99765
86093
73788
14671
3518
34271
84697
16990
42175
56698
94196
58848
88979
92004
85104
90751
67811
93927
34845
38481
75245
35245
73875
56110
12240
4324
94443
64444
51575
41953
29018
71719
71903
8289
15339
46028
96935
74218
63544
38164
22963
85776
23429
4798
74333
50995
85465
27541
60569
28422
70969
3233
58370
75210
1539
56089
50438
2425
88164
71446
47532
51391
76246
99522
59133
43459
37050
72847
86870
54371
53262
15557
11208
65469
25931
17299
69578
26346
2173
41799
40828
83876
79296
74776
86744
45257
25043
82048
39735
84504
51132
77032
10046
40375
52472
55067
29411
82359
15005
38716
66783
61231
31886
93428
70162
4774
67898
56451
59758
6029
32849
80792
63713
5736
42180
60123
95266
56460
68472
45384
28151
2788
34342
77590
42529
36078
95539
72917
34853
86786
25287
40183
39415
15347
47820
58821
24613
41038
95013
6322
1405
76063
65832
28108
64572
70099
62298
35566
70612
20888
77477
89075
58681
96865
76536
60230
8553
59078
63195
4437
9974
50152
5294
96451
43569
93745
14045
78812
49108
79098
2946
27011
35211
52198
60215
47592
96128
70188
19350
71733
77603
25138
20335
25479
79730
18260
20357
24154
76458
47460
10501
30941
75978
14476
28388
45125
95713
71791
95188
88766
45172
36749
27395
15387
88909
35653
45073
35758
82850
30133
5355
88308
42369
94204
71017
65224
99094
30369
90048
21879
10617
63309
88164
54355
35063
12659
13598
25953
22811
30063
11046
64622
29208
52844
17534
42110
50549
18400
61482
35205
12342
65906
51439
33070
30372
93180
75847
11736
68600
29355
83198
21857
2121
83171
89165
72603
23599
18112
79473
74267
28211
66199
29190
26064
43989
36314
59813
80976
50233
12507
58327
23790
60304
6280
55221
8840
42846
84692
67582
97821
46893
56759
42260
43772
46126
16203
1843
30615
49671
39799
69455
16886
63229
37161
94153
72776
15423
30652
70701
12661
44940
27130
79947
32111
38051
46458
95920
24742
75397
40522
68737
20570
27465
82120
56468
47947
42268
93706
60331
25261
62450
69918
54125
46904
84622
39179
45698
89947
12777
66486
72490
89968
26274
4161
5691
67563
4419
61741
99126
79020
98796
27201
36677
69268
10239
46499
76243
44596
90791
53634
34151
84000
51205
13462
1183
33635
66808
69056
20837
81196
23368
29611
68848
24646
16848
70708
66842
52230
69414
1029
60345
31581
49096
60252
97949
84333
71108
39531
76229
11897
62691
60025
702
81109
94388
52198
77016
76860
30801
57739
30471
23584
47056
19008
58163
4891
40520
95511
50044
18309
60350
93189
14447
75391
5355
1601
62749
58315
42315
39269
28926
46495
49221
68338
69473
78574
5650
90512
65070
47174
82604
65138
54363
33689
37908
67480
10151
32531
28448
80430
90678
48170
96095
562
98474
32180
45866
7379
24858
69810
76330
3796
43314
24713
83520
43952
60230
69969
46292
37560
46612
70631
97245
24
23317
4829
32969
56055
63904
25489
33579
8701
56508
71963
9343
30607
76703
94176
91994
2549
90759
75780
33138
3613
50548
63484
43495
42937
47393
67234
34638
85763
83837
66785
30520
52128
23466
4399
28195
38178
5553
72635
31901
59080
3040
13628
75088
84000
26370
59337
12270
71341
30713
2215
3866
11460
69114
39165
43184
60431
40133
4899
52659
9236
98079
47385
45554
94608
53166
95188
90549
23069
85616
21203
64842
93107
84568
72432
70790
73451
34695
96241
14106
27326
57123
25886
90516
47372
31510
93486
54415
92248
50694
72762
22488
76816
84940
15635
95997
2475
83763
98575
17268
58187
81359
65662
50182
91906
73400
73050
60983
13553
74818
82365
97650
64716
24857
58222
71093
46585
28766
60915
67894
567
41817
64106
56273
50427
4409
13522
58639
43285
60400
45220
67764
46961
66148
69151
70597
84346
49235
34817
93428
65017
74790
92145
11722
3771
26160
153
90032
35504
96356
99506
954
38127
33457
86967
96049
63448
62619
86075
10075
94482
84662
24247
4328
2098
40161
4604
94236
6493
13085
7622
39860
33572
49129
7473
73783
37551
91164
31781
97531
10389
1597
79629
44720
29350
70370
9190
96141
4555
81156
73555
98069
4070
8347
32493
58309
37939
33499
93847
42110
85136
73227
10639
80969
5017
23421
94337
73740
3595
48399
11381
81479
60587
72445
90665
57931
59007
99937
60858
89912
12377
92617
89755
22385
94293
39890
20360
6975
7192
7142
82741
52926
38135
86512
54047
34088
2234
56088
1892
60028
75189
7263
36270
52075
76246
29656
21930
49247
1470
76257
27127
2824
91974
27486
79194
50564
6755
96496
8815
88425
82371
89814
30649
92850
31543
73600
67354
59717
47531
2252
60383
91293
93904
53312
65843
80665
16923
42114
12500
91744
24807
7191
61954
33487
9429
36054
23923
37504
8788
68936
68387
45432
97979
98239
72425
17422
68018
24144
88709
10739
75889
21934
70678
3042
87136
79973
42952
42214
33854
34575
91626
58594
49918
82390
57629
44545
93803
58279
49353
79995
57612
46511
49194
25568
35490
91413
90951
9220
17550
4820
79043
95079
89999
54259
5228
94624
61513
49442
88145
15781
14754
36819
71697
38106
37351
20371
55342
25331
29771
94084
10529
62472
9391
25752
11335
92020
69084
59212
29496
31209
95821
77438
33688
44565
47978
44781
20775
58217
14000
57292
61427
68491
20652
1570
64493
90074
59974
34945
75065
78809
10458
52416
77407
32059
33249
40919
20766
7049
21486
95959
16512
10546
68533
3556
98697
33712
62054
42609
49769
48275
53463
93558
66065
30220
94303
47471
49986
63256
56159
87988
21056
45703
13659
37233
20710
70504
8550
65665
60020
28019
49724
90092
79299
54418
68776
57274
68280
19181
42502
68882
81527
43920
88995
40244
50735
20955
40512
36240
35731
37799
32342
39553
57641
7632
87315
59401
25723
58915
57954
67305
8172
90533
2633
33373
2820
92573
24012
40883
21548
80095
5390
51270
60469
15318
10456
81659
2770
68877
49106
9463
52454
63387
31631
57275
58712
21769
94853
3773
41251
4800
94553
99556
17418
38740
44761
60672
11976
72007
30691
61539
91302
13627
60164
31712
41382
17592
55898
51167
41628
60982
86042
24985
72925
85864
846
52054
78447
38277
31414
73121
58400
32980
57615
98821
91602
8147
19314
13063
29843
27396
3891
57951
68363
78613
6313
91124
23407
57898
51085
9010
19827
55497
98236
22123
65149
55106
39959
74919
46708
98329
20074
85353
6294
67730
97001
68001
61353
92087
75605
27719
12201
52745
41886
6330
58080
96321
48259
45461
61172
86273
21430
71018
24091
57660
99099
49983
56265
5022
51854
23810
16458
80313
78947
80297
93963
47982
44297
80202
79410
40564
35560
85716
25326
83368
31146
76361
5065
99250
99190
9688
89241
94223
43319
86619
33014
6336
51451
75562
61575
31150
21655
9658
72341
95801
1000
83541
87393
82812
30740
37271
10673
10046
77551
55810
45349
95447
19098
13599
35528
86140
21349
67698
3586
89930
64085
16792
9546
44140
34913
24128
73337
38504
150
34275
38458
97228
53787
76065
79933
7280
28335
82809
44331
47528
88205
8709
88307
48617
74481
26608
35139
26901
89877
6357
41906
75525
16085
77685
99034
96498
6897
95604
228
90783
11120
27537
49180
71815
91904
88225
1635
43966
37756
49894
98818
56359
84391
45553
78108
80722
99125
14993
95421
4559
5673
42934
86383
39348
79289
69703
78443
81382
15374
31484
66572
26055
52071
94489
35519
78013
9500
36008
20054
15803
46624
16114
48860
49166
37760
98777
10596
43718
45545
32981
44730
74431
19238
65705
50811
99339
56230
86721
80320
82717
56188
59627
25748
41109
82400
23631
72647
53731
34419
59628
27164
99194
3744
93296
81821
80658
32989
61651
39182
9978
18673
81329
13183
45848
85296
31458
20986
57630
95457
78072
82397
87147
49440
36756
69858
46043
21312
5126
95801
97901
29704
75455
90679
42895
96414
57268
72359
32935
12226
73841
7519
36096
99761
184
2286
11919
44745
47253
30418
28290
92748
56063
86406
13412
42174
52493
88152
49167
85993
73714
77336
9358
7808
79350
85836
10830
60064
10419
20992
33505
22418
19305
34555
64398
19821
53790
68398
36440
4696
90838
56581
7081
77325
43690
896
8859
62841
83912
32411
32259
84832
67207
1096
15419
62846
28741
77119
57963
74600
4416
94604
42163
81553
63853
66758
29111
75368
5464
96416
54246
11231
29784
68856
63433
21094
13166
95021
56805
38550
7866
20398
3309
21962
54970
69006
88584
68391
59745
98675
97402
74844
10191
81805
17745
94948
5042
80836
53071
89928
62393
85418
30606
89442
48465
62415
25365
69373
99230
36212
29014
27608
65720
11671
25152
22249
32927
55917
40360
95198
33980
64557
33264
35102
31733
32009
73873
59631
59852
35384
16394
19728
28950
26415
66756
90662
57395
78382
70273
78293
23407
35286
3745
65796
53140
17688
56177
16675
6793
74665
34032
23400
69483
63185
33823
96756
1734
58403
29029
2421
52111
44103
62844
56100
99010
8403
78939
74255
41236
44536
59617
71793
87380
26393
27035
13469
11363
22646
12210
80858
90892
60454
39956
45704
35905
81635
21373
20929
916
12063
61986
55162
33935
26869
96409
19240
36657
81947
60072
12960
41990
65811
42985
7191
32033
68864
88599
12616
27160
36725
44249
54100
27901
47209
97223
44931
82868
81447
69661
53352
97589
81602
14395
12707
6912
67910
31926
17857
46840
18345
47615
16446
11678
37217
9838
42090
29131
32943
61099
62984
99689
74520
37368
7795
75119
97845
81374
80796
14359
51424
50739
12431
7101
67727
29541
29940
30134
68189
86854
83825
85354
26339
88531
96652
2096
57510
90499
93517
24197
94858
99305
10050
34281
2373
23589
28957
44374
24622
27533
69272
32765
13844
54803
38553
22463
16042
5556
34256
93381
53952
41565
85309
26076
98989
95993
63918
40400
79752
90363
98406
61092
79286
39109
99226
37708
76286
50515
87701
92103
14361
79719
83771
94364
42245
94034
17546
15823
88280
50203
26140
58912
81361
60911
69609
47393
32554
35877
35978
39890
46249
40652
51832
74139
76566
56436
27443
69317
65096
96630
1598
97653
43736
93697
52680
83494
98039
97666
67269
25570
62843
19311
13435
70301
95412
80528
33529
14254
93789
5002
26785
16746
29583
29546
26471
29246
78383
91402
75441
64713
47879
42371
18590
55285
83089
82351
44131
65488
60464
21881
29168
34411
4601
40420
15474
29870
3183
72660
54289
41045
59245
71869
77145
38188
72475
19047
71703
97986
35364
32379
55673
13421
47550
73388
27576
56282
90312
98244
96177
9231
60882
83626
55662
12959
63990
65357
19140
57640
50404
62256
17142
86573
33787
43730
21782
13067
66452
23992
10283
795
14904
32602
59151
58147
69522
68519
24047
86648
75007
75061
68790
2933
10434
45737
22627
39825
79956
79103
86550
71711
45081
67863
1642
29863
12205
96156
10780
11997
63933
95026
31017
44763
35634
37627
12246
864
45735
56423
52457
11140
38268
8118
41269
8727
13796
91402
1235
36277
28569
37582
31019
31912
19024
31165
17458
8890
83558
76112
2061
13556
63705
45480
13588
83384
47379
27092
89042
94008
16449
91519
36329
58418
48131
8218
80530
75880
10876
48034
5826
10112
73576
76205
99368
72181
36429
83894
62355
27543
94954
71298
73648
98278
93357
84110
63856
72774
89665
32727
97160
56735
82820
27526
34163
27124
57942
27286
38450
58238
4621
69667
19380
15973
80870
14641
82256
28922
73078
5270
97007
70804
10910
34757
25191
64933
83325
55256
66849
62424
13951
25401
51836
10889
66419
14061
1323
5664
9467
77469
3737
10412
14876
83235
58541
57593
20438
99629
83688
74445
58925
35057
78475
57348
12005
57518
50230
82022
39788
54042
82923
84322
31570
40045
74417
5546
19412
39913
79605
16682
29845
85541
50154
68070
38477
62549
18129
88239
77500
60375
55028
64609
74967
89724
39436
85884
41955
272
43010
77917
56352
50888
27026
43897
43644
55144
62764
63157
94505
81135
70773
24293
29640
75359
21034
57919
66212
31564
22500
4027
3964
85633
759
40618
15384
21641
27956
64207
43037
52961
65327
11486
40923
1751
91131
25680
64003
44702
53360
16160
14614
81330
57903
31429
78393
85634
77436
93676
38725
93471
40042
37330
46362
13375
83349
61371
83828
44910
94921
33874
88982
37042
60512
3389
85154
89690
37192
17147
38538
31938
2498
10461
53249
2181
96231
41823
30315
97504
17189
48898
28467
9183
743
22919
28571
23910
16211
57257
5934
57054
87277
97720
73522
21210
62041
64206
61657
50277
27614
96335
75798
17354
61062
86818
61772
73470
29793
26566
94786
17550
55689
17683
42355
99777
97024
49743
96546
14762
90357
96265
47051
25453
61894
53685
30997
45195
16575
61220
32963
61036
11777
6816
41322
8519
53918
10849
60220
62385
64993
8143
56995
17792
61226
68596
50473
31034
38583
20029
32308
77119
38206
24365
22287
35055
99574
35262
59779
73370
50678
38645
37318
259
19253
43616
44970
56944
49137
80943
74997
76912
68075
79853
27024
63817
37615
19161
35481
40157
54033
22949
31828
88632
31091
99978
66494
71897
41571
58246
81537
89146
19265
89075
51620
17022
5311
77445
26586
78423
99105
35744
70939
21233
3171
91764
6383
3678
8506
70870
19014
60958
81138
70332
52165
73194
13911
68116
96572
47773
62736
72226
66835
53761
79493
29332
34977
37874
4993
59043
49119
18832
73362
53992
99441
66950
28845
77721
62852
90194
99951
81119
74198
72977
71135
94101
86030
28008
6191
14143
31820
93425
61504
20260
12923
40448
50149
29418
78339
53905
88544
25357
10203
65041
46985
39483
6364
96453
16974
26863
10193
506
24659
28360
66091
50954
14362
89413
27600
33992
93118
38975
73907
78408
90297
68707
58943
96526
9062
58442
71213
58961
27297
18551
42965
68556
60554
14733
23296
27521
97416
28907
77948
72682
82730
99716
78249
54589
63624
88703
11057
17115
79209
32136
77589
83126
2750
12529
14946
31805
43307
54729
72578
17285
59014
59670
66094
34421
4856
97874
67649
6286
90432
18656
86088
54037
78551
86281
65334
16767
11566
10359
58612
9432
66547
31662
33878
12015
6771
67106
30216
53154
73913
43705
66183
18785
47348
35133
43276
35426
95415
92029
11651
87104
85018
25090
26106
66512
54174
84522
61012
8547
16718
93026
3134
26449
64833
98212
74777
42536
34428
35530
10006
41744
29587
96334
54624
59962
91696
52353
59186
77093
33388
3204
40041
27948
33915
34150
63316
52943
75333
39962
28265
17084
83566
49812
145
97019
38582
10624
55875
84499
34012
62398
86030
58204
31422
37214
1328
48930
96572
24533
50116
71634
61947
39833
62200
5412
31013
59871
63836
73094
44621
27790
46743
16673
56688
44607
67251
91337
55319
57428
96984
6022
48121
97682
20919
23162
73790
25916
98748
52463
25982
93773
71303
60798
72551
93682
47572
47134
5437
45570
91830
27752
91228
79514
26178
54595
68922
6553
78343
17808
38216
18997
82396
69812
44726
61561
80882
80413
83510
86108
31625
97939
82712
83358
37118
33213
6709
45793
46337
98285
94248
2306
47780
34473
49462
10067
26032
95511
89134
28246
1586
67076
50540
60119
86483
5265
66967
86631
44229
13466
11690
44401
66456
35556
39920
51867
43245
88739
91272
8507
33378
25605
86536
15763
26092
33279
81118
58251
13763
47953
56722
38569
10423
45048
2791
13199
24320
70769
39712
79313
27155
97541
49119
96849
70640
90037
15881
62009
32792
80963
71109
8884
39388
84442
27907
88522
1137
25756
55833
45878
65824
63814
95592
59270
36474
32961
91646
90127
94952
37352
40117
40394
94432
54001
78105
5294
90516
21659
13606
18571
7908
75890
38831
40896
5267
76161
10811
16154
26968
23988
55146
13770
39979
40073
18646
52514
62751
87379
12533
15596
67919
13483
61434
88422
72913
56595
11387
35837
42727
7592
23757
2853
3572
1348
96491
8083
54475
84908
29046
35192
36547
5853
54678
47514
72104
42574
46335
19472
77003
36418
67535
92857
25945
20140
24467
25882
82632
92959
36681
27155
80846
3633
59713
27164
74188
16364
99868
34977
57864
4753
97974
84791
52760
27305
77185
76314
97146
95561
42759
4356
28897
77537
32464
54444
71017
80001
62148
40921
68843
55912
64648
19170
58957
24363
35813
2147
7761
67487
30951
21822
30925
95235
40801
25803
31643
88204
41965
12541
74438
64334
71505
51379
165
75332
4798
61688
82852
18525
55537
70104
37182
12035
47900
9695
3207
18153
79647
7823
85574
68848
5840
47933
59999
27286
7866
22601
2926
9852
17857
66265
40944
34482
36323
83505
27643
44545
39706
9328
44527
62804
8351
11178
6116
47204
70728
89662
80322
13439
5746
26515
87695
50932
76250
3892
91714
59454
41860
82308
40919
64171
39871
96704
48732
583
84928
34128
22920
14826
1546
75146
85899
7034
54672
96867
9697
5758
58929
4434
92320
59841
70498
30436
78576
31199
66441
54133
67738
2607
98085
7729
50937
45421
11179
77031
48621
53379
54252
67847
59343
46131
88978
43864
41375
53732
74377
89752
55961
75814
80474
30193
66310
38659
39411
31156
16462
73541
87394
79317
8299
49534
23200
40387
82296
31928
21578
41378
25353
25465
93291
52263
8468
78706
24598
74191
96525
23460
23502
65213
66448
31728
78856
88974
37783
70106
53832
16442
15852
409
53705
41
55480
58429
89017
33615
29817
2909
14816
30726
11634
68157
60097
53478
43868
66393
32664
74724
12570
23952
55972
19236
34891
8239
48222
82556
79929
88024
40839
67207
97294
95664
59489
27491
83526
33986
70323
32104
39871
96275
74288
71940
70061
70531
63665
15320
41546
75356
50527
57577
25258
55035
60269
64291
21741
31768
43073
79473
40910
62291
91763
25361
55641
23613
75246
31928
17977
49792
77748
99746
23182
7052
41247
86515
70269
60575
61729
98735
546
53553
60845
29811
19713
22009
71118
48174
67866
97855
78805
53567
12699
39646
14704
27308
52111
42549
36438
36220
72756
29963
81823
52050
57707
55709
16784
17990
68552
97574
90868
66562
9225
29129
73862
84598
30627
33886
79756
11864
5719
91287
48573
95803
40580
81261
24866
90219
22934
16236
2074
10851
77853
24920
61272
38731
59896
51834
12679
87185
31760
62955
81454
46690
97121
63227
63183
42757
18419
44670
50025
88597
44391
36021
16541
57497
80557
18741
56045
76546
79090
18005
6912
77632
26838
46393
58851
79937
35355
42166
36970
18951
30970
93313
39508
60741
1680
82649
53483
63222
19798
81390
53194
56410
35790
18604
92858
50445
62841
55912
62773
13190
71685
52933
49068
31241
96740
27396
10468
18057
77752
3046
97562
60254
28490
28254
15272
11007
69626
17880
10783
85628
10768
44097
8596
80954
76337
10577
85016
80363
39725
58236
9023
56202
66677
87088
3937
53105
71403
96139
16447
25047
63473
68157
67614
53416
85571
84054
36815
49250
53057
19084
31823
25482
22021
61802
88265
66506
11795
78840
49178
37223
37645
35171
12973
26498
99686
45802
42724
43115
39086
52900
16888
58045
29132
2577
90968
88123
96171
23899
13997
22021
13163
10152
8958
54294
21496
22271
82127
58876
75736
31477
48708
66069
75389
95699
82116
40163
92986
17126
91737
43692
40722
97314
96595
37809
61165
8339
82060
19273
25060
55842
56518
65113
14875
73569
4849
59314
47438
86675
76233
9351
12900
15067
81851
96617
90272
45855
31464
28001
50711
93496
28994
14377
43356
58617
41268
57191
51926
29146
62111
18311
71987
27328
98814
56308
10902
87786
88203
77555
24971
14587
56954
72285
89019
14751
63779
20630
43036
92123
15997
64142
97984
34934
58086
98772
82477
92670
55967
47026
67885
86584
28148
37577
23835
61896
2554
49962
55070
30009
64848
7533
35059
73833
62824
98322
32706
24020
46975
11730
50835
5084
75144
69441
36633
17618
82855
60258
44012
80035
20376
21126
49717
79010
5488
42723
65538
94350
16924
22701
66681
13247
98790
60692
79561
58803
27733
44922
285
82671
79636
56495
80714
54324
56907
72971
90119
91424
26633
75463
33436
92734
4452
13272
91794
50315
33047
25449
28042
99046
51113
31796
26058
23379
65070
25148
37043
95499
6375
46026
36206
51780
82277
48131
69284
3609
59691
81026
99629
2710
88785
96503
66304
63938
6405
93307
55465
33928
99404
15119
31512
80164
68101
51920
90294
25063
92623
1817
29139
20455
56449
53750
23707
22247
98839
73184
24903
28254
15405
57049
27631
95238
40131
87334
15101
71619
65536
89700
8893
50349
95347
7176
96400
40636
10773
91895
69120
80240
53386
87455
75790
46394
21351
2736
51175
62251
98701
77179
50389
25463
90259
87045
27057
58116
26754
28871
8311
94325
64697
60390
18930
16398
66225
88554
66102
47651
65691
22525
73804
39265
43302
11842
13863
36345
18684
30191
97686
29092
53196
25192
33779
46872
97922
10649
85240
51878
79986
18352
2161
66444
74901
2805
18604
55166
80778
79879
32077
73036
55421
68053
91582
77328
93220
38229
2756
97206
61958
85860
85197
40072
12087
4859
10565
40405
59295
54026
19015
83454
45464
97204
75664
18173
5910
26630
95824
50385
52609
58325
54202
99402
55933
92371
51355
68910
69803
70766
62567
98118
39048
97701
35438
54921
5491
28104
59374
65282
9228
75595
24450
6464
9560
46118
76313
49562
98977
85868
86625
5277
23418
15494
32641
84819
58913
14252
80326
91186
40925
55999
62773
73694
7494
60198
75232
17276
78467
71522
87380
49044
815
15472
95982
72289
71925
39451
7309
93049
58267
90012
93411
74740
68059
8527
7654
25947
39019
979
33667
32750
31070
7709
94418
88529
79268
29306
95556
44180
18348
51967
29017
83134
72970
90446
2062
22805
51892
32232
18291
69805
91718
3433
7739
54859
12293
84612
12812
28756
69825
11132
86199
98583
41235
44061
45633
84691
71430
40053
44576
19910
14738
22546
21858
31572
31939
94552
42790
1200
75576
93919
1102
7530
41544
11303
19724
94805
88735
62233
54265
12307
10117
75516
9668
34816
91520
64433
55016
55896
48144
28875
23479
57958
44952
69230
93906
5226
77852
76003
84186
18917
7526
69109
5409
31940
54979
24683
39546
66055
69002
34882
12591
3757
55229
83847
30289
84318
79176
38574
41289
41140
61286
64145
47085
83687
59426
31657
77103
20244
81691
3362
39855
26217
54273
23358
95857
3344
30205
32008
50857
4949
70541
2579
50579
97237
91436
40399
71871
96677
24751
840
90697
75836
15116
30491
12935
83262
8918
71701
50491
38438
5411
93609
45640
55216
74062
79470
43522
79744
2520
73395
25342
59730
74250
54784
29128
40447
49973
56234
79220
67112
986
24051
35148
78755
13190
21308
80423
26079
20725
31655
76891
38997
23416
9325
32617
81005
91184
57145
75255
86666
3802
48767
56604
14707
29349
99357
96372
17823
47774
48748
27122
46140
18989
322
77397
49308
78392
36008
91123
33341
2245
43955
32755
43220
34365
21537
74839
42677
87564
86738
57334
84577
64101
61377
2375
17004
38243
93853
83033
75881
58634
74024
25952
30997
7851
15979
35913
98749
75334
99924
37519
89325
42602
28621
710
99510
29048
39802
53653
29595
46118
40847
6177
8441
84639
60555
95108
13136
77671
4630
5596
79730
74877
1106
63807
7686
73561
49792
20428
24409
69396
90835
52798
82435
23367
24009
89882
74225
44812
6059
47719
42036
53121
58242
80541
70278
89419
60116
48309
22772
85398
19226
24769
46348
79322
35423
92437
27620
67706
83543
29058
17861
2598
39097
14468
52466
29249
7163
47825
51833
27005
75849
68529
73684
72481
20225
68077
84796
11756
32077
60192
4076
14004
70206
46347
9037
25991
67778
20773
49347
64403
3202
41519
68947
62721
14267
38213
55087
571
82071
71312
6336
78862
28710
92696
62831
93483
50142
37015
25328
94024
45229
65897
25419
82916
94038
42783
54856
82055
23440
99411
65814
18087
59607
99318
67257
98183
87212
85573
14286
53018
21040
55898
85787
14629
47705
88799
81784
34083
48974
33149
35540
38658
48197
68787
10438
34026
19670
35393
97009
58398
16668
29060
14962
94939
87048
2172
83113
24285
64257
76329
39202
4577
41276
46229
31583
88549
80947
39114
51588
19564
90565
23716
4158
23326
26283
87617
54864
83659
24850
11733
54812
56144
60058
94523
72075
68818
36074
5861
98841
80872
60333
51188
0
53397
54701
90531
92607
90610
3082
8734
3750
12970
81847
70224
62753
49119
39282
33722
2239
61771
89438
38207
62941
48961
42847
22652
29236
72593
56657
34421
32124
77578
27813
86347
82587
97433
98264
79497
45231
20048
9714
73086
20115
90083
68248
82757
13841
87499
98479
34879
7749
96557
81870
58786
42985
97685
31326
98539
87362
97628
50289
81200
95174
72264
58940
74704
18729
70418
90322
89355
73571
41955
95422
62030
23519
760
22332
1350
31106
11205
24629
25686
26358
53590
9910
54372
36979
68016
21868
22029
88169
85141
7038
71417
47884
42695
27590
46377
29596
19620
67501
60269
51823
87055
64738
11410
73629
5648
90199
9784
89929
36497
47001
31778
40007
38601
71849
37319
85006
15126
16060
40709
87644
11011
5867
48181
99360
85737
70040
35737
10120
67218
94814
93394
25223
69176
59411
14831
995
15596
8541
94687
53688
36787
79630
38791
41804
69259
4701
92143
99376
36747
48450
54039
89584
