31819
6363
52427
12063
24657
95064
32613
42817
36149
94734
14404
74675
43416
13929
92342
45759
94779
73002
94270
96586
22873
77307
86821
95289
93825
21795
2397
46737
35343
98516
13459
20087
38214
52162
33393
63798
66093
13006
5421
67582
78563
6369
9809
42250
39776
78996
60519
15226
65897
67116
31329
14335
35791
72675
56515
83509
35717
45121
53230
12042
68285
27466
51497
50365
24702
27920
63950
68834
20611
75625
95182
4577
11891
13052
42210
56350
32216
25301
34415
50196
37694
32248
54389
93339
85803
33298
94036
89769
84085
25643
6523
66676
35652
66007
74511
37428
9221
39403
67221
51207
91112
18509
96444
44207
88664
40613
50570
95542
52788
88528
56193
24625
40910
50195
20781
16514
15487
98444
61517
29912
84548
5795
52731
93810
72538
99840
78874
75648
84754
92471
74363
82570
98384
3646
61036
69514
5062
39327
47486
82708
24488
3336
82257
70326
50508
28960
11038
91418
21152
88756
22912
3208
25607
55888
84512
56520
65553
35529
40220
57414
35382
8918
51124
6926
12783
55679
68432
28279
55986
99726
7921
90332
44904
71298
49747
85765
98604
67331
33083
6724
22082
63792
3619
54108
46513
74611
44511
61660
33758
70966
14123
34920
76199
9838
11667
15256
85497
59829
31774
56378
56655
87735
18712
47475
3336
24067
21371
86307
49442
39649
84601
80583
67577
77538
73001
10903
15286
59666
21163
49167
4534
3050
22490
6891
4152
90082
86637
31980
57698
26820
19721
79767
68785
88125
63367
63229
45531
90892
7005
32053
3396
62716
91500
86052
39960
4559
31910
70143
31275
10448
48825
14056
13643
21322
85757
75828
50718
25655
94838
36845
1982
48400
34085
18675
93293
32708
51281
17277
37303
72068
18350
97117
77475
62778
69960
86658
29973
78586
39470
90647
48803
19089
92413
53832
89554
2330
42696
11941
51180
21264
54689
13119
41696
21757
34119
90544
49335
91568
82251
65047
93998
22381
29281
32865
20533
22751
84704
18211
8131
87273
28501
2467
25363
42618
54603
50486
76415
93726
30479
87620
97495
9041
81059
82152
69854
99118
81985
76819
87170
96198
6345
13744
6966
71308
36553
72579
50253
49646
25193
9675
68469
44798
94800
56262
7246
49006
29174
90484
72102
62617
68710
34931
71282
20126
56463
47881
60394
37064
87721
55777
38306
5545
17183
60140
56001
85925
28092
30089
75776
71306
16406
5023
19200
55230
3986
89510
7016
73265
80690
23110
41402
19185
89250
90008
15121
91068
69403
60424
97274
40207
40785
88508
15819
60573
58816
66542
49604
39740
686
7125
76705
2394
45660
53058
43865
35501
26926
31238
83830
18503
86677
24113
76977
20904
35414
46005
82089
75789
78009
40553
63200
2695
90159
12457
17363
45255
82368
65819
16627
69525
1617
10989
33156
56031
89423
67417
43986
47374
58138
74538
82891
16085
4241
59321
84510
50147
6966
40112
21709
92376
8125
37711
27953
27731
29270
26477
12939
34186
65333
70006
94914
78323
19706
46355
46782
93887
76290
21832
33984
70791
11818
5846
28700
59678
1083
91937
82932
23333
7190
67371
46034
77310
91164
1759
14593
28569
29467
83434
51721
15818
98865
26212
38629
53499
51230
2925
94595
52733
62538
79090
21367
20794
17200
16462
26492
89606
27302
20621
79784
9940
86698
61260
66731
21701
5578
53660
81604
58459
60080
5158
37280
69611
19496
92456
2448
67441
13360
82621
75653
93085
29371
42683
19051
22188
9793
87190
33823
78130
84295
95842
92463
44690
72966
19318
59468
65904
74459
86251
13742
71133
7979
41411
38213
65970
27088
26215
29975
26008
50724
55337
21371
42564
60040
38376
8368
76832
54642
57106
23994
99620
99858
83364
79195
51492
12959
9996
50250
78019
30274
13008
65299
8357
62
98375
65291
21986
12603
60197
69965
65046
73134
56116
51510
92149
20422
71293
56218
74204
14518
98150
3265
70851
71450
4118
68737
13390
66888
40916
47288
54307
6804
83374
95719
5429
27135
13045
38726
63615
4829
41764
11240
98413
19138
8994
75564
90932
86761
11037
11836
25410
1089
22903
70854
23344
93652
57693
61429
83188
82356
28465
92939
39954
29028
44201
53853
87283
17889
11600
50891
92718
79756
25003
47290
43010
48853
43222
21584
89990
27812
3277
41356
75063
54663
16423
12607
13137
57556
36668
81803
25625
72473
43271
12118
86230
13864
14918
41995
49824
65208
66526
53741
60529
19706
77372
57689
13561
82745
19798
97815
68397
97676
93008
94812
20255
90556
66683
8512
64489
16109
59160
18903
226
52331
87834
13486
27987
68849
14472
59363
50115
37177
37698
76289
78702
86075
88059
70135
61685
35108
32133
12596
44847
37749
23339
58114
72798
37556
35415
21052
49116
37748
73972
52748
59347
34172
4749
70757
32140
52630
65524
9018
96255
22166
41151
64890
24201
23589
41869
24841
52028
24297
86215
92476
69520
69234
45953
53808
30455
46788
62143
97415
32078
60572
2197
15680
3248
11745
31558
40434
50149
31497
15822
69765
13399
25925
89243
4525
25157
14634
27510
64835
97136
97788
69376
60482
16018
94776
41687
30587
73199
58079
92280
5366
38724
219
67774
58085
48476
86991
67944
26950
23234
15967
6009
11350
44080
86392
9433
81133
95301
63230
27769
48729
31286
66705
98548
79898
40987
27131
34544
30519
84810
20377
52868
28252
53697
60163
13556
16305
22460
55097
9687
31416
40647
44363
3674
27490
90062
40517
63389
4814
82064
10838
45979
73055
24817
20572
26311
72665
58254
72238
66769
14200
68684
486
37928
64749
73706
59240
40922
33974
71413
93523
74839
601
21753
42658
32884
43005
4852
23263
81195
92325
44999
18278
45183
31529
72007
33298
57245
5170
46064
94054
85598
47282
85208
82330
23209
2206
10593
98079
67605
69194
76200
13169
65836
43167
80091
2392
90091
42555
29640
73339
79527
95973
66128
61250
90889
83883
54042
55046
22074
97722
21668
97303
69050
24793
87124
5481
41481
45666
80876
40860
41768
20543
48828
97159
5594
26013
80434
31073
82565
2415
10700
32747
9397
38978
56014
8317
75711
14456
88111
73323
64002
17764
47118
91988
52713
95201
74562
88552
70894
18606
10990
19635
41592
59050
20531
99881
27781
25288
75936
73488
26147
29391
45765
5893
22457
64529
42693
63436
27458
14822
4426
43607
64601
47716
37010
79602
10032
69437
97127
13865
49274
4885
30892
88567
33001
91583
59539
940
39185
4691
5579
21849
96364
4654
44567
12507
34167
91301
89050
56354
66425
88871
27598
27550
49187
36559
62836
31781
82643
11427
10246
46050
19731
29708
32425
66141
9118
99378
49630
19363
87203
99379
24534
11314
53313
96351
49157
81891
87283
33619
11280
81205
15301
18416
82177
44114
31748
58744
59289
45376
31509
17349
96805
26374
33019
27078
99689
92696
73404
40694
61880
31778
66717
61754
72806
38925
41929
15511
6773
91920
30449
77134
89323
35798
40045
12886
4421
32072
21120
22260
10820
22680
38106
74520
6566
86537
84984
19223
20528
96061
20870
61313
54503
70973
64804
27327
31518
86175
93062
71531
98697
311
46165
86443
63920
54396
41491
74251
12831
92725
86844
87798
9338
7936
77351
90769
11822
3615
6988
11444
86371
3328
30272
36454
51405
41000
61180
26100
15586
63099
54652
38253
54374
2410
77507
84573
60225
26713
30747
95108
32082
91148
730
16946
4734
87373
5984
39906
99073
41757
93309
33520
40484
44373
54384
71480
30607
47255
82825
99565
52150
55990
72784
35986
25295
97598
36927
13464
61572
12290
88042
35509
61252
39553
52575
82429
26548
9043
22696
75808
42338
18677
16110
31136
65530
1519
19351
32141
24081
77695
48944
10398
66463
63940
33637
73166
91306
2344
81101
68209
11677
4618
38051
36722
95447
71880
96303
58314
87776
15238
78308
95295
12502
7965
57250
34679
66694
18243
89435
887
94743
31730
70099
59644
17056
39000
75456
24085
10329
33499
69745
10395
50638
92518
74091
95502
22544
35093
1071
70382
3206
14841
55799
55155
68290
66184
80511
96297
63310
37668
93664
97323
75812
49318
3095
47547
38365
66119
8581
62491
513
74731
52112
57099
93853
3978
35270
7999
77107
69820
14561
28348
57195
82721
2278
36079
66919
30378
69704
38923
92405
98215
65033
55549
69085
87726
76385
3501
32634
10213
40087
14899
33094
96844
92172
81684
48493
79946
97911
92408
16580
7698
67723
34601
58930
99057
47156
28041
40044
22135
90848
20720
18847
77280
90683
2113
40166
51326
91347
32616
22108
39493
92027
57203
8619
75698
3242
37418
1827
83417
83459
13964
71014
94538
8047
23847
88640
99358
3078
62580
71124
7588
52941
62445
93905
8418
94746
38027
38019
65290
72083
11264
81318
48636
2260
41678
91062
33202
37646
14914
50881
108
86317
86801
86142
75479
86866
62925
36951
80764
24128
33827
23618
27491
43730
59413
83918
81155
62985
23279
13368
20551
94851
15592
60476
39966
89958
38359
59881
23070
2173
18607
18413
96438
47097
47321
83376
93391
46265
65164
84253
37279
59364
48204
19675
52426
45843
85308
32922
26868
51052
14465
92232
29959
49673
2804
45571
57310
20054
39523
21865
76140
63161
93414
42923
32620
80397
71737
51520
47366
60007
32219
53077
82106
65529
81089
67747
8076
13460
84375
44441
25676
99944
37620
50200
55712
79687
68793
87550
57745
79528
25703
39033
21263
10088
23258
9693
49410
82570
44997
4465
13518
21247
92203
6148
84449
66017
11223
44477
5501
27449
20857
46288
13853
20608
50654
41836
13381
1731
31498
19153
21546
89119
82229
32671
16699
41484
94239
48329
62795
92151
43057
17769
78716
35207
48946
97325
75178
83488
62082
89039
98097
94694
31287
11010
26715
34809
86257
63528
47210
57503
21436
42720
67327
8640
89890
87069
40740
43947
13322
27922
95868
81205
15601
51338
32837
9569
29443
17268
66951
86043
6518
69979
35996
95071
5092
71923
29468
32311
88195
4175
16611
29601
79714
71056
36193
61358
53538
63992
9183
7943
58958
14941
4169
32043
67641
67352
12316
33491
24179
77533
63341
76214
7303
64518
69171
50600
31572
31272
97970
89981
42534
96614
21221
17068
66992
88324
50279
84686
51977
65908
52030
56838
3584
14284
3621
46746
5085
81465
96565
19744
58357
89389
93103
38804
41065
8467
97032
80613
75196
13027
54769
52496
87791
7825
67970
79587
59803
98592
54755
34532
9451
26292
82455
8938
51699
22117
91941
56521
79184
78416
59460
35467
23294
79175
20866
18970
41776
44136
46609
11802
51855
56875
69519
9555
18130
78932
27664
57548
8759
29001
19754
81363
55707
65054
28765
72889
64283
76332
90877
31162
82376
60928
73693
63354
40609
271
33914
75499
7503
55207
35585
70507
33442
7777
34782
3882
14531
87635
51810
77098
86006
16802
58480
78175
91311
72916
3908
74198
69869
8099
80032
71985
71927
93838
17365
51440
50098
81609
67018
9612
30492
65013
27436
956
2440
46731
4338
13723
89142
74897
44364
12833
41742
38447
19688
1933
57881
42683
74464
45924
41821
67152
35171
4883
63219
85277
86270
76977
48646
19962
25383
9216
72265
23670
6022
12914
83894
748
6881
71783
55711
48787
42786
53716
915
86068
81895
83264
78991
62167
16229
7113
11325
86518
92698
40484
85422
10259
90190
80673
52816
28901
43749
64908
27468
40365
24036
57167
98462
59432
89501
38549
11314
65149
88600
93929
70872
71542
72896
78813
75171
55883
34696
67016
52259
86393
376
32551
37629
89554
5816
547
47076
80591
25367
50483
85559
69920
5496
95832
54487
54435
1978
62982
80642
36371
58211
41411
87313
43352
89128
79016
96746
37468
92251
33412
94211
31934
96114
39968
92916
25439
80976
41565
35575
69658
35378
9786
28415
15569
56696
16849
79378
63746
96397
48545
20645
51576
46741
53222
20242
14686
5747
44068
67256
10862
80148
48611
45744
17608
87451
85076
51911
61918
75370
10290
65085
4492
90410
9956
94968
33189
94711
96127
91910
95208
65674
53768
85837
90322
99556
4950
87409
87981
90324
73430
40929
31269
64486
47784
96766
36283
10057
80999
93354
85459
56378
38150
37032
53320
86226
15478
28918
82560
37193
65508
28292
7450
97413
85567
23152
98659
76675
3287
9503
7047
5377
54465
90873
67717
11557
8503
58178
72988
54222
8156
10641
11841
64085
2429
3279
34067
88895
94035
46317
18437
91490
66757
76450
83002
33969
74283
76512
40464
32166
14413
56498
22002
45323
62858
60372
37969
87205
71668
53583
54477
3070
57880
41584
4718
29486
83035
69219
44527
11172
96000
35281
59482
72342
42183
31379
2350
82435
90511
4594
13020
62913
55676
3037
49074
17001
54740
75718
16110
955
42947
64633
54293
6062
8862
18746
7324
80152
86180
96986
99842
21591
82081
90038
96993
51610
60332
91404
985
28943
63792
39130
86925
1289
1192
56725
26857
69069
14371
9571
25056
7801
92648
39125
2677
62322
5299
14885
24143
48137
54780
36104
44880
89706
39065
97231
14206
87520
82106
40928
33056
35592
24850
27468
26597
79088
81557
30061
65565
79436
42589
85726
38219
22069
37991
58391
4818
8446
15034
23427
84909
34517
92935
48575
92155
27569
45612
21970
79991
85950
74515
61508
14246
43587
31448
30140
86057
19020
86791
68922
61906
28057
66212
87245
47859
5282
43940
18385
11121
81541
93176
1353
38424
5102
95370
14262
65481
34657
26143
27889
53102
39335
15805
74699
3951
42643
52390
798
50716
32048
25027
41038
5066
95049
90108
36802
42587
49748
771
97114
97686
3100
21936
30764
30613
95625
41895
81630
54685
42798
20182
15202
93545
83151
33754
82409
35871
28365
86082
73989
72676
5808
68075
95488
82923
5808
84682
31346
86152
1567
73032
74115
47875
21750
41479
59198
28744
82683
11299
47853
90524
77132
90740
43703
842
46379
752
55379
53307
42245
2637
84359
84739
49824
5572
85954
12056
7105
68849
83570
52542
81240
27127
19938
11390
44136
7936
58644
13525
94967
43906
49687
65256
718
80862
20933
94005
68589
60162
84572
60165
17871
87853
93687
38750
35573
67762
63112
17045
4657
91958
99444
33441
25457
93812
50250
13482
41030
5952
79650
82783
39313
76393
85583
8007
77065
27447
60832
176
94667
78643
17176
25732
93406
76134
49352
44665
36737
56858
79846
68167
29780
45788
46221
47284
77440
60259
21008
76267
6980
73931
42364
41260
38109
56090
81289
52957
81712
21348
40252
52253
52503
46121
35388
37849
93799
87163
16047
79224
2682
45150
83825
53905
3997
28328
5553
91740
98456
13385
51783
39238
13429
51108
20789
51038
45039
60250
19386
64204
33625
59336
25965
80737
10215
50759
54396
79050
83037
67889
59040
97246
15763
20067
55613
22551
98145
15614
53555
26717
60589
81928
92036
75518
99022
84495
80323
19034
21243
29390
63253
37114
88213
40456
83175
43488
63502
1584
63147
154
67893
1771
29616
12528
76192
90318
34140
29693
22132
56417
40457
37275
26099
76965
48250
7319
67842
77777
44985
43235
42646
72888
77678
54442
53947
7079
87229
2526
4417
26122
2557
47629
69827
29006
87601
46770
10997
91809
87716
56680
41897
5814
46246
43418
79102
80228
3069
17141
26726
14542
81450
14239
49459
54077
94842
4480
19645
12106
33189
22398
87570
33912
17318
8552
3098
62941
11608
51880
23110
40194
56041
62011
47157
16192
35901
55197
56418
18282
80834
74525
14158
72521
96427
75536
10501
98530
7756
68449
5360
96276
50481
31942
57622
20446
45147
74734
66319
17469
91640
10998
31847
42931
70462
42074
58924
67139
78052
41993
47092
15321
86876
25842
99053
15943
85425
39099
11458
14537
45561
71792
5703
28106
80823
22072
61634
69696
83408
22563
91158
34386
29543
67615
88109
32826
12535
22922
24289
1829
59437
47106
62151
80886
58624
99640
7608
75115
78510
25123
45374
85848
8980
88369
91351
84751
59337
59800
20809
64354
71160
99435
40962
67007
54520
66120
62731
22713
99881
12334
14505
20519
77261
83820
34671
78086
94241
56788
34499
89658
35575
8014
56011
78482
18450
88425
55828
79144
46364
54636
3455
94664
36007
22123
46409
83880
44606
83957
60501
48918
12231
99274
63159
44080
51257
42186
10208
43083
56596
9001
33089
53431
73184
70174
68990
87098
24293
26875
31153
79001
42340
88374
40984
93206
54482
32678
58364
61458
16047
29930
40031
70451
42886
11747
40353
89345
73379
60929
81998
66859
71115
29339
57287
59591
57277
94744
92140
58966
47812
40779
68900
88453
55253
1052
12424
15440
44524
84512
6962
44033
51325
13994
10237
89686
57657
74875
48729
27073
13696
28309
34765
13768
86397
32974
62281
12749
43810
736
36328
8424
15232
17949
24702
86961
83875
54751
71972
97146
71497
51422
74109
63704
42269
50490
81731
96066
95572
60088
57395
37265
98499
78922
82354
67784
55739
98983
62586
21134
38083
31578
23750
61782
6224
62166
6294
16384
18978
37222
59518
92216
51710
15842
74097
42075
8292
67454
29414
94810
11660
16285
90404
12504
22594
4996
13968
82829
70747
46057
61551
61517
96339
69705
98458
39875
95269
43992
24990
74390
64102
43348
74348
36398
55006
49235
98596
82800
46052
63834
8088
64324
43253
59407
85824
9592
74064
12678
68827
42557
79377
32888
38172
22255
33480
24690
91640
5651
93141
97258
43402
37784
35939
47372
62625
75040
53918
86162
18792
67864
19666
92914
79279
11171
69313
78577
25723
49205
73089
90933
1191
58811
88752
61529
90900
31672
56692
43641
70901
63881
12051
3021
12144
94058
88044
2035
51697
98546
37297
90501
977
91897
65986
6217
94846
35515
93286
33351
56872
45620
37704
63797
24744
65066
5260
56366
36876
70218
86957
95138
82659
46027
81844
19207
35458
53807
63223
61165
80
11016
37803
84527
46581
47383
56775
60100
88025
50735
84376
16597
76700
4569
51034
16874
29106
93840
57530
29726
53688
66092
22821
44625
54648
61692
89867
28539
56660
67596
50998
96477
41427
39302
27649
948
47525
37205
61495
64583
3029
40549
44234
75776
64682
12807
37228
25431
44889
1904
89389
4842
40075
89088
26641
52393
13543
35232
53645
52269
8988
43812
42942
23369
29708
57009
36999
14168
96856
50680
97797
94870
88676
4896
64784
99851
44391
66882
4272
74978
29938
63118
70297
9112
88346
48043
69445
28431
11748
10843
21005
96674
51660
87324
74851
33491
43793
48907
48175
80032
31040
66916
66276
63348
73980
79812
60511
99194
5447
42671
97403
81549
69520
74477
43059
93898
73849
33680
63669
93511
32835
39025
82879
98045
71352
53592
99482
5504
93237
94073
8751
71151
31314
90843
91178
52391
44240
74997
8234
98290
92606
67634
3041
88125
32295
64371
19822
88135
25339
32339
40053
66325
28152
2598
80856
87874
17942
25466
15316
73556
52652
51072
20443
35178
1986
80100
43465
7633
99092
40087
48773
6966
69215
55854
43190
11701
72939
79459
68191
29424
94165
21593
26873
53084
61016
71262
96587
99925
74839
38153
56712
70162
9866
14690
16070
15955
9667
57409
4438
10295
92828
77550
23141
88074
82398
58376
73198
99195
74192
73761
43737
63531
69755
31078
42516
48705
49366
46653
97581
86811
61714
10503
7369
14239
44548
25668
24900
50448
19594
62870
11717
77276
42204
2526
25341
34514
86257
92675
88221
34001
70155
94609
79921
86779
46752
56285
37564
7752
85189
68647
3217
92919
53561
40824
93419
87999
6156
80907
13482
43012
68970
73512
94827
18278
47336
51179
87810
62835
81258
58500
29270
444
72526
52567
40762
56836
85625
70275
84804
25077
50523
63104
56203
18605
86881
59969
30658
42646
67640
35033
45675
13556
94009
80987
44090
60951
32917
50457
67111
96048
29886
78126
99855
768
14575
39159
65512
62763
94105
51867
53343
20812
91979
50860
59536
77218
11134
96102
53281
60232
16826
564
36411
43171
73865
3826
50886
47540
66038
20012
96865
32205
55776
24870
65850
62720
96161
61269
90544
48979
51157
50122
61474
16816
95626
96271
26451
23257
29187
16874
29469
60664
70728
4830
22767
59061
79214
23249
1349
44833
30815
51881
20803
67598
19109
43311
98669
16033
97432
39701
48773
12960
49889
45171
66466
70310
18506
53485
73865
93494
15749
32337
7531
30284
9302
12797
63355
33294
5021
53533
53994
65857
94084
75154
13185
56664
6305
6830
34362
41255
9928
75355
28059
5911
35825
61691
80273
64370
34977
48491
61509
50045
59383
57025
69021
13830
35894
57588
38674
53555
22410
19578
72680
68409
44249
27340
12048
75566
14215
66854
61558
56662
69061
46859
74439
10938
80472
80614
40420
19128
10754
46315
63867
70995
64271
59
74056
78922
6205
87846
28840
25958
67560
85387
94453
30733
24978
79899
5219
38837
34156
6716
23445
12114
89540
90281
5277
87727
81067
87127
57743
81851
71649
1170
31200
8379
59198
16325
82784
23806
98400
35385
43217
15278
31469
75285
50819
89569
36388
5060
29166
37935
93956
3572
48587
98974
14744
93946
14416
62010
81149
47730
50118
1248
34610
8100
87143
44665
891
131
54585
94084
19026
87088
43778
876
54026
25915
25800
20761
51201
76681
6150
98274
50786
11281
79436
3456
40116
79104
7380
32477
84611
41820
87644
97003
17097
74054
13509
2130
82680
23576
52359
75425
70214
42510
18479
88294
726
81922
14582
33176
287
48879
8671
60049
25659
18647
80620
96154
32270
6400
26685
20606
54097
89625
58407
99072
90522
86682
6253
45065
39402
19305
28318
26073
97971
73849
52138
16415
45571
7949
39074
70596
34801
66811
78571
6465
21411
94027
61279
24752
36569
22910
39904
90752
39354
83724
11098
13027
15802
71749
85940
73250
6692
20537
62034
23696
19978
75380
27210
89467
52966
42433
62176
45151
59595
55215
42625
3188
51533
7185
24344
97640
84202
16735
36081
27624
73587
49625
16328
57047
17307
64620
10189
90017
58268
67501
65526
80969
3680
95139
7584
55551
82162
35009
91652
60493
30657
8305
13586
68848
65070
86572
84589
87044
67603
93925
84899
67672
45040
11813
75878
90369
26355
68465
58860
94283
1379
67369
6016
8202
20106
57962
1346
73518
39740
23826
962
84756
34504
20931
89620
3929
16954
86560
28080
86601
17258
83093
85962
87862
91301
37908
97801
31621
14037
12090
88517
49059
97424
71536
95714
50357
794
19820
55620
62860
89240
49304
39694
94998
17138
72042
53658
34353
5476
57395
87575
43163
32386
25876
48122
82950
52485
70057
17571
50375
38870
94473
92334
86509
89781
6406
82929
32750
68582
13519
50488
21821
8825
7798
8123
87800
47797
363
23961
33598
82241
8742
64980
88318
56398
29668
9864
65546
76068
19977
23465
81291
3912
43396
94680
95149
60583
21520
61153
64795
38785
43926
2997
15942
6100
54288
92447
81470
61188
65065
51780
4771
98437
8672
15036
31573
11909
89867
89736
87400
68024
34871
24207
98900
28704
29966
36697
5224
74585
25778
44871
21598
45183
56325
8588
81994
79069
83339
44012
64268
20051
47719
88464
77701
74531
76226
61603
16774
64152
23435
92301
85347
10067
41464
55433
42023
79731
95338
94660
92705
21152
88175
28757
81724
1813
54304
39795
85997
87079
57195
70168
1541
39862
92075
50608
65990
22640
11315
75165
58419
40188
22922
46027
13888
74153
11855
77483
88136
82996
67934
91214
30525
90512
63115
17376
42809
40501
74411
16958
98516
33319
59315
3701
88879
15618
48632
18169
2604
25023
47124
64702
8513
11110
5450
31287
37025
54032
58433
95656
73594
93239
41901
4810
91134
33660
94699
85435
11577
82325
26698
1600
52961
6353
49767
82008
98764
63593
73393
50749
73787
81605
61868
83610
50483
15560
12977
52868
70252
90266
32370
8278
98403
30800
97018
21069
47242
56537
12883
41244
53472
4935
61217
29133
94139
51448
27820
6741
56896
45057
37084
51315
60437
97270
9277
62565
27407
60728
76705
73670
1925
34331
36708
71560
11429
42419
63499
84234
21988
63259
75910
6262
16689
40033
45685
49754
38723
50001
27206
60352
57297
23197
64636
82668
28768
5478
75723
11154
28119
15593
51008
7378
81134
2409
90206
96049
9093
76853
75395
23253
92017
51861
37321
97852
83121
68598
56520
70298
42335
28752
87768
23245
30977
20241
70677
29470
30303
31656
8923
42679
23984
47055
38545
21371
99437
68246
7650
43526
71111
35368
21734
61603
67028
6268
75583
26244
60996
48155
79167
91713
15026
28040
76135
45936
15029
38609
80010
82205
215
74673
18545
69606
32733
82911
41495
67798
6373
82198
30932
51708
87694
22594
69911
50791
42353
28196
15597
61984
53485
99426
38142
14788
90528
32558
82774
21821
75281
33201
54785
48444
81354
80916
68528
38548
63780
85003
34808
6646
37082
41919
9305
81413
42048
3062
68572
87605
62604
45152
96470
17605
34418
96097
89193
86774
45805
26550
68074
31303
16793
80422
73949
69711
28382
32678
57660
1302
92487
47337
47319
73327
57361
25699
30389
71414
18911
92696
39096
5986
5514
92965
80223
85320
36437
30314
86469
54636
39774
97043
15622
37476
58609
51170
74114
16587
90423
81979
89978
78238
46731
38956
17720
72854
33389
26518
16715
48451
50160
21404
13871
19938
27790
8999
6763
85147
44379
61171
15572
73657
85974
10586
72879
4102
69308
93147
71636
52931
90167
65991
35310
72225
7956
20840
40158
51231
89970
46861
74912
30464
70102
81558
81413
88232
14812
47065
57087
38259
50151
42703
34331
88082
44410
38015
78921
45027
79391
69956
62455
49419
12324
31421
79643
7603
59110
93105
17391
9788
58853
98012
24887
1345
26071
65819
92734
82984
43288
88560
13694
34404
14719
274
44863
52650
81932
18133
28631
65069
87166
74929
6927
97016
74049
9682
12806
21576
92356
12443
38158
96740
64616
23639
48948
11609
78581
87070
58206
12726
78567
75296
43693
71713
40645
19185
56994
42517
82610
38609
76797
66937
28892
52694
39584
35165
4722
66425
93394
97011
34739
59994
29407
25320
642
62449
20925
99646
93269
24178
23913
80167
86796
87612
30064
94368
19038
48958
84874
36776
28527
21190
11360
96795
55007
44520
63886
67343
40412
36455
16420
29418
99031
95811
30854
87390
28180
51487
89811
57122
73339
98925
85667
65519
16331
60537
41962
66164
19758
85263
14809
23062
14216
73194
48323
6791
7081
90457
22845
20257
9442
14768
21727
37216
50644
10921
11687
22553
12676
1204
41533
14971
61770
27810
86288
91681
55625
79818
38719
60176
21433
87639
26421
26707
62336
94254
63115
39889
48031
26335
21937
43240
52776
51207
25256
22536
36205
67872
9606
37454
34132
80358
49820
22587
6056
90566
14069
98641
16969
32357
43700
84330
72162
20138
99488
28276
76763
83945
12796
98957
11301
99181
75055
83991
17267
33953
74722
57079
93608
57116
46599
62352
20267
36199
54263
80311
7159
88011
51796
65139
41999
69212
17261
55764
51662
47900
25056
3757
25853
51821
56345
87214
70590
28439
55577
2626
14533
74738
58962
53090
70887
23633
48814
72340
66282
42731
11120
1604
14652
263
12498
43324
83999
55715
54285
78403
67873
89345
2231
71376
17835
13871
53223
65642
26671
54801
37780
65854
56484
53965
8987
10331
32239
23859
94111
82317
30263
67911
5899
75668
38778
36173
21971
4192
13854
3343
44345
85675
36767
38765
71947
61075
86247
40450
60009
83635
285
67536
88644
59326
56468
45543
38242
62647
50851
72983
12767
39311
98837
67023
4109
25180
26935
97585
57211
96018
17263
54100
5492
19136
45676
48309
20063
56010
83864
41563
52484
75679
72937
66598
72014
14710
35991
39988
89035
51466
25353
6191
15856
19375
26568
15126
12825
35535
38837
2119
98927
99110
50198
77478
82563
90486
85355
60236
33782
91304
74079
85390
47675
63968
19322
88777
1268
5883
851
10759
83577
33480
99427
75569
78679
74656
96565
45554
15028
59075
35161
88067
89009
40721
67384
7352
2761
61249
98273
16806
96598
22945
76066
5103
67699
27051
20338
3212
51515
41601
22827
11573
3216
80677
19510
66608
17272
85047
38463
78420
290
9067
86887
61465
16551
59110
45495
22271
93867
89493
61042
4087
65474
74058
27524
57169
38159
92660
16791
34466
25960
10938
56196
20722
82965
79956
81190
13888
34423
7175
330
57075
29862
94074
90562
23390
28947
42233
59258
32974
45260
96102
99426
89747
72094
98486
64713
13225
59156
12911
94635
24162
59773
59805
27105
12593
19756
94283
97334
1781
13497
97156
61594
21729
50949
9382
58992
90372
36954
50175
86850
47898
46033
94311
73972
43822
24589
21754
56566
60042
78149
10864
10898
85565
47327
69275
55878
78087
81528
23421
20332
69988
10688
14339
67188
60211
98210
87041
1491
13281
10241
61259
70101
25783
16861
42574
96333
20765
31445
1225
54190
60105
55559
45931
51154
64040
57875
14058
72311
88584
26270
89725
51466
80192
47921
96919
68123
10364
87841
99201
10384
87432
19722
52850
67509
26392
4501
42445
47025
42707
58585
94455
78101
24058
26557
34292
76717
90456
5403
41022
62009
57863
58369
76352
8181
58620
69585
85845
99635
90513
20904
91128
88011
77518
17563
5831
80297
97394
64381
92505
11300
91171
61469
15929
20847
43760
92076
68031
37992
89504
8829
60553
71118
49465
93029
23227
58352
99726
48962
71536
18593
67110
11928
47387
14567
35653
63958
41887
54930
8409
62424
54599
65514
85539
62949
67394
54657
68032
75192
42111
93895
15572
88124
92578
94941
31058
25296
91776
30689
27529
94986
21596
41992
95726
39352
73246
38217
83298
11713
20941
75030
23105
44842
76105
61478
35367
9909
40231
54478
24542
33764
96426
46478
92584
52667
88922
88455
5061
23491
38372
24842
85378
39499
64046
30252
19358
10537
90997
6038
68058
33823
18565
46104
98333
92568
91828
50621
79457
24721
73179
89562
49789
44116
32978
32576
65040
74592
12231
13554
91943
10917
54651
15888
32427
57547
86137
2417
23722
28498
35156
2767
20832
27091
65436
86012
8737
63782
14620
16819
84326
66301
34931
19754
50770
88141
44364
30659
3968
54349
60413
40897
18699
6552
51129
89335
37721
70060
54098
65340
80677
38612
15406
93915
69608
42403
48517
10151
29219
68247
71029
69164
25643
6109
43841
5600
54609
27795
88460
8345
22189
20328
92910
51992
25414
17536
58642
5091
62753
95924
99404
91120
50532
97174
56409
78556
68070
89138
76180
53180
93813
47983
94866
10699
49187
11861
61564
74115
75405
3145
74407
83239
79081
22580
88049
1564
33612
59842
20249
42903
72438
19141
58683
6641
5179
50746
92776
62840
84622
2723
3166
20063
28780
22452
14857
14262
29250
97129
60277
49300
36347
63092
89135
93616
61962
26005
20439
41775
25137
14369
53796
74872
40236
89029
31092
33252
10109
71940
6318
26833
38933
84444
86775
73653
27515
23719
98316
8879
57500
93117
25474
87385
90799
56119
26392
31481
87779
48590
278
8632
53896
58402
37637
21322
10615
84567
54730
71243
10911
6009
69408
28427
95117
69792
4785
2528
87095
61550
74449
56923
96581
6454
38007
27765
98652
35479
34296
99943
50600
97221
83650
55768
68134
68969
32434
48209
55659
97311
84178
67181
78645
55613
28723
82348
57164
54611
834
56198
97332
14957
80970
76413
11345
13622
20615
15948
52599
26295
65378
36732
5774
66781
44718
12053
61790
50617
9757
84368
25501
92928
21663
60619
92402
10995
62393
96342
35461
33433
44350
11499
13477
33544
4813
1243
35893
90466
49254
54786
10612
21564
16234
27452
65287
87770
69870
57650
9350
49558
18651
60172
40064
42240
31110
46379
31691
36575
79431
29646
64620
75478
34296
26481
12255
81665
46156
88439
98116
31166
63497
49724
90918
74665
98595
99437
64393
84384
11863
72947
89519
12357
6176
84266
9223
14530
73114
32559
87764
15526
7025
59576
61589
67566
33828
3486
96949
98047
45724
12406
63697
84047
36067
96797
78850
37123
50947
7217
37543
33939
508
36764
47120
12746
45088
59947
26984
73066
39151
81406
3008
70892
36459
86744
16820
74565
97815
41589
73245
57956
49873
40795
23154
25911
98056
11818
41468
25581
16156
65901
34773
51223
13361
1202
27451
39336
80911
35862
77718
32892
74010
27673
96580
11988
9737
32049
25726
66751
65860
34715
86697
70964
22591
62764
96443
38747
88685
24325
39591
86860
92355
92517
96455
8784
52011
97528
10501
16868
35201
51053
16422
88123
