79103
5973
33552
50337
51839
53038
31987
77892
88015
54467
24203
69876
16792
37461
40450
27134
2566
41131
18191
33896
99208
69795
72004
30387
8164
77315
6836
51551
50420
53005
43743
82862
89249
70641
79419
35648
96730
23901
83393
15582
85169
99920
96881
26707
28338
42252
53730
31028
28353
99273
55818
25793
41743
15622
41511
9347
61209
53338
4104
85813
35325
45801
33306
29311
15865
26994
20019
67005
76898
33029
30645
2078
66654
55858
39551
46568
22590
56988
67126
42201
14524
46765
28363
29481
88589
5859
67018
31339
76354
39720
3806
82770
75553
66111
16772
96592
90715
12826
16330
4474
80234
23689
51459
42983
79177
7789
71659
89655
624
22826
57010
67248
94922
39706
82502
46500
63092
63679
6753
54127
57525
17744
13388
51356
3797
3093
3407
35590
77979
19694
45846
28956
74438
88077
78401
44030
4232
35236
43624
85380
31802
44857
80425
66942
51584
84726
55248
83254
20187
444
95649
89970
2820
31864
59685
49557
31947
10222
45615
42437
70541
20242
98026
53703
97387
55061
31585
32326
23981
20060
69482
60883
43218
7181
57072
47015
94546
51619
28187
76291
15379
88673
19198
93208
71493
68354
29053
73667
91450
68590
14553
9776
10468
1609
48250
2591
49325
29094
14744
76548
37677
43481
66245
39048
812
87178
30298
21709
32981
46630
31133
75375
99314
2351
78188
99462
10730
77235
50536
18760
89076
87610
72833
19820
24566
14041
17498
13320
99774
22115
54841
35323
21372
53887
92750
82439
68027
30933
12444
71799
70683
4546
20649
55103
77836
39404
47774
51360
58280
17647
47547
39658
91021
23317
20731
21020
86005
9220
30654
94791
45333
98257
27065
41040
36271
57938
56855
6741
59923
64337
76490
24423
23705
59677
7986
33365
64916
11515
58249
10473
68403
81081
97992
19596
58905
50435
57722
11940
54551
44751
89467
56574
33123
46130
1356
60903
16856
45973
38486
54580
20105
61571
13816
94689
80578
68345
92719
83766
50142
63264
55680
68358
35679
38071
46565
86545
44909
15560
1170
76042
10158
94717
46020
59858
86078
98508
59845
77059
71179
60846
86686
75337
29584
51149
56505
81802
1036
10267
31313
75015
77310
80639
82360
47578
71072
97323
60069
4543
24349
78697
83865
41903
50703
59092
76396
9672
73753
77698
35833
42088
79166
31871
75906
63448
71165
64885
31169
45190
6378
90503
78701
84138
2986
92381
22661
67242
10442
51834
67612
63609
69147
37801
28833
76122
62958
62870
83785
46562
72393
57497
90972
40987
54020
3148
72793
805
91171
2398
42726
65976
10223
22177
46552
38564
47923
75165
83163
12985
93552
39335
76542
61027
7806
39788
68415
85292
43231
21352
54607
34277
84993
47060
12097
73792
16113
28891
96788
28725
83990
76909
28058
24932
20785
58828
18180
64730
48591
6340
89133
58892
57288
40664
89600
97568
46391
74551
56966
67020
42198
76910
27728
12310
66966
46071
48157
46586
48216
75694
71112
38474
59499
41988
33970
96591
5538
89293
47463
65550
66961
16724
66224
8326
15716
90575
66996
97782
39548
6381
95115
70012
73863
3787
82113
60791
62747
1702
15844
19630
95919
10058
87690
73129
13173
30409
66913
59837
5400
2344
63444
6310
65806
60147
3927
52108
21658
10129
36880
63464
24417
37458
29410
21440
48710
84388
19319
95662
31652
53221
45321
74559
16680
96627
42317
17175
30025
43136
19836
26545
31429
44673
26239
91044
74969
32101
53303
31138
66044
53410
68967
32954
2681
59690
32702
45149
40167
766
86437
61725
33734
14873
61953
93426
55832
43309
3909
95542
60410
50411
16087
52112
25502
81339
39581
53006
77862
86892
59300
32715
40543
73925
78317
24560
36472
71322
25332
79831
38781
50426
55518
72330
21236
44517
89887
3978
40403
8059
35750
62284
76828
8400
99621
31325
5399
18748
45472
66438
66922
7694
92753
73067
21623
38048
94166
69454
10642
81893
42456
89937
8894
93695
10745
45048
8291
15950
28121
5964
14349
56323
16228
64091
2596
38866
44155
57885
90212
28198
77374
88786
37529
20366
31443
48167
68824
43669
26198
94104
56060
14671
44061
41967
98428
58096
77607
85866
95270
78871
77344
80027
58906
90823
80755
42505
39749
57110
37549
54803
57337
66557
62794
75157
20069
96656
44606
88995
77174
34953
24802
26770
8458
50269
71128
8086
34828
23344
41597
18438
87729
6180
26699
39260
21646
86732
61288
31096
36116
62942
21614
99268
50857
95623
98872
21330
63044
35769
6373
46722
76517
55008
77132
51648
59119
96658
26237
65930
90467
32548
94448
12783
37305
59737
73068
70898
63357
15541
47030
3918
98788
14512
56211
22164
19626
84135
95612
31855
74442
64236
32798
55305
3225
78301
27978
23558
10303
87794
51263
94926
50547
31184
64210
40808
26257
63578
98392
67842
29979
70536
28272
69869
81354
30575
38768
14629
4847
73888
24810
65743
95914
99693
94970
69275
33285
48293
3727
28392
87919
39457
45875
1511
68721
34167
29497
33175
24910
59116
16003
79247
44251
84743
8588
5755
19417
91968
82680
27518
59243
61207
3926
21718
35224
85793
55728
97180
73311
94812
10191
2218
91634
17348
1357
22616
74257
4351
48376
61087
10979
18738
24032
23902
85939
99543
18398
45947
19749
71526
98304
96129
17619
78991
2005
70247
31497
52650
51634
12114
12921
54758
35422
99921
4124
80638
89696
45478
99622
6282
69539
88612
90725
26929
9604
37139
44597
58459
80536
14512
34210
32389
85660
72306
60636
55758
45946
41480
78736
68558
96660
37758
31273
74439
40849
69663
52226
35891
51649
52
59622
9757
10959
29802
34822
66955
11042
62289
26327
2553
8015
95712
20006
69217
60543
16406
84696
46326
85305
9020
386
82641
47500
29767
86977
49826
59290
78777
61815
33736
58308
36935
52836
12027
18926
78229
50653
91430
65455
77564
82123
21811
57560
81550
48226
83199
45182
78385
46812
21260
37318
96903
12978
75125
25164
67247
9334
44668
13999
94531
99184
43199
53404
65314
12723
31818
29174
10504
123
18566
79743
65594
93990
11918
97094
90398
69804
1858
41357
40646
13692
93364
25045
15117
40820
448
63624
4986
38364
32057
26339
49026
18720
68799
20062
68874
81033
54700
73786
91145
72150
59469
19685
38508
60636
68782
76173
60788
27863
83598
15231
66362
38636
55762
46682
52914
90845
1493
32981
1197
69927
48445
80970
9912
51804
76105
77342
87394
81816
13798
92077
18715
66082
3841
40695
18264
77409
35607
65089
54644
92888
48808
1129
9552
59008
87849
37994
66074
5536
20441
22375
58827
62219
85579
10488
51594
119
31139
3119
90767
1397
91036
1734
93442
13426
56837
85702
74402
66761
9740
27734
62721
97122
28402
51614
61452
68683
56479
64023
5609
79794
93326
44594
24153
188
62185
37569
66845
997
44463
17574
18709
83412
70066
41206
56930
12410
14205
24713
35277
33768
14642
79488
74209
38954
89874
68148
78772
63907
19606
54871
7715
90470
28634
6089
64347
54030
49913
22106
42419
51899
47348
60310
63830
49929
93387
90610
69696
48015
23182
45138
20254
23121
82573
62516
46647
53827
31724
65468
64585
80474
41522
5341
74220
51472
33121
43969
55156
44660
80928
80310
95218
54092
56275
29973
69465
33864
36556
45647
28094
43076
48955
150
47256
68474
20641
40677
89063
91617
37154
205
27346
69734
59609
16765
65224
36261
5317
46638
29320
70564
40577
76104
86908
64524
2226
82900
38144
6661
37529
86368
35425
78509
75944
58760
93984
10549
18385
28199
81909
5817
47098
78489
30897
84153
29965
4588
31291
7672
80044
76003
51452
57968
43586
19078
66391
36080
97364
10634
36592
33620
8502
17208
14317
10015
81946
28381
69081
3832
89667
50542
57381
51070
57911
84405
86122
32520
40915
78940
41482
64190
83993
53205
37300
57934
60741
98243
41669
98732
35677
25513
15148
89897
39366
50925
53158
21198
63443
31945
35080
79445
25273
30222
187
61700
7582
32725
898
64840
56335
27459
85527
11786
98929
49687
15827
79344
45455
9780
44972
27186
96434
94310
68984
73335
30831
29203
62992
40460
66490
22911
75889
63905
59704
31867
59644
67520
33778
75180
38972
41323
75909
18259
69959
17616
32182
74495
37566
21643
80004
16811
43631
18617
96054
45364
17530
6900
51859
23644
52112
27024
86992
85652
48758
81104
65027
32234
14922
43462
71351
36686
69853
80134
57913
72450
88382
7525
43822
97726
72952
27123
19751
23294
11505
38642
13869
56457
89203
59954
12311
4253
25576
37067
92922
95740
31742
1366
29984
4173
86218
80136
39921
83089
11273
42060
44462
25987
38529
8924
52189
21163
9765
47420
55166
43455
80760
93747
95227
83478
93545
6311
43550
55595
20669
75347
63101
61834
53739
35367
11441
21786
29888
35389
85381
2503
11715
59347
31049
24587
42386
24906
75973
70584
4075
31450
75595
87236
3239
41135
81317
37138
82304
99237
41422
76793
50932
12475
18973
76531
72865
26071
56635
63172
15984
26902
29718
21957
27407
15918
71246
91628
16886
84546
71020
84314
15820
43905
83539
41280
6657
88539
50926
98575
77787
70657
2729
12859
51535
85784
20124
36235
933
71066
16002
52607
69631
3913
72872
50206
88434
59184
76640
81948
13074
57145
72853
37924
97900
70596
39609
64040
96876
49706
83258
84898
43007
61775
40436
88101
16883
14909
20096
49861
45435
39139
4777
98432
47631
9034
23039
57735
24720
26767
53829
4845
54888
79137
15685
83403
2608
56249
47299
80206
71339
73489
87406
53630
53680
94243
8723
50731
90501
70143
18636
214
63046
53736
44502
37657
11621
55659
40640
33876
83020
72093
49215
2165
48318
8465
89854
75427
25211
78194
82899
67239
42114
94019
20173
38840
24593
7345
74057
39682
47143
20913
76132
14322
63339
19707
67755
29120
34566
91715
81806
11929
36490
74096
16403
95591
53686
75258
77638
61152
30290
1573
45102
79592
57525
40021
17723
9828
23366
50188
10588
93436
41663
37031
89901
97132
60493
49650
17261
47687
7572
15459
71885
73289
17968
23770
9636
3479
48438
29170
9248
6165
17112
72324
55416
46788
82440
61433
31932
47029
7764
60042
78030
15663
35631
19126
98058
79833
4145
17183
28351
14436
8980
43041
7394
35928
80415
496
63352
96090
69408
13837
97201
53143
466
89796
41780
56367
73375
2598
84341
54944
12030
26494
56580
82862
90717
67377
98079
45996
11066
60759
69319
95178
42955
9873
10000
38236
79198
72390
16017
2114
9114
5278
92764
63833
46884
86329
5704
14461
66974
58157
21033
24985
76905
90811
44193
92461
21580
28493
40112
3163
8685
79822
68903
82126
7643
43878
23419
7207
67054
35472
54676
88197
44359
28377
18885
44688
59025
33623
41782
7586
45065
22692
36060
20883
61369
51254
98315
83744
1055
79101
20514
3320
46733
48792
48836
43906
14602
19732
27751
54701
92662
96994
1893
71510
67914
51763
57904
41360
66397
23378
55203
5587
62148
77791
64979
14019
14417
50756
5380
3004
72028
56565
82840
6935
2495
56105
8930
95196
37786
68623
14969
27236
62840
77455
88808
7209
19817
48191
1282
96716
82478
11198
66226
34979
67699
69073
92209
88477
77622
37847
94769
6931
13478
26218
822
28589
37830
12021
37349
16462
15697
54540
16436
47358
90104
7725
58016
23410
54439
27666
70462
63257
97093
80047
94409
60741
38074
55246
83226
65204
49611
60900
29590
6459
31456
10479
21633
75214
2631
97839
22480
40494
62962
69599
87804
59503
56699
79439
67026
49285
23527
7134
14216
28107
22632
36153
98986
69327
74301
49002
94098
95901
81332
84671
58262
5447
16816
5337
21948
53358
2630
32941
55400
11055
22496
97787
82421
20269
94788
6856
19650
90678
45967
36570
62660
43349
57275
24463
64410
45652
22048
58875
24094
74124
96759
72860
30359
8747
97049
27899
75243
81632
31877
68770
33937
86309
57921
32340
31172
87498
15832
23757
18100
47898
42562
39608
6807
67052
34753
60199
40157
51305
43015
61298
61985
85300
48149
94863
67579
25115
54879
63882
82834
23129
55115
47809
8271
69093
86552
90463
10828
75802
27195
91795
90188
15620
8484
50828
34788
46116
43967
45363
78519
43904
8503
69861
73535
21130
78517
31243
35463
74091
75558
15352
97910
41260
67386
7743
28133
45473
87240
36399
18834
9011
59568
47660
22765
6728
34393
12874
95503
56976
96760
1352
43019
50511
9810
52999
70109
69378
84056
68806
70239
89616
89841
97468
47898
40974
23671
85201
82488
50159
30551
32664
69304
53510
67163
74285
35676
9210
28741
4807
47869
71781
3921
72058
29278
65832
58109
32525
65629
82511
87557
78035
39110
89244
16742
70055
47938
66099
94821
28201
53389
25730
69320
34223
13700
52298
73313
27210
94653
85230
92523
64887
8561
67959
30157
6590
58388
18945
33852
96010
80070
54438
73406
98373
39329
27525
51016
83599
98226
303
7976
77372
33381
90477
98719
76232
48122
5329
52358
23351
33908
32184
78865
91756
83471
59481
73649
98022
50033
83053
62132
91890
67769
45275
70055
22225
96116
31326
81243
9128
56111
73237
33413
55870
73447
83719
62240
4725
77980
97744
42477
95624
81188
89709
83034
94781
64955
9888
59169
69062
82584
19168
66503
52890
74044
79617
12325
33964
33955
66491
89123
69925
55580
53945
21280
75234
58005
36065
27183
19116
54832
94523
62107
46448
78066
43263
90250
17115
94554
12288
39424
93620
32943
64719
50651
36758
32977
9197
12795
67784
81330
73872
44772
51482
70686
33105
99228
53726
79637
17168
36880
23041
68697
50309
55411
67109
35394
84356
50150
60764
93391
85708
91730
18115
90776
70540
93106
78968
11743
49042
16814
36922
96004
16562
50530
700
42711
39695
72766
32357
89929
10313
36198
54311
96187
47299
75930
37753
16696
89359
27280
86260
74399
42201
71964
53287
14136
1037
625
28151
59623
61669
82946
61590
41982
47443
60642
3326
83981
52168
86505
85162
981
44351
37303
72274
38715
3016
64691
13378
74968
38612
94605
94197
87628
97338
2210
78323
77714
66373
27453
11716
23695
14778
63386
55696
70660
73481
6054
30517
30947
89327
18946
96355
95743
21669
93287
7927
30972
89802
1091
52082
15525
48456
52097
99638
81980
38885
93671
1020
15308
32296
409
33269
18266
70629
7930
77691
68122
3847
22131
16467
35550
63001
56396
13474
72649
87153
12056
6025
8674
85818
64589
14846
63204
81917
22928
88360
49074
55211
21519
48503
16552
63882
28104
49277
59084
97977
20744
71021
77700
78433
34317
39759
60577
95962
85964
18365
80856
23991
45391
79005
77393
59791
85526
27706
22905
23273
91102
49633
85426
54595
36895
12086
56235
14207
83280
46705
53194
66635
73381
56121
50309
16683
64952
31994
96944
99749
45670
23206
8016
76009
83664
51014
26190
69019
24993
77083
26248
92894
49392
56245
83937
60607
61659
88110
6809
94107
34675
14372
37207
80942
1431
10130
6530
77625
76025
92043
30255
50447
64701
68018
93237
96860
58431
84824
7740
70995
40051
2098
89812
78802
39656
55639
12866
14740
5830
93043
87253
88755
17431
66219
85687
12215
61186
47214
59167
72928
89682
45811
33059
60844
77141
77813
56106
74789
87168
11432
95968
37610
30832
89238
92194
26744
36171
91963
22233
57013
47653
38073
42308
73562
7743
7353
37134
53754
745
53887
96607
74803
89960
58792
6383
14063
40307
35683
36436
33303
56695
77129
95708
79189
58523
27514
44406
77797
4990
20982
72299
11928
7419
96212
92651
40420
97678
21186
71841
74827
23857
8602
28552
97061
71456
12381
12375
60877
28443
50128
99127
60262
48745
62447
78934
87464
39576
51506
15572
15435
55363
39547
38523
19694
65677
79832
50027
74213
8842
79227
90995
80861
55613
74579
23356
16300
67324
16615
39871
47674
29136
38319
33399
10982
71512
12911
54769
6615
98220
26673
84672
25536
85439
42526
24141
40110
38718
90585
99563
25201
42678
57495
98600
5316
62514
56766
76928
827
75169
1145
26476
86089
84278
70902
51736
72459
33353
47325
33362
23253
44251
73485
43805
18678
36375
10644
29093
83466
20467
83530
34446
95196
14902
75595
15461
40470
76275
33935
87704
99847
13204
30056
33697
9903
99154
30840
46717
3498
38816
26924
60027
17174
9128
17464
63984
30787
55181
74832
28456
48695
94224
1761
4951
70555
63054
7818
99757
1765
92133
5850
81415
67426
56055
7495
25762
2528
28776
84744
84043
85013
28706
80048
88530
80112
7352
27111
81629
65946
86119
95143
41817
72200
94456
25232
56331
38144
21825
51496
79556
31078
97932
97331
9235
19682
68144
25386
34196
44463
83291
86491
35206
78946
22353
11582
93819
64437
21550
10447
58280
57807
1639
16172
42972
274
58575
57388
93614
60705
67733
67386
93806
97068
14187
28333
91934
73914
49409
69254
62554
69713
8752
40486
62706
48292
54867
15081
74840
97978
82031
35906
48437
16567
29171
55283
95158
86665
75930
75050
53507
88017
35341
91763
77968
3628
17766
22686
8493
84477
47792
31534
56792
36505
74378
82747
30450
34799
20362
49541
43983
10546
68158
75381
24263
14660
84749
14513
26601
50209
8540
1628
23344
11108
37421
73384
58125
13658
21826
35673
12483
68161
47584
68535
19570
59805
31406
54351
13867
50615
71804
75463
75779
64946
4192
87964
20995
41676
35195
43514
82555
41261
29178
90775
77815
32143
57
82156
40681
9865
73955
67441
58310
2394
40884
61108
19117
74479
45727
41750
53442
89233
96011
17186
23993
95918
95192
45963
93933
45154
67136
93472
81168
97121
96600
655
33821
97476
58293
22547
25001
41966
96108
46203
73464
16730
29650
22745
94860
43907
4002
60388
7960
86863
28925
17227
48915
86265
39147
65141
45192
44378
84575
71130
49610
93683
80825
64183
55813
13689
30245
38834
80816
41725
40865
66443
56990
73527
39773
76795
24915
15598
73434
72492
244
72295
60500
57141
29399
69160
11868
79120
58266
42632
80606
83769
94863
18773
92866
80709
42773
88417
69998
90493
97634
89801
5832
74901
56668
56355
98456
62862
4807
20356
57036
13572
13528
77868
99990
79188
17800
2223
80944
48814
89765
32576
54016
51603
40291
90779
80854
5548
53103
76175
64370
37670
97027
88807
15298
49933
88757
35028
61993
14212
22635
22233
29596
36735
63977
10002
94373
76413
65195
98593
90571
1573
1678
32790
49097
60187
76744
15323
63322
75423
76568
47098
73878
93027
20696
66155
43701
59463
72943
67293
84819
48019
10883
59200
7501
33008
72907
13549
74471
21891
69379
97075
8143
39943
48921
80959
91292
12934
15940
21799
47121
66356
42260
26067
88638
36488
44932
19592
88101
95959
38764
95378
8154
41071
31155
85550
13731
34893
31490
59217
5151
93435
45972
74809
92675
60010
60233
96590
46047
11079
58362
54323
33440
89341
75494
23951
57390
80008
5451
6995
693
40945
98193
48392
24514
69259
64480
5014
42115
46856
32466
14131
81457
23000
71362
27942
24969
6656
70596
29303
24437
95379
43310
24309
2794
14703
41684
19107
66059
11607
32274
80736
86698
55592
77122
3089
74382
85371
38317
54669
87825
93654
12574
29797
57760
92495
97810
49551
10566
42174
67116
45838
91874
68093
35493
86623
93780
36127
35360
67457
7671
3882
9435
33602
94984
33554
74626
66851
89828
89587
40894
97799
87824
42763
9163
82397
92018
54291
93223
6375
75261
64376
68198
51687
78314
74809
55394
93733
44449
65247
76303
46495
67223
70964
64877
85518
74065
98113
66678
55504
1095
89225
37656
83896
49572
95579
78461
46830
90346
47192
49317
45508
67986
70754
83477
18742
71409
35740
80777
86013
89078
78500
50821
40432
30607
89961
50569
52887
88140
61579
4930
91470
73787
54958
44221
99379
36850
38266
62615
39436
50348
69811
16337
52728
41802
61455
39743
80272
27515
2265
79390
49337
37686
14658
90949
63049
75780
1662
99989
89555
98491
27106
23466
78513
27268
11576
66868
3693
92894
8540
16511
80012
19228
343
8045
37015
87529
48053
36678
48263
4012
61061
74438
5069
29190
6380
33397
88988
55288
12199
63251
43092
37634
71003
62642
65995
47174
27098
32222
39769
8075
56693
52535
51424
34302
91992
29503
86838
67506
53959
5071
99985
52872
67251
41252
18286
12586
46104
18295
84382
77393
72086
17706
19182
99782
67466
29821
40689
15621
54665
19073
27980
4766
6201
92292
98654
47478
61963
44299
18025
14570
73464
25662
50433
88371
21367
75100
89328
5541
53241
31215
67940
43953
72577
72539
92150
5803
10147
77200
37016
17286
52664
95744
69050
15802
23035
70858
74488
79304
7043
80915
7876
82100
33118
66806
30475
85233
46406
35475
59815
81019
6530
35939
36769
88798
4924
32492
7232
2740
74266
87599
60370
46827
77756
41343
81398
67556
55633
47980
75588
26168
80053
60317
8282
44821
66443
17373
48996
79846
86675
28812
42246
27537
81481
19670
18889
21914
35066
55584
78048
70533
62979
4382
49013
75833
70599
9058
78261
54719
79789
6416
72373
11530
92884
31852
8608
30544
56404
5749
95326
54743
59571
85931
7458
92171
34720
25227
63440
6827
22991
55483
12297
30595
76050
91361
27028
70164
14480
36846
48427
99568
30564
4376
49407
90306
47701
95781
95817
22794
40269
44899
40143
26150
98329
77908
64847
11660
7900
81223
35562
45683
12240
59522
14416
76050
8058
83995
48676
1408
55817
34758
42155
75899
91946
84296
70423
66468
23659
50475
13418
74247
458
16362
45833
94680
9337
92076
51392
58969
14993
51917
34508
11992
11248
98776
96328
56661
60113
37873
99223
90498
61094
54254
77066
13667
6228
68422
4783
94612
32042
91650
84951
43882
15903
11120
91682
37457
73256
62806
95210
61589
30899
19651
67368
42013
42948
53793
38118
18129
59081
19431
89058
47324
86619
81323
156
33708
71956
25173
80477
78390
55847
23694
52644
77655
84928
11287
39341
28790
60697
47958
89792
53541
47094
85067
76852
8389
39039
63201
85726
26889
41271
8417
69690
58867
19293
15360
2484
99643
47134
77048
76532
22094
6837
2900
80612
94643
23105
28676
65951
63913
8065
90929
22647
48172
79534
16266
10211
83254
2517
6205
65859
69410
12816
28130
24786
36844
95616
785
89991
16212
91944
73652
31272
8033
89065
92791
7820
18594
83574
15003
70250
35183
7955
30250
2051
26415
90767
52228
74921
52755
47579
15256
72523
2399
87078
52815
19582
68585
58998
13603
74281
75610
96581
11917
37165
30833
39606
53243
61807
80359
54226
65439
28100
23917
57828
27493
36312
31377
17133
2333
51866
51872
22244
44374
87111
91973
18894
44716
90738
25551
44373
53528
35885
84849
1449
83078
84215
6595
30480
90756
60546
16678
6283
75574
90175
77381
94310
75430
9257
43799
77467
152
44330
19840
12133
18588
19182
23863
30300
80861
59970
22243
19345
83510
40200
93950
2471
19684
75483
20732
31436
91575
5881
56196
23507
42658
59889
21565
82000
8146
62954
98436
15823
71579
53678
57625
25073
39021
64434
67994
67684
80582
39075
3815
1693
31425
25902
15845
30517
36652
21963
68894
79197
17847
46855
34533
50111
51080
48077
6263
87891
42348
21937
46717
13115
57224
72601
5998
5916
69101
50664
79506
50425
20874
93319
33153
15181
71867
64274
85481
99589
68575
11485
36590
13240
35688
54753
47532
64580
22252
58855
85945
30438
53336
59248
60326
16436
47267
21406
60259
85019
25472
931
72386
83665
52494
94340
70163
41846
99050
23721
94287
98316
23108
89668
71889
14256
22639
31547
15326
92308
30481
1300
51173
10458
31226
7772
32002
66223
37874
85523
36380
20449
17323
17400
27662
95262
69302
31405
19715
43403
50865
52359
74522
95486
8574
14900
78569
11033
39727
15592
21054
78756
81372
63110
28513
325
90071
24072
33621
95806
34647
96044
44861
24803
59601
98747
77979
89718
82118
46774
22739
97377
89461
20511
15599
76303
32368
58081
36956
39080
68460
69789
7569
48584
76338
81171
47343
86074
38994
50345
53252
43286
61304
46075
26698
87636
28982
29183
55661
38859
58401
80371
81385
65867
98392
12102
12049
25395
53471
94623
96140
16720
61482
99694
65146
8947
21396
23150
91509
78478
8112
47123
42323
35787
46198
64597
2727
80616
32095
1049
86343
42323
1036
67481
9096
50109
54528
57711
39685
55006
23983
90275
59295
44006
72622
39630
62718
73371
38441
62219
1526
29876
1875
89497
90821
53329
65016
44367
32248
90996
65551
9021
95149
75744
45771
474
276
8492
16529
53007
50830
98180
1123
77312
73079
78845
20731
32274
35521
13427
69843
84830
79861
89153
39905
48560
43422
81435
63201
60028
83137
74283
84458
59646
42084
37671
75746
8972
75824
25772
53485
602
30449
47129
80961
95626
28378
25258
31029
12718
50853
61806
38360
53243
77592
89512
76189
5548
63780
92415
16308
40272
550
64162
19348
3441
71856
55260
25749
51202
60834
16815
90138
88228
4050
74832
55435
20405
97835
96959
10240
469
10129
79682
14842
4886
51426
80061
7660
18496
70552
84560
35510
97503
97804
5388
12274
51498
38196
70451
68967
78512
9229
75883
10491
21152
4596
14399
69094
89301
17421
23891
99233
95932
32807
73569
24893
6468
36695
39253
6417
36065
90784
64481
14795
60605
80437
9342
54151
10876
46389
17632
9821
7306
7733
31508
94357
76451
11323
90840
4789
16190
55750
88791
10395
70359
76619
25536
63335
73848
90715
28355
28752
31171
99488
87367
68598
32510
79878
14314
73975
4508
21238
49078
24699
31428
61373
79613
61354
29760
62028
61553
32606
4421
76473
52001
42515
58393
35906
76692
65850
68678
99282
81499
96877
32729
92923
42263
14909
67223
81923
21287
96583
31901
5820
19179
45253
62099
74667
69402
29600
32812
55499
25564
4099
30300
6666
42789
27563
44087
45424
52943
19259
24322
73663
50226
55565
9912
84566
58787
97858
55291
83056
65254
68633
74101
22154
30897
87710
18985
14338
36671
20218
16283
41883
5006
78953
58777
31004
55254
91465
49509
15096
13222
96270
15840
92488
50012
21618
21812
30997
46304
2954
45086
76178
63934
2196
75926
95365
10206
22860
3548
67718
73538
38173
10721
70496
31835
60468
29359
71797
76168
97713
35062
13631
7277
81687
93844
34128
65068
4483
66784
49658
50754
50169
23476
96875
51072
21145
90708
21521
42756
79473
56223
15387
76404
84460
90897
62048
41367
16296
8818
84120
33744
33893
84159
88744
52151
68377
60531
70331
51350
88865
68273
15596
96765
59538
63121
15457
19842
6926
420
19089
2040
35569
59398
85029
34123
28267
89184
67228
99990
6120
79542
83977
80225
1195
99603
50711
40250
32121
76879
68589
32430
21202
58427
99117
78245
94618
81993
71286
69079
67253
31002
69353
43567
26770
28005
83048
74266
75902
65057
84314
92524
45529
60080
89676
11759
28582
51624
25234
62313
7035
79326
53866
44521
58137
45361
2561
85197
13045
69521
56655
41364
65813
26730
78814
37691
93430
78609
92936
33238
1578
61865
48670
76460
93183
65106
16357
69263
91834
37616
38810
61975
58115
11251
79063
39771
67898
232
66925
99147
94951
21179
73777
65836
29615
88967
26771
86705
44867
16924
16809
20978
71186
1484
12075
97740
90526
61106
63608
31285
39020
93535
86006
7130
3413
45698
91318
89655
79226
73235
95829
84529
27540
94429
90366
90964
97225
4774
34894
47877
60475
54780
69232
89379
17242
33533
61254
36926
75738
45123
92713
84083
18943
66058
83943
92868
82388
6560
35980
79345
30363
82248
18524
70709
34815
3914
21180
89343
62886
88954
76688
38858
26178
81988
61375
13532
17510
71537
44467
568
31990
37465
29692
67360
38039
87333
37620
59338
10373
15583
41949
69469
18436
79449
33767
95369
79822
21654
6253
36097
79754
52441
35999
49046
42366
31176
88411
9393
28571
34588
84468
63084
95479
46536
5141
66381
49176
94148
79871
8480
26380
54197
95629
14256
30646
23290
60025
3938
79331
32853
47799
92015
4314
65876
41887
18844
30673
46588
58184
98871
88476
61489
52368
17359
28577
80324
7288
94224
68903
98746
85676
37562
94317
83860
27072
14366
90327
46688
33846
63221
56450
31292
29341
45820
38265
31298
87123
73935
97792
98676
6762
76737
39758
8389
58665
8565
54648
97314
19017
4061
12135
71356
12064
35116
48491
13938
37563
27994
57770
95967
14563
43636
91217
3037
42562
73756
26059
1845
70240
41924
65423
51717
18790
57667
58003
39020
7075
13170
25279
87701
84460
75206
55293
7069
63294
46506
74284
46338
37504
80184
40243
66027
20804
52148
72626
64206
78156
78436
66260
74978
55785
60464
37122
93570
38494
26994
47953
16665
81891
15642
61755
94032
79686
80161
14987
39026
79755
83656
67698
84025
58452
15949
24086
89911
38748
66504
1482
25410
9918
77704
94905
82780
9075
49509
35068
67518
67255
71586
47051
52257
79885
97633
67312
43913
60121
56226
55159
17711
88619
20762
13730
81705
28284
33356
1528
91896
45840
52870
27389
55533
59196
3579
51869
90360
30913
91416
22786
19087
17238
45253
10982
86904
28580
57563
28098
58612
93834
59996
62596
36551
90785
3347
58079
94984
67674
11369
35932
60385
8132
84769
51023
23139
83401
89585
50052
58634
1400
60701
12248
24808
88061
32530
24901
1617
96236
59035
50325
69955
26269
61027
30775
92815
62418
90473
50510
20744
17012
52249
70823
18919
23898
96364
97027
57337
32299
13438
43923
46022
21819
57864
93410
70558
95762
32506
80300
24993
22794
29783
55308
65963
78007
81900
81266
9275
76417
26638
30612
70591
70156
65871
75451
49694
91833
53405
33951
80609
59173
28119
53709
76415
51151
29357
62596
64675
61271
86323
77567
796
93474
67425
25164
61121
4794
95690
58875
23871
18354
50615
99667
19168
53096
37792
72510
64249
60099
56614
32101
48529
65179
86672
52470
29705
40663
7968
24257
29581
32946
28496
59586
88085
31447
99535
24633
58904
63564
86194
13398
58382
77067
62905
87759
98111
7562
86399
47668
95854
47132
15581
82905
45084
2353
17020
10706
31290
10296
86516
24286
13710
68613
14598
20090
4897
67758
83219
89911
44612
18703
67447
75237
55100
93229
33894
6990
86897
41560
7585
59487
18926
79785
36852
59969
64758
89675
92399
71142
13188
43254
66687
7647
98300
35318
87240
14122
55412
63018
24418
75369
99385
88904
13166
64814
74271
98943
34163
79794
31080
97428
39320
84005
93936
1326
33472
21503
86707
6029
84510
44565
25084
53204
21043
7560
75434
35879
54891
55831
13249
90000
87664
52820
44523
3452
80073
44884
61417
2722
72788
91744
70010
54116
30107
3081
53798
29486
30485
56344
50151
47163
79580
88675
84277
71574
79238
89820
19053
18558
39810
52964
92029
68003
41905
68668
76174
11661
8447
59484
91790
8893
61564
82972
48538
81579
61916
84015
81157
20845
10119
38640
74695
55769
44445
91637
8260
5569
31178
16096
45463
31774
57058
12341
55707
25416
31385
33477
63031
21889
31009
48488
99172
71697
97921
78538
18076
11148
60655
1052
47296
48784
18346
22347
29029
53931
53654
69454
18909
67225
3444
42232
99518
25450
62621
14734
79697
63106
13404
7795
65208
75451
95525
95966
34621
14629
26582
81325
19764
92621
42888
60723
89100
20475
62065
17357
44567
95861
68474
18994
80243
42369
48888
21064
46644
68488
96138
28019
20944
27766
39373
265
52615
82814
77503
8865
58637
827
72750
79978
60758
67313
1020
25688
65885
62161
18610
65177
64880
72059
42334
54021
56859
57662
45962
72948
41487
10971
98394
73385
87855
57160
20994
61996
93559
63888
55650
58422
12330
52343
32031
4901
3446
93243
8382
54992
19686
72407
48448
34612
34404
2945
78165
76748
24168
93203
13118
58911
51458
58727
36003
11571
19168
98843
19598
62400
8252
97748
61090
53792
72934
20478
51995
52130
33321
86289
44547
75517
50012
43632
25870
66050
75783
49323
14067
66986
81072
25925
29160
57998
40545
67472
33561
33110
62680
33491
55204
75753
59851
43757
25812
47587
4693
57812
70487
35141
86946
49942
93374
89989
57459
22689
69106
31974
24718
45022
91693
57763
30789
65719
70556
45349
91681
58105
33103
86836
64810
73589
7929
170
28630
74017
82859
67971
45037
84700
9096
71825
93173
17262
8452
63340
20030
50413
4766
19046
619
80956
69303
43004
84251
73294
52813
9064
73012
88072
75513
59571
39884
50373
