66216
72878
69064
88984
46292
86821
20453
77730
97120
94617
52447
7552
13186
18628
31944
95330
42931
77569
575
24965
67599
75112
71530
77529
77887
32836
84098
15565
74931
69107
30440
71576
96136
99033
77077
83143
6442
5601
76240
94590
7155
77746
82040
42669
15090
41065
31553
32017
2598
70009
48444
16035
26441
88316
25166
58593
17770
29972
62978
39735
73714
13378
59035
32682
49961
15810
47618
33249
86097
10433
85374
21520
4943
9853
81473
51778
30826
25175
23934
52834
8812
16087
84889
53446
93189
50333
55703
83257
47567
32543
18453
56675
48973
8228
99892
71927
76364
32219
60753
18618
73035
15673
79155
78123
50903
1933
46238
93779
80879
66018
77028
15721
23463
20816
25595
1890
87143
52351
87882
63892
88499
99130
30620
68902
30534
51308
52567
53910
9175
46105
35015
79558
46206
91803
32244
18244
14128
97688
77554
93108
81701
28444
74678
55388
14491
26457
47590
54859
57427
39767
86121
76967
10585
21273
57630
76051
18370
6478
19369
86969
35790
98577
13576
55449
46668
1342
56355
11630
73501
68720
48930
98905
45776
9532
22264
89037
621
7268
26813
10006
86286
18105
6426
37318
20582
96688
14750
21918
11045
43135
41645
4821
51796
70005
68535
31272
5307
70291
35143
73630
80739
75755
86034
46263
22965
62899
96271
69424
38752
23910
71622
29526
43962
65399
78625
93253
66398
88467
57791
47195
46356
20914
79847
64542
51182
53754
4762
50758
87374
35088
1825
19336
21509
86747
89125
63264
26838
8503
6654
84923
81369
28371
36195
70782
9308
76520
36864
33367
92260
44790
80006
77150
48817
71036
95548
95175
19103
36883
30899
7175
77449
94280
10839
31167
69288
75477
52449
45514
87832
73499
54089
52192
60252
79486
82713
45348
36312
79357
96797
43121
92124
90156
38487
31355
72993
57616
66543
77157
41996
42230
31815
2623
46639
50160
86828
67257
55535
97165
22408
63880
73152
87764
34613
26931
56556
7101
68716
21244
57426
82956
81019
40422
15723
75243
16053
17415
19081
97250
34724
10731
38488
77462
40921
66722
60198
38779
47524
34215
14367
42679
25663
88782
66192
88469
68068
89002
62605
70467
52415
2648
81871
30217
23903
13803
21909
98277
96294
81333
29867
78695
85151
45998
91304
94566
30287
74628
34673
84510
40452
17056
96379
35175
64938
9328
98254
81203
28668
78327
66533
34467
6840
81741
96145
66182
42923
70420
68285
37872
35724
58232
7117
59059
94373
51010
14431
92796
33323
28218
19124
8396
69871
73494
36840
60049
33804
41955
88828
13921
48417
5166
92149
85363
17337
73680
77757
45498
38437
4884
80840
86302
89356
47014
43921
23608
91705
8794
23170
44618
87154
52950
40339
95641
52009
18110
94921
97065
4843
15674
68992
34483
86165
78469
28963
51781
22503
87220
60216
20854
41713
76032
61753
30724
95018
83475
62013
73036
89759
87019
39445
67014
40264
37774
92242
31354
95126
72779
14595
91459
96521
93992
84444
83038
73310
43182
2963
97934
38469
11181
11236
37904
44241
4524
40725
2134
27433
4657
93971
57987
27931
85641
65403
1314
94288
78133
3765
80963
42459
37778
87386
76274
17227
42627
28822
15157
39583
82813
68360
69251
73785
89391
45863
76572
24363
65803
66367
1192
65774
48149
23225
73744
52434
73544
26872
16371
12976
76479
83615
4294
5403
80103
89617
62604
73556
66590
89360
92525
50077
32839
74695
30358
15077
9582
36451
66124
87874
49170
59356
46510
78141
71540
87185
87719
25639
70459
50513
25933
18122
45889
12694
48921
75930
44349
86924
88611
66442
27661
26608
75449
55066
8416
36659
4540
1422
97118
22974
48535
55003
63157
20111
32508
66682
90465
83457
6973
88319
83286
96362
41924
28771
89421
44222
26224
45597
27977
13264
28908
71663
29349
11769
9965
16476
61180
15761
3656
34904
73620
38426
30062
46904
57959
79997
38662
713
7888
59308
47717
51196
56879
87590
27468
11294
13401
18809
32125
72966
62783
49889
17435
93736
63992
83630
4190
50919
15758
84581
61424
65415
36770
18205
81127
2175
96061
61769
53983
75885
58197
38805
77556
23044
10040
64842
53112
19905
18328
21836
19735
4796
80882
46114
30693
409
316
48661
66559
11005
17131
4753
24455
44350
21374
37162
24406
72756
68843
79768
51005
10411
42532
27554
92412
68090
36934
37785
49022
44270
7357
88475
33007
96576
15831
58296
97052
14181
76516
96913
80485
54308
45126
38492
10177
1602
16187
36292
56750
86329
14212
33006
71218
85575
46226
44406
68084
67267
61004
8407
80497
22410
70527
74
6779
54136
6498
77766
21140
86322
86628
28390
91843
48703
19637
53704
9937
58743
43758
91569
8387
53524
96573
74478
32980
86821
65713
28885
42702
55938
36063
11658
54052
4089
72079
62781
62415
90951
54310
60625
48771
27906
23376
80760
83822
79827
23913
66425
89804
16449
12393
19572
48522
92552
71466
51356
98037
92905
32023
90051
28542
36539
1779
9587
24812
81375
44354
42936
4414
55569
30424
33916
63292
5114
94172
234
48248
33282
53177
7668
85607
8931
33025
12688
1174
47705
61598
10717
40394
31030
94679
16611
34616
98514
35387
86489
38238
69695
53965
68352
27100
25690
40044
14348
89779
75198
31965
11906
7800
75186
28471
78525
48500
85443
91851
25579
87291
25292
82958
5077
46759
10865
85829
95771
69553
43980
90508
79293
91404
7006
39938
55543
7806
39655
81941
39876
14299
70353
40869
67843
38463
74759
55960
64279
82888
40547
84090
25800
60750
7076
71630
63463
48256
62910
93845
7790
89853
26347
66777
78150
41195
19808
40503
15426
8247
9051
85256
32073
11018
40504
24074
45585
59235
92547
82287
83943
85815
71463
7298
61099
37923
64805
34897
33367
85609
17377
84443
96576
10190
25494
31992
94966
33935
21737
59135
37798
29691
5211
57848
34878
66130
7511
93695
89808
34648
10700
62673
688
11413
18773
64855
74520
86540
84948
26956
810
38294
56605
31276
52469
75451
15758
26011
241
65580
31836
35599
36037
43615
73993
10042
35080
44232
63826
79256
20740
31953
77925
59666
84054
69526
15952
27117
70770
77311
61811
30674
97636
36219
75287
77691
14449
13045
8857
84470
97052
46998
90815
90841
5188
57911
8107
59106
10123
53408
33517
5546
69393
74786
63794
18150
83999
67630
22267
73816
10271
91056
49929
27481
7048
71851
45043
73371
41144
30610
71386
42367
77787
65216
31572
7698
56616
95061
548
56292
73994
65326
39371
65319
32379
31360
13272
42080
87532
35984
66395
55757
43778
76018
35767
60723
19899
23804
55989
60386
99374
41158
15349
24743
19921
49760
94880
3695
98739
18448
51801
47443
15849
3238
56273
77732
47878
84670
39514
10996
89092
79730
87859
88703
69023
58809
68706
50676
23808
992
11713
83172
66776
35491
16111
84549
80898
36841
84870
6947
94347
39801
76397
54276
22253
68636
99587
94454
45911
88176
51484
30968
10792
14214
23785
4930
95226
3642
11343
23153
10332
30957
1242
31571
43160
33024
17835
78539
46515
87694
53324
89570
98578
25734
81476
89226
90266
84868
30629
89616
85168
67019
90915
12734
1823
9026
44415
47658
35287
61672
63522
18686
80371
34165
6181
56868
37587
96206
17293
37518
63944
2884
21876
87840
38894
14346
10114
60155
40499
79410
88347
30150
78614
75779
82065
45915
20427
35384
13818
90443
14650
17688
25821
51791
327
58829
88614
90060
80525
19587
18809
60162
62852
8992
2211
63505
8418
3866
3820
4840
41149
66745
14184
66444
44013
63402
25420
36898
78672
69405
52190
54169
46216
75965
2182
50807
9343
38185
10401
63934
31850
88147
83924
17530
41035
43156
68637
51850
21393
45705
868
49928
44571
69903
72337
83255
37561
82103
89720
10088
89939
98725
74287
10633
54627
27115
40096
45931
26333
88157
67833
53742
10159
73777
33953
46571
89091
73525
95941
83613
10945
78732
53809
52493
18481
58950
81434
70937
81631
52475
78743
52705
57175
86884
60272
52909
13776
5047
62767
56062
37029
62077
10515
41808
54398
1041
83748
39848
16077
52151
49633
44608
90837
69846
60788
13228
77125
62739
5127
60712
10209
36108
31023
59424
353
22830
2694
17723
88403
73972
36952
89253
21084
80381
2644
29656
53980
18375
10114
89670
43152
87438
8755
58246
94128
41051
89011
37656
19640
28427
23291
27415
73860
86429
10659
85978
73749
11831
4117
41894
17840
5526
83710
43860
22694
31824
74173
10554
80398
54921
16829
26553
83725
98093
24736
56707
73944
6608
8241
72742
68401
39776
62139
54394
44141
19619
82008
86243
57014
35155
34529
89026
73036
20530
41189
21406
24806
16972
79797
5931
52726
1032
52571
99509
93483
21226
43627
91371
64784
29384
83730
38698
18321
99591
52107
20613
14014
98353
73585
7342
34184
18453
88462
90148
72073
51676
19377
23800
39808
97795
45918
76670
20986
21594
58144
65133
52204
18296
858
30002
24188
52696
48379
70776
66015
19988
97487
80716
95837
19260
25842
37424
13777
83379
32703
72830
67084
40039
59719
47798
65433
89547
43677
83814
17980
27602
33903
32982
68276
67914
61135
47917
49407
18643
79599
88963
82621
44091
41130
81763
48044
96855
48287
58620
71410
93439
75737
73446
42490
68871
99274
76396
42677
22262
66326
89561
59810
98789
20139
90819
33256
72853
12623
239
76319
96525
42834
44959
70255
75567
20770
60351
1297
82006
40349
52680
98929
99439
91296
1422
82741
62032
76222
87597
62583
48313
65357
9547
85934
78982
28475
33321
97227
88494
60990
24619
84159
28571
5192
13410
9306
23238
73241
25459
46030
80654
54286
15558
92402
77269
45400
35692
69634
7128
39912
76461
38564
1352
9222
36238
9542
89801
39040
21596
92322
14535
6655
43287
18979
87632
64790
42174
89346
86227
95732
85203
84873
72466
92921
37258
30264
1766
81284
27859
63590
72208
33067
25346
49599
1303
82564
80919
43948
84387
97728
95215
29873
26389
54616
57191
71983
35841
68447
50632
32778
70537
5878
12147
13764
93271
78335
90633
59528
76438
5930
82840
14499
14
47723
56606
77901
10746
75340
72315
55654
35816
79230
15063
13019
49708
96779
10541
91047
76993
59559
50547
32918
97117
7941
70759
69829
88496
6342
72855
50117
68441
99884
31757
11263
14021
67788
98901
52049
53701
12450
4621
26134
81898
82846
11528
70116
94720
70269
47454
32655
26244
34451
98612
70347
41348
25123
61411
55119
44849
41105
35720
62932
97539
46926
33256
87932
96362
5459
21501
51888
36748
5961
93121
72994
37376
10437
10677
38193
33701
92017
51567
63371
10015
25125
22495
92749
96720
37973
48540
28997
60303
42692
84975
98617
13960
54326
14235
37728
48624
53187
27464
35246
65250
82439
28267
14445
15323
80918
47539
50854
50831
67437
97875
18079
46726
59684
62215
38431
53590
37983
19813
25453
25021
69380
70369
78295
66716
58342
73596
36494
42763
65984
69546
42765
45565
49214
39231
44091
12177
37589
12086
43526
73553
26323
38494
75056
92331
98193
83137
59814
51178
5509
94865
39050
56944
61939
93777
39602
71506
20324
10942
35657
65584
91983
74041
24564
31407
1171
72274
94319
3861
63079
29489
44918
23489
51080
80516
85920
83044
78930
22529
21413
46528
51946
17878
86752
50203
37271
9941
11855
7456
91697
65461
17463
8050
15090
67207
44997
90798
17418
25750
82959
23772
68878
22137
69465
48849
77456
48729
7956
59205
25610
75034
97793
73068
67987
63240
3795
43603
80372
90558
59345
44248
85908
63414
19707
31814
98735
64360
43844
33516
82118
52769
28414
64441
76144
42402
14228
61943
93263
60561
91312
20929
79453
93473
80605
79649
23556
12473
33670
34634
61997
68419
34589
99983
37488
43091
22744
42207
88874
59666
73718
40894
11565
38726
97120
48481
54737
99743
87594
5349
5832
31169
32088
97612
75887
44905
85598
30261
20993
89534
33919
80855
71014
79478
85239
94842
49832
22978
22356
78706
36326
76695
77535
92600
21761
40825
5017
4967
51635
45989
78912
74128
91104
76284
67729
30971
80677
16616
66823
82330
98029
52908
92385
46795
88803
62956
52706
17227
28225
45493
46642
89842
62022
5227
27746
10222
2247
40846
51341
29567
14076
85768
23449
17644
96987
28854
3709
41121
36098
11952
81757
74758
22381
31606
95760
89181
63880
95864
91747
73143
39935
80290
95254
60179
39697
66115
1860
63252
81378
58009
4544
88478
16527
28763
59226
81069
93757
86147
62401
55250
50187
92309
83747
61835
32358
46896
88464
20382
26682
38383
81757
27922
6725
5020
53476
58218
7016
44147
39848
79294
63256
42383
71478
35031
15089
1715
81063
40967
76841
5239
52546
84739
46978
61804
8766
91487
52729
49006
165
57348
37276
8005
26324
14832
22553
78360
79584
14346
43217
81679
86898
12896
74347
44739
20595
70111
58565
33060
84611
15150
20421
57894
73474
50407
57933
65385
60561
94804
58509
52132
18355
3490
42419
50062
9902
37924
21917
55912
67054
7143
24239
74858
32520
2253
45280
97768
84635
2665
8719
1089
91250
66614
63283
57733
72647
54323
92591
9504
24705
36255
95748
69958
58494
81453
45409
57149
42732
58116
9878
32962
63698
28790
29894
81561
4171
21019
6107
30356
70162
33897
31667
67327
12025
32690
96440
57478
59955
67034
66765
32708
42674
26132
50244
67721
28266
62360
5420
62918
97493
4323
55304
30104
98352
24234
59355
30031
40898
48796
49439
52955
62940
57908
69525
26258
77980
97336
86775
53087
84140
28657
93610
98794
18599
42727
7855
11008
78716
15128
15031
70303
34186
86068
78486
71136
13548
11352
561
90178
3246
69445
3282
61551
5565
71549
12122
72973
25886
86746
78550
94435
22580
49035
46698
87045
2405
85931
60841
287
76534
3199
21703
23290
31218
16684
73062
40301
93162
89331
7948
61923
28598
39019
42806
81925
72825
33433
20037
68933
81187
11885
52951
31814
31313
85276
38801
57866
38319
2198
7704
18522
48765
66756
98527
42060
73903
1504
69466
93428
39438
80880
64913
58921
93852
16096
44528
96018
82837
46619
60283
78477
98224
65158
81855
21820
71941
89433
5380
64557
22473
46587
80798
80869
68789
85049
55139
19912
65509
3938
98103
52199
1596
26178
58370
27558
36100
27161
75651
26825
76979
94231
78847
34266
64969
14935
54098
18106
53494
97077
69189
40482
76825
12397
69344
81108
90818
91506
65207
36387
59257
60199
63232
19611
66392
96189
85221
77679
31603
59786
47829
21758
99128
45922
36821
40768
14097
86933
97843
5170
81991
87909
60539
32380
99456
65186
84674
5564
14985
1667
35968
12049
34862
6499
219
58437
67558
90422
21854
14007
85580
76391
69608
43589
92744
17263
12321
92211
14925
27092
89927
17018
92251
52668
18663
90832
78372
80844
4520
45647
33644
30369
59745
79461
24969
87594
23370
60056
26378
54048
9199
79283
58292
55811
28705
78098
84680
85523
38951
24806
55328
51304
14131
31557
69176
64782
97807
26993
1801
98752
96021
94243
71792
50688
56574
65012
20718
8624
60914
9000
72777
63120
49886
99991
40303
2612
60388
98361
17658
56481
55340
85326
39119
76644
4536
66215
36801
78448
56310
24596
30098
17362
46702
55179
77882
76722
84347
52338
45440
37480
78679
54217
86853
94553
71886
9207
78496
71629
92853
63983
51236
54926
25811
35838
20573
6750
21469
18484
53177
60373
15808
16333
64164
37558
26999
89371
74156
40973
5469
38354
21956
68712
39964
10639
17155
98799
71556
88390
83980
56481
95063
89543
96968
15244
39425
54667
23599
80457
63461
73089
38438
17138
85202
19279
10051
11968
58868
39463
42924
8133
2791
7369
75293
17827
57895
65583
35751
73639
70338
53593
92630
78854
3471
2708
40299
97586
29208
91753
30761
9176
93555
50304
43275
39866
25807
14576
70898
62180
85129
23844
3164
19949
4893
28619
96303
93484
96538
15451
22870
7956
87342
60611
54690
9038
16609
86028
41938
69521
87998
71180
73293
44833
52588
42919
48716
58977
26555
55329
55189
50966
43001
27396
39426
25561
60644
55531
24351
54808
99098
11049
68210
75691
90988
87257
80790
67118
17617
24739
46080
29632
86230
13511
58274
54
19508
94345
42797
1788
73210
84185
59505
36873
3785
27037
41184
41022
86623
99358
56305
42812
32170
78476
5601
32479
31934
50927
15123
42842
84770
72843
19064
14832
86341
21646
11242
53644
60558
8762
59346
60190
93041
79114
51241
3955
87805
13986
25308
79823
65714
88183
74600
13290
40720
15928
11493
13412
91562
72472
28576
26950
9818
39673
91104
96791
10062
21079
76105
88183
23616
77262
10015
91996
44451
76168
11362
39270
74425
18119
50744
63553
20449
65708
36201
62071
19118
37153
53156
51727
91603
73481
95614
28486
20667
65794
13978
14920
18677
80020
94020
29259
70444
48601
63960
34249
82068
53161
24288
99992
21920
12704
36442
50727
17393
40814
29687
35383
40073
85148
20832
13075
21214
17974
69108
54510
99305
62777
89100
65752
46174
282
76031
53308
90583
30416
2529
68441
13961
24895
13350
30171
84311
53922
53253
13045
31813
15284
27831
14334
36101
12635
5823
83429
8845
23986
57155
57554
67594
31634
76953
74170
45358
37084
18205
44254
67620
24357
39838
44865
39972
95550
88793
19940
68866
82527
35420
31712
59745
40272
22765
68160
22533
98196
64419
90808
76966
19570
32434
61829
993
43233
11492
24803
35912
40559
77827
36997
27097
36974
81875
91572
92876
11932
57692
25063
8805
80429
98757
22940
39402
69175
91228
67120
87535
12826
93170
31584
92525
32202
74371
60957
12049
28186
77683
26214
16
11719
28564
24164
71384
75454
53380
37191
80770
86443
15603
65400
42084
3871
31235
34459
38211
8445
9704
11332
74597
56737
75535
28722
65668
59085
63962
88780
27231
16146
93993
49719
47210
92695
5621
53489
61606
37353
48789
30925
15948
53631
12708
20203
56322
38825
37434
85683
47312
77365
65046
19246
64748
75517
5277
78242
29745
36272
7644
16424
19054
48091
94506
66411
57627
89684
99049
51966
70183
16003
14475
9115
92173
32942
38160
62068
58052
14751
39053
15352
43573
69556
49577
68548
53128
86786
63010
60322
34967
21383
15693
20547
95076
23563
44922
95285
12710
64754
20693
73345
64062
1793
38696
79107
1257
39498
78942
58791
69742
42453
47522
70941
40823
70605
33446
94808
23388
13253
38657
7816
5114
44325
60624
59602
44067
35349
76412
98633
22544
93060
17404
27116
93169
1013
91089
31452
12516
52039
95023
32119
73156
44896
7132
21910
59545
28373
6993
89727
67405
79096
72477
37512
77087
67839
55529
92361
71760
73709
73494
53948
53243
5279
41539
8820
38466
93973
84330
18455
60707
77946
52682
96986
62249
24690
97695
32951
69439
97664
14829
28205
35519
47345
9308
38805
19849
85224
61469
98780
28367
19943
74091
24034
22029
77207
71501
13741
70902
83636
89112
44715
11305
75415
59665
75874
89571
10081
34767
10134
99502
68385
76287
11350
15734
49507
4065
41475
85276
95190
336
65151
23780
54775
76447
54573
6825
41055
83903
21099
49841
67174
221
42249
17915
9202
40264
28261
76916
55840
67760
56100
70024
86318
17706
34542
27094
45506
89520
91815
87453
44699
78533
51462
50898
43506
9174
33428
54356
25676
61308
74210
48726
25087
74174
39367
7963
25150
77652
69653
48417
88067
24678
16407
12243
22776
5555
24265
58370
53858
15469
91508
99406
83531
67073
39397
35007
1387
57204
13864
43024
18481
88073
33030
24011
87955
54432
46840
44175
27472
47064
74887
48013
34718
69205
2210
89779
22422
5853
50939
53631
97688
30044
93918
27350
88731
8839
49967
77
68469
16285
66815
54979
21700
27050
40907
89298
55351
95205
74289
45146
9404
69081
52783
44766
87462
8193
314
25962
30778
97260
74040
61361
22870
32417
63130
86006
64287
64028
70714
83136
99270
70677
25997
19313
99511
86274
10884
36527
6845
62163
27397
67233
84725
49979
70465
69718
63725
56782
97938
254
34489
28710
32403
79516
28242
87776
90396
84147
77995
2883
54424
65566
10962
84928
33124
86460
52222
17461
93511
44136
28699
95244
18985
63783
23600
74881
52817
46266
73
57696
7423
97715
48582
92333
50466
13188
69823
26269
40630
43922
59090
67425
60126
99625
62731
49667
23163
35370
28494
37192
17030
34143
89252
15670
79152
50960
71040
9999
44179
64653
96717
74524
7539
64043
81878
61061
53207
62796
78993
57052
56319
48631
31177
45881
32897
70150
60966
76064
11555
81054
52027
45311
38007
47034
58924
78707
28334
20096
71578
52011
30714
49973
42413
2692
86629
30028
16701
92467
33511
8537
83612
31713
7816
91588
89571
3536
60531
18777
79256
26076
5138
63965
51705
67901
84460
49211
29864
52393
84024
9468
76562
88406
75964
43476
41437
41853
29383
72377
48494
93498
26343
25359
14165
55504
50119
607
13941
22505
65257
52390
4212
42299
78556
88809
53371
79239
58490
94726
47498
29435
26625
51526
6716
41462
80588
91855
2706
16779
29357
13142
10814
71583
4521
74066
27310
17133
60623
14507
25363
50761
8791
81392
61518
99138
43540
81672
44246
50208
62229
64865
39848
26700
70045
30501
13675
33871
8125
778
81918
59667
8651
20936
21857
44741
12130
12261
79869
29884
50645
88076
62321
23604
32433
40317
35098
33459
34638
60094
68157
57453
21649
65774
46164
3426
24129
986
96788
9060
33060
29097
87735
59191
45078
34386
50954
72657
52230
77645
56693
60482
72396
45287
84770
63565
8618
74735
1100
80211
2271
23341
87750
68049
29922
2066
21316
68896
74401
31371
71722
5882
40437
98255
4496
52732
42978
38328
94030
12167
48680
89262
14378
83745
17961
95551
95259
36408
94808
92267
4056
7655
89530
37403
13986
88689
21340
75761
43275
56009
75664
26491
23266
53396
29541
75073
46269
36295
91393
60350
28769
77354
9438
94060
60624
94174
97375
83768
40943
32730
84366
78004
29619
53777
16307
23819
20872
19312
84914
77551
61758
675
10082
5934
79120
87319
34534
18787
29330
17594
20617
71017
84406
75007
33147
74795
67675
25085
90466
32342
63475
25783
6943
45104
5008
64214
98111
45121
72746
24083
90298
87055
33615
7217
8171
65353
18823
53862
1997
54297
25027
52251
7726
71740
89346
77385
31666
74318
21407
90083
12391
88062
48027
51122
42208
11425
96034
80411
21265
26818
42461
23165
550
49047
99379
50423
3456
73295
50844
646
67181
24135
96484
41388
16963
86331
15161
3052
12249
95674
37201
35858
85633
24467
20186
49904
86854
31468
97247
29282
69150
39505
22004
99955
51948
40425
62911
96313
66389
52932
10339
22299
38108
15696
99338
28691
54524
71019
34894
69614
61186
85875
62404
46255
43941
50969
72805
64820
14819
38004
85947
32305
23065
37650
22116
98296
18750
15049
44902
77787
53693
99308
41423
44072
9197
52729
2792
24274
41838
15567
41270
36272
87106
62781
27340
94143
89894
61109
11792
32387
7148
18879
18376
12331
44951
91210
37313
16913
59473
72029
57724
21697
2380
95948
65526
74609
35571
94790
87282
46255
37836
59083
48388
52889
96558
40123
84797
44548
2649
83786
44430
64352
78837
72687
58971
21715
20266
73916
26942
44770
84601
34567
54133
98095
77559
87111
85193
49563
20548
17307
64348
21836
26891
66116
51438
33450
12888
66706
12523
52772
33904
62940
23124
38032
71538
17865
15305
68175
99081
42508
98129
59054
71210
19565
77189
2665
28433
47521
8575
91530
43666
99611
5818
89743
41278
50140
71782
81322
31189
74438
89738
15649
68514
18191
78838
28598
10551
9585
91621
45601
13669
74526
55691
47738
99032
68720
89697
46867
28910
40447
56522
95425
71090
77227
46144
11227
82009
39097
90880
93626
12760
62555
69359
52385
24256
3112
44551
33943
96856
30187
97123
28015
59733
31639
99235
63945
98839
50263
33787
12081
13827
56899
59550
64772
57497
34831
10403
98771
25137
73854
71473
1057
31991
54197
5997
36646
16256
62698
70300
72310
10600
3770
56503
3068
72362
77753
76523
33823
75099
9605
4617
96999
83427
28724
19185
87897
61145
47115
64501
57149
73594
48720
2189
64801
66533
23767
48856
58230
60566
33753
40809
25336
16925
82435
75221
68684
49274
91851
80247
1
22712
56029
21502
29017
48739
69971
42805
32321
85031
43971
58348
20156
98278
99346
58344
63614
52470
96646
21220
86932
42389
31898
55777
33729
34185
42218
7026
34658
66904
70190
68381
33011
50721
96420
94926
48747
16278
75814
61118
48258
65815
90874
42171
19828
6443
67272
40885
21661
35613
1446
17669
65987
74417
97839
76281
42131
20866
65139
92576
71044
96601
52168
95215
45592
83756
23262
27469
96897
46352
35280
49954
68288
1404
91701
57558
392
79197
95510
11401
39074
85903
98395
35055
73129
83327
61087
1125
78389
57594
130
49365
63381
77200
90268
49633
76853
37739
67918
90480
54143
97862
66933
1970
54494
31980
57688
52594
13758
76559
84417
58103
67056
42529
54600
88502
45801
90162
48459
60248
98345
82438
8186
52868
29177
22290
25422
69481
24589
73331
88058
85609
17962
66828
99193
39173
7201
72250
82471
71713
96217
73269
94956
72340
67467
54853
17459
97647
41287
16990
42745
38087
46804
68474
86400
99809
8532
34802
69987
79513
2181
23640
22244
16686
32452
93172
61025
20621
19277
97145
83269
84121
39261
45796
10363
39732
84248
54064
49406
35885
40870
87448
86155
95750
87801
91114
78104
93472
66954
72644
1790
41925
92705
48719
45969
79154
53234
93940
17264
9183
93924
82527
99096
92589
43502
59279
14387
11019
15675
71574
58926
20932
43628
4499
66632
25032
32796
37706
92710
33141
70431
54365
78371
26691
58435
64329
43909
43497
36409
50304
8651
86319
89805
44606
67682
91505
50352
85546
11575
16460
63863
18955
47622
33800
35068
20196
67185
33954
68994
21358
46253
72757
7287
64912
13238
63652
65810
66685
99971
87047
7867
84523
42164
38480
82474
87211
81448
88953
91399
75786
27659
96427
54289
2051
98828
77197
27162
51838
47148
78600
38415
53385
78930
32755
49590
19666
88668
96191
67664
27678
70864
56257
42205
59881
69713
28023
16671
80474
85709
51001
28119
25922
37523
91902
14316
92850
514
15176
77002
4598
35516
97549
84390
56465
26041
83010
61344
79510
99704
83942
64449
22560
44752
77353
89284
19631
78757
50199
60465
31008
23223
69765
29412
82183
75156
18455
21741
86475
44333
50315
24016
42431
90789
23430
95980
18169
14982
11672
42457
54992
98222
90734
24618
26231
81543
11925
8498
32560
91413
41958
97412
81615
4616
39218
39474
41260
32817
96363
79639
34180
75313
396
40400
63565
5612
27878
70756
99668
50237
65096
74213
12469
17251
5227
16687
9270
56505
28183
85293
44864
10084
95062
24347
38971
57861
56659
97957
54182
13262
35277
10287
43215
99441
27070
49166
91573
96148
81986
11987
72247
8065
39079
84168
52984
68314
61232
33171
53522
18217
35397
22679
18516
35094
68187
68954
28954
38226
95452
52354
59368
3887
73138
26328
87298
25554
14965
39054
5610
67073
31918
22172
88855
17303
77671
6886
44078
78775
27218
11738
14592
51741
48467
96758
81600
79791
56170
43782
96287
48082
7201
55371
35750
153
85998
4663
82063
50648
39269
48948
35296
63192
18942
67460
85350
19043
86814
2468
38794
87742
93604
62698
74962
17751
33907
87245
26775
59540
56343
58403
15485
4618
91414
70885
3317
40239
21268
35695
38411
77607
43490
45380
27468
62075
87589
5711
49497
59593
55551
87268
82208
18452
61948
93700
89309
18907
36922
73887
74541
92647
92021
13300
97066
46334
29199
64884
25480
17910
63513
9893
66378
58115
29601
89666
61218
20624
69048
50848
19652
15148
12190
20523
5157
87196
84747
26318
89621
74895
35165
73298
982
58831
67674
70142
21400
72978
2689
23229
58867
73904
11089
14301
87712
39055
54581
79891
2101
29947
34442
17211
34843
31505
18863
19517
72780
43450
52424
24300
68046
37269
30191
90729
28423
71501
97591
56612
65949
42506
27550
68866
4939
83779
85327
64474
49921
97617
4753
98873
55577
56862
25232
83845
47249
60892
15494
99839
85674
10067
20229
97345
62940
65810
10883
14151
66100
87463
15299
76555
45675
46761
36636
56808
59972
40626
32328
46368
98081
79883
63947
55225
23138
42783
18910
89730
37020
84913
89591
9587
84914
89258
11255
83858
62899
13866
54576
55986
30095
50560
40112
21974
46839
82549
27662
52212
66864
32354
57296
77300
50004
11777
39318
28503
75909
7457
24647
30709
38543
12596
95447
70430
80761
19587
59377
60162
44807
36833
87559
86189
95055
38140
75379
28714
6677
66832
29320
51624
79782
48437
35130
62394
43629
31737
17479
42040
83766
10089
10464
89250
69053
1032
28088
65445
63218
29570
64777
43158
60683
95162
79517
80284
43397
39584
29279
61034
84569
76254
64126
56522
83447
66769
88155
66325
56962
93845
39920
5278
56264
78841
27645
64014
86939
67474
99472
64618
72753
44172
87504
86738
62325
16987
97351
42403
29959
25071
18249
58107
82871
87397
96997
4476
74329
47962
38215
82441
31045
59994
79815
69326
28399
87031
54098
15901
66846
73078
38610
99027
52874
38852
35389
89881
56503
15014
62103
10565
7657
58989
9317
80481
22755
4871
78671
52611
78239
99058
9553
51772
16428
62508
56351
33773
87103
92039
80242
83090
39064
16344
71923
38082
44627
10030
59170
29327
30662
68703
63395
35080
23293
5470
77766
61855
87952
71913
76754
53284
15358
40927
91598
10223
24553
72143
42891
32125
26221
39147
97489
41490
96670
12668
14949
66397
46589
62286
58324
40409
76470
93420
76958
6479
5210
45863
5601
48249
90804
21647
17953
31106
18025
61412
99698
71209
31569
38438
36578
72292
96941
48233
65733
21600
63172
1829
9693
96423
2334
61033
59526
53275
34812
72975
57916
58462
2833
70091
42506
9780
69729
76253
17936
35840
26773
75942
79408
50923
25432
31671
3509
51908
30098
76068
16128
1601
82622
25240
22384
46115
33257
52866
89453
9976
36746
95501
67986
83897
87256
14542
25844
19700
29133
19510
55091
80292
26549
70119
61565
14588
1650
77284
65241
79651
74064
48897
61814
7800
68352
96537
5105
23447
68051
33150
71165
57076
16853
5546
47602
62308
20067
22901
81396
75228
43434
19136
31903
54065
41054
33421
57132
14397
71507
57330
15587
40579
39100
21570
82301
74954
88637
74635
83252
53926
84847
32223
14825
98996
73488
23018
36434
31235
48613
37154
46654
18352
34349
20605
47526
20426
85506
95004
72018
97493
17039
88036
58597
47338
55401
35885
64839
79355
98411
50260
25101
84147
78930
16139
95526
45116
83185
63889
8004
36378
71410
46140
76741
65717
32426
74417
25278
92821
77528
95894
78019
23878
25786
62496
27797
37274
19371
58310
50280
17325
71421
82102
68016
95652
32431
20485
14760
35855
78315
11394
67166
78446
28095
62372
56542
3887
42645
36738
49434
7061
39153
16129
18195
70708
23239
89608
61190
4473
73719
18799
88758
20007
78438
95510
12306
43868
54874
18866
26978
24146
15377
68866
61683
16769
92223
72768
93565
60993
94274
66994
40590
25998
7907
5568
55797
28292
50476
96257
6572
63242
73888
90638
81603
50027
86043
83640
55365
91007
11240
4341
84393
41544
86425
83189
9496
73400
92390
37779
35253
27408
98565
84390
76814
5283
4418
84120
37502
35290
23131
56558
82620
26384
71963
91494
33091
65277
14033
36543
73343
45808
88172
23762
32401
50550
21109
82590
69023
10327
67017
93345
1627
36447
1394
5026
82286
58906
92737
12939
83841
69145
86505
73653
52040
465
3259
60091
6668
33762
15290
5425
81459
17365
11226
76013
37709
63327
51994
1411
45278
7170
94619
86798
54947
92211
31164
19690
79971
2166
99092
2335
63123
77605
33771
82904
86982
46800
74036
66674
5456
30014
30635
94832
38069
39313
36743
93963
18034
50408
1309
84614
71719
26462
14353
1119
4832
75695
8953
35906
80959
27131
37808
74296
56072
16419
3955
9532
95561
55665
2843
2862
40899
49876
33432
59201
43737
42696
62055
59503
2612
95668
96368
64812
93328
32237
83678
7479
66759
32632
82843
11597
66776
90125
28360
78072
5844
58935
95862
67781
4165
8247
26500
85171
13114
57801
65525
90855
55123
31902
22893
67709
48998
43176
42920
17144
43660
77972
42647
77211
21420
