80001
77008
70392
20451
71371
86362
80681
54552
78195
92523
14651
34159
93507
61499
82060
28266
42474
53529
97392
14507
55621
52580
99841
75194
24409
20514
3059
56501
91548
48512
37990
53525
60403
85895
74549
19513
87766
40215
8939
13649
20784
22435
31541
45288
66307
34024
14386
76207
79976
58347
6312
71458
54804
13551
62096
41818
31990
50639
99729
80110
65052
39102
82762
65350
6358
97976
4329
48574
70610
30853
39225
38324
92806
85482
54104
38126
65037
91787
99878
25387
38824
929
84825
28804
41894
53908
28654
91070
19006
14773
42458
7567
77561
9563
59486
91498
66573
11896
21017
34441
44035
97046
3191
17014
2682
86324
41191
28214
76485
3671
47819
78994
92367
16271
92872
10179
86367
27207
69789
14234
27350
75912
64017
33322
73109
12363
29125
66483
36572
7993
10952
81291
18605
83041
83497
21578
3407
5300
80615
80498
52271
28481
27653
57849
35584
17928
14809
10805
48867
43165
13091
18883
99202
94460
48475
71476
84342
1091
55971
93717
18344
91280
13564
60601
88820
78551
60084
68549
93770
26336
44636
22840
49678
38524
32440
46388
53248
75298
45552
86285
14326
77322
25732
91501
17381
30020
91452
64034
3102
28694
77660
76165
99764
62065
82839
57864
88252
24431
16731
54747
15054
73547
57738
28186
69352
51548
56297
79607
19026
7695
46481
65343
39164
78913
62530
1612
91971
57398
81943
26855
20690
21208
87125
14839
5061
29008
38526
26731
98857
87450
27714
94623
48576
49320
11605
46862
95201
7190
1851
70645
12635
75429
60095
93728
5337
73494
95843
80435
22465
36740
63890
279
70167
36094
39377
44639
85183
37248
65236
85493
81440
13326
53806
31974
41411
64749
25088
23879
96571
53661
34386
24611
18878
24150
29023
3938
1041
29181
43946
26583
55235
30596
52015
88390
87376
18076
53877
21680
24485
55319
35871
19100
13123
36286
3905
67844
16604
36940
51376
51897
48987
93413
88018
31412
79328
36887
59317
67067
44745
99403
86908
35340
65580
42408
62003
74024
63328
50277
56195
95135
91100
6056
15649
74452
45975
30399
89665
82924
62511
62330
17577
23673
84453
73635
27360
59293
24005
10428
35269
17630
68579
14804
42587
22277
4289
52869
94946
49458
60589
22989
51745
85279
18087
94662
25055
61231
19808
35684
76562
41555
37438
58763
36654
22041
43965
88555
50527
60082
73936
39385
29458
47934
75876
66123
97421
68567
32293
26767
50591
42966
53721
97736
53266
58629
95563
78887
65149
11426
16259
93282
27958
37389
71664
98035
42981
56559
75943
69968
96691
26087
21829
20834
82561
55314
61840
38116
99221
11573
7260
99450
62160
12010
19274
36139
74971
27525
93611
18109
20031
29922
97858
37164
33043
75373
2983
58150
96464
25102
53223
27942
74849
7759
1865
55947
60150
75243
90124
83508
70168
9972
87212
86618
80087
79457
17123
11498
96798
14099
47116
68317
36136
18242
39330
94902
7628
75272
56807
49688
10292
69290
1378
12449
51852
35839
4895
82887
44661
54750
81594
15278
14521
66728
4310
22787
89913
54671
70408
65047
44386
87746
18545
1275
64222
58550
11176
79573
76934
46098
78037
76349
32789
3927
16666
90582
57880
490
80877
92236
57186
75232
59008
4390
32060
26597
75809
21192
62745
15880
67644
30473
73736
66982
42783
24299
78179
34322
71830
74364
4196
82078
40181
73384
81814
44041
7892
62937
4009
53157
3060
77452
96192
97315
56704
30449
91653
69854
12207
49791
59997
22688
67205
19441
71605
78453
82617
36801
87355
96810
10226
22784
11946
13185
6250
94671
55293
85813
60596
42749
15332
16356
72250
27613
89716
9853
33375
88738
25017
74887
33636
90330
66919
44588
73030
89861
58702
96673
62500
56625
78540
883
66110
97108
18300
58959
17849
75780
25100
19693
63519
77974
59820
81594
48227
77201
48130
13537
98914
95470
68027
78902
99813
33647
31356
68671
10819
77049
94134
75519
67683
66799
49560
53951
17120
54188
49567
38779
68741
33117
72488
81063
84439
32344
60037
98876
84754
45341
28494
59587
15403
6024
69391
9373
79029
25328
16832
70509
28288
93151
82674
42210
3387
11950
39844
66980
9018
53149
33269
1786
22963
20812
41460
65782
79362
29496
33300
5278
13772
17621
19611
26840
41120
76677
65114
28081
34489
9234
40726
68010
75777
18414
97733
83039
68400
86212
70836
341
69042
62330
85733
95008
17414
3558
51926
1518
51074
37834
16572
59571
29396
66413
2191
30002
17860
73912
2078
62245
29557
61641
79620
69258
31050
11639
76338
9834
39653
36195
30540
99174
31594
42584
94544
69376
92643
60159
94320
63843
37277
49281
65089
17808
55695
77305
80652
4679
66682
29109
78370
1070
1292
1225
25132
3329
69855
16272
60640
16278
20286
2625
18863
3467
45160
36170
15708
7599
75405
64651
2247
84586
68213
88081
41383
82249
81568
70637
91927
58154
26984
86097
83655
59264
54786
58854
23283
97923
62436
81901
47888
16856
33280
62576
55331
47641
40623
50244
94604
55328
54825
16382
92127
88597
53872
91471
8851
54769
26572
90781
65779
42223
89521
67039
3475
75150
56605
55924
98940
52549
84989
81377
50472
90116
62223
12261
96650
36738
33634
96891
54468
23241
93978
65900
26140
69946
71504
54990
46536
67389
28566
6876
31302
28266
52632
92819
43720
41165
83614
91559
61901
95002
87886
28896
49963
6445
1166
97588
14760
12124
19207
40322
92328
63483
86021
36968
62305
14764
17307
51554
57770
80801
74883
68736
74930
20719
8899
72706
66189
68945
70923
91187
50888
98806
98971
75455
10270
76520
39042
85265
37571
24602
2241
88046
7869
11373
62093
29928
93267
30815
27604
13280
10718
45552
6263
37723
75452
21842
34869
68639
62563
5037
15208
60203
55410
16653
96200
23505
50211
16969
334
16272
82877
66224
51092
54610
56102
72529
25527
2942
90454
40071
25822
38011
25607
80287
49845
89155
61608
18536
31346
57727
90416
61078
9848
19141
12015
27635
17242
82506
46272
36707
5847
50821
69435
42226
39907
83778
67560
38780
72423
20128
51406
59768
10047
91304
61161
28994
88449
91562
91961
71396
50397
3957
76567
32960
35456
91091
62051
78460
91251
96511
89112
89547
36896
59204
24993
83412
95764
65299
75942
2337
89472
24736
52478
99303
31770
49466
45832
86252
60800
90181
26549
42170
83612
30006
4476
79742
451
88874
12753
11421
34648
96291
6736
34901
72430
73312
16755
2443
50922
86200
76803
80502
70854
81107
41196
9126
29682
23589
26473
50546
14390
16360
71742
37918
60978
12725
67108
9797
18790
21758
14558
15273
91085
54315
92363
77332
11332
399
821
52201
52713
65990
81126
20396
10495
25326
13850
31019
7501
4510
10863
96520
5638
19431
80408
13700
25475
80614
83698
12233
37740
16387
74446
64756
33527
66154
78829
63261
359
30211
6634
31844
40181
91792
14384
85306
98924
82755
44
84009
15886
41593
27678
40705
87284
22614
29065
6432
47219
65790
22250
42717
86458
59149
98085
15730
10520
67445
70522
94883
90
20722
7703
76687
14834
33611
94151
49970
28211
45223
34376
15188
45689
26088
47610
77138
22950
19625
79252
43623
20870
76176
80272
54582
25556
52752
40966
54359
54581
44575
89143
81116
36386
11822
12864
14014
47332
97898
85902
63017
17848
16973
464
57248
39762
37250
38280
57391
59997
62612
86972
36107
29632
24081
54889
53512
50173
25056
66327
40279
51123
46332
73223
71161
9987
66668
58280
49893
88975
92065
55594
51058
50590
139
11178
14434
34333
15032
63947
4011
27679
19722
78118
25538
78053
87572
74968
95622
8505
72241
30298
96263
4084
40225
95246
12529
20544
24640
87285
91097
73847
27301
16797
57218
25482
50868
79448
22508
20830
10016
84424
88507
75344
64257
19126
50463
76953
30125
53441
74533
61261
3286
77620
13881
76574
69761
30640
55190
52573
65598
98249
47084
23872
99625
21773
37677
6367
76859
90686
4436
66201
8973
33377
57202
88755
11435
8335
18102
93376
38609
83401
22905
71037
65957
24328
5667
81043
40048
28018
63837
59487
83866
62057
83444
60878
25601
34525
58054
89474
83542
34978
16429
57458
88596
63132
39877
93645
70397
93399
11068
70911
83059
74515
48245
81676
77872
38428
36792
26233
86115
14935
94522
89418
26344
25849
73636
23462
56290
29554
33346
30006
67319
53446
73355
53773
95816
99676
4392
90210
47596
91152
81539
33272
78440
31331
17774
11198
4493
9426
21484
95410
71438
72196
77504
43713
73052
20956
98416
5322
62207
54351
33109
38752
88275
80879
13570
77262
54398
33350
12335
56596
12586
4607
98625
72720
37379
20957
14039
38488
40302
79375
49907
34212
50947
74491
82724
30057
96265
2391
49228
32991
31117
19480
46546
4996
39007
51585
26759
31449
49065
52445
4301
32394
13324
71335
50472
38091
88408
35462
52165
81534
89736
44535
63426
18834
82488
52418
24185
62725
13029
96303
8204
14089
34943
85105
47438
5797
62093
1504
23084
72882
70493
10597
49719
7590
92230
94510
46734
44142
38012
7169
35148
71315
16719
73261
72907
66527
51809
37180
79668
88281
36386
62629
48485
10509
11402
42399
84381
41575
27218
17199
12519
45021
50415
57218
64672
4108
64332
72630
95910
44027
45346
87858
7264
70076
42999
92631
47428
93745
78705
22894
16649
29483
30677
63840
49514
45645
12865
24100
21810
58063
93410
97459
76426
79742
46898
48888
55901
48353
30769
42724
30213
74039
26303
46270
25396
79580
84276
54807
93184
81995
38588
68186
17195
3676
20275
32514
43342
54798
71832
8071
88098
27264
79985
10832
267
46650
65019
40140
36578
5513
5323
7772
39901
45127
70246
45864
30365
50360
98650
77810
2803
60528
79671
26087
9071
39283
84142
79601
28743
20565
82692
21065
76321
16672
69778
16714
31262
70003
78653
42625
33666
82855
90765
93953
73380
90317
16908
24532
17934
42579
74748
11307
45809
11206
73813
49686
77577
21490
1947
83279
50920
67748
65496
82672
19394
64656
75803
35205
80821
91566
5900
25308
65170
63967
88362
24825
59340
75278
49732
56454
28060
55186
83120
62344
94895
41136
12043
75148
69133
66845
57070
69440
28902
6785
66153
98527
46810
46006
3710
91204
997
70256
18333
68576
12742
81175
2488
74374
14795
62895
12898
79427
17467
59513
14473
78795
11583
42898
35628
13198
24654
8825
87386
56426
68659
7758
34858
11930
37757
61878
77681
27404
72995
91227
69283
61265
93106
82416
49449
40781
75156
77458
44795
38926
81279
82922
50362
76409
407
24432
58988
54431
70080
34313
60245
89487
22021
4689
42831
22982
86654
97875
31302
42465
2402
15540
23251
96883
12265
18064
75890
11634
90075
71933
38946
32235
43515
62316
69784
74518
71530
10158
79104
44740
89529
41746
46162
92340
47663
12172
77293
62342
14130
95858
58098
47143
12022
19136
22592
83819
287
44219
81415
82552
63349
60242
1259
51070
96643
47681
37271
4261
55532
7984
78651
27392
86411
68408
16708
6557
52484
6885
7447
34398
75949
41046
47178
43713
39539
57921
86142
54747
26986
93108
18076
23876
87508
3575
139
91564
75405
95629
28780
33036
79473
2266
30098
40758
78123
77758
73825
64398
51419
72382
30594
16946
48194
95556
27584
92533
65485
38525
30658
68009
51004
23488
77733
60506
38830
43471
67637
79096
79691
60149
71785
88493
56749
92528
44472
27981
62348
8360
70619
35018
56677
41469
69121
10151
14182
98175
12233
50949
29688
45974
73247
64793
31561
43810
5334
50750
89046
59997
56990
44135
68178
38749
88578
49709
42005
43670
70146
22406
15043
86619
45352
343
87319
99973
82216
76608
56556
45164
19737
99349
14505
66354
54730
14510
8199
78911
16419
49396
39104
38343
32953
80219
78997
68648
4717
74383
16187
30992
38178
26727
31108
70299
32442
91735
39078
40921
32236
16225
3946
68110
12163
39563
61811
75187
31414
66924
57640
9467
58783
66015
69632
46032
56891
83770
8585
27419
95261
56729
181
45762
90383
51539
58370
15595
19366
21742
9092
10943
11072
46671
99153
60106
43389
29449
25961
10111
51319
43415
71488
5913
43776
23845
49930
18555
49943
96167
82978
83673
26982
39629
20598
48432
33818
31247
92498
82544
62336
7458
82791
43546
88473
33101
3672
51812
23386
9973
95105
91033
49762
98515
25509
84189
72696
99432
61778
71982
52833
9415
54579
33959
56603
57488
49426
62270
83673
66685
1704
9261
82460
9077
55554
64494
22250
29119
9265
32063
93101
30096
44687
6340
13035
24357
2441
6892
65533
95564
81773
25868
81998
72189
73137
75240
41362
47814
46781
176
63392
43203
57655
24519
38926
90893
34761
85950
39495
46889
51281
85663
98924
16993
12133
32134
43204
23504
10176
89897
17505
76727
62126
31129
60337
79597
49488
63585
72893
29971
30348
48266
91298
26404
32660
225
46185
66668
43921
23664
30629
36592
78092
28553
10441
62315
71032
31970
27491
59289
640
1561
25241
23371
19049
48473
35486
77787
79043
6549
5201
1722
27793
15345
93651
84293
17522
52928
2755
14614
23532
99143
12567
66103
58741
74625
23321
66353
24605
58812
4988
38050
65787
3872
59001
14125
56082
44368
16106
19564
37919
60009
7843
1056
74114
57383
69608
19785
58503
88999
82254
11345
50384
35943
21074
40834
42944
65322
18064
85688
64071
51959
74434
5361
5381
37121
68053
43169
56637
70274
97577
51202
73400
40448
11301
54985
42898
47761
852
95028
29413
15195
83232
70015
2640
22708
43305
40150
44835
16424
24002
2244
33738
70777
97449
25097
84467
24513
84929
83787
98910
12243
9486
66628
52577
10879
95820
75385
18741
9940
27595
84330
55520
41951
61355
62853
96191
52082
73873
44885
46352
78560
39171
30424
59098
88805
77414
34127
31801
91363
60945
36142
72714
5543
44973
78323
68847
96681
5131
9107
9247
77650
3842
18896
76365
35704
32964
13287
63028
60965
31229
48741
71548
11126
2599
12954
96107
26559
31916
18214
77035
55180
51545
52047
65843
52354
52122
19125
73877
26019
19992
67837
94404
31984
2669
41929
22016
13002
13824
74344
70048
81233
97569
75242
17018
22765
75298
71148
12657
93771
59087
10706
45212
59263
16556
49618
23439
6376
38026
95341
20265
177
23910
14105
97305
69779
82526
8377
81069
36472
12881
11246
47192
22618
66226
96806
67711
92554
4487
92947
74881
86669
99396
97975
8257
30017
17440
17499
56753
25917
16657
72639
74941
53878
77737
74220
81553
63357
72748
74917
16679
99750
42988
15547
70481
67940
32707
10335
3455
70320
49356
91731
80110
43753
2015
94810
73645
45077
2407
58030
75853
8357
54946
60432
14341
31062
88340
9241
80703
35220
50888
36463
21507
81561
19332
94548
5309
16851
24040
62073
23565
63332
22755
23023
96556
9443
92306
95742
84790
39616
48278
7406
55384
82404
62673
12675
4790
83350
605
29222
39929
73146
41160
20221
71636
56053
60367
8605
88306
23692
40950
14518
45822
14697
57954
84557
82351
87039
76595
12679
5773
25349
75746
41952
58852
27006
45970
12700
13700
14778
18102
98197
75250
13077
19167
58963
86704
39581
43744
47225
85795
53041
1856
13564
23526
35428
11451
25167
78603
50497
11574
51993
83209
96777
41501
26792
43143
29815
70043
90815
42467
2053
12500
84331
73919
93224
23266
87251
5352
91861
42731
22254
7173
27495
34299
10254
85977
79161
7203
55290
28980
29165
29230
32633
96220
82831
16348
5354
56147
45268
23869
71217
37350
28380
14475
80684
48850
25014
39524
51491
34195
53571
6947
83486
96778
27730
4666
2896
15274
21483
98670
49937
77087
84039
28303
58154
63419
38588
91123
43849
65566
86551
88462
91925
89346
39970
56879
74907
85153
6341
89530
93862
93859
25736
72637
49486
60551
82903
73330
84743
62893
12734
39568
33146
90366
40627
68430
95184
72601
11316
35894
32939
80827
70021
27233
33903
46634
67068
50356
36733
2334
47864
28279
64545
22189
28971
46190
79073
40369
82520
57270
40950
84344
35415
56093
24087
39783
78742
32702
24048
69324
66714
70616
48146
4287
58915
61675
21316
97779
2253
45806
56279
14271
74322
61263
75127
92772
26509
71912
90717
90459
76762
36346
71233
31837
6138
11497
31949
46285
99026
9268
46765
64421
56786
38127
47330
10140
26803
36447
34742
51153
75962
78353
32842
19319
42681
53399
33132
23325
92501
22112
89892
32313
32866
97875
61804
65040
9226
21192
28832
11972
58988
72163
30731
85947
42241
21294
45153
19912
20346
37073
77291
3352
5638
30865
96285
86299
49744
9986
79364
48460
58564
85898
26107
13567
78066
26740
81116
52551
29579
27502
2227
1697
38601
19551
78958
992
64075
82632
73649
87413
74493
11510
86375
85595
7510
78977
15379
39805
71067
29381
42851
82309
74785
98522
8838
10785
67791
48274
59476
56851
66242
24942
38348
13142
6219
7421
35995
30985
82259
60658
38040
14873
45214
97153
14733
64527
18477
92151
2255
41394
27710
96883
33198
80123
98030
87684
55016
54452
22174
18560
76120
97419
25107
61502
85037
91673
17847
89744
69461
51337
45374
23297
40408
11239
25507
66183
9952
24775
95088
61509
56662
35503
80508
99392
46760
6082
27407
91196
75302
30570
36865
67506
11917
42593
14337
6800
9051
70140
29298
25165
87264
21045
47471
79911
98613
99891
80814
10939
43111
69432
38979
1952
88076
23943
68539
13985
46710
65488
1641
24309
77445
86233
33246
87453
76822
16074
33393
14489
3993
71701
43582
86375
14081
45697
64938
13913
51317
48402
51365
80338
54147
85942
1288
1181
59380
90670
62526
70089
22331
61399
10879
38533
41126
80980
59032
27380
55799
13946
11942
49645
23437
1111
73088
86962
19867
70432
80597
26827
23642
534
39339
23615
13658
48148
44358
71918
61235
4184
56777
47213
71259
81067
66647
44574
26256
40239
84882
30764
74772
36324
46149
77696
46457
82679
14973
12835
42226
39015
34961
51985
95305
81237
79299
34166
83183
103
35231
18344
75310
2905
14432
51936
13786
74114
90002
43126
70982
21854
49522
60792
70578
98717
1201
52934
55778
39527
14295
67341
42570
99210
68517
61439
96678
49154
28051
716
93798
90499
43608
23967
97127
41830
14759
43030
44572
78734
90550
3423
37611
2934
64379
23948
66484
35993
42031
15731
95500
66685
20244
90149
56136
59804
58451
11689
25557
44145
21405
60468
70372
90748
57140
88294
51554
5809
4706
70436
65478
52227
29063
33294
66500
76009
21456
77181
29694
42667
15810
9467
41434
61835
79159
75358
61327
24754
57087
64386
20793
80438
99431
41346
77900
81925
17527
97523
67909
67760
87093
96958
41339
2391
21896
31575
10549
1997
40599
49790
91029
34728
95343
20626
52914
53671
57123
57709
73731
80864
65038
45856
11351
14661
80372
71627
44322
54290
72070
45913
43922
95254
60229
97334
20512
8764
78078
62830
10369
39765
38227
69028
57276
80483
90586
71307
17078
67780
46526
69093
92169
60697
69571
99829
3987
16114
23176
64195
38123
46745
47909
60363
7694
3927
63348
27458
92823
22726
96428
81735
68302
12373
2759
96642
5847
91313
4710
4092
13003
39190
87723
95866
40484
93618
48515
9815
77169
73554
36807
19132
91593
62380
41719
71903
50269
75624
22535
69078
79590
77579
77110
81654
95806
51809
5977
71020
72106
75782
25591
33783
97237
49874
23725
37280
57592
83007
79634
16568
17396
4216
78164
97164
93346
9503
64801
8615
85122
21467
69762
8165
95633
77469
11458
7343
8758
98637
55660
27575
82522
39190
59954
26098
43767
27370
84458
52141
32329
2419
75283
88845
43522
86776
29493
29671
61082
67816
19974
86424
34883
78853
44169
94435
76058
78064
690
26437
30713
94606
67812
39190
18858
48372
72123
59583
7286
33780
58757
19154
73980
70755
24426
20074
89821
76422
66285
19680
83603
45465
1163
19431
8482
51483
17409
81701
40455
15258
38442
65070
25837
46518
31109
87742
73470
72757
79893
12595
20758
34114
75810
38341
58420
42595
80060
80195
9770
92918
19136
57419
41203
81382
57492
62694
87300
68848
3116
14782
7387
5484
87599
380
92628
3195
54451
19202
21179
57964
5956
88226
52763
71370
57988
78841
58997
48614
50221
62604
56812
78204
11634
12381
31773
67428
81955
41866
89165
68632
3023
66434
95354
12317
4580
69989
50835
65328
92274
98999
33188
92014
86445
42272
97257
55552
34065
49539
38563
65633
50752
29657
69481
25101
41255
25481
6102
86887
28127
78791
70272
51399
57327
2598
4873
53855
8878
71067
56462
28553
87558
67312
54749
22319
2324
1985
41347
22934
72876
17974
75299
51207
32730
75293
97027
71771
50755
73956
59841
85347
53322
91376
41442
92786
80750
81309
9035
72615
30864
23539
13737
59418
5171
92737
94058
14338
604
71512
30894
62113
79257
84775
82392
13517
65982
69870
33183
56604
13642
21889
51010
59819
24392
71195
87704
22315
84626
79932
54116
64457
57679
43009
42215
19032
37629
44127
23952
42780
52874
93531
95886
59350
8540
90025
79751
23783
1041
51039
39489
20611
90016
94420
25117
33076
97150
49819
2211
65384
21149
74294
19609
86360
55503
59577
95565
88789
64712
28093
94834
77297
42017
81213
95655
59751
76025
24208
74034
65865
19894
611
89324
66468
47433
50162
31222
56914
60304
79363
7146
33628
44469
42368
90188
41481
24499
30031
17247
58247
52792
10095
44052
31541
82470
6385
18205
586
86900
22033
92607
79334
30578
49231
58118
68852
19434
15662
78322
4408
18433
50825
5295
92922
10300
7277
66979
73871
79200
79575
80577
33313
26257
50250
81914
8603
17724
76269
17619
40306
12081
77183
25809
37843
52456
1624
97777
57765
78149
65245
53748
25691
41365
92031
69560
16249
10616
2961
78178
7775
28857
85988
34870
22935
25816
26497
59689
9815
22440
95331
74766
61588
97076
5358
4909
6499
92509
55056
71762
18573
62815
79250
25281
5294
34354
54330
93959
79594
81451
60929
25195
33069
48642
93324
15844
95165
24431
1417
79652
87103
45326
72328
10546
53730
85953
64723
39318
83595
16085
3788
10861
48670
53180
49537
92700
86791
74649
80782
69984
40834
74715
23440
80996
13261
20000
2625
96685
62663
30139
78293
52527
62469
22033
90448
71491
99889
31164
22754
89488
52159
88530
91456
45957
81806
33408
77855
24937
29815
87120
92015
37033
98134
39595
24947
56656
43410
76311
59481
72566
53930
28256
19066
82511
21853
16245
89935
53444
14742
29162
11309
33663
37875
80475
78368
26911
67152
70064
74304
57356
68981
49787
73713
76420
29433
18910
83613
83636
30609
66762
14822
82050
97625
45059
15051
83335
10717
94303
50297
46650
66852
45645
82827
50183
22106
58450
22143
34783
1561
9518
44886
62057
5171
74877
81768
65014
46047
85882
95682
53587
71549
63902
2685
47479
76263
50854
56028
1787
36695
78963
81218
18921
84175
66602
1901
97421
12233
41051
80819
33001
65627
40383
82935
45605
31430
87099
63528
85027
41820
79490
21687
35505
72779
32790
23923
1303
91114
879
15618
92400
57631
69396
33182
3861
31691
88037
88937
7381
36275
56796
70799
91745
78348
46440
31383
1539
42177
6361
98597
62607
58276
65786
42799
17714
82511
82199
79578
65991
82005
31936
4208
65000
25739
25862
31264
25282
1100
31491
64595
25985
25645
49270
67398
85866
41118
18923
79721
39368
75130
13241
88434
29885
79915
44965
43615
30970
65116
8229
10214
1643
40093
13214
38171
83433
2669
494
10398
46803
25479
81894
97245
38103
89483
2223
96717
67913
82087
44846
70177
2934
89378
55394
81861
30291
23494
2633
46842
41678
5415
36322
52205
74470
93780
54734
56502
37143
28825
85584
12170
72109
71406
51219
36766
15354
9824
11947
97145
45506
8090
7507
18452
99859
39696
214
16656
14611
14055
25065
7124
79057
86468
43125
32674
43934
36656
84434
92117
31220
79940
40687
28378
86740
72407
80815
45671
21614
81185
12301
43260
33817
4107
6432
78261
34818
7126
59257
29769
65857
18468
87593
75010
81480
84583
20128
81401
68853
61284
84784
54093
63782
12482
51696
8000
1484
41749
53180
38606
6712
83554
63386
88427
97937
60431
62455
34904
53896
89321
80944
50914
29347
47472
43469
70999
25814
99459
71879
15973
17712
69603
79787
80913
58288
96327
39798
61873
53656
8316
9728
51879
37690
1686
27445
86138
68464
61816
23998
62770
78312
98108
96767
48432
36987
51711
4089
93256
96063
54380
55983
74716
45106
87299
48806
73846
32247
36262
98630
94305
9981
80896
76093
66629
89338
79699
73827
30045
30616
53404
38360
93622
14630
2340
82953
89351
40559
742
48625
4584
47591
49784
21180
8400
59809
42200
23495
48495
733
95220
48611
3460
94655
4726
11673
51356
19452
69130
54823
56392
37518
39694
46216
14233
68806
6901
44818
55483
53664
6967
26905
34827
61586
99449
7345
19734
20607
75572
13424
68368
5608
42821
70418
21262
49826
11856
50358
88896
37955
63250
45158
14190
62421
5570
53716
43982
91437
48066
223
20896
68085
32552
28181
13478
31589
72899
74387
27043
43889
50157
96583
80270
92124
3756
39286
7603
8682
45540
47258
88166
93459
24829
66819
48741
9683
4972
95071
38026
6718
23136
180
3657
31633
8555
4777
35948
69187
53132
11301
8425
57243
31349
71279
11580
11227
66078
87508
67718
15418
65861
34855
98594
4624
67455
12131
20192
79146
89856
92876
59744
5309
18179
85044
44364
14871
51510
14457
5330
78257
84198
90475
73885
91840
41218
58444
24079
38443
3790
67760
21981
88631
58311
99619
25671
74366
79373
86762
850
9407
39506
86913
89444
57390
90174
41380
26236
57580
26813
50377
46187
13777
83173
32971
79571
42854
20263
79809
95066
49263
28529
93677
17098
37253
9150
71825
67433
99810
68155
63547
7536
54358
28247
80801
36939
4086
61734
12647
72940
85844
27794
57054
24652
58249
92927
24710
6462
35951
65784
4724
51249
78412
88251
52335
22435
97896
67358
15700
64637
97791
64253
61914
29039
24146
79042
57136
12392
3672
35631
77858
18801
59826
16074
99322
24199
84573
15621
37987
15764
23456
57866
38248
17353
37508
25824
88315
2330
77571
71484
32786
24694
26106
29030
67052
74145
92120
39143
59538
42544
54265
58380
31224
76864
43116
12186
68258
44083
20175
19726
56707
46728
90364
63855
96129
17494
47421
55699
45205
37060
1468
32266
2094
93896
38549
54379
41973
63835
66188
72442
75883
50870
38587
69042
51790
42859
33572
29236
23738
20737
61125
78700
39661
13197
57321
61277
35523
22090
79963
47657
64224
39926
80565
29214
64300
17864
66518
34112
32152
23921
75218
75759
88447
34062
14404
78837
84743
47975
33983
91438
55719
90087
40322
83188
3874
40697
6025
57478
90834
49435
97920
94037
36512
88386
53491
93771
42736
50282
85344
94232
42937
43863
54446
44538
45361
13133
57847
37864
30952
49416
51521
97563
84043
18105
29322
17594
96937
18590
39969
80544
67186
10909
37138
87820
32667
380
28089
93861
75709
800
92728
9448
11422
34145
64163
97072
11559
86502
1465
65344
86548
33282
86061
14543
58731
59690
74114
10161
38468
60081
31125
44926
66055
30979
21524
15010
65810
26586
19245
3137
85625
96640
51777
13156
83784
29698
1751
29891
8325
39469
77996
17905
34128
24425
30952
36127
33388
53102
35597
31086
85143
59046
34665
57525
76085
90721
34570
57866
68395
67727
64401
53361
26727
36190
13439
11903
54397
30256
87244
64393
83277
70135
40630
84910
69536
74032
44406
22621
71792
71642
11183
47781
12039
5649
42464
375
24992
80716
92985
63385
51594
29839
37226
75274
35051
19821
90966
91438
75809
68509
71174
44757
3556
91832
88987
92908
98503
54189
53467
67327
11261
81953
12045
44521
54008
18918
70047
17306
45708
61111
42244
88035
43826
33517
91804
18817
57001
7297
40811
76292
16023
29663
99595
56027
77550
50115
87933
67934
50633
81106
75771
17016
24597
90392
70537
64655
79725
97849
31370
95440
41981
31062
19663
9628
79176
95711
50250
12777
31077
36047
82977
1078
33828
51624
54205
29968
65231
65324
77666
5050
97835
61685
90233
15324
57054
79666
37865
53674
89290
11486
63397
50671
29847
38046
8575
64503
99536
65495
90041
40278
15523
31434
11452
31544
3308
91053
13186
36486
4459
7944
56493
85041
4561
50504
62011
65599
45530
19075
79217
4719
31924
89289
58644
57034
80447
12899
9078
17256
4748
83338
58413
98972
32647
63431
7616
31934
7345
88291
38075
62835
22118
66826
24067
58106
84382
48384
63555
38677
10895
28544
89955
6834
78031
99533
27386
98294
22359
13911
81658
74021
34723
10701
35530
78960
30134
77049
63858
2235
76538
81788
65007
80265
79461
31974
13670
62119
88375
78674
82645
94451
67136
99900
60229
62951
62302
97184
540
45189
45284
60176
76559
28288
15895
62994
92020
61892
38898
85524
90037
5124
17225
19533
72929
76446
2282
2897
66716
42477
16191
86864
79351
1195
36336
92075
62522
41441
30246
39668
49630
89484
28650
8578
34135
99341
21420
20430
11630
32142
47936
37261
50285
68460
68578
70921
21588
82885
12602
64350
49129
49920
73403
52527
29963
52339
15077
14370
69383
99284
6698
24959
10947
3680
57102
36384
21912
70530
13959
67381
73662
61985
46788
98359
64415
91944
28682
35622
48269
46099
59642
51170
6159
14771
38958
22690
65142
95454
12066
63509
43151
38806
35055
95667
26801
4692
26322
53022
58965
3793
85836
80698
36998
78033
28386
88775
88718
43788
62501
87479
21712
93786
54188
66032
46516
28091
77021
59423
17052
11520
20842
23607
90454
86969
52952
34629
41898
46972
66555
97329
44307
3086
14494
97491
14730
46962
65183
50415
28670
18155
11542
13519
69248
32176
69557
86300
12091
64651
73387
8857
9761
20877
63715
46972
23296
20818
40554
57321
84115
19596
62126
98572
70709
54063
80737
44435
34032
44376
41885
88998
49267
91419
69057
4356
8291
67303
93114
21915
44296
83896
36413
82532
71208
90393
70768
97816
15729
86548
37992
28467
65808
1720
84877
8484
28063
30886
87802
33965
70266
95800
47009
13246
49970
42957
22348
92520
56699
93941
97213
13312
19648
85302
87926
96659
10455
83673
97397
96928
83470
46484
19063
95607
18564
93077
21726
60588
75829
44711
92269
52823
49997
78788
4688
95019
66206
60312
95192
73009
60077
71981
58820
98624
98310
59960
84059
19931
96368
96128
58678
94664
30170
68742
83131
28616
68629
51893
5443
51480
50300
92008
52157
68419
44589
84594
45164
63266
26683
54158
73739
71761
99837
6947
84081
68078
60126
47507
60656
48433
87127
33089
71447
43011
45562
81277
37879
90652
76581
22318
33890
83997
81206
79130
86863
27558
49054
73653
2970
67958
15246
10467
65225
14589
32654
99724
12394
73215
17133
38331
26840
72743
75634
21842
44028
97861
86609
46606
65679
582
83097
5747
61661
97742
55722
30388
5222
22037
18787
5089
51903
45147
21242
3437
7445
9449
47173
410
9073
39654
82741
13828
28439
35666
87619
84935
57321
53058
97955
55629
99048
77785
71796
68824
47482
12448
24505
70472
27175
32130
7906
29226
18621
33766
65507
25470
78356
96457
66566
98691
90348
16439
33757
31937
81586
4166
77423
80114
62722
71952
62548
23885
45126
25611
38172
31825
55772
24102
40681
8619
91797
51426
32765
86820
63866
60842
11085
63467
5481
11249
1045
90
478
81767
94470
19910
56045
26263
11066
34248
18571
99776
91560
23268
2892
66382
55475
57235
13958
30260
89917
13489
58933
73193
67897
36708
78776
13052
84157
43111
73561
32436
33654
42515
21194
97865
15478
26825
79659
87673
97928
27518
10728
57192
60836
83459
62110
96823
34110
2352
58558
44607
20729
6125
28010
76330
70905
92061
14237
74799
30646
68519
70376
24168
50348
25730
86102
9681
89039
97788
43472
73536
71356
87943
62621
65595
55819
77888
13249
62330
25153
75870
36999
71514
47650
27284
86937
70971
21539
50467
90732
5463
30204
11647
10681
66560
23484
54075
9157
58132
61048
13555
42434
56927
25436
21719
29422
84398
26530
13999
88185
18955
51967
20112
96325
35258
38266
39193
27238
94607
36889
98026
10408
28457
98708
48002
63728
46639
23242
6578
99867
18918
95890
48068
36898
63532
11370
33762
96159
67508
52907
6148
60937
28702
69598
33722
29531
71122
93255
85329
