97119
20123
80375
54454
89277
65737
37990
1464
99764
41754
972
25036
52659
80436
18401
22258
17058
61631
35541
23847
89124
72731
69600
66119
36252
1662
97463
3516
97964
17865
35003
54632
30969
59333
53963
96652
35306
4607
78009
85683
26448
90814
43418
90206
10495
93629
72567
4524
22425
57321
59553
78213
54028
31448
48609
43779
65458
92164
93358
59902
47991
57955
2167
64274
60504
1892
29088
32848
40358
17608
86345
12510
62953
38299
22378
90667
32289
85166
71227
7827
27848
66706
36879
49131
93620
85106
67297
82922
7704
31437
47015
46325
85898
69519
14179
45413
50879
78476
69849
59510
72179
86872
15450
9487
95845
90214
97726
75721
92830
92346
20209
40669
38418
42509
33092
11407
2623
2941
40580
45265
4818
39438
47592
64821
63594
96129
60291
11443
37364
37648
69658
13843
73173
96419
58576
18488
49574
82770
67100
44842
29369
26807
79356
60509
20826
32430
61475
9251
90033
76589
21006
19979
95748
96186
16852
66996
88986
92846
81243
30098
24570
57764
33576
25627
70225
13213
66126
79503
40914
27795
93640
23490
57303
54872
76129
84648
9126
44202
21328
62171
26032
15125
94562
71244
51539
30854
12495
47044
27614
23656
56143
77621
83253
11645
91685
89026
32522
51449
5433
37479
33707
90078
51172
99687
93212
89360
57828
79440
29913
87157
74704
10797
66301
41419
56229
96136
38145
46405
32414
50105
13372
10467
91970
27728
41224
25838
70871
57819
10405
63789
54837
61236
39543
18342
43126
81418
6955
3860
17353
42635
61719
46594
81381
22443
38975
53633
90747
83731
57715
36076
38436
86825
59189
35221
19161
2711
26553
45483
66818
73179
89510
99467
72006
69099
73465
26400
60897
80226
59112
38329
26772
18763
95588
79941
59701
87561
86967
75469
14887
17249
83117
55534
30053
46886
44112
11793
67800
44862
1099
95657
74409
69589
91344
73001
80207
52126
885
46175
15945
62785
36664
8913
42536
52934
78916
2322
20100
75933
9420
67777
75887
77415
74707
83103
37638
51460
63854
94667
68131
33690
80930
9947
30928
62366
25639
97881
47062
67587
74126
94424
89331
48796
92255
61937
87690
46863
62362
39198
8148
16441
44063
63506
45973
21560
35626
37556
18474
20984
59638
88214
17213
5213
14370
8342
72379
11434
50768
81808
46653
48269
80298
96861
11586
60519
61568
15757
85598
87899
62732
3005
54891
89425
61271
49556
54814
16776
53108
34912
82965
83734
96042
80168
49772
701
28687
9645
51662
84941
57007
5154
48713
67567
22188
75045
74490
31189
53471
61241
90792
60156
45277
55105
49260
87899
49974
51835
18062
45035
9142
17271
29323
46898
46062
88275
60722
52077
69005
42260
66094
48186
39623
24483
54685
65696
32504
74305
85760
68859
34626
33769
34859
46887
38321
4321
25340
78761
51744
52763
54760
96949
11733
55246
41137
77631
61671
83980
15540
62177
56800
38560
52446
86982
60221
12135
48287
84497
37490
5384
95894
79117
68618
80336
87692
33201
1900
47374
47806
30991
48378
77384
68145
57626
46451
22424
55050
12018
84280
78343
26773
38030
4140
45861
3907
21732
34388
53570
7409
97975
33758
6987
13219
74046
51454
76164
35663
98125
10482
38366
30454
60194
17767
13814
95181
40911
95766
10730
80634
90367
89766
66744
3931
4518
33045
88277
56447
23241
87473
11591
30520
98599
67328
27712
40136
91011
34271
7479
71384
23375
40648
38533
23976
9302
77868
33112
55968
88678
47840
81335
88485
89593
7989
39603
34920
34591
1535
41414
62520
35593
38551
35756
75352
13908
25884
90522
70538
15919
58772
20159
85931
27947
7440
78677
98456
7263
60589
45380
73774
32981
38519
27540
81328
94517
25928
64460
8161
29035
32910
29004
85105
51703
85227
69475
26548
78897
31350
27534
51822
65367
96222
47118
21707
64693
1903
30821
29707
20496
77549
71628
21978
21359
66429
4020
53470
51782
48963
3255
49897
12800
35366
46842
62735
94056
51216
85954
79377
89652
31218
1135
93592
55023
50116
39929
96957
11906
97417
63590
98564
60318
66705
49990
96362
25128
75864
51691
31379
13633
13068
17320
83942
60753
41195
75972
76629
82704
32875
54523
48627
59921
71956
57042
75562
28779
29704
10005
70789
28772
57218
53998
8488
1373
76124
45124
81600
41652
43594
5294
53556
47962
53252
56626
57562
62002
5506
55871
90695
43042
43103
54051
79102
46362
54816
65578
51210
57790
34350
57652
30791
85713
74238
68497
68954
41568
50642
37243
55680
79592
84409
31184
13284
83493
92113
20395
8042
9880
4397
79582
59049
31667
54193
16750
14006
56612
8314
96779
50619
65693
10651
77995
39398
44124
48610
49474
11613
1948
86489
50815
8656
90966
13416
13254
26215
26901
33687
85605
42554
63189
94545
1686
90048
52951
52517
17168
81278
93316
57574
14538
77185
72763
38610
52877
19207
92761
30192
36437
37656
90084
19602
95588
99314
66068
5050
85411
42594
13183
91865
8758
76942
4191
55891
99034
61486
77345
30526
42525
72412
33805
28584
71866
74593
70029
54104
21520
27854
828
96877
78174
85356
48685
54884
79998
89707
42485
63573
97723
51607
58774
95196
73520
22409
47721
77493
44318
25018
50406
1280
91881
37330
23731
32965
59792
34814
8551
34993
20807
8319
29594
34398
77715
92351
2315
39824
53249
70431
62509
21084
43587
79436
86287
55171
33640
43697
45159
61084
50647
45381
54490
70416
74888
39044
28362
85759
55487
41788
18652
41760
69733
10558
91525
31781
79205
45396
9458
80957
54368
31058
10064
14323
55150
30373
46334
96435
50802
52584
28845
35085
10712
79797
8336
65234
68301
42616
79590
5627
42267
41663
99042
52618
39840
4910
67955
31144
22186
24848
74325
41165
89937
50247
45075
23581
74225
23524
65686
68720
7618
38290
96623
84426
41557
90285
88509
99209
43150
62000
27772
80766
26937
32364
62922
4082
37098
68724
59799
25833
68597
3925
33192
41444
16902
20324
33704
37568
78879
34223
6988
49628
2988
33205
4129
90841
89347
30737
21429
66586
80477
8497
25758
33578
81836
26886
41419
27900
71673
44628
43973
43726
80827
9993
84129
61767
39605
87755
96165
65919
81740
85737
52916
32926
37059
13619
15448
25436
74326
66918
13611
68616
8688
13439
50466
51076
98697
23345
60343
73325
86303
59442
99345
82649
90735
4143
40306
50169
10000
60800
46621
77662
18573
76503
7553
89432
62205
72273
26919
15257
95777
87567
36148
86232
64057
87070
72987
97681
67203
44978
54147
43977
21617
45554
52847
29072
70661
75628
26704
92575
27628
69545
52548
36385
43157
8603
32904
31662
41837
58611
83906
94834
40696
64784
63748
4493
85421
17073
98941
61043
67246
21484
58882
5587
94787
90231
44180
12565
7986
21891
51342
92733
24541
40264
51598
28652
75961
19067
55453
65541
6054
87069
17885
35501
58127
72813
35310
79692
70400
35998
8316
45680
33055
9507
71273
20912
62281
20102
47155
57998
34506
6968
19905
80182
31735
91362
6159
54531
13836
10523
58804
78561
98781
51442
80268
57805
33435
39755
50823
92824
45670
46567
81901
99626
32905
16091
70444
75652
77719
80867
91391
11870
10303
91023
88413
77390
68910
23515
48124
80554
55138
86557
9888
69733
74567
5400
11011
85205
26352
55789
26274
31254
49715
83185
94498
23495
71649
48697
58590
46001
35712
3121
57006
78952
93255
5549
64949
13162
61014
67863
26759
69253
6000
903
56789
61269
17686
98129
20311
35595
14625
67159
81108
85673
96923
94847
92849
28905
23290
68192
78772
75454
45402
77878
67763
82130
81270
97813
94718
9678
45411
95705
32326
87480
83785
31452
94729
86647
27263
59777
39675
86802
14018
73838
18289
79030
70513
33431
58573
61078
86376
64628
68002
74989
20792
3732
79235
87263
38271
4619
45100
50397
91369
47879
37260
78727
52642
80672
34478
94988
42934
60270
18786
76141
87560
14837
6093
10752
13163
30683
6762
56337
22272
23418
5691
99810
781
25488
78000
98418
47638
97203
59570
70652
75579
64003
65933
90326
5294
20984
4344
29946
69231
32378
59042
26786
65734
73552
83323
78220
62812
44112
16764
61885
79766
12404
11860
35010
6126
44430
73968
99889
76432
86258
26085
65582
86351
64114
61853
88554
60577
31943
60252
26789
73214
86410
7343
42772
88624
19811
15312
70142
20759
77113
503
92384
53500
59336
77184
3057
22320
21937
60341
21407
87200
16331
81625
82392
67479
93687
85329
24837
58160
96849
7374
49392
31766
38210
39387
12583
26299
57491
26175
66105
30353
2588
70288
63261
63336
84826
57269
51282
86693
52863
77397
99200
46107
36706
47553
66429
90792
57528
59515
89868
67119
78587
64450
12736
68493
47014
3227
79487
51962
37763
79966
75329
55262
75259
58617
46360
65646
72877
64165
59305
3330
32250
29443
9304
22036
61660
68434
9826
35670
82455
61393
53411
9936
69352
8843
94361
23926
30138
81252
73280
97122
67223
5374
83483
17395
12891
72072
35028
87425
676
9540
42811
43963
42758
56532
31307
5919
39900
81664
99242
11702
68857
30310
41071
361
17724
44158
98621
80740
24001
1737
25134
41286
10580
2038
53163
87234
20928
66384
95063
74101
53126
41320
11852
76676
19081
22874
84349
82673
64326
6910
86298
41145
21985
34030
31346
94798
699
99535
44499
89580
5632
32350
25613
65434
55516
92280
83380
62752
98606
82629
30756
43807
47572
66562
23615
15184
14822
14730
58962
25245
90975
99073
24406
886
53877
74365
55057
10386
36586
37041
4317
51779
22139
4983
51329
90963
74005
34329
22715
4512
72136
42972
67615
6290
59636
67817
7961
61333
13664
67577
55758
75864
96393
71997
40865
4064
32311
13831
31409
22025
42860
72505
98719
82555
20917
60904
98286
51589
43907
84748
8771
24760
62195
42119
62764
20994
93833
7599
38365
68166
61244
37338
69013
80213
80682
69349
13727
28619
51340
40001
73716
56904
20421
69850
62686
83945
65812
21573
3992
46946
34312
20454
26705
14459
25651
76316
55919
1540
37047
6217
22800
63510
72126
19137
28043
76104
39782
38958
80149
50923
30616
72893
33664
22690
79033
99818
47678
30913
23194
16259
90723
63744
2122
75355
61352
60796
15244
37229
76972
95852
7747
75019
74613
94139
59369
73634
99828
53318
34367
52428
67751
75379
38175
89937
95095
96748
27533
74074
13058
65303
84940
86261
81203
96851
50477
56702
17485
49809
99041
28912
10503
45388
69808
10408
86993
14087
88259
37361
47540
33346
11643
66578
8408
52760
56484
8432
8223
32665
1444
90881
53646
39454
22958
25807
37324
19694
49363
72292
2851
77708
61368
64120
2436
99899
11266
37621
5671
8015
85326
38755
88687
3953
5501
24501
71276
29103
90188
91246
89722
46045
55362
74385
81959
14828
4515
36037
67506
54597
52674
73857
77455
12739
99987
16409
72679
64106
36734
2693
17788
27911
24367
65482
19850
6342
42410
34920
83912
48746
17115
89888
97838
48429
45580
41823
15761
28532
17104
97419
93578
59725
24605
25768
81972
34920
51927
18888
69908
18159
6502
12301
26419
32131
63977
21116
10215
77141
89188
42112
1552
20638
79093
25272
87838
95068
40997
80702
83823
14857
5050
71605
86294
32313
98984
24526
16055
6192
50151
4279
14095
33533
74848
21793
72081
50359
98562
98508
30891
95827
8401
70353
15431
40671
19806
46124
42477
33662
93457
4836
73478
60129
52130
7256
91195
61214
95112
25319
79420
87631
10761
71516
17660
13641
22192
38389
23546
21975
58972
77102
98299
32243
39285
95407
60210
9985
7737
33870
35649
93992
34485
18466
27193
81742
21231
73414
92286
48559
35712
55846
81062
36121
12671
28234
59776
13542
8472
56220
52113
91159
59324
20598
89817
52394
68050
90541
9492
42008
42635
39892
85501
84174
98739
61135
15533
36741
25539
62261
31457
42368
3156
33440
91129
48098
97134
61685
53757
51657
31070
39242
2234
42699
13574
13017
57162
75275
58318
30400
5042
65464
98008
20209
24389
42275
92113
60637
8197
7418
42308
55896
65737
9350
46856
54985
46458
17341
23258
16369
53144
16933
38533
1397
51258
61830
61789
47945
75539
18795
3628
38587
23151
48821
59716
96858
23708
43611
82771
48481
23334
67393
38036
95203
82171
67700
65409
57428
98765
3360
57830
83730
85461
82478
70866
54767
47285
67486
49831
54300
94294
47676
7376
25811
23760
40834
86130
22369
55688
16234
24251
18030
56691
20942
3511
92618
30393
41854
54370
14614
16501
1245
43160
16813
20889
51129
64423
34861
34254
85925
2374
75269
70521
45045
82943
53500
89560
28757
871
36347
73580
91973
15983
94201
38097
75637
85811
1698
14729
28185
45135
75779
78423
85642
62738
6036
88742
23833
38090
79426
7978
97776
67583
85656
38750
455
1372
24457
76780
12640
85095
88669
12460
34848
46802
13142
71556
88234
28266
94110
22221
66297
76749
69294
4470
7129
50329
28989
94274
47139
11359
15203
90220
10996
53238
93225
98187
39848
90059
95216
10672
17432
20598
25850
10316
70446
57641
15352
47951
41984
7393
95313
24651
21265
93407
68204
29303
80960
66064
30523
48687
85386
83560
1988
35609
36163
50862
96684
15906
39244
62641
51906
41735
33745
36248
74854
31504
27267
38166
10420
10550
82733
77788
42129
65541
71477
5705
19121
62205
24433
48669
73090
85010
73890
97835
15448
89300
26066
20492
60374
425
27526
48944
73238
8277
16544
83216
39125
10492
44435
44479
77214
11358
84547
32223
881
8577
72825
12175
16560
56941
41345
51042
88454
36240
93056
64363
69012
42882
97493
10612
29242
23938
58506
41679
89694
16319
43319
66371
28539
32564
7731
97928
66505
49195
76024
35117
42021
67234
95794
86454
91582
33386
34948
1028
95867
64747
76312
70221
45580
10214
17312
89674
44171
98579
6669
10479
80783
7593
97483
4469
16045
16572
37527
88627
4458
86048
77886
52972
69666
79467
8084
20961
60334
11001
35278
47431
7158
55849
4380
13907
15475
15973
7238
31026
30303
66751
12066
94326
68508
73814
13135
62858
28221
34648
52210
45638
18677
94209
17610
78302
15162
16450
26354
21748
39734
75837
24178
47567
98282
13581
49730
10147
96926
71426
92765
40239
85705
12777
83486
83334
81594
13771
92217
64037
13473
3148
69048
9956
61341
28851
24528
48648
63555
50826
15392
94452
88455
43035
69030
54527
98603
82266
25598
35713
37377
64802
38071
70439
26686
39575
36308
44326
83229
53035
50332
21676
93196
41372
29598
39569
42327
86106
32772
8141
27728
57126
89107
44932
13176
87446
61725
80572
66765
75958
34243
29167
88271
51464
61578
81916
33456
48396
37688
82935
18616
4602
4139
70721
74226
17868
78903
72050
71991
15513
99290
66034
93813
42780
93534
5608
20251
18803
44330
80362
49700
15428
1541
98931
47837
78809
82760
67730
68789
85484
15359
69631
60640
8510
50940
66248
62504
82752
71127
48138
99472
70805
95110
95900
90374
25743
57077
29316
30757
23126
5411
21005
42692
69255
30937
50672
17471
10969
86086
96559
64319
89915
14012
67681
75337
14264
24417
16775
85184
38557
8851
92861
77015
31409
29916
973
99927
75427
55469
70493
6377
68802
86938
41128
36354
91781
90898
73962
73288
68107
48921
34101
12548
8348
11523
6785
67238
42255
93519
51712
48559
76965
94334
77776
3456
93106
82575
34633
61533
83900
96793
54006
42429
60667
21604
49600
11824
61377
89028
13670
51277
20243
35603
65385
26487
12853
31817
62436
28172
35141
68315
3161
55370
72317
99981
87910
77374
16827
81333
70678
11946
16734
84750
98611
17010
75111
82613
9498
6532
99231
14276
2503
35042
42839
57385
99407
72301
18345
54050
77165
51471
59294
69111
92916
6980
61129
79699
53475
9286
10129
73600
79670
88916
14253
20223
56985
94719
75879
14817
45367
81009
23042
80261
94641
67834
75960
29359
1707
2296
84860
65600
38464
31394
8799
49720
82869
64945
5422
50405
20875
32812
34104
29062
71438
52910
66765
97440
65099
84598
12801
78332
53982
17899
79344
38588
91337
54602
14396
11480
14944
44557
54034
96922
67777
26074
61387
16690
77794
97445
13134
1846
53891
3811
10259
14137
9058
89228
27618
5734
6285
18060
33913
73498
5681
60390
79916
25980
4081
21029
1351
81178
87283
9281
37711
14657
78741
9450
20583
41048
95293
68757
42351
38202
25102
98496
52838
1646
90869
28546
14704
7653
995
33876
29554
92783
63670
30007
65882
48698
7856
77057
32956
20872
7016
19047
55223
14859
66623
68488
58839
60352
18955
97235
58835
49894
51952
19638
1110
2777
20333
96901
35323
57263
45842
32195
89873
74159
93903
16528
90366
15241
50183
41167
53792
69781
95939
4851
91982
58124
81475
87494
65118
7837
69616
54453
32096
51757
43181
14330
58854
79534
25676
69639
97607
29402
41853
50093
61593
44941
94816
103
14364
91869
48379
32678
12278
61719
37896
44313
23097
2934
83430
95960
73344
35650
59824
2030
31928
33187
38954
85376
3004
50561
34679
18334
28952
1690
59432
58981
71023
19935
84943
59951
88472
6411
9905
92088
86947
7040
71738
12813
21818
15520
16299
89043
66370
26821
99118
2321
81729
7357
41226
65180
64889
61094
1138
30845
15602
51266
41591
83552
38774
20855
55646
66204
80534
23942
59149
4026
27306
93285
33918
13284
53142
96155
10486
40491
7976
21432
751
48565
75805
25231
8881
30433
96995
58865
84576
73400
80057
87942
23759
71506
35571
84650
20114
91042
3610
19810
18129
13663
80048
99162
29016
51632
19537
78205
38795
8340
17685
95056
70039
87115
40882
19467
73924
81188
45022
70613
30695
58531
83410
98299
79283
8718
75050
44044
9231
19317
75400
93716
79171
45725
29849
92627
71916
54343
4399
12794
52495
98465
57262
38817
63338
40904
27010
29480
40678
60728
58285
51848
41545
40563
27135
11732
30567
79530
31293
44146
29113
80362
12580
97488
29606
51557
25512
58660
54141
86428
4117
77157
86629
19015
76374
22527
10412
45121
57139
9207
55099
88882
36245
732
77259
96826
1829
95686
368
72471
97139
51406
83763
77396
20115
136
86686
7854
37057
45729
81
75075
23269
99442
94641
47417
37233
8510
42016
96681
58920
30510
6152
70726
29721
98054
31152
72910
66216
54596
81553
53132
94254
62164
8450
5414
66423
21331
33584
43434
67337
89118
63722
944
76676
7190
52248
84492
96517
66738
11691
17812
69636
85633
66479
67784
31070
76731
70974
13634
20269
23426
28782
76795
29650
5434
51850
99382
22709
258
191
34030
90820
7663
64332
95160
19991
96036
41565
37492
2740
91599
42897
49782
41613
68930
79606
28267
47975
33741
51639
70634
30614
83157
19596
19160
83844
28915
36207
89144
51665
98315
8527
41485
97845
22631
15485
54893
52544
1968
71780
26725
98082
34441
68470
44387
4390
26856
70081
12516
4569
40785
96000
66746
80873
5456
35533
34264
47336
61011
48021
33694
27632
90018
83076
73788
2528
68252
21951
97349
85221
59215
27249
978
86612
21395
44477
20175
58195
50724
18386
28422
89687
42651
96157
69702
6984
99176
14551
92111
5089
39725
41343
11229
8020
2201
9379
36687
3306
28160
41016
48691
11400
16404
4969
45712
74253
56163
58283
96303
77016
70444
40559
12998
48806
25374
82801
37090
73817
38864
74414
45393
67444
19447
22546
74090
50658
90503
86479
22489
5239
88648
58826
20427
26574
50932
44879
32754
24210
20651
43716
76661
41081
62100
48923
20152
25001
21168
47809
72515
22302
44156
19956
94161
52804
75427
27570
90296
49695
51549
98700
92335
618
92681
82105
73569
18332
94434
49543
28173
2374
48000
6796
62583
97177
36366
35771
58383
25349
46660
53106
2076
6909
41185
92399
10404
45686
37094
84419
68219
84717
85009
95743
44709
72968
6933
44907
68361
39605
19987
14901
27189
69006
73335
58567
97576
30142
73489
38161
67392
70942
32621
92773
96641
1752
42162
49698
78814
59373
20948
49896
67847
55730
9591
43051
93775
44884
55009
14370
67192
83100
25945
46622
10781
27694
93378
42136
24284
45835
8270
89187
42719
72343
34177
21313
96198
33525
5092
7186
97458
24878
88513
64294
95184
94864
96194
80500
52192
98323
161
44227
59553
22647
16107
74949
33114
40713
18262
66820
40776
83524
94331
21429
17535
3124
32498
73513
96351
97526
97194
76545
76405
97084
89409
31266
99594
429
20422
414
54572
22376
92296
76370
54647
90312
56378
69615
61472
30595
97607
36495
67166
37869
140
71337
59765
84379
630
13984
40672
84161
87512
10357
98138
23676
31368
48349
85098
14987
66839
1198
70953
86328
15436
93939
79696
71381
29661
87838
97955
66338
60809
83165
64404
93962
35252
33925
73525
18253
79039
94667
53182
55833
59587
1586
8631
49489
47946
97278
81218
71056
50699
60295
9961
99942
97568
84105
29535
49569
34533
20504
19094
19463
9583
33105
28796
22912
26567
89452
1426
45040
29762
78478
96812
83362
4254
68506
86558
61632
46011
83047
71176
68254
44243
50061
61056
90231
90135
39801
5561
35504
14856
89664
99117
21080
26607
88913
4108
57777
88313
43938
33089
53064
67571
83500
88349
85631
81566
27283
43171
73805
67278
83709
65167
52667
84005
38373
46596
43439
8039
18311
87728
83813
14937
11515
190
7033
52763
64255
87639
26274
62176
8972
43446
12120
37030
46155
53831
90390
46486
84576
16667
69626
60441
99876
32875
5642
35508
32145
58247
98097
41154
40695
32378
38758
2093
41516
79003
92973
31433
34527
86578
83959
14669
44397
55492
23237
66575
37613
95134
2058
60058
34150
99098
46798
38414
96704
44593
89518
20725
7479
72413
23425
57181
64428
15689
21302
12887
3223
62232
43193
21387
87383
51983
38772
88310
93129
18368
61170
50241
31895
40404
74335
98943
91751
72244
74987
60643
12885
8051
17261
68347
48123
84603
59492
26957
94988
39443
42841
32172
33856
1867
65600
74839
27529
63044
21342
64750
44261
91646
49572
75602
94508
27710
36985
99480
46569
59676
1718
14986
62118
77383
46314
30586
35968
53621
95550
77572
74425
98763
60371
32287
60748
3174
51399
85983
43035
88963
99479
92394
68164
10353
45246
44756
88178
54289
96604
65530
22032
22375
71986
77496
85240
43328
80009
69959
84457
99295
62962
78647
37816
42982
27496
59524
80061
79709
8209
37400
44142
50178
23972
9629
18250
41742
71429
88701
2891
40768
89676
96376
51294
3240
32355
88129
11183
79218
74958
28950
42269
26380
78884
94778
99532
2262
1340
13456
82746
15557
36003
33302
16425
40852
12906
5500
86491
37256
78396
15007
97372
97471
27853
94759
43833
31508
28654
20697
17646
99025
92476
36953
54365
18353
55482
52896
91035
3568
94355
10006
97220
70962
257
97933
75375
87181
21995
19385
7356
45429
32968
8623
85001
52866
79171
27673
86852
25119
22743
85108
69787
73073
35865
85638
58735
75618
94485
6623
59303
5225
18513
907
50369
95192
93198
77169
20867
61314
69804
12715
66448
85383
22765
2466
49398
84093
88658
81765
19555
5820
68289
56550
73080
23110
49960
72401
27926
89010
45403
4842
85973
2580
72506
27842
90548
82794
12398
88917
78602
18501
28850
99811
8507
79378
87470
68426
17030
95172
87710
26204
89403
59392
25745
38850
4202
56805
6541
77645
44374
72182
52848
660
16169
54149
70386
83919
81729
53437
60166
42127
52104
22572
75359
14296
15521
33387
46607
92636
94078
97292
91915
981
52303
26847
99850
36542
74325
65249
2956
30286
84052
51297
45496
17427
89798
42384
15101
24295
8717
9733
7450
39185
51009
60042
19385
83675
67847
40230
74453
73035
80450
16648
20349
78081
71139
40748
99985
77452
68540
10830
77417
56137
39571
9832
50645
24313
2674
40457
78879
87901
4443
16757
557
81521
60728
60787
44514
43266
10032
30743
51332
82957
76982
73548
39800
66326
3516
57917
73993
29538
86885
76224
23048
28977
64183
88799
85006
97883
84559
64613
95804
31846
86447
61442
61315
38465
4754
5467
95232
72768
79520
49393
65823
9845
53437
40012
73856
56391
26204
88195
48503
33650
57714
23883
34957
22747
38885
82330
67301
46061
88802
96054
28537
58677
68269
48127
13697
53910
82931
8694
21045
53930
11132
94281
5931
72567
80765
1340
77178
7593
79625
35957
24479
61361
23751
29219
37820
68314
47839
97484
27230
32547
19023
41234
28984
45630
76250
43170
73067
20005
49535
52473
55687
87347
18887
96050
3051
83046
85784
43344
21800
9455
50919
55909
62916
27091
64010
26173
82970
7586
20299
31434
34366
16465
16441
27084
40414
28374
61369
4764
60004
99328
38393
15510
65657
95760
2661
79425
15844
21079
39315
96381
63087
35982
91512
68807
62250
21516
72030
28363
38569
70440
84621
27335
74344
41515
47781
85592
60815
86736
81902
92644
44049
34236
58631
32675
53966
51892
50427
81898
99609
33343
15793
6933
56083
70937
89634
26065
87542
82928
71878
24259
2126
34527
57959
47576
43105
20229
41239
20490
29456
72353
46526
17708
28373
55628
35563
70451
98636
27379
65323
18561
48271
14768
53624
60334
64089
80548
99336
85205
44204
26355
21287
20888
38797
87772
26047
27601
24909
40691
55731
50711
78467
50876
81067
67753
80725
91462
9642
63354
77206
834
53723
5977
87273
63167
87018
85755
17635
88036
65967
17863
54447
88617
21733
6846
76619
75634
27832
59686
53807
13640
94429
50417
1966
37046
51931
7726
88948
62109
11367
99052
80720
50516
89071
99494
10156
16224
94924
45040
18519
11916
64762
8509
92739
69509
81059
98442
7402
34709
48439
79306
22411
74746
89944
82158
93971
62561
67890
90672
81015
73572
10600
35517
93598
24382
4009
36766
27675
63623
88738
83681
59639
24369
33997
22185
23981
19741
64806
39726
13743
41914
96862
94033
12487
32923
97321
77537
38455
2228
179
74019
49506
15793
27375
61218
13923
29331
72751
63891
80731
5064
15215
71299
55305
87846
70316
30271
53521
92291
36563
51072
19935
21076
44819
33265
36356
84512
9620
92766
46175
192
1089
97499
44376
71382
80641
91118
23269
14183
58212
35066
14895
67063
83705
82248
70991
97279
53212
52436
27058
73229
1483
80690
46972
94040
66682
89532
18376
75389
48605
64569
49293
68924
89923
84651
17341
84169
18626
38420
96935
51727
45613
9318
49564
53063
41282
34918
32751
33233
46143
25788
26037
75949
22485
24826
31723
25657
38677
66183
68983
98119
8839
55430
57255
8409
37434
87720
1846
87228
17942
36586
96429
1918
77324
53452
30726
97614
4911
89392
32299
37007
14236
21035
47517
67704
8788
30763
60881
60459
57418
31109
98804
65968
80664
15546
17616
79853
50348
56133
97478
54244
31616
40868
18715
23209
6887
29504
72688
55742
25155
26
31881
62094
31188
87732
44943
37538
71467
35802
89200
55107
1340
60491
45476
58445
24690
52360
43787
97707
21660
15671
67954
63189
73157
59988
29589
46787
19682
84629
54494
30989
57860
11928
95627
417
4653
97484
22574
67583
40671
74585
54286
88052
93232
23181
85802
94641
39642
16803
27614
47272
64654
36626
47326
50627
14953
69231
70175
51777
23711
25504
68821
18509
49140
63295
4343
83036
58122
47047
36095
78467
46068
69565
10253
8371
56616
53214
78859
56082
85491
78881
33324
65911
61767
49129
10701
76450
24592
53674
27421
48629
56100
82581
43801
39667
28344
78817
49616
88340
78447
93976
50661
59842
28141
91707
6995
85715
7818
32147
47275
26691
48995
52661
49272
68077
31754
43697
82116
11941
13629
30936
81491
1846
45236
4135
84621
26291
16212
5428
40282
77532
23649
17588
72421
58671
94480
86086
37379
44712
39994
6688
2029
13079
28044
65332
99048
54077
93467
69886
61638
74754
26165
40557
17157
9941
3091
23819
2518
8993
90059
37227
8344
17481
94466
32590
17347
52640
88671
53266
50176
51431
75546
18040
90965
14660
80435
37296
77663
24283
66175
22051
20440
34380
54332
60061
91960
37320
91430
12725
49079
89745
96867
48154
41712
32750
47960
24251
39074
17800
58911
77331
59856
4419
12400
15600
23528
92316
69436
89983
67233
95324
31896
72277
96861
48182
93590
54940
23086
58115
81712
33880
3349
73239
72446
84917
18277
12287
11335
70831
10406
42970
51795
58750
25878
72145
89599
84252
2857
50420
77546
3059
6673
23603
34284
39464
98810
37109
96007
57214
27244
66393
27253
97609
47891
91303
44993
12944
64923
27057
19570
22142
31124
7563
89473
14021
8725
71492
93931
3183
85053
39424
66114
10050
61013
28916
8703
89231
36082
71838
41330
92376
79254
49278
8954
23100
30358
91764
10127
91776
3414
69623
85981
12539
71216
40751
41163
92734
15571
76305
18585
69246
92968
84373
1257
45247
26480
25396
28723
20927
9962
33187
40636
85853
62001
59143
58690
97060
50497
53076
70190
36183
52026
37382
63884
50171
75005
23931
43446
79643
37139
34283
68492
86428
42701
50341
94816
30911
614
38087
67470
34508
16389
52153
26953
66912
11199
81415
61937
40470
27001
10553
67040
90379
48651
74225
24835
22417
703
78305
62086
66994
74201
26502
61096
36223
8273
86628
60686
64820
24635
39424
79155
84521
41000
53140
92925
70328
22597
36050
65099
23365
44513
77561
93578
20655
15181
17485
78919
59346
53563
77526
40991
73494
6217
39063
10290
46808
15351
5992
86165
97171
38003
58771
75335
99499
49494
29640
99100
35478
4936
7325
98549
295
96830
27366
80528
88407
37700
72492
75131
47954
70805
59917
56228
37308
16903
95601
24012
57598
87620
75332
67739
73233
39826
93620
54061
84678
69876
39465
78313
34031
7914
58236
20722
32173
39188
55477
80182
41591
93620
28901
12996
73604
18384
53180
57178
37462
25462
45320
30301
4611
7739
61548
47426
36417
13404
8312
9289
24717
53670
32426
30825
96952
16048
71329
94278
43278
42406
64282
41759
35620
9089
64361
34276
41181
21297
62198
63685
21978
78524
68497
55366
13788
49185
17779
44367
44279
88437
40083
44127
89877
79951
62977
11776
88323
82943
92386
17909
62748
37880
15593
85616
39984
79695
95631
58625
92625
73019
71214
17641
33594
45852
84672
93645
47837
35257
26702
21573
75751
68257
52376
44211
20177
3763
69889
60337
58374
64153
49587
21028
21356
93359
56438
81645
92561
54146
82440
99326
71476
78483
41818
5034
23980
25818
27367
13524
15737
87208
18802
98857
24261
11077
82907
5866
16791
63703
91837
23074
28852
25060
26471
65046
14546
68879
58037
63002
86810
83134
76906
4736
63673
43484
56108
67019
80003
91130
57980
40578
81061
52369
62161
49984
76422
8963
57232
11815
76824
19423
29898
66165
41249
47331
43090
93071
86145
17947
99097
60379
57599
47527
27592
50890
40084
12091
61338
99697
42260
40545
9715
23640
244
1273
45472
44107
62140
55424
58700
88719
84395
95470
49725
1967
68193
59449
90953
660
80238
66999
60408
53363
1812
82561
78167
72384
6107
19668
5014
22784
35665
27313
37983
96636
96155
88419
32563
91569
24893
59776
387
99685
14274
7881
96040
49716
24169
31244
27103
20392
13708
92937
80100
27879
44750
68785
38954
11718
34752
93898
38773
73467
53935
8079
70036
23249
41486
83924
8254
15733
26940
99176
88008
67661
55346
44275
77632
97991
21163
79902
85513
98575
47760
77042
38451
81531
75903
98873
67542
8801
43287
18593
14603
67272
78147
35807
57287
19099
62977
50576
13973
27290
27533
70266
81039
33803
15822
61297
19385
17678
39997
70805
2330
31054
67534
91577
50519
4210
48765
94846
38638
39732
35126
14686
15244
2345
98240
91397
96043
93247
37223
26362
92940
95685
45124
58363
48589
30371
64620
21094
48327
40203
13874
77012
89254
93031
73273
28159
75749
39314
64475
70341
94054
64931
68911
16709
93292
61571
48474
90149
34581
47072
41908
66870
21334
2874
8918
59088
70645
3066
85309
74071
95773
6403
27614
22879
2530
29888
48774
77067
15282
67389
68556
75984
59923
75602
41910
17401
11774
94586
84197
61508
95800
61666
47678
62345
18217
59612
10773
50235
35963
68019
53656
49863
53617
78777
78165
82553
80193
72829
8681
30078
93520
74168
51623
2405
29576
64006
86145
71326
77080
28433
85141
70948
39048
40713
49079
14615
6840
58801
81047
30561
67092
32691
7599
96475
61174
8019
52684
78952
38456
31872
35638
50591
45651
90087
44925
88358
31898
79490
25986
70393
6060
76366
18271
