33960
75741
83637
96762
59349
84100
62654
11990
29103
27578
37281
67101
16456
43660
65717
11826
19051
709
49435
5948
6498
32544
90991
73900
60791
38025
15514
84874
77304
94959
75364
22112
275
42983
9031
46595
86849
11360
74847
15258
30656
2335
84190
82764
39417
34743
51420
27850
5664
56454
9291
63990
40697
49327
21832
17679
17911
25455
57550
24634
47487
50046
1956
31535
31404
43077
63159
23453
70444
65174
82402
59770
76232
92588
38665
29194
96225
14240
6
56555
99605
56325
87066
98428
70432
34912
5989
56264
85919
39592
67473
12883
13712
20022
96457
99615
43894
14313
19463
94107
18233
31033
71978
98953
46314
85045
16422
4107
38371
47899
93846
85065
14477
42580
19916
55553
25755
29642
10825
33579
948
32582
48520
85928
39662
67402
2869
28839
97878
34312
75772
9811
33868
92765
78267
12381
75178
13582
12793
73825
3589
51773
58000
96247
46445
79144
2917
63641
80015
65598
86905
94508
7769
91710
90360
14861
62397
8719
3022
90553
42095
35414
76761
60728
80713
70455
26970
79592
70958
90283
4197
20226
47690
66137
30104
90858
11064
58965
90985
85752
29150
79026
35607
4862
45683
3877
14914
95798
51713
57239
12471
92906
92454
52359
81732
69791
48212
70170
26026
78206
57527
66175
8367
2496
1494
22276
17747
9366
17267
87534
15131
31922
31534
27481
14153
57750
14566
38925
4685
93143
78078
74745
2100
4909
22430
47854
62911
84154
47824
94874
68943
72052
61803
27008
67163
26481
36174
9361
34212
37422
56802
76841
52992
90812
77217
84360
54450
84264
2517
18795
55387
97829
16504
94310
67114
49527
3355
72321
83663
22431
94819
97964
73805
88990
4622
480
69901
65320
20980
63124
38063
61959
1896
95353
44508
67913
34076
48850
4887
79495
91780
5523
9202
67506
91700
6869
38076
69244
74787
46803
72632
17632
66800
63396
79657
72400
55267
16757
48329
34841
27757
25698
2041
27285
96361
64913
47410
77804
7012
18796
36891
34760
48280
78841
12340
83604
40916
49591
59470
13487
97464
83831
26845
66835
84571
46677
13158
22365
73231
29489
99538
87544
71229
25358
67557
58155
75050
30023
37864
79451
23099
66409
56194
68798
16469
45201
53221
73982
89149
41698
57477
29349
3646
96866
47235
62091
37033
42451
65448
92282
79030
57417
9453
28634
50792
27437
12151
50142
11343
21197
50912
10825
31687
85693
11568
32478
1566
70990
26859
50564
54611
40329
75267
39570
28154
98633
33934
91580
40988
29298
35507
95290
44955
70130
89790
16050
75250
88786
88083
10625
70971
8952
64191
35755
28555
64733
44746
59644
73464
81766
10664
65402
15610
58305
64815
27594
71375
53438
46690
72955
81465
57479
51020
78706
35010
59806
15593
84435
7296
16113
4702
97897
32243
71996
6985
22803
78666
15228
1331
77004
23430
83787
50113
63476
97015
36541
64458
57056
77570
34742
77891
40570
70596
13894
59510
28406
61008
24418
92593
85811
7284
13407
65595
81962
27066
99437
96193
20023
30282
68399
82895
78401
9773
35219
92314
19335
12460
94706
63801
49288
59606
54949
23412
32207
1473
80929
74965
72026
22440
87857
41500
68645
13107
45807
462
16024
15669
29215
61165
94442
78606
19336
12898
87055
56304
76112
7415
88709
77086
52883
70721
11608
22640
49503
78651
96973
22452
72527
63918
63057
13455
29633
61164
42814
35713
96342
35420
64262
65767
35014
15567
85663
67961
35838
74609
18668
90707
86039
79931
62212
45202
82420
36774
7266
52468
84152
54394
47976
88193
27649
56196
32944
95369
69733
28805
50256
25315
4519
56135
9481
47189
65750
16236
5964
61745
46499
30143
83434
33820
20636
84139
30231
32938
27786
95402
76186
35525
30979
32341
41844
33037
52045
56763
2058
38169
79408
26285
52336
85947
14135
27638
45972
49186
51779
36359
3557
20089
62475
95152
85150
79757
43091
80331
2738
84075
88424
78675
30069
58024
53142
73170
68421
86522
15526
35063
95156
25667
12536
68838
6547
75183
2937
6954
5084
29555
61792
25638
92476
39637
76618
94633
12059
61546
98064
64319
22058
730
59043
48708
32871
40512
91076
15187
47184
43949
13889
99101
33954
80589
15727
47286
45452
74209
5153
77833
98709
51851
11971
17483
92807
23049
16405
90733
24790
71128
33383
66731
65137
55577
26126
18305
4708
82385
90112
41885
21255
80971
86353
79728
32295
20600
38891
68927
94031
86455
32227
63830
62771
7247
40286
57787
37528
41432
35872
91680
1443
84986
13228
9330
6077
16110
24765
8303
43839
58177
13215
40084
56256
72278
13995
16020
82904
65098
26430
13797
20080
12243
53717
94293
18633
71650
358
78842
7941
42856
48766
16358
63413
42261
11795
58297
97088
32187
86309
59537
73965
25681
97014
26972
87694
3380
59234
34510
34153
93063
59837
56910
77732
82811
92744
16010
14379
98409
55056
96715
52065
55676
98819
72708
9313
28493
65743
87364
15376
6694
26201
95979
24066
34919
5527
67736
71301
70119
779
45857
7469
722
28092
36668
12957
1169
47026
43290
89679
29928
71406
37428
97024
85112
38532
26365
62331
46437
58070
19671
10208
42066
91822
28033
86385
65287
63671
78446
16505
24117
25976
86321
68281
55568
53231
42100
96785
15291
77286
84520
84039
77570
33493
66455
44407
41120
45076
48533
23799
72385
91578
77589
95781
4514
34167
57944
86831
63541
72106
37760
24735
18528
53216
25730
8673
92324
5354
77082
40626
92476
68409
90809
50408
6012
87481
67161
45144
73976
93767
54097
94920
56166
79312
15043
64401
66012
53992
21587
35408
9971
83620
47411
23433
68910
95380
20249
63448
97715
94816
61618
66358
27927
8926
99343
99589
82105
73806
55261
6425
75748
86898
69908
49986
99096
24588
90501
29113
94787
90038
85206
58247
70952
26265
5290
57741
63457
53354
82585
88851
22721
68327
77407
80529
56402
61482
80592
13523
13725
91495
58569
8940
71241
89192
60610
63291
13978
48803
51391
33810
7226
32660
96774
69417
8598
8156
74475
61534
21055
97750
78758
11174
3761
45746
97638
1429
94288
15152
63871
40326
20429
29530
98175
8999
44009
51326
80863
20228
12113
12615
97557
45615
86535
94007
86629
31881
13281
85379
64856
67888
51530
33515
60549
32356
22055
50100
81195
88407
53941
65220
34049
25489
43149
52345
53156
34621
31721
91015
39824
49396
19520
15724
5194
63812
95501
87250
95706
87164
27854
5888
47190
15255
59944
87357
40857
25602
92040
7234
32850
11468
55748
56571
55673
39305
85696
97658
94012
80963
60365
64055
6488
22525
7596
39080
60643
58213
21424
47897
32902
57814
56353
75017
59624
94951
5916
74273
53798
6228
22551
73265
42334
19335
77859
70888
2827
44226
11659
97615
46795
50667
62265
70915
92699
6228
18392
85806
91140
97030
82452
94977
25455
22347
86429
24016
64884
27061
72394
5130
74064
21453
21529
66259
60469
49691
85397
28415
81819
21967
24049
28622
95156
77195
14705
75295
80797
85357
35145
95378
68945
14876
84316
1597
20472
39086
43430
18442
65340
26707
5813
91596
41148
84610
22546
89245
34041
70590
33822
15285
43245
24197
65751
33545
96732
44021
51674
5405
23267
18043
16610
40167
48909
55802
3886
90914
90149
66388
25505
38763
37925
49687
291
90236
71757
62887
56741
93923
79631
31332
834
45534
5126
17560
88257
56245
84615
1279
21366
18163
59984
47891
43944
78883
93886
91059
4877
54051
8282
95280
86706
13383
41395
61172
85911
11245
11687
56655
81175
35705
32538
60863
74181
61261
28938
68635
72017
17670
85049
61916
6122
97045
20041
31497
78558
25080
84518
59069
49565
97205
46812
43895
1116
60370
43434
126
93749
99060
28718
34223
99755
82035
65472
8357
35307
85718
92251
39587
98734
65904
22101
80832
88123
9078
92112
53936
85353
23515
16873
83883
42658
41515
74478
33501
25924
63360
54701
52329
8641
63140
24839
58170
40582
34052
53411
14952
68088
16429
81567
56451
28090
55206
193
78944
88203
50218
79403
26877
97741
76160
33517
12082
18336
54009
46581
75381
94573
7109
82721
33578
49631
27794
89493
81574
62347
65058
55400
29566
43280
34759
63513
55409
22649
82654
79263
15630
41632
31622
23133
62083
17229
88635
60661
13700
63227
96724
9427
55668
59804
96277
74474
81491
54515
15825
92284
55941
80671
39615
58867
35738
62647
73752
76237
68991
79088
31755
7668
57056
24988
17821
77899
89176
20205
19136
44164
66999
78775
6895
97774
80078
81236
68451
46124
8442
90177
71349
47521
7147
41733
49457
42759
57136
62449
2419
66464
73921
91235
13920
80419
94761
21893
60516
55576
16077
48338
98723
7967
92797
16025
62622
14249
69431
32026
4869
19690
12146
68909
78067
49031
21197
81250
46378
68618
77876
27554
2892
14036
26060
35797
64083
7986
72701
56189
49677
19208
70201
24416
68568
96905
3468
98851
95958
99881
45890
82769
71853
44970
207
8763
4126
33426
85407
48985
77471
74110
52187
12079
43895
51184
58868
38954
97686
43139
51984
63978
56495
47327
96782
68154
23155
7368
85143
85018
42410
53905
37283
53534
23472
79342
84901
28815
40555
7975
53877
2255
29924
59912
14424
23482
83561
85621
70861
16584
60190
49179
65814
51342
15644
66498
70657
86500
35847
65854
80114
82978
68687
30213
39440
10436
36803
1883
59209
24941
15340
25160
17442
61191
14638
99180
47614
45896
1270
18377
40106
78992
52415
28094
26595
36207
30216
97684
16133
98500
8650
1040
16914
41087
22392
62953
29307
63048
75704
69012
97805
80505
37560
56443
16155
4070
59406
36589
50467
90429
89649
34639
29600
58344
46510
8335
27020
32496
14087
12985
91248
83707
4334
94562
7881
8918
27258
70658
3384
91886
67076
73631
49991
55671
80673
94468
5299
73456
55387
60912
61018
57662
97614
52843
85090
596
48828
88756
58724
12756
28014
67829
61875
32464
33576
72472
27117
18153
63848
56819
65053
91193
60347
58366
43114
80811
46811
38117
98527
20520
82312
36345
47928
88749
11554
30433
7430
14711
66016
29583
72095
49569
16689
41645
7525
36068
60941
81077
8753
39357
48630
36160
90044
23565
95664
83254
14410
43002
4826
73316
46291
27474
17801
87244
74767
28719
89440
13398
2909
35446
3533
95781
24721
35418
55874
76004
33336
11518
31279
48734
38185
7383
65817
28429
6217
79183
57209
18603
80379
27558
42035
3972
25986
2771
61905
76205
31956
63913
84028
40589
87998
59764
16439
65689
85454
28515
69688
84766
13761
735
64035
99319
65513
86169
59204
41407
16890
6627
18857
19328
72945
52660
20538
76778
16449
38063
25622
37439
7100
22557
51691
75467
6651
64118
76273
77585
59818
97215
39716
78048
60691
4366
53501
39076
30181
24201
17036
3193
40353
52076
22131
77307
29504
91721
51010
72505
51460
1449
20170
50663
90266
29361
66688
76274
20265
28064
6545
21391
38330
4852
66044
9133
54083
71821
16849
89481
38642
94633
94852
89375
25650
21038
50285
57086
78685
58023
87423
11285
57599
12614
77538
21225
84962
74183
21072
60936
75611
24277
68905
70200
33456
27749
40244
2505
31621
60480
35538
29961
36866
11615
16896
10166
17250
11983
16425
73134
85659
6035
68165
87906
20165
68713
68019
35337
54056
54853
46382
8497
94470
43833
50639
22352
23138
79062
52030
19288
91820
67500
42614
53929
5067
49517
50101
96193
79621
90736
13180
85038
7630
98770
16457
88388
68042
54038
3727
19658
87745
95693
22863
57167
43134
91665
17301
17914
13763
67691
6001
72991
54285
14421
17840
49133
94432
32697
69206
76964
5295
69496
94650
17892
39690
89926
52575
3872
70276
98547
37227
77874
55519
93029
92230
87976
38070
928
19504
33020
78887
93832
8510
15361
700
20734
16147
42265
53365
52069
98232
37859
80947
46728
68952
626
90979
23029
45242
42137
98757
3809
44251
78787
14776
3695
39719
5023
84292
13772
97556
95768
1059
14193
79099
19714
40268
62955
85684
51536
30334
97495
43086
93699
20614
62375
24936
94941
32973
61697
31438
52788
39105
87015
70707
41538
36126
74993
67111
35928
64345
84790
7541
49171
36553
29386
66652
5447
90482
40897
66344
19863
80687
84274
47692
49639
75164
34070
83966
44073
29021
69616
18768
17363
84014
21319
80134
21394
52647
68590
47609
59704
43660
65348
8775
52016
85103
86263
6452
58131
43970
94852
32609
90610
2909
13689
43143
49715
57960
10556
85872
61210
85062
56228
9075
85820
72894
98021
63562
56185
42183
60457
8177
56706
61103
61530
92829
59477
33480
6204
63735
72554
39983
97271
80404
94757
93307
76722
4018
63660
12191
35035
34545
86803
14299
86595
73803
45235
97637
50502
86289
17081
49936
168
24548
86010
66710
40251
39341
90692
85832
77405
70970
93232
36430
93471
9205
47924
81084
40864
79490
90293
28980
78551
45012
71065
8594
44400
61293
67578
23865
65389
76945
52727
60471
27982
78278
68517
64759
39820
13386
61634
67875
89470
17040
77866
50067
87903
31800
11650
30902
81991
84426
35666
58108
48725
80975
23472
89215
4398
61484
73367
92748
24671
39004
35831
44593
55071
28361
44645
34820
48784
89639
37651
68781
81060
28269
7323
2897
8379
77425
95348
44061
81099
77854
42375
67627
37689
79348
87452
46068
27203
17021
41677
52786
33152
20936
21340
88337
48703
90179
25184
90865
36396
50809
33051
73274
99025
37830
85863
65661
15865
26323
4270
76227
33391
5203
89849
47029
57958
97977
67616
25478
79858
40819
34144
96065
25907
8807
74379
29546
80562
65480
80250
54836
2307
47445
64957
29535
1418
12398
4242
9419
14235
33908
15572
35549
40473
42364
31339
42957
86688
48464
12993
73738
46047
47331
83573
33259
32156
93870
56937
27506
32859
97931
55989
15423
28826
15661
37854
78383
22931
65306
93057
54222
48997
71879
47561
84736
11116
54478
69185
36584
48812
39598
20100
58131
27501
41215
47471
9604
97120
28017
53495
89213
80160
59584
47639
19558
50516
36118
66050
30845
2449
79773
6263
7643
9756
24351
40691
87039
14316
40188
32192
90009
23022
36711
10250
14805
35042
87006
24306
45153
13123
23396
6364
95997
81828
30204
45603
47231
79190
5636
90349
41599
85606
2284
43993
53222
37987
17297
49972
88910
8221
21435
7626
32437
53929
46095
90234
55876
21761
16049
16451
95862
75976
23546
18874
5032
66539
60338
59902
71836
42467
64523
3714
98089
27832
58618
40137
43234
85727
6770
79953
32097
37699
22494
26278
80784
87074
2778
7350
36084
73134
32687
94213
89911
97780
47625
6647
63760
9177
7127
81162
1969
46912
67359
69255
3629
52265
60155
3693
41380
17939
94772
33005
35116
22242
76313
36725
20189
62940
99708
36868
13274
70093
45129
53724
19447
32426
93572
96597
68395
18034
39390
54573
57811
54737
82451
45310
63616
75454
16484
43112
53439
78372
24044
174
20515
63454
34561
12541
31537
60860
65576
43718
17480
10914
22613
90380
40267
70095
14366
24953
71820
98043
80859
90379
81782
85081
78141
39340
94647
22524
52744
62655
42440
17334
51438
14390
11515
63003
25097
34241
15360
23941
22420
65920
13844
73361
97382
35322
75974
79046
397
84902
95303
73366
6339
18150
98254
26972
74255
34324
4037
75525
67867
5269
31795
15660
61838
78954
7143
21790
78565
71461
79102
17532
24562
17528
25073
99166
25649
76649
97374
85588
36803
36769
60688
488
77897
48676
74830
78751
98655
93020
96030
11263
81202
2062
89172
70603
17279
94862
28635
35113
522
5293
18878
13988
91800
80592
13139
57133
9737
70717
57284
64860
1525
2415
44636
46325
13858
10440
99979
82822
5151
18374
93686
39596
1793
51950
2110
28854
59191
26917
42443
70945
98219
18142
99188
47458
23928
4077
71470
6562
97443
76538
49647
4387
85495
24049
98622
2113
48769
91831
60344
1332
98404
77335
56641
14866
87930
75194
68966
81489
94889
85044
21803
89482
87517
89147
59830
45913
62343
86131
76374
8481
6098
29317
73105
78445
20829
38094
27465
29616
13594
29011
36299
40014
22083
27987
98196
80500
45716
11573
59583
87809
75560
64511
84911
84168
83379
75368
89942
82254
47449
48838
30720
39086
93034
16961
4415
76956
67643
13449
66323
28647
1218
46690
31766
60119
66574
44669
12737
52149
32352
61635
95070
79338
69194
32170
22604
94816
90626
82186
41832
49829
6786
98217
86974
47213
18048
52338
90796
16279
54149
73989
16207
67720
54061
44552
83917
56756
76442
30074
71678
3195
2228
21640
15543
74479
45121
4313
84404
91252
45565
33924
81122
60801
38966
58465
91430
83203
99431
59197
21293
66144
95503
65351
77970
54264
57133
36583
78213
43560
77435
23439
11486
37833
70307
59689
95902
75221
20802
88783
54077
65545
70456
19226
43958
19878
95625
56850
60619
20850
80244
55717
47894
44027
47693
93363
77518
84316
96600
21605
59666
32696
66756
32189
41173
99235
22082
5673
67814
74495
83745
18706
85434
7332
82632
34769
28664
31577
91887
84736
11617
34399
55450
53614
52955
92974
40178
2988
24088
48118
13090
37509
98503
8615
10315
74155
23639
48940
4356
13228
75268
41810
12146
99524
9407
91495
49152
89259
10814
4862
47547
25615
59133
68622
58349
67452
68271
41306
61812
79864
25157
31564
34974
63051
17466
13498
1347
26876
62008
30378
64478
53751
85387
25202
1481
80361
68673
98008
77877
87534
45562
24024
25955
59266
80945
47588
42466
61524
3975
49573
7269
94233
18056
91776
88160
23484
8092
55380
24127
20179
25229
23744
37699
80525
29040
44033
59002
75175
88946
91289
39610
7646
42464
64108
99833
98334
15539
25571
86252
35865
81910
19251
9466
65588
92821
59352
71389
56315
26884
922
50132
5045
11369
97586
62855
92210
86023
16358
18649
71744
79720
51856
57475
43581
23782
76349
34931
68327
33749
25713
97024
84431
27889
21383
50728
87949
13504
83926
8040
66444
11268
3440
35511
29254
84768
19044
17247
19274
96259
44419
74809
90457
71669
32895
94661
6385
77277
98031
49667
5569
71533
59184
19473
94299
50188
58054
27233
39367
63422
71808
61557
25076
10033
15577
51002
91209
50886
64570
59711
38714
31929
14588
36496
83766
63375
36428
29523
7261
39676
66952
7070
45743
36750
42789
76115
29600
46106
23667
39386
88551
25345
99640
45625
88822
82622
24665
33298
84196
70415
18232
45721
13605
99389
26518
368
32603
92137
28857
41634
99078
90965
29481
68248
46742
28013
66261
79611
11202
43824
66355
4647
36657
16447
22020
81607
17302
63840
32469
83315
49625
78383
37794
14211
95535
63650
53077
27823
34411
81400
61644
17893
67150
48541
65817
45445
38587
27548
41634
60668
44645
70434
65545
45339
34185
39946
53255
14260
21624
48363
63281
369
57197
28058
28508
15601
17277
39133
91132
6335
22732
22958
98664
24304
29371
3016
27066
65689
38463
24369
2322
84171
94766
75395
76954
15276
38707
97176
77668
64019
66081
4178
48
50688
59459
17829
97258
95189
64690
53922
48784
16757
41920
90496
12208
10392
65489
2921
24112
64840
76489
58622
16968
97243
59520
61928
11977
35949
94866
10684
15809
31897
66132
58666
43190
86292
38689
81251
16304
13990
38866
76516
54260
15685
57195
73443
22154
30224
59506
68501
61024
63302
37531
96249
18407
65536
86719
20997
80731
69649
38859
42347
39329
8249
3125
46311
19465
30912
13705
76424
67378
63285
15745
1624
84908
60259
34291
85546
1881
97965
36644
85215
18349
53894
11866
12245
2133
92399
62928
95245
22324
87694
76130
58999
87047
56167
75560
61756
78922
69114
20768
67464
11732
80152
77732
16690
1502
62499
70778
48489
11009
39906
78826
75388
50140
18558
82026
65862
66901
91676
74198
9045
31479
39094
81659
89302
98873
91192
59538
74494
72735
98676
87114
27319
24186
56707
59134
25573
84395
69721
31589
66580
80422
17507
52969
67808
47217
11936
47407
69953
12266
61625
53429
77553
88744
85406
9946
62714
52794
41311
93174
99841
90188
71716
82346
12553
2185
19497
49139
2022
78778
74489
52568
7295
53035
12325
50499
45471
44975
70017
5197
54136
61914
94236
7121
51060
87052
99547
72866
41593
15950
34097
4792
80600
56404
50012
7750
43123
57091
15198
39431
67593
3404
1590
80919
93023
13334
98299
72382
56684
17562
71190
34471
34689
56488
51065
55791
20115
80103
12543
81944
15270
665
64128
43069
92312
56540
47185
32640
57896
78605
70231
80287
3137
4904
73606
83686
94887
74538
43226
59965
22556
14711
71409
85666
65679
94232
63779
4722
23233
6972
46271
7552
89142
50911
89443
56616
75541
55304
85079
84989
18556
50603
22087
15902
95427
26512
69851
62312
74250
65227
46645
5925
40546
33994
8135
58754
93045
37357
93678
97566
31732
91375
73999
82398
21275
68324
39084
57277
40802
41051
4290
21793
11267
3618
40930
42665
70178
69544
98507
13218
42654
44669
25153
89017
82515
72214
12972
68554
59114
813
3343
63799
53502
68102
48674
91125
15659
83116
623
45440
86068
67097
39846
71951
62129
71572
71965
81250
62100
87541
94824
120
16598
84900
99537
43645
59907
75744
74836
31456
60991
39483
38201
1858
15795
29378
11854
6090
99448
82779
69728
75670
68671
50311
67383
57005
32154
50567
2668
22607
267
38554
65223
35885
76295
12324
96633
4181
12357
53643
62770
41158
55625
19675
32800
37890
46824
20425
54022
7361
7800
2037
12404
80578
40726
15976
94345
51677
11571
27325
3617
34931
85243
22940
41116
43431
37507
16065
85710
13030
48975
9852
82940
82177
55229
70801
98073
36540
89201
18463
53661
79710
18110
19646
38335
425
69774
34529
43695
73219
40814
62524
19347
13715
77753
10111
80507
9800
7232
34079
45923
88979
45746
50742
11621
63189
18414
35809
47768
5586
95842
28199
35017
64901
6302
18330
88788
91085
59418
53622
46175
92325
67329
41894
58579
92786
64633
99846
91896
51989
38000
73315
37484
44832
95621
79038
95072
91909
48047
74767
5871
34378
37582
11718
70012
38137
72652
66029
66439
52212
71536
73002
8715
7430
94463
49505
63415
61940
69039
43637
77031
26898
98729
54799
83774
26961
16602
48631
25410
33335
35766
94239
85909
26119
80682
256
35339
74399
89661
78523
32589
33761
30242
31074
42344
40585
31580
90575
8722
83933
86990
45873
26779
18434
76894
11016
59052
75211
25093
38470
17952
11405
62263
31701
36763
82190
57801
40375
46410
6235
15683
87017
28057
48248
92836
32385
64363
94835
38156
72950
37081
14290
37355
43294
19498
37930
82787
59154
38059
21073
87388
18158
97260
26731
76932
85877
25783
96673
23328
56626
75405
18609
67092
1561
77823
24894
57227
74219
12838
85991
34500
85272
69215
4118
34393
33471
56167
46991
32269
92049
98382
86088
1809
1812
17371
85047
35187
12803
37468
33734
89603
81299
33608
20740
56195
64976
86644
20438
16203
10342
49838
50379
57398
68411
82681
91277
44813
94137
14373
48370
33486
61354
53898
54994
9945
9980
7073
72532
15126
71588
60383
84385
78310
33374
72431
5946
20388
18962
18411
41028
46296
64787
60631
61569
15096
32642
86170
54427
47259
53423
57305
15642
84796
29343
22738
81813
3943
3465
85842
45637
55395
70490
7891
89748
50876
48216
44950
35637
82475
58820
66489
33357
67397
84696
57973
23086
36253
53616
60182
26501
59959
69190
57816
52521
60298
63893
60922
87028
95600
56031
17410
14959
25229
91626
23341
41829
43354
7397
88017
96857
4109
85896
24145
6996
11175
74009
18843
918
54713
44907
26018
34574
74580
73729
32212
80293
55628
49265
97815
4052
34343
35491
17636
78198
33928
19768
39200
52663
58291
68328
13939
83980
70396
48644
96903
75037
33201
17146
71551
86717
68128
60278
32081
80922
85286
60261
36290
53008
55958
7349
49820
67736
85122
72729
22030
14461
34152
47881
86048
64495
61084
26725
24626
68400
82094
79514
45808
24044
82936
67197
33524
97030
66983
39829
52152
39790
62371
3989
87446
80654
96956
5799
6974
84868
20595
69924
50963
7529
17474
70399
4578
15760
71689
64418
17056
61578
64502
55055
76383
4198
80944
58697
19597
3223
72064
51276
17322
40621
21085
74006
83619
53061
47954
20009
14128
12124
58766
18729
36422
52479
56584
71487
9337
29854
71501
44448
62162
47838
16648
35496
22025
48750
92332
97472
46272
50258
56801
93343
58011
48763
13033
96108
31967
49751
88077
69409
72198
68836
65865
35627
66588
20192
34096
31854
69946
41469
74781
91525
89501
61456
93528
92936
7681
13672
18114
46150
24703
36987
96285
92401
83424
38300
69370
71866
39773
36073
20928
7601
84949
6273
17238
9134
53578
7123
89069
97838
47832
47601
51725
5301
81811
17156
79578
4562
42556
28377
4803
68512
607
36248
33864
30408
34604
25877
30085
17796
98736
96223
84127
17631
45968
75254
92681
82424
22786
26587
97299
70949
44775
94239
26768
8051
57129
83005
76963
97996
38381
68515
86406
83954
82900
76459
41718
29607
9524
78409
6846
42543
82446
48765
60926
13933
65516
5000
64375
29546
90809
83419
54870
25077
61692
24202
97723
56004
93491
74016
52390
47192
80616
56204
26397
35519
1010
95738
48059
54066
45419
34620
3000
11455
2633
88358
4913
63873
8636
11130
1012
67083
46723
92056
28171
25924
50987
91479
66626
88843
75780
8273
33334
55068
35906
64088
79516
29675
18221
24806
58316
67981
20325
65875
12424
98231
62263
87968
1388
17854
22196
14896
13588
59389
23828
61622
21636
47284
95494
53064
3992
73677
50578
94451
60905
15611
97998
81417
15193
93435
59225
26070
77531
59868
84823
83537
12002
91259
18346
29165
90884
40775
36713
75214
2922
42916
42048
6200
99383
38603
64643
29187
8434
5422
55984
52940
26706
50136
53568
18565
80902
84979
89930
61485
75806
7172
40021
71162
82009
72561
57943
60210
27468
35714
95470
31928
46955
27781
6202
22116
88087
5739
13558
22796
68868
67057
53777
33758
82694
55737
51917
55312
43512
87030
97011
14702
54952
6759
29393
61330
52834
29402
31058
14930
1079
19890
89240
96467
24362
2051
73048
74044
17400
59354
93970
42021
20193
46298
93163
84430
67735
75041
31049
9324
70562
90217
87018
60254
58189
13130
33473
70014
14193
93244
86031
26674
29243
9211
32762
898
77949
44099
12556
33669
76206
94747
38891
47316
1566
30382
56720
81952
25403
81940
41958
17599
53049
73647
99681
37953
48353
7921
54489
77473
83385
93115
72513
1175
43628
20512
1544
96266
79765
41449
32300
41634
73709
88369
11926
52508
26383
55376
52405
80119
69284
35798
34970
89036
39217
40877
77262
39738
94553
28064
22092
99391
68751
19962
32478
70019
96924
16967
57591
76621
3305
81208
83498
20153
45290
23906
95750
66882
2023
19141
77071
90137
41416
53514
58745
33495
91613
40518
77027
18095
61927
25244
41870
4540
8519
5438
78937
3034
64576
71187
66266
1393
99307
14292
46523
96332
85207
22449
10639
23880
46843
61393
54960
89160
52826
66422
19446
96581
36914
22111
10837
74210
93505
33063
46708
4445
41332
26122
71493
32098
17773
4200
25990
76154
58512
27714
43347
41568
89482
14818
41350
52724
7871
29431
96781
33193
64367
58557
5413
54553
91843
27579
25976
84056
58682
34694
23633
42405
15691
25955
70808
86685
89398
93066
65166
15370
12619
35942
20646
68825
5494
70809
24862
83817
22918
74492
21177
79679
82361
95427
88347
49559
61734
34303
11200
87861
15814
50814
92569
3577
47423
45869
86116
22608
78543
68829
55719
81799
58673
65859
3240
33403
11887
86937
32012
66252
34341
99171
78538
28912
65613
14028
55403
15811
51661
52015
15105
33852
19417
80849
97057
71579
52550
2443
34366
78847
33516
19589
42916
5972
83286
44446
3725
89705
21546
10984
9987
51808
81807
22897
84371
60670
94400
68764
83210
62434
66572
36717
2287
19986
77959
99108
28636
77233
24401
44833
12539
80398
20577
49318
24505
33269
30414
47354
37033
49608
63929
30697
31288
89161
79418
78345
75144
7918
16229
91447
97515
85623
87513
40192
23710
37115
23557
16796
77663
40990
38967
75188
10509
98144
87522
56260
31675
67439
34380
48316
89296
16956
6834
95520
9214
88363
4536
93199
90044
21956
22768
23553
87330
64518
89669
96650
24865
62971
93894
35387
21565
74791
4490
45448
38985
74874
33124
36259
6493
58053
12804
29447
9877
56361
59399
35185
66985
24459
70973
21097
89669
9219
85301
44319
21060
6516
54759
43087
84494
73942
66301
82247
21291
28559
68223
21408
99874
57376
18586
56615
32115
51707
75724
61568
55822
85299
78062
15104
6094
47852
48478
23321
18869
61425
72296
3795
37252
8996
86865
9493
40151
87535
67584
86658
53308
94234
74986
37632
20782
60086
68504
2037
45010
87158
94614
59882
12301
86045
57530
68497
46528
17458
48335
16035
90177
90064
25502
55522
855
86842
93688
26397
29874
44652
15874
87154
2628
72684
77214
52333
11808
69407
81138
74767
63470
86904
53015
76970
78055
24556
55519
16264
82579
69537
73508
19212
44093
68709
99913
41328
52336
50970
36656
87821
69745
86063
27544
99385
24088
98154
45871
78635
6603
97825
60892
3290
65433
60008
24354
3843
14257
21892
51570
14538
92284
98622
304
36503
46301
30611
80511
24801
89604
48873
77260
78729
94729
1404
54260
29757
46411
7351
22163
97565
60325
74910
27402
34138
51785
17703
16908
59258
56477
99881
27045
71737
80687
53996
73640
22345
29045
26944
97459
29722
39013
29130
30625
25172
57422
90617
30380
80417
95474
67959
82684
63784
11712
90011
46833
36052
6130
251
91241
38035
6432
26494
75438
11546
94974
13679
4895
94470
85785
36558
47001
25277
13898
62273
11522
76243
86292
81544
25330
22024
62240
846
59839
27631
20306
6427
39779
69002
23687
32934
48556
43857
21422
6536
68448
5393
18720
12332
94058
945
93661
54626
98245
32591
27588
3859
3972
92361
1839
25390
33372
37752
69769
78049
81359
66263
67789
9028
60438
63681
38556
27887
7882
68504
30714
19211
68719
30722
25414
57350
25533
99918
5588
96
38348
63573
41129
66723
59771
81723
61427
64687
2941
35060
86786
32691
12257
63811
18118
7000
86973
53278
1862
13175
35927
37325
4346
1003
49295
88082
27462
69953
53643
26594
70164
83788
18048
79185
34669
64373
84123
75788
9203
48303
23498
96000
40318
75496
46697
16984
7185
70044
81260
62883
90968
25956
358
50196
45089
60971
25140
72931
64340
28929
27209
56561
37552
46249
88439
80040
48131
49101
35735
85633
40229
82481
29941
46240
58546
92421
73371
91577
93154
86996
79960
67542
6055
16537
73868
74256
16482
4881
25971
38970
8226
39371
89355
56350
11419
7196
52548
63
9087
39472
95780
66525
51451
63515
1011
95319
45425
79693
21610
2539
1741
23299
34835
9817
43046
12730
49084
62950
95923
9983
97502
54556
54087
40546
79909
63054
50378
50121
91803
83416
48150
89697
18613
12421
90539
48335
26201
44683
34575
96452
99242
95890
64870
84558
35347
35058
8617
51724
33196
45081
29222
43226
58475
28619
61812
82154
51402
2116
86545
83892
60144
97209
85211
32036
18655
89501
9799
70257
97466
83295
11425
1966
25649
70544
56160
64474
98730
2531
91429
82930
88014
56526
42928
11878
73517
15212
2943
30920
49294
50532
73477
76000
81943
25573
52258
46621
4438
52456
16068
27239
4042
20215
76250
28688
23857
67404
85201
46024
24110
14258
10029
40240
51638
25608
60005
6630
94360
87556
70140
39903
40391
3636
83928
44563
35813
3295
5280
53361
83405
50762
42038
66227
68413
21111
81135
5293
9727
18472
72299
70687
14098
87009
18870
3498
20025
17484
71386
97247
37024
92597
29598
66387
41959
40117
24414
3727
95053
77997
36264
29379
46585
46632
99089
56378
69031
43363
87699
50153
72878
10409
14724
79138
76778
25654
36275
78437
44747
13949
78177
33269
9114
36709
67033
38024
11618
88750
79469
4312
17506
95505
45359
83128
5774
59430
84265
56480
4189
82655
15098
98441
1875
40818
68014
52692
48011
88724
85240
14884
23360
56032
91630
99148
3896
39318
76609
29187
56174
75105
90936
75028
8410
48369
76648
23218
98015
40007
32274
73129
8050
79791
77977
46832
53986
41799
542
91642
6695
4382
37946
76139
5963
1880
99991
59976
66512
52270
28972
42183
68509
