54022
65499
97656
81319
21129
15968
26173
52405
87349
59283
43530
44336
39128
28019
12302
62261
18861
88217
73467
42901
96843
60732
48445
24715
87367
87280
78706
87532
55271
32682
98437
46684
14885
77150
84875
14812
83740
64937
55769
14721
53297
94891
37664
14273
28961
3852
23079
56263
2947
79487
90115
98534
39290
28675
88852
96297
23706
23398
56703
76873
78484
42597
41956
3896
21919
16751
70939
14714
9285
89895
71792
33683
69671
4776
56696
50907
48462
30243
94927
82446
30031
66691
89360
71521
21114
40082
46736
54735
47232
8564
2615
86225
64254
38129
41948
8171
33546
28081
68187
1699
41049
56287
6902
49389
44426
76944
83846
25794
83539
73373
64188
68112
14726
7403
99704
11690
97695
39244
77541
72671
84493
77151
80559
47944
59130
75122
57154
68635
38201
37959
12416
37597
86859
5621
74110
77332
85646
76965
88765
34555
56483
29725
69536
50702
5882
14074
92974
25893
40188
31382
94470
68350
51893
67081
92890
78931
96220
70571
38218
23434
34176
87095
14909
40875
21552
14124
65246
75116
11335
57773
20465
77737
6963
85416
6193
76207
92513
69716
33223
9527
33862
13299
57353
60912
23916
70231
73100
95253
84279
36897
22567
77150
57139
15108
1831
98578
40220
43432
1832
5433
33225
20715
28407
57232
82838
80994
75233
60086
93709
64893
16598
59875
32721
73896
28224
56377
7910
76077
30618
29586
12128
43543
13551
35160
9734
19538
99153
5844
73251
46510
27378
78623
38185
40771
57346
35732
86402
3406
645
65126
56148
83385
45904
89837
73872
10136
93952
2364
25752
93807
38391
29774
77514
43954
98229
64223
69678
34437
88591
34583
48376
10882
1134
24193
41754
59384
72230
44442
44905
18032
76081
43716
66409
23627
10600
9018
82776
34888
8413
91742
65589
20514
90616
14926
29419
95285
98476
64470
67229
99297
41781
29726
61680
64647
49617
11108
70095
90512
7800
86533
18271
44237
30297
62452
89120
68825
52434
17773
5533
61851
16171
20547
56816
69608
68656
61685
83861
27141
95338
67616
93993
65802
9113
71118
17630
30497
5135
60556
34206
12526
97291
41689
51226
36393
36753
40218
36270
80262
38403
37802
32050
84246
95710
7407
84319
27078
28052
93320
55036
53989
84801
34018
77317
60324
54092
91914
92535
93462
83836
93020
48890
36854
91252
29914
60715
77607
27437
88729
95045
17270
50158
39350
77068
48829
67818
52773
7702
20801
26423
21001
76309
51066
92358
70272
87909
595
91428
64502
99727
2183
99820
84186
91160
49900
57350
60077
49513
44332
67200
46422
5083
16877
80744
86707
55839
87186
92707
61547
36135
66747
5165
55198
52884
8552
68045
82141
63997
2715
37940
10230
61817
65690
4307
71496
39882
29812
86646
74197
58886
49083
30432
14805
92355
49167
49668
98567
48478
29788
28509
18083
75495
28250
30283
96298
37037
18418
5674
15327
32226
58688
48945
60303
17386
83699
58980
69547
36614
67346
80855
23639
10967
21337
74719
8282
19761
48673
7062
75734
58974
55293
45803
26482
63819
50272
36068
1010
18675
50236
11729
62376
48870
86054
87598
71300
87574
72405
85333
85191
44030
67242
44189
22805
90192
3017
13075
2665
28953
7013
23475
27330
48402
93689
56355
5147
13638
26867
11564
60697
56699
98027
80214
75677
17663
881
75936
10105
24273
58405
82776
10655
11080
31680
9021
73109
18212
27440
52334
15397
96975
37792
36046
97073
59023
97398
79639
61092
91692
7157
71640
35363
40152
16067
66221
13890
64416
93669
80761
62643
67278
66215
86275
47193
15607
93432
31530
93370
13160
47441
97413
2707
2376
39222
94780
55334
83657
80661
87101
51215
70929
3692
90972
86996
73824
38311
1930
59866
86365
12262
48528
6356
70465
92157
10984
57687
82879
98390
86584
6025
60623
18033
19853
84695
87894
10763
50736
74918
73108
28796
38919
41569
74601
53786
69802
66673
95524
90556
23904
21067
23722
505
89527
44866
51392
20910
71004
49790
81589
17662
1788
95173
38158
20691
92216
72885
99919
18435
77022
88979
21571
41135
98506
20894
68745
1477
11673
82781
32283
67973
30245
37943
93371
89184
80258
71777
57085
44764
34195
55313
44811
98356
72522
71378
80441
47836
37723
11248
93702
79555
99003
32659
26571
80305
50202
59305
52419
32464
87642
94076
22807
39975
96203
40226
24645
30144
29573
43827
58924
92843
161
56502
84791
87324
99797
8308
18084
45296
63977
48622
93327
98029
4474
81321
57695
16839
18603
57735
12685
76830
90467
96434
11565
2213
36008
42002
24539
13502
81237
54270
92643
81280
48890
39375
50924
97370
74513
51535
57090
60242
40856
77425
72158
838
50480
78170
16213
16596
20017
7932
73562
3125
11752
50788
92784
55908
26926
86570
45008
29916
12966
79109
11060
4159
77970
32321
63326
81011
37362
84712
44551
20070
33563
20125
53448
41427
64560
69161
89022
90813
50144
24972
29854
60088
58107
43125
77013
52551
8466
31981
81594
65023
4586
74509
36659
78123
28701
17040
73249
91977
50541
98722
80649
80273
27013
63768
29535
22518
24399
96474
75249
3429
38475
59515
73069
58795
73939
47305
71120
14995
45704
68128
88589
37036
4567
14361
2998
80584
782
93919
50025
58049
92278
20098
29466
1367
23628
95076
70393
34901
35679
50225
74464
75633
35144
64332
71388
6225
3233
70885
68277
7563
51396
38023
25531
53925
63777
11725
50671
41596
19419
36116
27563
57984
34239
75115
77999
31291
81506
14439
99817
50226
35511
60499
29312
98628
86506
24229
5245
75472
7035
89292
98551
97012
88570
12645
38489
28240
67611
13133
95762
92840
62070
30769
77369
26120
7167
29505
59387
84162
60605
17763
93667
93299
61352
47619
82596
74435
72100
25768
91558
80203
54517
77474
40426
33585
31901
51743
54428
9615
4537
27710
20
88530
52085
76219
6537
24606
96551
47496
26227
37071
58351
40860
13051
37562
96457
63685
3233
48562
64939
52026
30858
67526
18785
80843
27524
2791
42275
30778
28599
44104
29232
29154
48105
68958
44682
31765
2382
81671
13965
10116
86219
76071
429
39000
43205
31021
29867
75998
26667
41780
71411
20926
59421
15109
31830
44
28823
80922
51071
59479
3134
85789
47667
92544
77509
92175
47114
8965
14620
79269
45605
85530
55190
27501
12203
61689
16374
76174
25636
39856
16981
84461
25329
50489
40659
81292
56773
49608
78808
30477
41284
97373
20549
47796
98679
36697
15547
77514
49417
13581
53383
70302
92834
25933
39753
36614
70461
44388
7680
7683
57543
98786
88757
70146
14423
78352
77856
73919
88452
26659
30170
44612
52840
9967
97504
58416
19119
17715
99840
33586
52859
96370
57476
99924
44664
49186
19096
33429
88631
64637
65945
9583
87625
4949
70748
77079
8153
79269
17112
24994
73191
75522
36306
86212
70269
40144
18883
40276
9263
13617
7752
98124
78164
38168
62117
85357
69275
63356
9238
93055
18796
82408
31956
93749
8317
3471
62017
43567
1613
85948
87984
31225
85825
42248
76500
92337
50936
3877
28611
58150
32748
90967
3910
76764
38728
60162
53280
19915
23009
94239
89944
68775
48818
22856
75333
68859
77464
51410
62582
60367
48166
75163
50683
85928
96998
74105
27251
34926
68333
31954
71602
44521
29338
29897
62095
30148
22539
84822
86920
51892
98523
88495
48690
37842
1788
99906
38977
88836
69773
33349
98415
31354
86168
55300
13677
93171
93931
47353
25348
85248
63216
88858
48806
6368
31403
49356
36022
76331
44752
5654
63985
235
68415
1520
38231
32612
65181
13050
47386
24499
86544
97161
33538
91476
5366
37436
76090
87742
9699
67021
93434
18250
7925
35779
76210
95249
60533
88867
75568
5011
21549
74919
35727
18035
71776
79175
32988
2623
71402
64852
75398
12814
98198
86404
29281
50851
78454
7847
56854
39246
75170
82392
40971
82289
31376
5359
87754
7647
93260
74163
90001
10848
32884
49229
13846
54450
94323
7895
17269
14858
73432
57331
97143
47576
94130
56409
59840
18152
61226
14856
46774
47557
41085
39902
29577
14424
89941
4227
91267
32270
90563
73919
38413
85783
73818
69451
12827
15371
58763
24069
37717
81159
22809
23517
93539
65941
18200
23468
36629
1098
74247
28197
16524
33096
42919
35395
93640
33668
62519
74434
39375
11266
80142
38474
19991
99612
60148
33094
29808
26306
76028
26387
20305
42075
26370
85044
76477
72617
9661
30434
39858
47850
56898
94464
12974
7771
35893
87436
78142
48984
29868
35506
82372
97439
51521
47899
89604
21330
38964
994
87467
39290
72155
29223
20733
77865
56263
15997
53305
12728
27829
43518
29995
52943
66445
10366
44143
71555
54522
91740
48093
94297
57990
1749
54293
27273
54866
25683
73223
10494
55407
78243
1855
92953
76028
53572
4780
8629
53180
47259
22476
47750
20563
1988
11734
36827
16797
15971
54371
4194
42315
14904
78713
94602
31194
96528
24598
20772
96274
8952
75957
4067
57049
80365
95008
85794
68305
59023
43827
39844
82869
9812
96904
82007
21771
29880
12421
6290
80517
69266
2590
4573
58842
1954
71943
42736
94877
39911
66715
31700
69495
37133
24514
18565
1638
41027
97922
33433
54736
29643
42213
95130
38693
20426
72963
23055
94609
51551
80300
70265
94043
87888
16340
86841
36830
90496
68155
7247
93249
53406
24888
91933
65876
97143
82145
16874
40841
54058
81946
90018
86189
33596
96120
45370
11938
88066
59888
92626
54650
69244
97216
22035
62642
26882
30650
9720
83913
4085
65961
69162
82203
85240
63297
22563
40862
68792
1799
55763
87224
24294
82426
4545
86715
71270
84285
25065
8158
13632
89411
42532
69562
28147
94773
93189
1278
89033
35362
13536
87247
86790
6404
18789
10079
87322
82667
20874
40488
43062
98920
65383
6278
1787
99832
4858
8206
29838
22955
12330
31279
26759
18512
80873
24292
57929
83071
72083
89682
34764
60162
53939
59012
16982
14305
36133
16961
80040
68201
83254
31591
26132
13400
27687
79110
59437
23943
20337
47803
91735
36308
10594
64679
97725
14283
41573
79116
5537
17489
46880
32516
28365
82509
47127
86653
60425
36691
96750
5653
99558
70414
85739
30381
48983
60362
15770
37357
3039
22939
14026
39061
2405
58413
95828
3675
6532
44489
64220
58598
42591
12640
43921
99142
16498
22327
58926
74957
39075
5679
92035
96590
69431
51888
82253
65553
77218
64434
70498
50512
24758
53672
2505
5873
6428
83369
49125
15808
68865
70364
97107
84359
62151
8831
76201
52141
6557
63380
56318
23689
35401
33033
95080
21730
85537
1507
82497
21509
28345
4870
52515
7489
90902
69539
36146
24738
42913
63326
36569
54408
82743
10522
96108
73347
2910
3940
1644
6381
15666
6681
53770
49892
32542
9045
39075
18723
10854
27193
9161
85309
7520
58616
62370
44949
52995
49534
50761
82492
94807
54685
92691
34568
70412
41686
65004
43437
11815
70497
91488
91290
64823
54360
87413
92915
55398
53222
57621
29479
98027
70855
51146
90093
46972
54236
90722
39040
29632
26799
79634
75092
60994
81373
16631
76851
88098
68644
55159
2777
1414
3594
46822
94632
47438
74631
84037
15049
12965
85649
55845
68192
72723
81698
67177
43978
49423
40136
2088
78486
26098
36457
35058
52797
16903
7920
39178
46111
81950
31032
73938
15644
9152
90484
66757
78667
6556
28025
57917
5018
27136
30025
8820
91875
46660
13629
65288
22728
2496
98222
93944
64619
59357
62944
86731
22764
83433
35275
35216
10879
60900
48519
88959
80969
89752
41811
4990
6743
21061
94850
88000
87771
93562
41155
7145
74948
20352
64684
50956
33433
78864
4578
13269
12882
55397
43112
7778
81684
64268
19009
41644
79622
32056
17283
53668
72916
5778
60890
76120
95104
69741
12982
2804
73599
14519
96819
31717
17143
2956
87715
65562
89139
58341
50042
93731
28449
64526
95861
83035
87593
77044
10247
53410
41226
56797
61250
14275
96018
34930
76511
30229
58777
49623
14986
31196
31803
47484
95852
57423
59248
87244
79574
29972
54474
68418
13448
66664
83307
69147
96859
21435
14560
18310
73713
74071
80445
80088
52855
70721
31286
95645
46483
33817
13496
41353
61104
9948
67202
72876
4260
35081
79331
90723
6970
60224
71409
81323
21824
63749
38531
76785
45199
61476
77356
56933
39186
62703
66773
51565
4918
19011
33365
118
41069
13353
8175
63429
20638
8120
23080
95755
76716
22423
31396
70135
94465
70080
70492
60357
32440
6080
78718
85460
71364
15388
89954
77653
50207
749
36516
68896
97459
31212
35010
47649
78911
7048
44243
71599
16487
40916
36034
84925
38683
73214
13575
16554
81857
14874
62208
82867
54625
1277
60785
36200
59150
39077
94005
67547
78892
38870
91679
78324
10210
67775
18962
94466
46622
46555
92825
79821
83487
372
68195
44103
64035
42690
62399
76705
27341
38576
82992
43321
87794
47103
44110
56144
88769
24420
4793
56410
3405
81965
81370
99375
6424
58338
29847
76446
50749
63238
33363
95553
40858
91868
24064
36844
62360
53030
78498
85695
12761
78504
17601
16667
53949
24907
63978
52305
10257
84638
43523
65462
37077
1367
67305
21203
38727
65783
20776
30328
71633
40716
39158
7440
62092
71120
61068
94480
8944
7854
74594
44202
47481
36772
12614
85438
60855
63076
4601
48751
25490
9173
68838
22547
69240
19799
15232
24997
89925
4324
39958
98645
65998
41041
17046
56510
40714
88884
2972
96056
73725
30271
58708
39780
70562
31402
64404
94437
43348
95983
51919
72558
62137
82735
98455
58614
6764
41746
43410
94376
52197
88012
52024
82199
55079
46330
93990
6927
89958
65068
77826
76551
87283
71965
54124
28978
18854
95933
65533
1876
69895
89168
91263
66834
58105
4655
60841
1506
43651
87404
62421
898
92187
35154
15711
29092
94193
55787
27004
85799
50902
74332
77013
61825
7688
74763
54559
81816
64475
71265
27512
7152
58117
43657
3039
19806
39813
54168
35120
65499
51473
41223
2844
61205
19900
17628
96257
67519
27840
30887
74443
71593
20045
77448
89766
64554
58958
21486
50687
34233
61588
729
7254
27900
41089
1121
39746
20983
9075
92496
24801
7334
94092
67562
19802
3878
43482
51629
68753
78893
11783
79603
5094
67962
19935
11316
24203
35815
35801
57513
57280
72091
66341
50091
30029
860
75312
77210
28059
673
56503
59897
52431
94342
14150
26455
1732
38745
62411
16969
3364
63793
82299
90674
7011
11710
20064
44868
85592
34267
63615
14208
13592
23136
706
61594
1649
48372
32166
79384
8864
76448
34467
74937
18895
22719
45747
23794
56015
72369
46561
48628
77997
60815
81712
88681
48596
95096
35397
59037
10304
96266
41106
41433
64218
94989
85695
69418
95125
5161
14679
52928
82211
70391
91180
46963
1876
95061
46056
76096
64237
56819
68146
75089
38241
14859
43673
37275
53903
44302
91520
58017
24311
7224
21830
21782
84282
39333
54961
29055
44813
76158
8726
44150
4697
98700
78791
72555
2611
35469
87705
78853
83507
35555
37777
45286
50163
10890
52971
83341
66662
41154
18375
55541
4530
26730
62000
61211
14027
29422
52234
77277
86094
1783
59544
10013
48374
97473
57191
96133
31807
29322
88346
85700
80917
22597
11634
53270
69559
57134
81434
49314
26638
86553
8717
59741
99300
96675
56260
61389
74211
61898
43744
24264
13227
90745
46192
94010
22766
73691
37248
89124
76556
96848
48158
29538
66887
11517
98986
84197
67586
35646
14713
62655
69307
7159
39750
65726
51713
33960
90678
70319
74548
57470
49062
87012
35576
43942
85107
97520
9365
21309
5286
56814
57359
64323
26426
67042
94364
3246
60939
39799
76615
16763
73405
19016
3265
52831
26790
97690
83966
60923
83705
12806
31891
366
83152
27861
2954
9412
97013
68355
63007
99021
68749
230
13307
97992
58754
16072
4074
27230
91307
38000
39643
26475
72218
84448
29203
37334
89153
73207
80783
226
26114
97301
87124
43934
20626
65119
60148
32151
35626
52089
54656
7725
99466
87472
64804
19266
80649
85658
6692
83279
72349
6484
96273
10385
91715
62123
51079
55328
80780
695
19398
58401
10789
40961
95307
40561
85665
54214
56107
82145
81605
93267
66604
9538
16335
45488
69855
35478
73508
95097
41885
93125
61685
1351
92381
65041
73645
81742
14384
6145
84026
70143
16857
92090
12437
67310
30892
68556
31439
26478
80418
60936
78170
48472
78134
48400
96434
48714
72352
15430
18854
71180
6987
72678
72327
36078
55284
35056
25067
4397
85665
28445
35486
71348
20092
75539
2439
73055
84427
16051
96146
80219
56334
22864
84799
67497
54548
61274
45670
57090
78521
15096
24036
67220
31712
30324
231
19211
45417
44881
29715
99179
8208
76247
96750
7289
82498
89135
51982
16569
7036
98346
13949
80369
77442
69179
88934
19085
43000
92837
12319
69180
76320
15407
88882
78456
69681
36885
26730
36963
73521
59896
71927
18892
84495
3957
24477
69617
17887
56370
68447
28351
62739
79444
35236
94068
48050
95215
35779
52070
4407
82517
90929
26556
33929
8304
45700
59130
37874
3370
37666
73466
59743
51337
14987
49397
65651
43705
3648
25634
2568
34561
69134
90325
44899
77975
70971
16585
38291
43119
97868
64600
86758
4078
93008
96806
70119
47710
54701
56062
40183
48634
48229
30644
74599
74185
73796
19690
87792
75335
43657
32782
60464
72223
6479
53472
86050
79189
77174
84114
6456
52927
30003
63496
16247
97684
84177
9694
74798
63229
41954
42025
18772
23880
79078
34806
40094
45115
94774
74926
93338
37765
23118
80987
94476
87504
79669
79012
95362
76627
30794
60564
86997
59460
33165
13433
80767
83434
57286
55593
15891
71473
72630
32894
9661
59767
72761
24610
29047
71779
81045
73702
21253
16629
81153
15340
48047
60440
65045
61316
91384
58228
98538
94867
96703
16481
50957
72496
47570
54806
8485
35177
30985
86590
19614
88258
58822
23212
75890
74813
6343
96614
70132
97333
96709
40604
88216
1092
33101
99100
14658
78149
78777
3870
91433
34036
71946
15738
91368
6865
40579
84378
92641
89635
70725
42889
67406
61209
7907
76651
94310
56108
21217
6438
11656
19872
55086
86718
34470
69001
20891
84959
26449
89930
53015
7219
50717
74041
89512
4339
66609
71743
51880
58522
54670
65787
77914
14773
76794
33478
91431
48887
34151
43313
88634
94953
44708
69994
18228
28927
59328
68382
15564
41221
97046
48088
1927
47384
33914
68328
22288
27825
7326
53183
94612
11804
71041
10774
51068
3495
1173
63278
19944
24758
13995
8721
21701
85363
9821
6456
1258
8258
51384
22535
56053
33203
46180
85139
45885
17585
99538
37667
9331
53335
11233
98164
24634
53858
65292
50710
27328
52034
30931
89556
91000
79082
11973
53105
40598
9670
11559
34478
42726
19180
89508
86216
35273
38828
74672
64798
15085
48897
8346
90480
9863
4009
15182
34498
70896
28689
21157
84448
761
57610
91370
96124
20716
31320
67625
14323
26881
31752
11925
17454
79770
62817
87030
21829
47644
85780
10382
15709
94410
62094
88615
75313
40831
57132
70843
11694
16328
68333
65918
77657
39900
83395
64908
32204
52185
42627
69643
35613
41724
23325
29117
66079
28380
67333
44388
50625
21219
75119
71377
72373
5386
98202
5388
62028
80144
67971
76506
70012
22039
46234
69613
2819
79036
65969
36014
92837
66225
82673
16607
93234
38584
71111
30608
86307
26910
93404
2977
33314
92593
71554
66127
16041
59488
40682
55388
22435
4429
93842
8735
8463
18385
88507
16357
99684
55917
21977
95011
90318
40073
9924
25242
65557
54283
67724
82533
22974
2933
4969
60289
11211
51963
31120
78201
8350
10175
1857
35086
88700
6923
40093
99455
66540
88395
21398
4091
45150
4964
15934
9888
1832
37333
16033
82734
81644
30984
68335
11630
29557
1461
26961
84376
9504
63668
44573
55302
8568
80060
50021
18067
25657
86365
75497
25454
55830
52662
42029
69281
80087
660
96421
28057
6234
96809
87468
62929
91129
14692
98356
68767
31692
85554
15480
22299
1061
89584
67246
97256
14394
52204
19032
38272
68320
14136
53209
10624
54418
13897
74405
40045
92753
87282
91537
95169
17157
21784
82185
66454
31842
86546
39488
10702
18726
83840
84130
44381
1534
71652
99206
52115
20969
1953
89407
49834
38708
72398
15601
75208
32932
66455
66945
95985
93746
91505
7334
52941
85136
15352
17883
95793
18730
50503
56086
81517
94440
43122
93746
29617
53936
899
86473
40157
87080
62096
37438
90883
42329
88726
90198
63195
63503
18356
58918
58339
47548
25126
67272
37681
30653
67131
64615
19703
63221
22998
63418
92177
6741
93310
43566
19597
80989
61954
87003
38808
35931
10317
4856
9505
13170
37953
2187
34956
23895
78291
35577
84950
62901
15939
89243
23232
13488
53335
30737
68794
15782
13587
50705
38125
34642
52023
64152
82756
43306
31348
25025
46424
46760
22668
69235
75415
69157
11589
27092
68849
51841
4170
5020
30142
88832
97919
19972
52047
16654
37278
67677
75183
86083
87443
84413
45814
90690
76112
9877
47147
47099
84014
91902
19570
13712
83937
36817
72025
3541
70806
43669
46299
14672
65707
63763
60368
51264
64139
74278
23250
15675
66886
2639
26955
71887
20713
62564
40928
11497
98142
67624
74356
92308
69923
57366
41978
46522
47679
50551
90588
99334
12263
61555
13153
56201
70444
82148
30974
50011
91581
13478
52476
60570
39937
8362
28321
30958
55977
234
45534
63725
15446
52471
52885
37562
82567
37966
68900
52903
2204
22441
51890
97916
21292
98193
24501
29968
36511
45745
22526
41620
99753
63238
57890
97903
99012
82579
94725
78052
46792
84305
78693
56400
94954
34052
67264
3663
81231
10472
48419
99230
18923
79210
50161
74331
39802
46867
96588
44328
45177
255
21891
847
95650
70572
67031
52703
59587
64526
88235
61397
38810
22943
57064
85046
28719
66260
86635
44856
39694
20874
54636
1985
24895
1471
8172
83111
50468
77662
44089
71894
23790
86994
91808
2576
34300
49339
97009
64910
87954
93855
85992
93189
72690
33495
78845
63908
8985
80330
27177
60505
61304
63480
65107
11956
74093
23372
50774
94436
93886
29525
91761
58237
57554
12686
56300
15066
20364
32184
59297
56767
92164
8489
70702
28760
21700
41470
22166
24573
17468
1388
1294
3479
91554
61268
46379
47452
24618
60341
42470
82582
20253
86204
71464
29537
33593
79030
39960
28115
37893
78278
54238
36503
97391
1233
7027
99762
20292
50647
99783
86342
87020
8252
26191
32724
95135
4
22153
71196
168
82846
10701
41185
4820
41399
91666
10184
28311
77391
37561
61726
21148
36553
19066
31065
52550
29787
40010
45079
76423
56966
57158
58403
41020
49407
31774
62550
79556
76172
78464
32601
90172
47178
80352
14313
50712
82379
92322
28627
12575
77853
24964
93343
22755
64741
5898
73386
33916
20107
93863
79403
74849
2735
94116
15639
23394
24249
82673
35967
19716
51502
37030
51831
32282
25086
30452
21650
53628
79163
92364
64009
49255
17988
47500
47354
55633
87551
23938
85997
2023
76005
60094
26834
29573
38134
46264
37062
57296
31182
63099
98517
74324
72272
16557
3833
35414
23134
92891
85024
2965
75819
53382
64684
6689
84103
82372
3155
46712
94298
97173
35527
84473
43724
87875
92144
12807
41280
40916
3413
10780
99233
24880
61562
41639
75061
42089
11459
36099
19150
24299
30807
46710
87327
34018
7520
995
92204
47714
49134
66316
59322
71832
81659
13927
68293
61867
95177
82139
80176
98317
6440
38296
90295
69412
64180
19633
77409
46095
38554
9847
35570
70871
75419
43699
47612
80693
94506
19711
63317
51066
73455
36641
65379
51902
66158
75653
24980
65928
44802
49622
64043
50775
17346
32953
79220
38059
28293
74663
36697
99347
90242
99461
97165
20820
72241
75873
14085
74450
42957
56042
12999
17214
98874
13996
88186
2652
78115
75655
2269
1584
43293
50956
3828
47333
17864
3668
8316
56601
8627
47260
59328
31656
98718
32960
78500
69908
41627
51667
72414
30478
11150
28216
2501
22756
87060
84737
14754
35046
59263
36609
98307
41430
44735
40240
80334
39884
37661
42939
85107
18947
54145
48197
81914
86180
98003
7518
48347
3532
95038
51165
34284
53757
33904
38365
89653
93662
23423
67666
37343
54384
38342
96135
1579
88238
78444
64694
54240
36575
58150
8835
54492
59484
33490
79093
48043
78040
35140
13937
23958
44721
74974
44148
13362
31026
93592
18413
37625
9570
34976
97430
68630
89837
50811
83821
17754
1708
42761
36019
81835
42323
53446
10175
32412
99288
66252
53984
60824
2875
54006
57966
53112
69622
72672
70028
81684
78882
53930
1020
76246
3779
55995
63422
79658
75633
73154
16935
62513
81861
98456
79834
41845
59068
99618
22277
10135
77195
56594
67451
29124
16991
80972
25929
40614
68783
96198
88791
69655
93601
74473
73758
2960
35381
28597
47936
93599
42066
28064
91240
53399
18187
79678
12575
49729
27854
84605
58728
40177
58505
30824
45465
73235
153
34123
78006
53508
45104
65366
75596
30109
77218
8026
27526
3626
11820
49232
85232
69593
9090
67737
76038
16686
13684
40992
34839
34004
32540
6556
71836
76493
10310
26385
6319
75178
75516
99734
2185
34262
24877
22450
55548
62348
61562
62400
37258
14858
61565
50097
68896
5917
26230
62640
16883
40443
58291
20064
15701
16400
72379
70946
58164
76176
38103
53971
26288
19244
43005
85138
65046
45503
36315
22560
65789
32936
92188
57663
69564
18770
42746
28349
32967
69710
27649
84746
62660
64642
58972
52804
42542
3099
83646
43412
45573
40958
5358
41873
95248
97309
53488
18723
52145
22725
19404
54274
21283
91059
63102
69757
8210
64807
52857
41046
95798
29680
68120
96234
65742
97319
37443
73326
98325
98040
64730
17717
83460
38459
63457
88047
9732
35201
30984
95500
78189
23946
19606
56286
44384
97011
93138
65819
20990
42220
72525
15201
44995
46184
92399
83605
39203
16846
82652
29892
67903
60012
97443
88490
30851
26763
17411
10769
8767
34781
68378
18865
81152
20051
96524
33494
96235
77931
2188
60479
95381
77735
12234
92739
17794
15225
67257
62670
72664
2138
40092
87561
8255
81818
88140
26519
65943
60625
32744
90651
96214
86132
54810
36983
4412
323
83714
16272
39221
96672
12737
47501
48299
32922
91236
86782
40741
4423
30571
79898
36001
99920
70325
12224
94921
94982
57898
18559
24308
33714
61829
43953
20348
81002
91035
60898
15671
2304
10636
4718
19508
82516
53125
1449
55572
12298
4944
9336
46595
73718
54009
50044
8977
1684
11645
94191
83314
49364
17905
49959
95022
18834
29612
54551
25477
94468
40242
75381
75523
22252
28575
5142
93212
56781
16940
72949
39172
3835
4384
24755
1453
91819
53590
8377
33342
23113
97479
82073
80813
51017
75668
80722
43577
46069
36915
37201
95398
49605
81299
66100
64821
66284
65997
33291
11007
87567
26025
52088
88623
95601
51562
25557
41817
17257
83031
48244
23547
46037
39559
76353
64558
5768
61032
31684
76361
93374
23117
59459
14162
72401
30161
21285
74273
16708
16812
29936
58964
23036
98673
43636
42057
93999
84993
34017
38235
42484
74960
56882
98043
60954
87857
49613
13802
73877
17601
16962
80977
98739
15597
76657
57054
91308
81953
67945
87419
71736
80079
74027
76044
4794
54136
75821
17797
98010
26553
26106
38054
4465
79380
69270
89332
39389
36154
73600
65941
12180
79379
66384
10023
19382
85738
27424
13341
94331
70263
98950
44087
51339
12490
8191
13373
56012
24209
20936
89241
44214
67686
32166
30990
72771
2840
3877
5400
41410
6260
44030
9121
61898
27281
96081
73405
94283
9909
76850
88291
83585
14406
83712
11689
7298
15953
63696
48155
37079
99249
18664
75671
58759
27740
56136
79336
22414
24720
1987
20860
16492
94229
41162
45700
22042
69231
50826
55881
39288
69731
65484
38853
85506
49315
87962
4293
68577
74424
61282
45017
41405
66795
42067
10964
59984
77200
9891
54631
65942
17999
94195
68533
74145
42384
24586
8626
37672
96354
80062
12317
92703
22729
60690
21303
91235
45282
91609
93182
7244
20180
15225
35531
75108
48148
64394
60933
53526
14804
47901
88031
88512
61610
57914
95317
68003
79001
29185
17854
55513
79102
34738
53582
11718
83321
95592
88907
3590
59382
84865
99786
88774
54999
44089
77862
25903
96736
57875
51260
61726
27806
96857
59845
42223
73621
34747
2161
78615
45444
28019
2268
76176
92311
63241
91920
53903
52201
92147
83319
14225
25812
44212
27259
10196
97015
52005
54717
34115
10786
54962
80558
78217
87873
40347
55596
25191
37891
86042
95485
26048
25542
32868
49057
61169
61952
30024
13431
89406
25228
73685
47055
3720
45200
86649
92679
20731
711
49347
14948
52899
73200
25194
72943
89534
62833
12967
57481
3532
82377
28444
26476
52260
47953
23320
67648
83681
73518
31443
91799
2009
1655
77940
25926
39149
98365
87410
81536
34044
53531
27574
37104
59635
56667
34656
50323
40127
67843
98529
38831
87267
20090
23973
72660
80453
37947
66355
44622
99554
2101
19821
94532
51682
86332
26834
92560
76358
22576
59619
86491
37470
25511
9955
54868
56535
6938
919
47981
46162
44969
90540
24787
29007
23468
46328
23688
93256
27703
66361
606
65818
89640
57434
83281
60606
76784
76628
29058
61591
95900
64721
66540
41891
66592
50796
69861
22420
22143
65172
11507
52729
16793
54894
41512
11157
45040
72794
45883
6129
63193
85518
87204
61165
41980
9535
70196
9745
58728
46847
45199
70530
85943
48352
8679
63185
20472
79734
77270
55597
95807
43482
38904
25368
19365
3882
64322
25079
55165
1422
98179
75939
22421
29206
82133
17501
73093
87424
4832
75231
21047
25781
6732
46701
55730
78067
9984
44329
53445
63717
76956
82374
72269
44302
54991
15829
9187
74308
68822
84059
58757
57337
59506
72068
97535
52726
13700
59120
18166
28672
31560
95435
62865
54780
82859
59035
1284
70030
94891
41778
1658
93917
66570
73028
96606
32403
80045
96722
47654
82336
84727
32004
63677
62686
93117
64438
49932
14800
47014
81865
81284
94691
77537
23130
69130
58294
1923
60688
93503
84854
36539
70735
29579
24930
52852
41641
15334
93646
14375
86772
77762
84323
83514
67703
93528
24642
22360
41374
18542
70633
97646
90861
13602
38159
78464
59280
96534
67177
62758
17969
39160
30639
78726
29155
77964
89848
24815
4347
16888
76994
49839
77663
45580
12495
52402
48471
84812
88937
41495
46271
64635
77157
27152
63774
95301
38725
53143
42993
75114
38680
17768
71329
60674
49628
98399
31603
70193
31140
34414
34014
57481
71956
48250
2423
77494
49321
85811
9352
81322
46038
56206
7615
35206
70536
98753
36162
82625
24939
46651
1089
89368
86054
13565
33764
60402
95714
66873
89123
8111
62120
68037
28052
28621
95976
12124
39999
56950
62261
30450
61710
76425
82733
91857
89696
17603
59639
96629
97885
38570
29861
22304
88419
58710
37561
19674
72222
7484
48388
98761
15319
28121
56809
60073
36195
91767
86433
7849
57596
36831
26263
62338
91021
21755
90131
13204
85735
41670
20692
38078
27953
97843
34774
7770
24284
93655
90612
31155
26420
21780
97415
21635
43858
93954
55916
64590
1390
20060
49763
12021
42034
34981
6643
37591
15818
81909
82476
82923
17240
7716
58853
4018
22212
15473
12003
71740
15824
6063
9787
59290
8777
16845
47598
80572
90425
86176
33907
83558
64442
60016
64243
61139
36165
99964
62414
22310
98665
55562
52251
95113
22935
61999
40140
40325
10393
82391
57711
5692
44803
60530
69041
12550
94593
21756
79806
28838
77040
26470
31268
40616
43402
32998
10965
59065
11481
41720
60938
79875
49100
11759
25412
45732
21223
65341
53806
28458
51540
90074
52735
67021
94200
43348
92508
67496
75105
43732
48442
6294
46107
82313
84321
7589
45890
52883
89292
69594
14961
1646
62092
55585
45913
56152
76
81774
47757
43841
81552
14357
65978
31342
19063
63746
18068
9098
68415
93494
33484
97034
98695
85695
9790
6427
81871
76563
23462
72811
7676
15849
50226
34736
48345
84116
53267
81592
16151
36444
13709
61647
60692
51899
78350
31975
84218
593
69435
61159
94302
3844
51014
54418
24009
74007
34396
89330
74131
88486
57019
44353
64619
52219
2112
