19380
63558
2560
28298
15065
48745
81674
36430
68378
52484
21043
74326
58163
16624
86709
49945
2016
33328
97286
44753
51874
64039
84241
6498
70078
43507
24514
87461
18821
13354
62203
25425
12590
143
22052
88356
80159
60817
35807
73811
62986
22273
25625
23788
43412
21454
96797
65380
30481
88222
96962
48866
1355
60235
55205
39047
26498
91639
51729
22872
89645
1518
47482
89513
65150
38935
64554
11848
25796
60726
12755
74979
34634
15777
20291
28951
81917
56765
85173
84951
89994
32660
97123
13589
84966
22517
37465
34960
73735
53225
14726
30234
20751
10669
96748
70404
36074
25297
65814
6024
78541
40843
44041
76019
51646
4345
55027
42253
27730
61074
86848
33350
15985
27495
46124
57599
38870
17659
15475
74994
24242
74747
34915
46047
69169
6652
36179
94037
15284
89105
99725
61753
93501
91782
69926
26613
8394
124
90191
35136
47576
6848
60356
71942
96264
29802
63554
31444
75391
26255
36661
80226
83624
10468
22542
3741
11380
80272
55316
24528
75074
98188
91410
60526
76185
25753
35470
64191
89617
66238
40026
94085
26354
60861
9475
30473
13525
29585
12039
74119
97542
88167
2276
9011
51083
22741
78411
5958
72126
71195
79667
47273
73686
39221
15913
37756
39620
88666
99045
31108
9753
80756
69945
46447
81733
30684
22050
53445
186
82961
78401
9421
21615
58549
61731
6265
84033
52324
22172
32143
60243
94194
60243
28820
76758
29536
28087
91351
97059
68187
11471
94936
18149
43441
91278
27059
11413
82544
47589
30637
90813
65405
34899
60378
88029
96174
46584
19208
61132
38853
90887
74187
46454
9545
91033
73318
79940
72738
43487
93747
73594
57841
42191
26255
28345
34410
29919
9253
33125
74255
90064
76885
19584
37834
60770
21697
80245
45990
57061
32724
96913
27659
94959
40079
50092
14004
63530
4785
31142
61582
1413
36643
69708
720
27018
44957
29593
66514
8784
42072
40953
30571
8679
75889
873
49099
94800
82999
80986
70321
6479
71185
69301
45002
27993
20207
33176
75943
63655
66091
23135
91961
77069
10011
94685
20044
11972
27831
38793
5981
84035
4705
52502
82681
99245
9750
54875
34964
64547
10063
3825
8899
99962
36244
64123
75990
68615
19774
5311
89174
74935
39975
34834
56854
94108
11921
66419
33113
84097
15471
51021
54080
15262
46996
74272
97294
81639
17942
30809
20794
30239
44158
13022
52944
71050
62032
68998
90789
83391
21169
83109
40116
71228
54073
75653
16794
53589
14647
66607
66570
2148
62235
83305
29742
38468
65412
74234
73628
89881
91079
77065
37072
36134
43032
33188
31723
54498
4440
15036
62824
25477
48924
11373
59063
32060
60821
78523
21368
26844
39585
95063
20469
77779
91182
29570
29564
89369
16038
88969
28120
62630
79644
74318
36747
13054
3505
14503
64106
98727
642
86143
64213
48827
42610
7995
1137
69529
32176
97879
85220
52181
8581
12111
53773
89296
35452
61658
88765
96802
77486
54352
47030
21844
2921
99244
78238
37418
96796
7884
71647
47165
60802
74261
53183
99911
1512
50484
95000
53911
61916
19839
67923
59013
2165
63738
33125
66048
88409
74230
37766
57250
69071
70804
26761
70085
21954
36743
26621
6862
99918
6390
5728
28424
79082
71393
75195
63340
39122
20795
37598
38268
68303
13814
42936
30415
61509
94845
3058
85254
7514
57498
76073
34205
86206
26680
49383
23166
81883
86274
83997
25199
88858
67658
38111
29835
95087
54727
19580
95694
40227
77333
42200
99978
37020
94432
99368
60407
64587
79835
35817
25000
39537
50314
38013
83928
5519
88929
62211
30626
81833
355
41810
83824
80661
18924
65553
96172
9190
45034
8118
33394
95120
30534
12346
42918
78935
24897
87542
15074
27801
55769
37212
11432
21524
68267
14131
26166
25429
33650
8944
95063
83358
2701
60462
87061
17171
6591
92299
97261
95458
72624
22782
39707
1804
33041
87320
69396
48276
65245
11830
88403
34659
40154
48448
7659
64726
12127
78914
72091
92805
94864
81220
17663
95504
71236
21831
92195
66856
32168
79455
86194
3063
65628
63528
5677
32749
89819
48134
81912
24680
76504
99997
63854
18847
20483
20329
11316
1707
55083
6875
15435
97778
22366
7249
53279
82066
47916
7185
26141
68295
63562
19426
91841
87993
49618
30790
43021
98565
95431
25848
16309
51877
73526
87102
1463
94463
90040
16139
10185
14535
39252
96852
80843
23826
4961
24396
62779
78168
84489
33535
47623
73509
34634
95463
54780
18780
49430
3438
29054
27176
80570
6881
57585
78625
29947
77806
65267
75255
10172
70554
82956
7902
34620
66432
82590
94935
51837
23433
23991
29046
78591
48101
38821
49301
18219
84516
12009
43348
85964
57780
29124
60043
65623
20535
5326
88975
15467
54048
27205
19004
35187
79113
5218
34405
11049
87284
13480
81813
92149
62269
87094
40033
29426
62968
42524
82220
5649
92364
8714
97174
95320
16619
52835
41858
5250
58093
50736
31011
54442
93832
58513
15618
41698
58190
33295
42735
85277
76163
20205
86945
98157
31226
26973
28619
18374
67979
59567
70462
25154
48402
42467
7157
4542
72071
53184
96481
11073
10614
39773
87761
49500
39163
34076
82141
60845
84572
80727
65455
17470
92226
96306
55983
42922
38740
68944
56906
92832
12754
28258
37630
34048
52844
85434
34917
82530
38429
79613
81883
12534
16295
64215
81165
40933
87660
89673
17824
78487
25670
85181
62395
29934
6372
28890
17043
83440
34145
13331
84369
5794
87074
11257
68033
17103
14380
20753
66746
98504
95136
88449
62149
12229
95701
22499
81740
98409
69808
24892
704
20036
47457
51654
50790
26323
95133
59177
29984
7266
98036
713
78996
44209
52143
17273
78299
40468
23912
40589
77576
19156
43461
56301
56594
30355
65746
39301
18592
84941
47994
42585
7761
23385
45730
89878
43877
18543
53762
16932
65483
59300
4320
57784
19815
13073
37515
77381
79711
46354
18738
92946
56067
17130
85983
36391
27959
61859
70483
75009
15263
49395
50238
17637
14950
92698
71451
22353
76234
84968
86694
52366
57607
97468
84443
83874
57790
55462
72556
23458
24034
86926
82815
20964
36416
30766
5314
50546
25704
51642
92524
8410
22140
25856
96785
85923
66100
27722
48609
92251
86635
69057
98973
54507
20777
43019
43159
19980
82574
50325
30726
8658
41944
48011
37475
71110
62353
38948
96451
56818
21209
37180
48561
92918
7403
12473
39366
95287
58158
64782
84264
5463
36698
78461
32348
54464
42117
96215
80266
7513
98570
91488
63116
22459
48596
93774
86450
24669
37740
1680
31061
1836
99965
23660
65525
69655
15616
22560
29810
44006
26121
42345
54756
3338
88941
40898
85975
64207
1710
42852
11046
94959
39557
28076
91986
4352
23563
88635
82176
14477
58404
15767
30125
17955
89065
8302
89902
54082
48368
31546
17672
46675
62553
47456
16808
77112
86039
74963
47201
82014
70138
80886
29152
52496
78165
6270
91661
82918
76145
38261
13696
50490
32461
70811
62846
21499
98288
91911
94031
14074
94317
65356
26268
38530
71378
52150
78442
89125
24077
85012
6958
68017
1210
1423
13484
34529
72013
19640
51440
95311
15865
38625
34088
12360
16476
53025
57692
19320
61895
17595
50155
17765
19661
99096
25027
90839
36135
14384
47613
21268
92417
40168
21714
53706
16453
6166
15870
48294
21058
9888
71152
35905
28472
96962
91242
50842
54563
49358
54172
85631
73890
33197
34167
9317
36931
95300
96593
48375
91692
18002
34996
83050
7560
75509
72610
36015
19373
13805
56266
88610
79846
96280
6016
97920
22530
11740
81820
56213
98744
97540
34033
65395
76820
97249
15336
89055
85155
58130
51192
76069
10423
28159
89220
59467
48215
75486
38450
58179
68775
70168
98756
80602
95439
53606
64276
47982
79626
4405
92208
70109
19661
23880
46032
11512
27698
6749
4656
17750
90241
23368
17518
11397
40890
36731
68002
20379
33409
66951
53301
40587
98214
12732
71551
17491
69424
588
66721
73553
9765
79310
62651
97078
96664
74143
4460
48563
82864
55874
60260
27152
67537
95176
15463
46076
10058
53995
25376
53342
50874
74292
23231
61929
8959
55228
96721
75535
94652
73296
44506
65164
61319
68141
71090
41315
45420
15819
52313
23175
43617
61815
67800
21967
73800
7960
5366
58764
98138
41234
243
6999
97654
69705
11301
30595
45574
61213
396
58642
97834
39828
80628
89764
87107
2518
74759
77706
28670
49842
63628
46360
20794
39773
25056
53496
48504
98522
33583
29915
40479
42453
88303
8875
36393
50986
1818
701
61358
3139
14470
2
26027
67294
7938
95100
26670
71085
53263
98989
71808
77334
94104
71530
11055
30619
87056
35663
6455
17780
41991
40333
69389
85944
68136
93726
78312
14459
30962
45657
29932
95921
9713
80801
69812
15601
1752
39800
99387
70196
11294
13584
6888
44989
19954
13538
22931
59475
80827
98104
3384
7497
37329
68228
33943
70494
5010
88052
85638
22720
11138
61917
99508
95884
53090
85844
50490
96112
41579
74620
30144
59218
13639
34009
41576
90761
92333
7171
51067
28713
33495
18134
18255
31036
57185
69990
41490
21452
30849
39760
98838
18461
9117
62956
76953
77975
47437
59903
56527
9953
71214
11020
16654
89289
98080
50538
7478
4672
63645
21137
81979
92834
98935
35054
75856
83603
99596
26742
79026
31429
81800
54936
83310
96630
97784
68842
36304
74582
44390
88389
29577
2119
60662
61037
98524
87645
22460
64648
29637
73573
78487
9617
80710
87873
50606
79812
2448
9329
12806
90969
88970
54510
13853
94222
865
59151
79910
36988
24365
29103
5089
40396
17979
91462
31830
78946
66076
82707
34926
87575
62825
88187
38350
55781
43601
4331
23889
70652
88993
81498
81345
64338
90223
66858
59698
94550
49732
77037
52827
21189
72515
27459
54258
86998
25113
69314
69698
92464
21859
33775
65772
33243
12535
3304
78135
50996
81008
32868
4469
71290
52857
87730
92404
95717
88213
15422
76221
50486
49481
33170
43244
22793
93031
56953
29229
2056
63608
73982
80911
52089
81924
87028
7848
9016
40993
27535
1957
51519
726
71759
2700
18849
92619
45596
29328
72022
30223
16685
73488
35376
23397
59907
52141
70157
45133
99666
73285
18149
35210
50240
23377
35395
29781
32358
51287
19057
25181
13396
63469
67116
35832
72528
88491
77846
39467
23198
61771
67626
82418
92572
28704
53194
62253
86276
33328
55636
83656
82133
23952
65011
49221
99147
28570
22290
77415
57578
90445
49163
79741
95194
89122
79998
9706
14636
81350
82173
1709
73819
64857
82820
86738
90990
16257
75462
34580
32826
51275
51810
83117
8612
29248
99572
19419
16643
80384
21448
9809
16036
85150
93130
37559
27239
95000
46617
8991
103
15409
19481
73158
26487
16748
75432
37602
57992
91911
61704
92814
65127
21650
34299
89679
21699
7946
31085
79426
20588
23159
36907
22053
93495
96062
82609
56863
37150
13892
42369
44684
79076
92320
19920
18280
21430
8890
34330
22135
12813
72966
30390
64303
11280
82072
52996
83107
10071
54147
7042
78446
13738
55186
85822
90904
90312
54209
56614
20583
28547
66873
76571
90340
28040
80198
3620
21225
36028
34647
73119
65733
60066
58098
47986
32524
5370
43697
40704
17565
59907
22333
45111
62737
75425
85989
89093
86109
66394
55579
48971
15076
64250
25003
48458
4637
91670
11129
1722
93372
73901
8854
55034
22911
31851
75871
17569
74231
62215
23954
86547
21457
55340
52973
5743
2880
99861
30021
29509
69001
17810
10015
35557
13675
86279
4847
57106
49289
28275
44843
32374
46645
91661
80235
68847
55258
7275
56576
34599
52230
8893
11054
48673
43410
71638
96839
47279
39472
46794
96837
82753
94384
19955
27747
64888
92431
45294
64793
68728
42268
51586
32850
52156
58056
57985
58379
52323
91146
41766
98155
78728
76652
33086
91417
15375
39061
50116
96223
52539
43795
9861
50393
83229
85221
482
43866
30247
16099
85075
4379
21535
71787
43432
43072
80719
9
48459
874
33977
87010
4609
57330
52647
96701
39152
94408
52672
56813
67674
99465
41687
78687
42568
83062
13694
45213
58658
33271
43416
72669
54682
33611
71627
96522
60872
56010
29780
10893
7344
98650
38741
70391
17472
16586
7913
4301
885
63503
69496
95216
2526
14136
1862
5191
71160
91472
76870
40396
87448
61679
49933
96369
57415
88669
9153
4717
34343
21413
78287
33318
77812
21489
62875
21020
26310
27304
36050
51856
7539
30305
34748
42959
78193
60834
55918
62368
81465
16121
92763
38757
70951
76150
29611
20977
76510
57860
82787
96007
23784
33635
95332
74410
99099
27139
45488
11654
43448
12382
62982
20282
57485
47698
79247
76033
40185
98329
66161
54524
74383
99175
61601
66045
51860
17216
20341
23506
55875
68436
10839
52941
33072
36697
80310
17388
88490
65186
58359
23433
10457
43137
55913
79136
10534
76790
501
51960
72570
16627
4244
60656
64543
58862
36122
56072
92515
68641
78097
61705
8506
96226
49729
67922
35267
97082
99882
22496
75747
44549
8724
6521
41902
61221
2718
49845
69668
82050
99539
42953
67351
19618
47258
73329
80299
80161
23020
80729
87735
79725
27521
71113
27112
76385
50979
63627
66852
6236
23940
11930
85899
26525
31436
76905
42714
72926
22026
59149
90602
29290
22443
88167
66453
88219
85257
88690
70424
20212
46555
76389
5844
59832
81418
55942
24303
14950
40995
48716
89399
34450
27560
62351
58119
36192
39361
62254
41026
41343
58385
13884
4411
26432
84899
13799
72855
20530
38627
44167
66859
66492
75913
960
63231
58038
83536
4916
74996
3396
5700
83368
67393
63503
90074
93969
67673
79234
95866
82043
41801
79838
10007
16918
15165
18075
66847
72285
34338
34235
5133
23652
17670
9708
61916
83549
61692
69723
71190
35527
21083
84943
34443
244
76998
21641
43773
38294
76423
77110
83896
44037
30516
14446
43487
67951
79795
71884
55553
2173
12730
11434
98571
43069
10671
32985
70167
92209
59310
26394
44834
28660
94665
89276
12154
66084
20297
31890
36086
35153
75699
9552
77025
93280
15878
45698
4622
23708
12033
82313
11631
21562
25761
7603
68032
21671
67240
1302
27326
57808
53177
26921
22870
75277
38144
51710
11032
47788
66703
58944
94217
88246
39490
73509
56152
73663
69764
77488
18088
44879
84939
22758
97932
93160
92670
52042
59730
66420
92215
1815
94646
36109
46595
23066
87063
80776
59237
51722
77638
71967
67131
89509
64890
53753
17177
84008
46401
62136
91730
32778
83217
82334
24789
93013
65981
21021
17811
63395
39299
7514
12222
64305
3681
5853
28109
9954
64136
32344
97309
21459
33993
19793
95346
27574
11276
20174
58587
24173
68864
64540
52499
16229
24045
19260
3555
82477
21636
55371
59780
22065
27736
81580
35491
68983
55750
39636
84094
3541
97967
71153
28394
35245
12454
84504
45719
19367
15845
2986
56587
88105
90522
65858
12971
65557
86399
1629
71801
99711
30055
27239
24086
25002
61332
84254
52936
16190
63430
45381
23159
43143
72430
78503
28722
56493
49856
11366
25455
33484
56743
46879
74831
38320
25490
27612
89503
82510
56556
40950
8411
61153
69066
58468
75917
30080
99837
32068
38707
67097
8647
78725
19647
28140
26730
19631
11511
14662
33692
67599
1341
30457
59287
79299
94921
88756
69036
56031
60115
85284
8696
74521
43437
82663
54543
99639
72684
84744
58613
48435
63079
29948
40908
60583
83415
47032
23271
64987
71327
5037
25788
14889
75558
40321
68152
86025
59423
71531
11853
82782
66026
75147
24871
92316
12243
50340
79612
45268
51255
75062
38081
42589
88455
50012
43065
31041
81414
40671
69640
18241
18061
69493
3430
57126
66957
66106
96560
3461
72660
45609
9112
65518
90600
89911
27420
10674
86545
4876
93140
95150
71444
9983
95397
41560
73945
28716
53587
93956
71086
92437
80563
43764
22244
18323
43390
8986
19511
38711
77921
2155
30060
85441
26001
88419
15378
22555
32956
61678
18507
90708
75707
89210
43108
27893
78820
67927
32224
97441
56348
12359
69203
99757
10314
11528
44330
29273
8934
8923
83528
68779
45424
19728
21642
15303
72637
29712
84332
61293
2443
90983
27141
55183
54870
90380
45997
69196
55268
5198
29568
18606
94235
94556
45114
25405
21330
10673
95425
24126
45156
65563
74979
68203
15969
34086
27572
74544
48158
78250
83577
40063
63789
93326
81411
6865
34248
8279
47667
71194
98663
39793
1692
25064
64721
16568
4135
46487
79887
98723
65647
38835
93627
34062
56652
62956
30967
2403
26221
73807
25147
2597
58238
16135
95942
89208
78474
94927
29205
19984
97785
47218
7954
25236
14650
39617
43044
686
9821
14033
15012
66643
14743
69326
17263
27754
30120
30272
21623
93210
25113
2297
10517
50932
46654
38007
85497
70074
82140
13084
98114
31594
73348
88072
82153
22956
41533
12720
67223
28468
96384
95805
73654
57779
99517
12739
26277
21377
475
76220
47430
80479
2492
42369
77553
54412
19038
91364
30347
2886
56478
73677
98450
87835
80152
29487
96111
63403
67881
58534
85262
62683
87285
13360
57321
19001
45284
17029
63392
77031
53768
35732
89957
16358
10138
35163
9012
44993
98882
18978
95712
3218
12468
8181
5769
87861
7063
9181
78601
71207
43714
74585
15149
3706
18432
95038
2145
22072
21426
42376
92036
45361
52499
65852
56347
84132
48439
2620
29601
9414
88812
51365
68156
67729
29667
52329
21035
32748
34664
40868
11259
74163
748
45309
65145
85667
73220
4955
25954
68164
28266
30945
94742
52979
14881
41320
54443
24171
71895
20535
98589
23056
46499
62337
49411
7863
43757
41308
60957
13781
14925
10585
78889
41667
32587
94597
68757
74347
81926
73467
49583
95314
53456
73987
87097
99713
26614
47147
57496
13073
99582
15297
71659
5490
81353
17066
26168
77529
58168
26050
18434
30532
90794
6320
22391
94411
3619
22245
61766
8613
85769
3633
21677
50772
56040
48931
62033
43982
52789
55291
27943
62953
6992
46253
95855
21314
35874
46932
30624
67401
36038
95824
55070
17037
64804
86301
46824
25280
24664
38450
41230
21574
34514
60915
99488
70080
5558
75827
49666
79759
18787
12778
28860
90279
37297
42575
2701
20914
34963
31346
13471
93213
36380
89209
32981
83299
60415
31540
10081
38676
71790
447
17491
7170
12260
55220
98572
84552
30590
90954
38289
50711
52931
50414
27194
55807
30469
93052
34410
57334
89056
75546
22105
17960
30591
96913
93132
77467
1566
20681
37766
53885
22825
14496
29912
2956
96772
26311
67669
35490
38692
7066
47392
6876
85562
51993
37510
72165
18992
8615
88392
94019
65228
60766
56689
35390
41138
51085
7558
32520
13893
70864
18683
94158
53390
19882
22914
47257
48885
1442
14238
2337
29420
90807
25366
33103
58924
44096
53733
53614
92374
19557
23790
39597
59291
6740
16972
36467
84504
22817
76231
17280
46041
35485
39108
37947
66975
92977
85748
3453
860
56343
55180
2969
96986
59477
17460
69095
58875
28151
6937
11436
95548
96425
6429
40840
55987
39278
26958
2523
81591
24383
17940
20980
47230
675
34148
90456
68193
94951
19858
11468
91164
68571
85507
56991
24114
80489
43968
99318
41070
18611
11142
77045
28772
21959
13915
82535
71925
72065
48443
17867
56017
68733
85680
76763
12087
22328
12480
15449
53720
26979
86336
86265
83738
19490
21255
72101
14584
2759
93949
70993
64487
7045
18802
39900
32371
52116
62795
65663
70279
9889
74294
56245
70956
33711
27007
82247
1865
78190
94396
89267
79113
78134
11779
12728
13562
8736
78587
11713
53457
61857
49295
96427
82954
44932
27807
9365
3789
62723
63153
57891
39981
47842
92357
5007
46315
83528
5382
11853
96439
95098
76059
82393
94262
95254
12606
2015
2239
17321
43492
32806
4095
82510
57051
34362
45916
58019
36562
25972
52311
70761
27985
22376
15850
59256
63690
95820
87409
11324
77159
77152
89990
73041
23427
10398
20132
98326
41301
95232
18125
63089
41190
5032
167
18367
97476
88367
40833
59254
81391
96622
35155
86553
10000
35234
95939
97847
55082
56736
43044
91808
17000
26133
86649
33413
90486
97976
94136
32299
65580
81423
35401
75884
34501
87483
72557
9258
85902
2497
75644
26000
69177
97429
31239
9767
60497
64965
81564
70354
16712
87167
87655
82023
49869
57792
54293
35179
52697
95994
42324
66312
7848
73569
74167
44941
18149
99283
40438
75715
33853
55746
6641
95943
30710
82271
45365
74568
15673
91492
32791
21503
34218
3261
87582
72454
62264
26580
27357
93207
30160
42457
18334
78402
99340
53610
39482
87882
60265
96901
2660
80028
31382
2823
2629
56205
83720
40735
33730
2096
86762
17972
12027
78768
56722
9967
73165
66128
69103
96775
69686
989
27870
12967
34552
20332
23484
57246
90487
42869
39830
34595
60604
89996
52188
82915
90972
5880
65684
65545
29043
36689
95850
42344
77642
36507
99269
72424
60375
89817
96309
15626
53700
6480
45577
45914
29224
2490
79613
46000
92113
78596
80368
9571
57699
92836
12659
7467
21689
24346
94558
16561
99530
24033
82813
1525
296
69074
57703
97691
80162
38902
51759
91156
95818
53958
6611
91748
93072
7969
68594
98933
13228
31209
97819
6616
99451
66522
41120
48659
78849
47592
13737
45195
60397
38452
5093
44527
7290
85194
43227
3230
22737
46778
26399
70487
46572
68306
9153
20635
44438
94004
27743
60801
91022
40825
59130
98518
57450
61026
97222
5006
30135
3158
85082
31756
2815
35773
77800
43625
38916
40247
65895
91941
89576
93594
18315
86343
84143
19783
74454
3250
84060
38952
91432
60807
58168
31336
24210
93137
39410
89806
52489
55089
70880
14712
64277
17798
55235
37104
57577
1752
63657
77229
37773
97602
11307
55881
5207
9754
60695
62042
3032
66302
98376
92976
978
34972
70833
40746
80359
18013
23065
16757
88301
70160
22623
69026
71422
65871
49663
74658
12076
46992
38093
91040
23154
38762
6014
91740
70629
18082
74151
54400
47945
39441
73277
8864
21984
88275
97563
94803
76413
55407
23393
552
55031
11102
62617
34343
33273
81562
18358
66598
71574
25189
43893
3204
93978
8434
3429
36101
45947
83
87107
4523
6734
9601
9214
74669
61910
40290
27258
12919
83960
12986
43824
52701
81322
24528
55026
92093
49641
83067
28203
2992
64298
26826
83973
61805
63112
4941
93189
33435
24284
80067
42256
80912
17867
15776
44881
61066
95097
83547
3443
75625
7323
26706
89704
168
44522
1210
29420
36342
47796
76454
80100
29973
99308
64851
92224
51855
59329
33167
71680
76751
22892
95428
88466
11203
8548
2180
65881
70540
69772
85138
77609
40671
55211
68523
16687
16412
58556
943
97454
1064
15740
84112
46020
75817
18624
68534
82283
12637
43657
30604
12955
67703
48336
91402
5260
50264
61500
93600
56570
17638
91699
21180
74401
20651
75596
2649
77864
20525
22946
43524
96698
26213
34181
60651
20143
28063
95019
44613
29993
77
85668
10968
72826
4999
95627
69195
54307
1411
36888
83848
2295
11053
55218
89101
90335
41987
86850
44752
2038
77488
38339
11437
58196
82435
23861
43757
24008
65131
944
40020
74783
88785
83030
20039
33377
37298
86657
4153
78362
89175
42140
89809
67510
66771
34574
81721
20710
32729
6704
87941
56287
52056
50464
36893
99297
81748
93454
94377
11285
26401
21236
35417
40272
37374
86274
56238
27829
79020
35031
13544
61814
21674
44332
5997
9818
6703
4394
77523
21946
75362
59228
82634
88710
12825
60607
86121
93029
52525
64469
37267
8313
2198
36953
25830
41089
40616
19661
87072
60536
45354
23152
47213
20442
68047
95883
8370
51655
86482
5994
56240
83872
53843
12328
30389
20879
89928
31811
91524
77219
31266
33198
41823
36024
9406
89477
48463
56085
30403
76443
48561
3567
95455
87472
60540
21963
9145
66334
38514
20609
79826
42835
14275
55676
67518
11513
33497
58846
31960
94288
99332
21920
423
11549
19618
71414
25355
79259
30313
40593
47203
39152
71349
55710
94847
30459
8393
99309
56125
58505
8163
49260
20995
68967
56385
12625
70104
60530
91242
29942
85726
44682
16059
25887
10319
33861
11278
53911
87220
93888
50248
3192
91132
74288
75328
81834
89791
93558
41511
31171
73104
96144
47608
76364
22040
43117
87198
61988
44724
80025
37468
60157
38733
48310
17629
63812
99952
28139
75609
33183
49674
74582
53600
39759
45410
90398
40006
74421
29779
89572
3755
62449
33124
10423
92678
40261
15461
41158
44397
57016
69416
496
21028
93654
86394
33367
10143
68277
81757
4211
49814
27250
42659
26467
81220
46490
14025
99487
77980
52069
54829
77801
50025
77500
65614
50753
81023
22683
69759
17880
66339
30002
51399
27612
62132
98149
96568
53521
35061
76915
27145
71713
77369
71092
54707
83627
52937
10332
95300
90871
64020
9084
30916
49545
15988
78696
67970
76212
86969
53970
83225
92549
17684
69877
37348
94656
4418
1742
27739
95305
42387
79717
32362
91353
92534
30281
30828
17936
61699
74617
20617
30377
71044
71232
97353
90953
41185
50488
90388
54929
85798
17742
48743
85652
14867
35238
23253
40162
6433
46421
82904
33762
10156
18957
83218
6942
39809
15798
46917
4568
93189
83990
49162
66331
78047
18931
49746
21644
58403
65264
88599
78687
18236
66036
64126
44838
46070
10024
74860
67012
28837
38430
64258
18432
48277
50895
20278
10709
80847
33053
65999
45734
36004
88183
22173
13711
97497
47419
98418
59734
21967
70933
80673
16289
2606
1190
11570
89345
54542
80160
47711
30507
62914
49901
79950
93128
12193
96592
17386
87490
3602
1283
54656
2047
84595
57791
93332
96042
80358
81786
13342
97228
53241
38539
88069
65786
67313
68201
35477
76328
82
50961
34112
91547
3852
84646
37167
24028
70085
54483
44290
95977
37184
52428
46700
82117
69256
58899
36900
45328
20443
8854
95497
36401
74101
26197
98998
16559
92631
30177
89406
69311
85748
3744
27940
62296
81688
76974
69049
30754
81781
83837
58962
92365
34348
4157
99718
39774
24148
39702
26337
63492
36394
49458
16488
83721
37494
50232
16042
37284
42005
88851
44894
46795
11784
25905
12607
2501
87961
56551
80641
78590
94725
914
34958
40116
76042
26840
68066
62222
67918
26925
79967
5388
54889
45681
68238
6649
35281
25463
24179
61181
20896
53601
4011
41903
27492
12903
19685
42888
7202
11702
30554
53554
51656
62357
83882
49536
10894
35618
50484
407
24232
81403
57010
92490
69579
6745
66479
97027
66681
78103
61318
29853
70411
71888
61208
76911
77594
78310
96234
39075
82505
51455
64376
80388
68179
28586
14778
1589
51341
60064
37810
55743
51127
34533
55246
29923
52196
53485
11488
48301
49411
76859
9239
81577
10506
75493
95930
45167
46558
1171
37121
89050
49442
84262
14608
96343
1913
98070
35793
32345
68217
4340
68013
76329
63118
96462
75398
21466
55752
35953
18964
55675
44259
22184
52442
20197
97841
39106
67364
49524
46470
16018
78880
46579
34879
60880
90710
45872
77071
52413
96549
54478
27528
3203
64987
76825
94818
97979
36208
87893
20844
84200
95584
62799
20460
84545
26595
90101
500
36493
9131
77473
72036
38310
78681
63568
46165
52159
97309
63826
51561
57858
69000
23066
60269
33906
35599
82292
22727
18607
9055
15990
55810
50424
97271
82351
52755
70027
14758
989
5608
76296
20450
12667
79020
1716
98242
64854
39673
40056
46297
68865
19386
28553
3599
20191
3356
7587
15902
81213
63121
66639
99494
45506
70944
47812
15789
44894
6412
33065
35095
91424
58271
19065
62909
85028
98995
96223
60269
48169
94174
74368
60606
39713
41111
60696
60431
67489
61033
51164
77499
86136
95411
12671
52122
52189
86553
33584
68183
23521
6763
160
78249
25827
84367
39330
33585
39010
93869
67147
44431
36653
16408
81049
41057
68918
27860
61136
9978
57510
37384
32223
95642
34314
27010
87650
98575
1450
27777
70496
10760
86778
13059
42612
16082
46602
11947
70793
94705
24088
28494
98622
50205
87365
539
83433
73942
35941
16900
34296
45349
31248
69198
61842
15856
30550
65425
40092
14394
1903
60556
48888
55925
74543
58600
23752
11012
43353
76487
29264
63314
5291
35881
10809
39497
86935
87099
40434
50736
39505
764
92465
49668
88964
66413
3928
45809
99232
86581
21330
20909
74798
97998
72732
68273
22308
29776
97088
98613
26291
71927
67773
22887
8541
96723
37827
75080
70501
57580
66842
81379
80095
19024
9954
3850
96230
67387
13428
13007
40204
6594
62632
57629
8876
64252
53392
57872
41115
60429
62594
68919
67677
23920
25779
15076
91700
31648
37630
71502
58612
28515
52355
64964
5489
48883
621
84141
28922
21867
99308
65984
81247
66123
14945
87069
65708
94184
85624
54695
25786
99731
22959
20991
98395
37796
79733
31390
95700
89539
98958
96526
35655
17682
15539
92358
4557
93018
21014
36512
24131
68657
79907
37528
99804
54661
47809
35491
50324
92456
14936
65770
89860
11736
65293
1729
3377
70633
69513
72424
5023
81297
98488
30334
64483
40623
99917
20701
80439
825
82434
37046
20966
6401
48604
38826
74023
27268
43598
33378
36102
26511
19892
44299
61533
46542
91840
97809
74051
78034
7954
7031
92059
78845
69503
60785
40685
61037
79828
77950
41169
52323
37652
12837
27399
82960
31869
97418
70340
97723
32681
89933
85767
31793
18481
25152
2538
95977
10731
13763
25044
17715
86388
62558
34315
39452
37128
1850
48455
40672
2766
59420
14977
42765
41969
18047
40522
3056
57609
58765
44024
54943
25817
1914
77595
48994
40369
23261
75438
2655
92115
72363
53449
62400
43154
84210
15507
80834
19799
82703
76245
61341
27006
85196
70442
13547
7165
52249
60146
90999
14020
47974
25318
23108
87455
82011
95014
71639
74169
31093
82925
53537
49723
28189
76806
67629
13650
58181
66808
65219
57039
94562
97533
91702
12071
35073
44976
65584
48027
50280
55813
40856
4274
47978
69490
63293
55330
83205
68587
29474
11405
79036
37292
26886
6056
9164
29999
99823
10647
22158
59261
83250
7252
53480
96897
95361
37199
75184
90744
86289
99759
14366
61733
34279
73463
17740
92481
33279
51907
46445
85167
96665
81
62151
20142
41952
15709
20334
10055
53848
15077
35806
52710
12260
73707
8309
75686
85617
58169
29451
32677
11842
82686
36016
74199
14968
67863
45152
1270
7102
91177
11589
14838
3087
62250
27945
88631
92868
55967
39125
77972
28958
86400
75115
77656
27212
13112
15549
39472
85050
37417
79209
9339
31990
54188
7346
91390
96192
28086
39963
64565
67245
77302
31554
19492
86776
37530
50646
4651
52582
91889
25687
8440
77876
46956
19433
26454
86015
57918
4660
12259
99056
52771
69275
91295
48386
22396
58647
43072
59537
51032
45040
58082
27649
33198
35256
82972
49480
39687
46371
77839
30169
74072
8358
47543
97902
34957
95051
59204
45489
4866
46734
65186
12455
55562
62328
18804
44634
65363
67157
28095
19425
36673
4020
66498
74638
70038
61050
68132
20659
41043
9379
15174
61714
63736
15031
67415
29760
16999
29733
33446
75605
48071
64575
26706
16403
29380
32433
80542
89745
61044
57471
88960
76963
18101
12698
45528
56903
35729
53438
50174
73646
17123
23819
33460
5508
55892
48830
96154
96575
83678
60012
70561
84256
65778
76954
85239
89193
45364
88636
13537
36956
57348
42344
30663
43339
60056
12342
57032
95297
89860
15799
42319
50251
21020
43726
94749
38117
27952
42383
93766
83293
24854
20499
91256
71110
98822
18869
26133
11132
52734
6892
93186
92430
18406
36902
92951
34317
24366
48509
78711
88847
73971
59096
77626
55776
87168
68641
90182
54759
55601
70878
72541
43664
67891
51374
38703
48603
31816
12323
93807
13184
65862
73814
9891
10140
10911
64171
64982
81437
5755
6370
5064
26119
88161
88375
5157
44224
8245
18295
61234
86910
3163
80191
43331
9291
79194
2354
7242
51762
2523
80407
71851
45225
68336
38765
74155
72986
52210
83084
71622
18096
63491
9658
73887
90906
17747
87110
3922
41215
63485
2916
36678
5983
81233
22854
8158
62722
14253
40371
53070
18943
95716
28262
37355
78059
15457
61414
51675
83740
94692
24157
85804
98680
45418
98008
65792
91519
29772
55706
14950
6162
