43947
20848
14072
67641
11234
50633
29513
44136
6545
14883
73943
82614
85932
94063
75726
67763
63865
47891
10009
9789
28595
65244
24363
32413
72826
63247
37675
20682
81973
3614
26205
74220
28934
81494
65481
75515
3112
71188
84395
83334
58759
60152
26166
80943
48251
56465
7333
50451
78051
48184
1824
32167
43482
82617
19047
84094
72729
77708
3742
2216
36649
43010
68885
79701
72322
50619
6259
26519
89797
71764
15615
70788
64723
40093
76586
11130
27080
40233
97148
38142
69368
60991
33753
59869
84100
87149
57040
46611
53912
72764
79392
84330
17476
29438
15207
20826
89173
64868
88009
90991
95280
80588
58169
82824
66026
5112
59271
27612
75943
58554
65862
29943
25869
97771
22809
50242
91620
55867
90265
77408
20972
60930
84197
36052
98651
6133
55047
88608
26289
63796
13567
83849
5722
46113
75982
94006
10976
75915
61633
24183
64010
82632
33496
23779
9494
56897
80242
29625
21294
58215
28055
70888
45865
63683
85506
30218
43361
35211
85416
5099
48428
70673
75305
41543
84697
69621
48818
11506
16777
18907
89933
61681
27592
95095
12902
72261
52998
33317
54074
584
67287
50133
47134
53616
64035
82499
33225
26384
88106
81221
41151
1534
57816
2941
15644
58543
66657
45294
49913
54014
24057
84812
17917
23340
62674
4556
56803
49378
93811
81626
97444
26738
36658
28266
63233
29563
99214
78886
63120
50442
18859
26758
33696
29149
19626
23357
62282
8804
56004
84144
23446
47841
18276
10850
72999
5070
63870
63146
47364
73597
86640
74374
53668
8090
67155
59081
77237
82637
7774
46735
61386
65596
15479
7250
88862
93550
53462
89973
71177
8521
55353
45405
70974
20381
27134
4384
20030
35290
86176
74133
24829
25435
83824
79179
63342
19494
57679
64342
28238
41835
39174
10020
61258
92874
9987
14285
5262
58226
65392
44905
78828
14820
11953
17211
4997
6998
35802
17163
17206
80627
38667
38994
22209
35903
45385
45550
39095
54073
60794
32437
41248
87321
34204
12807
84551
88409
58370
67164
29956
20687
27756
87484
91239
83960
13442
37421
95134
89873
10862
41287
85923
64831
82771
9028
73637
4014
84109
97939
47921
29783
38854
53355
98174
37370
35538
67324
754
19307
9896
2050
23955
74089
34110
67955
18670
12649
83520
51160
95902
37681
9356
26584
3705
37057
97069
27375
79709
70700
5745
51069
24690
35523
29353
12219
1564
58003
3390
47177
12832
14533
26442
96643
22928
43363
52890
49202
14357
89819
26942
21086
36280
86044
29257
50529
74605
57148
12076
42871
28252
68956
2474
17042
95117
24035
77655
73769
63503
71719
79954
34832
93286
98027
28252
30692
26127
3074
68787
89021
40785
66098
92688
74373
39937
75411
28698
13351
26449
28406
46148
63361
73975
63107
90538
2004
97206
77050
26115
90810
70923
21627
71523
32503
14198
94945
77136
29191
45923
89898
44863
74071
72628
31858
17259
22544
21709
11484
68369
67439
34619
96402
76778
48144
37058
17124
50214
9064
59329
98988
3297
5489
90532
16434
48581
12832
45798
38380
84220
59666
65441
29533
68592
58021
29140
14846
4386
65188
36751
97531
42819
39226
36190
80820
13009
37992
97104
17475
28178
16305
45955
33853
73350
89010
84749
17
14508
45551
96169
98254
87828
79433
46109
5410
2300
82188
75908
68156
68521
82884
83933
58419
98436
48911
92622
22400
56078
60781
6038
41381
42209
75509
10958
47153
48997
43362
85499
50908
21196
33130
37716
10701
90507
35054
21290
96539
37653
71437
37816
96015
80149
83188
96488
34665
91272
77360
71744
46554
22804
40100
59879
12302
64649
71510
31160
43596
31987
88643
58882
88118
7993
73331
42073
47851
47957
13671
9021
20684
99824
8815
34212
17084
9465
83000
7047
86432
49794
12611
45574
40197
11928
77584
25945
35425
6301
84025
16628
17106
803
65243
80533
76067
2022
10639
67181
18925
69927
28280
78121
79386
57601
3668
23389
34757
88234
45877
12492
253
57352
23434
11222
63495
47661
23766
27037
87683
31920
44706
3094
54855
7593
19726
34569
1256
41833
67426
52805
64568
20180
7715
47876
44777
85052
5794
1973
30511
68123
55726
13196
22051
76045
18153
72898
60355
98887
6296
99306
85879
8856
62068
68306
22671
60730
38270
23218
64393
29717
63984
2804
13294
46673
14926
26623
11772
59957
60250
82818
23998
50049
27207
39514
43831
39364
26758
97952
16413
93819
77500
72498
42050
69031
25301
14140
71759
59977
305
47203
62505
56413
51004
57614
82133
76208
42908
65681
26647
97440
11971
74967
61846
26351
87109
48875
31132
2594
68259
3203
66713
10300
88485
23882
84359
38674
26887
89001
92201
53771
10506
2481
50028
23670
61739
71719
23023
73896
69745
68524
31935
5904
65504
11304
5915
41145
76074
93779
56983
45628
26885
64351
71004
43327
64344
72805
61451
97741
13167
12459
38722
50995
16398
27599
10008
68117
31329
30387
46114
99787
89426
51781
36760
90747
78196
9097
64721
16340
86716
78629
58379
66244
95280
2857
360
48215
40504
96089
95986
74380
70064
3704
70526
67445
75391
65522
53326
19468
66626
20455
58001
97613
70946
57711
52549
18740
24868
47406
9853
12179
73023
3830
82909
9455
26536
32371
78850
97464
49225
20535
7167
1795
71344
28579
45153
46918
20003
96206
75220
61936
15890
9557
54847
29762
25893
53087
72427
42766
63220
42796
17313
18858
63445
31418
57905
21905
20528
49939
83694
93143
34543
18038
13270
59206
62033
19616
93712
31450
23454
99991
78190
40661
39924
77523
85170
77055
4319
14153
65037
38174
21672
23670
61154
49966
25156
3364
15146
56798
19085
15676
35056
11207
99118
10504
21404
44393
35192
45475
84717
40771
16274
89856
97471
26063
99437
56212
205
4888
48149
96097
46640
52312
67811
6687
48389
99699
37647
85193
25516
5770
68163
48290
62572
66748
65067
61026
80917
28448
29385
22561
16478
919
97637
92734
45740
6865
94785
5164
88404
6751
91114
6842
33047
94609
3050
2621
24428
54731
46427
58493
32604
46696
21558
74489
57735
45771
50346
60407
38500
7518
37736
57804
34565
80170
70650
97796
60376
37265
70996
97583
83050
16011
97986
98057
35239
9019
3297
89699
17917
66093
26059
6035
52862
85742
64458
43285
39491
8840
55341
63452
26125
24185
33912
99034
43239
43311
68597
39335
776
32898
91529
54705
68469
11405
52226
9537
89539
70667
2188
85574
72442
10282
27075
82272
21877
31695
9346
45131
38405
75718
85146
38853
99733
65699
11582
85694
40073
29594
21499
46619
33760
35415
77317
94279
95832
25403
13741
49047
42160
97556
53039
37720
19528
28632
44807
72664
87077
31838
60803
94061
75794
49177
98388
85189
92512
31857
24446
23500
64653
63488
66447
91860
69027
27750
76
92836
12023
60745
26951
25535
72082
51884
17005
25039
71212
54027
73980
72974
54100
72816
56433
85745
79660
52501
57151
11474
39057
16215
39740
41208
52249
74644
45429
92581
66357
34337
4418
60187
47158
77130
82612
81324
51948
41958
15499
79774
19305
66805
85220
24695
57571
92090
23856
63818
46553
26287
54400
65565
93997
36810
25019
22262
32367
83370
65170
93858
56379
51901
86123
15138
17049
87986
28057
83347
78114
62773
55981
73464
88834
70733
3686
3142
50969
7214
13827
64012
20091
35163
7897
27133
23383
47516
97473
51259
70645
60727
60808
35777
53208
54510
15562
2349
35268
58197
33081
58632
73305
86255
72951
52147
81821
81796
93251
12625
93847
70177
367
17515
51895
50156
816
34020
90548
35394
93936
37177
51854
23310
37950
20884
97010
41768
66340
14190
20027
13800
86008
88830
58421
24742
58668
21123
24284
4368
8225
48745
85188
55911
40664
79292
46482
44758
19657
54918
80135
76655
30476
82246
6237
51716
18549
50512
70186
93983
74621
17274
47138
67103
63643
3722
15193
95087
10961
13562
36293
52901
3459
20613
79649
94100
98
70353
66543
13806
38855
28153
51189
33337
88347
62165
64392
58156
16115
73672
10790
74247
18137
18566
95901
6605
96805
95392
30569
19519
17930
37614
23483
93685
40909
87351
86421
16923
89873
6624
11505
38759
55534
63119
28417
74003
36671
86554
66162
30587
80154
24945
99562
17364
25883
21701
8368
84102
9754
15027
86666
61704
94331
96657
58913
83095
9316
90996
78018
51986
584
10940
89182
12277
50818
95260
87920
82320
14206
34281
18206
7748
37233
58591
11481
83929
60328
51819
43423
64703
73438
28760
46912
36063
73096
33337
49917
93180
38442
34512
36396
96588
99340
11641
55032
72717
86823
98038
32038
60742
18906
70903
40178
81659
84921
18821
73656
1260
26533
74380
73166
79691
47094
50467
18574
48504
12052
64985
64466
64570
89957
56190
9016
18940
6465
24299
1125
65218
13858
68559
9606
69223
32663
42870
6737
98325
96824
8184
20426
2175
55667
80604
94241
18398
51909
35495
793
94054
92260
10117
42532
15909
32185
34707
82090
11800
52107
69094
27176
65545
60470
2907
72500
42696
10459
17372
78175
65765
51569
92108
56692
17928
66393
83247
48765
44941
49391
2297
19684
4159
78716
71730
48727
96944
4073
88674
67557
18322
28782
5919
59397
75797
35592
77839
14069
94526
68200
47996
63360
47680
85448
85204
83865
67097
15097
64538
40068
19371
84505
64045
52724
99926
74560
97202
44527
63567
30329
23200
38061
63167
74765
54184
53311
53947
15418
56767
92909
15067
34979
91690
2104
78904
87266
55493
99454
86055
9529
48912
27227
58157
68101
90038
89260
62334
54003
74875
69071
96503
25773
72833
93895
88531
18829
95767
28028
62413
73202
16575
69343
54324
89552
13178
45259
17444
16834
61331
28454
18918
25754
78853
98055
19206
38585
22377
94769
8397
21467
43711
3069
60187
85449
56921
43351
11778
90418
33727
33535
66818
26483
84258
47376
87132
90163
7969
90717
50998
82028
40849
77430
30826
6755
99181
2634
6091
48409
77146
82311
49685
67674
88692
95996
21647
80306
31355
15040
71648
40223
30388
31212
41195
61826
10749
78403
42313
10607
98353
49842
72770
74084
97620
36753
19079
80695
75260
32617
33295
29799
33564
83952
24107
15476
47406
56272
7688
69451
52731
36455
77825
58906
17546
62087
35967
78882
19972
52156
30702
49514
95168
84270
13660
24975
42608
54588
76529
77177
90726
77417
8774
83433
38468
47635
28292
66415
22495
53789
7609
38105
71599
57071
3801
26341
87926
24532
1423
59127
95082
51297
73631
45862
52673
7733
9145
94096
46808
60923
38364
14126
9952
60748
93893
80931
67941
66706
70386
67821
3420
7432
28695
82942
25545
55933
59196
4293
91466
5111
95985
86629
92772
9587
28399
36903
69064
92843
6189
56907
48289
63345
13851
97114
18140
3128
82559
55703
2388
34897
76298
97012
92186
79283
17365
92320
37470
28372
61981
45150
31100
73588
78904
13617
7333
31833
79603
53139
14697
8308
21195
73829
91934
23682
50532
7553
29936
64719
23144
95051
9701
19509
30815
86150
25803
88419
45672
37410
35713
6265
37330
62323
92287
10959
71385
76190
31971
19284
29344
55692
24184
93812
70695
12033
36164
42867
85257
5222
57423
63191
25013
98594
92812
56258
6759
93127
66245
18812
16291
43753
63015
73775
14477
14825
59463
68940
71335
36592
37167
91403
71528
96279
63370
99919
38614
96547
8711
90184
44032
15886
28397
57458
60666
23488
27100
31515
61717
82301
21723
24802
65562
73720
36260
32987
4931
35269
33544
62479
67351
12107
93472
9312
59392
68632
80305
81993
14379
63311
14907
44516
43163
67837
33214
55494
34249
30570
45834
2565
22812
67594
51810
48921
66786
71155
66123
15968
40328
75816
47030
77372
89980
77684
64168
64791
79132
64275
60035
75495
51258
78026
27731
43500
8399
31767
3671
53429
78393
31747
99113
21603
57298
98163
3884
6470
68046
86110
92913
14019
30001
62969
71366
61847
47754
57070
40476
38261
82160
70699
50803
57995
46488
20471
46724
28323
44432
58623
4106
49669
51995
7503
44494
97754
78345
41020
33422
45963
10162
74334
29482
51464
56176
33819
16235
15012
47670
4029
64879
20413
5232
92134
8533
61754
88792
85562
71361
98318
38738
69851
89133
57593
82693
40114
27469
28237
38551
4329
6557
45517
32003
31573
75049
60274
9018
68561
23000
59271
18675
21126
62390
86484
83792
27174
96381
36537
66063
824
61536
26608
83081
63853
88051
60564
42986
33329
9978
71329
58638
75901
17292
15921
86741
68042
83267
33829
10242
20832
84675
9605
52310
19532
92645
36062
20483
3600
20800
48522
85712
9652
43314
1902
78409
23898
23184
29052
54687
16943
5128
84697
92931
18717
56175
23289
14650
30270
50252
81510
72798
40524
23552
12352
97298
98163
79120
32702
28639
70055
35248
11218
57071
70994
21934
31339
59301
24005
73144
81940
77975
3248
61835
5530
80970
30701
60922
38538
8617
17847
60631
60537
34657
14552
15489
78973
3995
67615
24586
78265
63639
59377
86083
19766
53761
57526
70886
22316
16275
74644
35424
11840
94183
26489
86489
83463
3191
12465
63777
53609
19827
14840
49785
10529
79614
83753
86331
38369
20902
38709
69095
68818
33022
12560
38668
86424
36217
23077
11887
68756
4933
28041
33914
1764
73186
54317
32772
16933
2622
33901
42841
38968
88878
94085
75046
81666
97611
24900
38627
86062
79398
8664
17853
52557
57993
72489
29311
73790
72428
32066
38236
91208
87569
23305
58460
5796
18173
13072
95809
95159
98067
21316
68244
6237
35310
39939
4977
47330
97466
94378
17772
1001
41232
28236
48094
36592
13676
20063
99312
83914
2477
76433
94466
75724
43369
29528
67577
41252
13258
36006
21635
43554
45065
30843
17704
8314
88901
62133
32079
95874
62912
53346
8458
26519
38007
82838
65727
75612
4412
65624
36595
45154
50353
69046
19509
17507
29314
73978
23205
73767
62944
58036
24767
56522
21046
75094
21512
62869
10218
24319
54515
55945
6321
3599
19601
35258
57071
3673
90035
49688
19691
66422
1341
51144
95915
95670
7784
16177
56848
68274
35796
99411
83472
35325
969
19218
92844
50553
76904
80625
73038
14661
64915
66328
2209
39508
50517
90968
31981
27449
26511
16389
23245
30206
39072
17634
61423
6932
70289
21083
23015
23429
45210
3371
57104
23973
82708
63870
90177
69159
8220
80529
50503
33004
6305
15830
53028
59734
45578
61555
17732
37050
80327
55818
39128
63092
97874
24147
23634
83317
64545
50245
71835
26391
75468
81075
34516
21905
75349
35187
28775
8869
12793
80795
14089
69143
55249
74853
12718
78649
95525
45361
68681
81601
90638
75496
38239
38140
98470
71614
11527
80411
20783
88274
91904
5452
94492
5072
111
676
83200
53845
41363
17463
19921
40338
19942
63082
35640
13353
80915
30240
45496
66932
64751
95729
92953
51558
56438
6329
73840
44969
40290
6924
73453
76166
66250
75399
64064
83268
54645
14946
32648
23655
5465
737
2874
59737
22517
7338
10634
30631
53031
24561
82425
33186
13290
79982
65852
86406
11216
11888
47236
87927
83768
52139
72623
31015
85453
36941
74635
50356
58874
23887
37986
87758
46349
65831
34791
34486
12039
33114
88891
84066
24637
9230
29147
28254
26255
573
22122
33484
33603
50021
45143
17324
34109
31677
64235
6646
49500
90466
41425
16004
61812
2832
78786
10253
22339
47052
34092
49516
44690
83806
92606
15231
19019
18076
34226
99531
60466
13793
86136
36637
49569
45340
99579
86123
14339
78917
52115
16889
205
69482
50790
95288
55412
66856
52667
57801
48783
5077
17309
42367
60138
10746
39848
93186
32547
77662
19443
18895
49541
77054
15642
73053
9375
92825
32518
31258
98273
91207
81691
18004
58706
39337
65983
63188
99408
19195
59746
55717
73573
75942
77902
91283
32034
38035
86796
430
90651
80826
88400
16877
11486
952
24259
92559
33713
46527
17067
88380
44968
52551
99801
86442
24352
30082
68718
74973
37979
97134
25995
45926
89432
73283
37908
73836
65614
78540
86175
56167
3365
69042
9151
6472
4561
89844
99336
76855
38603
25523
18878
93333
77006
62026
89023
37536
31499
22042
9193
94293
86570
4355
41929
1167
15998
11439
56385
81293
32035
61129
5589
16818
80534
43
61715
50982
20433
88853
22396
46042
31809
83961
28787
48649
91558
56914
96353
92346
16743
29045
42851
52577
10544
93600
40209
22821
67721
28976
81771
70812
49812
17871
45698
26419
64834
38729
53952
1354
92914
1151
50357
1436
16935
45525
46751
44060
27845
6982
18165
99899
27720
50711
90064
67078
6689
21321
41398
49707
7919
65768
8197
40668
50165
51648
16409
80749
22557
624
89754
95800
29513
48150
64741
64736
3633
5770
36884
7442
36574
17927
28557
74887
75042
91588
804
90214
29394
30624
51214
14022
74178
44284
10307
59665
9595
49282
12910
6757
21403
36867
54645
45268
23977
30783
65312
22667
27379
44157
52040
78959
56710
26107
47645
58051
42153
31103
93171
66630
15895
60939
44170
55418
69783
17007
63801
86879
13529
5881
69847
55710
96848
86215
68165
13890
40710
51933
33595
80544
89824
93266
62190
97399
41392
18789
89722
8370
23857
93069
95026
72491
7138
84078
51553
89770
95682
87239
79068
43691
74628
78343
62502
46237
56463
19520
8383
52582
65717
89013
40810
8740
25070
62989
68698
75118
25776
92841
96632
83353
53581
594
10419
46135
87850
16075
30117
12186
81175
94150
20542
78039
9199
82802
18832
19205
74702
69458
64822
62212
60234
44041
5569
47130
39343
21906
91584
21656
45915
24492
87499
53020
75667
14193
5484
17328
51136
40968
6187
58479
55146
56753
22805
97320
6639
57694
64040
9787
5503
81665
99998
57088
31831
62111
16115
98663
7417
72004
55252
70425
95780
61169
42726
51038
93813
2480
19120
9624
33242
43048
65895
33581
32367
80235
74164
26210
89687
34285
6819
65954
3608
5840
21131
8958
93747
92762
84085
70222
42430
23976
16395
3126
39104
73468
53406
75908
26185
34417
44083
26869
58379
81871
4460
80183
91289
4858
31567
16777
14875
91077
78261
33215
49227
57316
11409
27810
21551
3391
13754
82484
24339
53282
74007
97361
57474
61905
57830
80241
89505
14841
98282
61865
51816
79522
70671
18098
81374
86400
70298
99873
34864
30121
59601
51189
93997
98465
38724
17520
16289
84625
2807
8828
32588
89494
86990
35503
51359
42037
90580
26441
6162
96268
99175
5530
30340
81444
37699
1825
91088
31746
79465
39759
62601
73693
78988
18313
95826
45290
87481
90316
48604
60564
22112
37963
90237
35463
8451
71348
15753
33419
2362
46834
89360
15725
81216
80107
26388
80473
69117
3560
78149
612
77809
62709
17498
97350
66266
1087
93262
90085
71650
3258
9333
87212
16329
78181
43130
21658
42058
41669
48631
77879
59724
68301
53167
89634
47207
69087
75083
81733
11249
45229
93135
82538
40709
54264
24376
34279
58542
78746
32277
2100
19957
2591
73791
24957
28805
3565
85111
86547
51575
33668
48474
43390
1055
47040
64131
37485
30002
91324
83997
94253
80722
90545
98051
1655
14808
66941
23351
99684
63773
14238
50811
9692
73125
93885
72527
82892
63657
92775
1927
46870
23263
33814
66632
57250
1383
78511
21568
8851
39060
88197
31231
1812
78358
51515
96501
33201
76544
60102
85322
68225
24187
44272
48436
74945
22438
99929
75768
84349
26856
56952
26592
73831
65108
47040
63221
45001
78999
19390
75641
92023
48162
2142
48100
56734
14606
54957
91513
64154
29232
84888
40293
73379
90555
81204
15667
55430
27661
95351
2574
40754
66135
13028
97076
93769
28108
30020
65012
43927
96421
86607
45188
44223
4462
88363
28257
36560
61329
59947
54979
63734
76765
84952
40220
7021
61714
48461
62862
20081
23436
12636
90854
12113
91786
11566
27353
29345
93306
64008
14297
40527
48450
82857
34963
65069
44109
16015
90601
25549
17009
80570
41095
67211
52217
25896
3876
12003
98452
60512
76055
84900
6937
75818
44915
75805
14516
77307
11585
28723
1010
88910
17849
35412
81061
33774
89116
29990
61908
86224
34032
57177
10883
61469
27769
34971
23066
22286
98129
5770
73716
89200
88740
75748
81286
36390
9290
47418
95018
36942
59905
4451
62120
13404
86855
44749
15616
16994
45969
32302
87542
39569
76811
99704
91578
95193
3917
73963
85906
44300
62869
27781
29895
72737
82471
54357
11049
6069
50910
79085
94240
92300
65453
60341
93392
33460
60599
81947
81896
70186
88775
14152
99495
80406
58829
84495
85483
86674
99190
36287
3191
21960
43431
56344
19585
27417
17877
7898
2677
24473
73219
91608
88201
15352
55833
26156
2111
77852
70174
74020
94832
41898
88979
30042
63771
41603
75659
12001
55978
79627
26890
80155
80412
63589
48408
29127
71669
69273
45442
34488
97023
70840
51214
67745
63386
55927
41241
82189
29287
13015
55119
9131
21805
21381
41671
28134
8422
96924
93752
49554
17930
64680
52955
55170
67062
2662
47678
67671
59128
22120
95746
24947
50329
16308
98419
79276
60327
85708
61473
75292
40382
73000
67263
2452
8115
23807
24375
96849
88285
66661
11880
90471
34816
61998
96382
70106
65335
9841
97709
21931
41213
84584
67721
42383
63768
65523
89380
7932
85187
5884
677
37372
25495
34325
94785
9572
80437
11069
20985
82079
89298
3618
89264
6851
87456
22113
51943
99461
99093
51625
37880
51527
87225
1757
80011
96144
68753
38808
14103
51061
80227
58378
13561
51955
30726
97665
42666
90910
71976
96899
14304
51443
37499
70455
52644
92618
76317
33956
13515
23463
84898
45009
15987
96208
80320
61260
16571
97241
89719
82022
4352
72091
66043
84379
37584
68483
64415
98095
45933
7334
92896
20276
94688
61874
62059
31976
19094
87680
11788
156
87004
90502
83444
27951
17458
62889
17382
10264
6447
75439
50110
60387
8242
82898
26334
84562
67552
30097
20087
5829
8478
68673
89744
41525
37292
92480
68662
73370
83324
74090
54369
54124
18350
62052
53054
40294
91050
36502
52446
80582
46842
28758
39482
16465
4001
38271
95265
44852
16187
5761
72384
71846
25618
9649
33805
33737
46362
13441
44912
82447
586
20619
26479
93465
80311
96390
83572
71450
60015
76603
74557
69306
23887
63570
36384
81302
11074
82405
72888
96581
16982
79254
38768
98614
63036
71548
63851
84309
84476
69241
45262
72300
54195
48391
57835
22470
5130
33040
97739
2191
80692
50365
9046
60215
31427
40070
12482
11349
7688
71017
41270
25832
67749
28054
34330
19225
86769
94950
41469
40860
1543
48875
40674
88085
427
61283
18792
27288
94235
48710
65653
13192
4813
69567
55134
15201
51019
4568
8822
15026
80359
94541
61520
84481
63612
77315
6834
38099
67812
65361
11736
99971
81456
4988
47810
35983
63431
15617
52668
92882
73821
79372
74152
4043
85455
84101
12361
10237
95353
76202
75086
21424
43380
62487
67738
48534
54351
41858
97580
96455
86825
90051
60112
91245
41321
39856
57537
28988
11290
87335
48857
70905
92870
83013
38198
60763
74125
22868
26987
21231
2210
56960
31936
4053
26722
72522
94695
29096
93074
26902
49789
13819
62517
91295
38200
2303
28231
60427
90131
73121
78328
11161
45747
54768
52584
15702
1781
53916
43259
45903
94519
39962
35226
26944
30943
64964
99334
6123
69740
48893
5465
33157
44695
23474
47419
32714
5861
2876
86845
98320
2636
35875
35862
68185
25375
5628
41784
66563
31768
83346
47022
27546
14914
23555
88021
48461
52064
73921
42611
41661
83708
85881
5080
89841
81392
98416
65584
63911
58539
38761
93697
98885
88321
38724
11080
94509
21521
20161
23850
89711
1268
51617
45881
30713
87551
21197
95142
69834
15061
15120
95742
28644
31725
16991
74498
88287
88155
56794
15783
25242
18109
10410
5702
60748
11940
48233
19776
38297
68605
31010
11378
27808
15003
20557
49361
30449
91587
87229
80963
88988
32244
92725
32986
79396
14769
10740
79949
12659
91980
39602
65684
76551
45424
55970
32000
40650
69803
42167
30868
72479
98614
32675
6852
16216
73251
12859
73513
97765
7970
4182
62558
84038
87727
42068
45531
21890
7356
21851
49899
87600
35959
84221
48012
53330
65431
15189
1762
45250
69288
74192
93816
88581
44241
91017
18452
60540
97918
11245
34806
63577
23055
57597
41485
1774
76252
32369
87990
2721
57059
18393
85234
4764
24048
55743
13090
41184
12104
52489
2498
69978
465
95354
48767
62542
40993
27256
39990
31248
44354
69992
87659
57393
61311
39029
51426
49622
35822
27952
16894
293
50138
74449
37172
35449
60844
39548
14187
48788
89717
40767
32562
43092
43514
8728
99613
67070
84572
20179
55038
78839
91650
25904
53116
64466
32326
66243
92851
25379
21658
53557
71815
24626
21589
15432
98534
52940
69693
38840
85722
82803
66514
37085
9703
31253
84597
97197
20711
8826
21811
64606
72479
17046
36914
54345
56574
55807
3127
66186
23538
52313
43154
70980
52262
74541
2375
94338
28156
93784
40409
39096
54275
68448
37556
57447
57333
1249
16599
84415
6384
77541
96893
64415
37199
77522
51687
71896
87460
32892
4935
24207
3412
70268
22027
8865
18959
48761
58245
69698
39594
75939
20723
73694
56923
90271
52655
21440
48720
94171
17493
70768
74221
52675
94636
67351
72192
14316
24083
20543
55394
1838
99818
79702
46189
77423
49946
22065
7253
48986
51266
65420
73924
55855
19103
89167
76021
45876
11607
97869
94316
72105
78978
31462
11153
38360
93781
83468
10279
14443
63084
82147
80877
23896
94355
88002
72497
48184
49106
18614
83148
34997
91059
15973
69534
29857
6033
64463
17798
1603
95583
71185
54301
75373
27217
58788
20496
74121
64523
94402
91833
56337
90437
88905
18937
30014
15095
94103
22644
19961
48647
65333
9576
6317
92396
26161
14123
3389
55582
95235
3617
63057
27452
23377
28855
37836
64921
2990
13663
73881
43331
29917
21288
94532
9170
64083
99065
29957
202
76410
68969
52310
98605
99410
40830
68614
40736
67187
46529
71846
52728
64845
55994
45697
53793
40432
20814
61801
85387
68007
21073
71564
84721
86239
2249
72102
28903
76998
81761
16303
98175
47599
57030
38613
99704
63890
7106
44900
11300
34479
57106
38466
42869
13107
31878
27576
6787
95891
61589
1930
91548
93237
60315
96871
73961
28015
33264
10267
47640
79207
98661
99490
35595
11033
9886
26584
85149
49143
81926
34988
83500
12874
17812
74611
47080
28215
50681
20376
20502
46397
42178
6865
39809
39227
43632
75885
2270
81103
65841
94953
26842
67512
40090
33954
75586
59837
61220
56740
3790
45670
52257
88929
54188
83432
32857
766
83077
16287
67685
86119
92461
53395
91079
20803
1452
73853
75364
92674
82820
59939
23135
85778
88383
15615
64564
44497
94359
93150
89933
40509
22593
82756
22436
96007
66391
88556
15286
95463
21120
95981
76800
25000
34206
31289
57305
11972
1683
799
19532
41130
80177
18448
46288
9435
21149
30686
50053
27413
48479
62465
10606
58183
10345
11155
73637
67587
2273
89691
67775
55729
96557
70727
25982
41600
83482
58226
38413
39031
76233
50149
95739
92522
98775
2809
36023
57256
60455
62235
87332
33585
76558
67849
1913
98405
44442
75417
69720
39288
7936
65080
7592
69121
4481
40495
60114
47634
89080
60514
66453
31810
36418
29523
90502
49509
84842
62371
89191
83517
58865
68601
64130
26346
93559
15067
74563
81021
29736
42808
20496
32426
678
1992
77541
4572
71150
11307
62096
26722
40938
12494
4358
77255
4595
6509
96896
66815
67232
91346
10453
75229
99023
53979
75029
6850
66703
42714
42592
72401
58696
91062
25985
65597
87975
59822
86602
33059
36458
93342
70445
4884
3716
91802
32948
48651
90766
80567
7997
42013
15467
32425
57270
22670
61398
44839
54865
61375
2217
92011
50532
2373
99980
52725
25248
12950
7289
64143
75
30621
49640
9355
60508
79277
15772
31849
50258
60177
5001
22709
67570
89314
69408
62125
72604
77746
86872
87808
21513
45317
64635
44721
5826
88095
10090
16443
95392
94360
6510
18798
61307
45772
26972
81016
4081
38192
73348
49824
8662
15679
10998
4651
39954
34418
51538
50625
69180
29454
92363
3305
9489
19926
88694
91153
83472
26817
75317
86730
55157
59463
63482
99888
97520
83862
18938
72712
41697
22945
96529
70018
33491
62647
17355
93853
59218
23185
67222
39817
19690
50821
99522
60648
78333
43992
40145
46158
32129
97489
93121
98792
31252
58312
64403
35097
53436
21245
92215
78687
16960
79140
13110
71731
44860
42302
26331
21679
10085
4196
22175
95851
27482
81180
14577
25248
79106
36494
87390
46157
41768
94768
83810
28312
18576
87646
68459
64908
12789
20037
37477
87776
74496
19006
77064
83449
44647
12184
34779
86630
71776
25134
46147
43400
90624
59800
72204
43637
79316
39485
22034
96050
25371
57413
39756
19805
99422
3661
49590
21869
80333
38100
24730
20401
99832
52978
35739
3477
73958
46601
59869
61508
79157
82931
30036
45511
30095
47675
32423
53419
80550
6663
21088
93376
13100
61779
74100
60893
23857
48761
24490
24449
98905
76076
68105
46933
10297
87077
80706
14030
1166
27828
53463
35662
93979
24216
36518
45033
40285
84329
70455
27269
56172
73938
94558
22491
27824
76989
6988
9723
83677
8327
57720
74476
28877
15890
70886
43728
69625
69401
2066
5413
47732
96926
4795
79400
11651
50463
44239
86229
74685
45352
23374
9161
38331
37442
89149
91400
71227
50632
82122
82779
27415
32410
53079
16337
31837
16426
47301
79590
86283
532
37087
95553
44586
46251
29919
25239
12708
18734
47264
83501
52002
7898
13378
21114
53958
15417
28308
38603
78689
5176
6369
14081
58227
38390
20185
18005
45597
15128
59131
41787
35492
16953
42428
41380
26309
6175
73366
73213
96975
69129
688
64629
46529
94916
56774
25692
44673
33917
75669
64359
13686
86929
68741
91120
67171
76671
14739
32059
65313
19487
8954
39667
83223
98125
95294
29202
6809
53373
5364
76543
29722
27698
94449
66802
2703
12874
4302
75379
86625
96369
245
35745
14606
69110
33386
29486
51261
28282
50233
9351
50525
57284
51992
67954
99289
81170
30744
56944
90905
49803
35054
71490
7000
70671
69528
72551
11902
84559
48942
54179
92346
42361
48679
79644
35805
43948
44645
89630
52437
81866
34270
25375
36420
47531
11752
94812
5117
19342
60768
29953
51067
68651
70198
36616
29182
64132
29657
94713
867
26329
63163
53264
47134
92186
51936
82237
2711
36183
71528
48676
93886
77172
78231
44804
38316
81112
99806
27829
96151
95269
80455
12202
41938
50978
56418
10711
44639
14067
62695
56012
98706
69482
23783
57087
43811
46007
8244
31143
28463
3707
49801
48964
57420
93338
78711
16989
60359
89423
4782
21121
46108
27033
84868
11183
29073
275
15749
9297
68912
61058
73879
83075
11743
7847
13448
45298
2941
52436
82230
74751
81083
45147
63483
52578
72660
20034
57844
3947
48395
71763
50892
9412
87744
49168
95017
83603
69934
89476
46483
48860
41316
81556
45084
93186
15325
93268
77009
23374
5887
48086
11131
44328
42989
41757
54770
70722
16457
40687
57151
10389
28810
59785
96748
85123
26421
66349
90763
56539
29211
73175
5984
2362
6095
53933
22315
13711
84290
37172
56406
18103
47933
68415
98263
60615
37402
42723
24322
64488
71296
16806
24879
13533
58841
26229
14403
33248
10065
67541
54718
22218
28173
46897
22080
31665
47366
61938
98392
94251
89441
45581
27627
69073
22476
60373
11677
50367
47094
31954
96448
40600
61228
96970
40502
7527
62860
63419
63396
29376
68392
29194
72117
79076
61048
42390
36487
14756
81308
81158
36439
84188
1869
41953
18052
17729
39743
82684
84546
49269
3798
56525
70878
83959
32321
97983
96233
35096
31063
38750
94083
8071
57580
93362
41701
81039
12720
39145
11402
17174
38629
2893
8699
53894
61404
41717
74934
43369
25643
28054
91802
98445
15244
87546
72146
34215
57812
41513
19483
80947
69550
19940
42196
63578
57876
54993
28097
84012
27113
61007
66236
27437
35094
73739
90617
14028
36544
96396
14259
78478
26210
96553
75672
9098
62861
89851
23919
15501
6008
62893
52321
70653
45509
77263
9291
55483
74737
5897
86846
31426
93239
87117
28465
172
81379
37989
4836
43923
48526
73068
89937
5588
53819
9144
63825
38992
