93105
41688
36447
83470
32692
84461
25627
78809
39369
29065
67783
38352
93332
23660
83682
41441
14285
31351
29777
14507
15144
69007
28911
6405
70358
50801
27106
61481
3428
5740
81097
76444
1
40287
51889
85018
94910
42800
7879
48002
81229
13414
65159
59196
27308
98852
86515
80163
37435
2083
75680
6835
69096
30475
10314
15087
76940
56013
86536
27919
73679
97247
19738
97157
77734
95509
81567
73771
9213
70776
66659
35402
21711
65382
97717
26313
32402
3847
10710
83792
25648
92423
82701
43096
85903
11444
45080
67634
30962
28790
3965
67952
27225
54693
6975
30292
31236
88588
67980
40851
15029
1433
83
94437
10962
78653
59891
44779
51434
28614
1166
74494
74415
87798
10492
22448
24449
33856
80028
68929
17676
62303
22182
79393
88519
74643
79355
15708
45502
27801
94558
64551
84106
71493
78908
5990
28155
33407
82438
39287
23607
27959
51327
10494
92701
89158
83537
96078
66370
64515
59706
90033
27101
87262
62884
83732
96478
92476
18003
67858
63288
35600
27159
84252
39328
3282
63937
10402
72685
78367
33074
30816
83999
47949
58766
31047
80189
5321
72368
76326
41399
86639
83415
88822
86089
51589
72190
99295
20992
70741
61546
88906
30071
88869
27068
20132
9467
43188
58246
90252
90797
32563
56762
14362
16197
67933
45374
31339
89876
5845
8380
26029
43202
29691
17014
64899
98613
52362
11286
73781
21747
86577
7396
64472
29855
43435
79185
78613
23327
94718
46735
11161
81342
42957
19491
23577
99918
61594
7891
7295
58085
8924
79098
24629
57416
82936
66747
12621
66917
32895
85010
50730
87386
47460
26853
65583
6483
99128
95481
36290
41712
4324
5089
13373
18725
12738
40754
61873
28124
61017
34930
41014
99701
33587
38798
81812
29229
83644
73258
12167
19004
66681
68404
97267
31448
91555
3154
98660
90264
45311
97177
62432
45139
45595
97951
45003
85798
20071
29512
33014
35476
5197
50557
8934
3527
34094
85116
42364
28693
54427
328
82246
67935
39180
34720
14818
39731
32737
99693
12650
77393
48851
57717
67137
26666
88918
79214
13368
44068
5614
45356
45725
98170
6026
9914
32512
14880
49569
81831
58691
35461
82504
62040
72734
75569
109
15996
43821
7117
6579
85789
37846
49282
38922
89873
22650
58714
65738
28688
25144
62915
17804
57472
12120
43218
18853
88685
96923
59812
54080
67764
50780
23135
15415
28318
82467
33655
97230
52490
53286
89356
75468
7075
12668
93745
17878
44593
43040
59335
56650
11019
64734
51528
26901
50826
71101
29120
44977
39064
99689
96822
18175
26311
70300
30344
98652
48767
4392
49364
47939
50799
89763
62547
5760
48037
94960
15135
18028
19384
4326
89078
72202
21922
61471
68087
15036
44620
72863
70569
22371
25121
49087
91962
58289
22852
33909
29541
78796
25950
93986
78989
55874
18255
27511
66758
83940
6470
28549
31891
68128
45740
6624
94473
22943
83706
40303
80723
82199
88778
55666
83599
82926
90059
25200
84949
12076
39279
58813
35352
99515
37791
97732
86213
69086
91534
61719
71816
72107
90890
23248
61135
56710
4335
58498
96582
33116
52021
34273
89376
30105
29322
67371
91127
79686
19227
59921
683
17954
9099
73190
90534
12124
42118
55811
12065
81354
19535
53877
90751
53418
82710
77540
74327
70546
99141
88864
13583
43605
84473
9418
15779
94709
44206
91804
83525
80608
69620
8534
62463
71529
80477
55910
93364
95363
83160
97555
4036
58716
76952
34662
72014
500
21357
47414
41872
48184
12148
44623
26538
25823
4106
86046
88928
23905
2780
92859
72286
50543
95130
11314
72630
69875
16329
22192
20868
26213
78296
29352
58771
92774
15755
95455
68281
31933
34035
88698
61341
23084
16990
19617
11897
1198
61226
90672
29498
36559
95701
59642
15076
97864
85457
44827
58419
16341
55059
85720
73372
56149
23114
27893
3794
60990
29132
51827
51332
91706
8556
65667
29379
16418
87656
34732
834
20661
799
35157
15286
59444
17408
34767
66589
94846
71837
95938
1595
93091
55519
17651
49471
89383
25779
82478
11044
66582
38881
61078
70803
87806
43517
14918
95334
3117
51638
29187
39911
33384
33836
61088
96535
63748
59296
47469
69963
77157
77251
11070
20721
81585
39088
51251
11504
52080
14421
37001
84045
83523
26060
99164
75370
97182
90601
40919
89385
11235
70860
24986
60334
33755
79766
44071
53922
95828
66136
60681
4820
17106
15206
80737
64250
83507
99627
61422
28629
10724
19126
64632
25938
13849
1458
87897
45101
84557
90580
52361
52528
76310
97869
17029
32185
44771
92672
48795
63034
72950
21453
57525
75866
96120
36779
54047
10969
87741
90420
44567
26736
65109
75994
64208
79255
84652
90391
67074
704
36671
3331
28305
57408
29051
49119
83545
61838
99796
45934
40243
30436
56926
16259
56231
43651
79916
40692
53902
64915
5091
31822
22402
34215
76025
46051
49060
99391
91984
53535
82281
95015
57545
80600
43363
45469
74502
47844
44200
56112
91553
49796
65793
36227
61922
24733
50001
61297
43841
31655
18368
2923
99992
63199
76931
18205
16612
48695
44969
48878
64312
71150
50340
43014
68478
14554
55378
73194
33451
34976
51112
80547
52190
41798
42522
68316
1781
48801
93545
2442
21035
74440
97481
71366
89970
79081
78542
33046
40169
79161
80563
74410
58426
16167
76902
3265
12467
98250
52147
58316
79102
2489
62124
778
69760
79321
78930
10355
77194
6129
25250
78800
96991
32697
8927
935
91139
78801
61623
90037
89884
44302
84949
55604
58537
7023
82499
48828
16187
43662
93338
16870
83155
9233
14280
99787
52122
4992
91164
86795
65911
32306
25328
18121
26929
16096
61716
85075
47809
67643
26003
75872
6770
9433
28740
3826
56888
47466
13455
20412
60170
62569
95098
2109
8094
19214
44976
65673
58080
45024
15309
49032
67246
77383
91368
11640
3347
14080
9820
96590
26366
84042
53205
41434
99646
50910
55956
98152
4860
31643
79487
38179
48053
86751
11752
83316
78067
89649
98840
2472
94183
33243
16056
98543
73541
53078
13372
23809
75323
88893
41100
66011
58671
49380
46641
39271
9557
68833
59320
36794
94634
66984
92517
93910
7920
36596
91000
59184
57606
14177
94869
25964
80642
98871
75090
69348
37422
21505
4578
4231
19869
20636
90520
47198
33384
76523
23099
64139
70826
21831
95493
96746
29588
47891
15831
69113
41773
61709
75261
94740
12714
50433
50361
37241
79142
49176
57615
14762
55326
83629
95276
12816
32332
11584
43380
30237
87741
48132
58983
42218
84785
72915
45583
37823
39727
63585
96200
17137
19682
77101
14892
78373
96148
51828
97818
79379
75302
48576
62370
49701
44937
29374
47824
45247
17916
9837
97427
39673
29026
6546
38793
92584
86367
71881
79113
84091
71375
5814
24588
87584
25827
58809
72824
82278
80473
81823
3915
86334
57622
23445
44129
86587
86051
85560
22081
73560
36834
8584
25674
65592
56491
11547
25654
82633
78087
85261
16104
31458
54600
78005
47127
65675
30979
16851
24727
61244
15307
54406
54400
35070
14603
16186
7101
4781
95616
23614
76500
37983
14097
30100
36461
27198
98508
95233
15840
75889
87710
26340
92607
99961
26670
53347
68190
1079
51478
43969
54363
73099
34239
51404
88237
20727
13881
97715
3533
50113
58644
52533
1403
48216
6717
21845
34223
87470
64632
15593
99005
92004
91415
18257
89764
97731
35124
19844
56563
55462
50993
7110
57048
1013
16745
51543
79431
36909
15890
96517
19555
84283
64370
35137
89804
59879
955
84463
90085
34925
96549
41783
87936
37126
31718
73528
64425
24005
64176
5116
11020
70334
8647
83879
5603
15713
34365
38217
37280
44420
67660
33267
82580
11518
47344
40518
7705
23920
65087
95527
67874
79966
68517
23630
84829
66587
64416
72062
65314
40419
20597
57359
25212
37249
19245
41735
77232
41425
2831
31591
70670
10528
69499
57569
21363
58895
66464
19784
34648
58359
85051
34367
23483
38470
84814
19892
745
85255
51224
90182
79684
77568
95766
2272
32086
6549
23382
58378
73715
57962
49267
86837
19844
7749
65202
92148
84085
15666
90840
50698
1852
82304
53734
31582
26948
9832
12210
50987
46166
45614
14147
60852
65507
42561
89096
43573
47633
45628
84118
23252
51583
8431
21821
63862
52214
44791
8933
24430
74510
75305
19818
42097
2490
50287
10417
7045
43409
11433
91206
41304
7450
99861
19188
19500
85235
14665
51008
72176
57662
55868
64610
92810
33033
28612
45184
65072
92952
9851
6569
76661
44273
38459
80907
85185
66852
18056
84818
14362
309
58509
15006
49502
43431
17022
23679
60915
68487
7356
43888
47893
40402
2616
83117
63374
72100
10895
2194
10021
52318
29715
97233
70573
54195
16714
41743
1085
75055
43279
54812
6528
64421
45719
56430
26755
86163
86798
121
20108
14676
67520
37069
62762
13890
38419
1675
79527
54405
26353
79557
94457
6013
88388
78482
37880
28200
99162
85482
4459
50992
79336
79812
91675
56052
28843
93386
77449
61809
23017
90933
76827
8205
57398
34251
89457
53761
57555
44977
74550
35808
46800
5070
88146
3080
14354
53439
27228
54243
1552
83888
6765
44762
60631
11357
28272
24023
89934
84166
13237
62838
19220
7016
69573
67944
93829
38718
45935
84899
90971
67379
84769
29097
92272
81666
82483
96018
27362
39820
20477
65273
78224
13717
8552
12705
93569
79356
24866
54050
35300
23061
11435
44148
71153
75461
98668
65878
66446
98169
77864
41596
50766
31876
26763
96883
78485
98483
42303
61969
51958
82670
65565
48958
51229
7277
78560
36857
71752
8372
46581
74377
27888
29453
15823
84961
51397
27296
55191
59918
47768
21938
8224
23584
64146
8280
79288
61714
6081
4182
60315
33528
90548
96280
14946
70149
18587
13579
87256
89174
33329
73081
44397
94815
17910
86400
41796
9231
99957
54510
26375
95874
49540
10524
71994
82211
9738
30531
15501
69564
15259
88095
13835
51452
99678
77118
66127
74947
12431
24485
30966
4365
40673
18368
71055
41144
9755
41636
74863
86292
68867
21571
86626
9127
3673
57514
14235
86138
39610
5914
87053
3235
35013
45634
91442
92399
22073
27701
9672
52780
36285
11437
90300
48432
34906
18588
74462
90218
92547
43595
73492
26499
64533
97169
3371
91696
22137
82065
27975
4599
38246
52593
44028
20220
79523
64114
87349
5991
56490
37009
24594
34803
35880
30969
81071
75701
14657
68770
73950
69607
72401
9034
28823
20624
44077
7758
93926
79122
99688
31878
53602
82768
52754
19867
88510
69402
4570
43781
83929
72182
1556
69957
84976
64781
49109
69723
4914
83439
55067
13093
81332
37828
88458
70965
48859
76144
44017
76718
97207
51809
95563
16731
83472
52920
72610
20396
47640
15858
80269
73837
36543
4434
19194
80709
63046
71693
89511
25544
76043
89554
16426
74489
23043
45460
77777
11008
1414
99157
28356
1668
47395
39824
37862
30757
13556
70403
35354
97976
80301
80984
5601
7200
24526
73198
55682
2341
25240
84009
25251
31860
33244
89650
96852
3283
56143
15212
24011
23007
73978
32949
52649
86596
42317
89333
12572
87032
14771
20006
27102
38100
86945
21535
39258
44976
77417
56959
64046
58458
93899
78387
9868
14355
7882
86212
21755
76006
34460
64512
7771
6342
32603
675
14790
42947
33914
36257
53265
91848
85937
63475
12786
63124
53049
91292
39579
32243
14515
97239
87876
20344
18306
2751
72039
74585
95385
49978
26405
66087
86831
97987
69702
47113
30415
33619
54462
45524
13420
39691
51914
64009
44658
4608
59322
72107
28407
74339
4457
81787
41457
81164
93639
67826
7585
99202
26295
56826
66381
84266
11764
11881
29131
44362
79023
90651
93112
18041
39316
26540
49449
57125
37675
44751
96057
66559
4858
65261
74658
68263
2087
92797
12935
46224
80762
46620
27661
70480
10049
92810
81321
5127
40590
25761
68276
45001
31131
20146
94364
84201
16174
87997
73620
10243
38423
85389
24972
68486
6486
13071
63099
73565
52633
30221
85144
45305
42115
27499
76424
13565
37801
95100
12050
77285
8694
15010
94735
54163
63246
93888
20765
24663
18127
37758
33554
94427
34163
91001
51533
45224
97554
8132
60872
80153
51685
33663
48842
97434
34949
31122
953
74812
69074
77414
79436
62136
40111
94720
30526
7261
4779
37691
75743
73016
81947
60289
9765
97055
54818
11013
4545
2778
27218
47200
80012
61934
93676
66823
88607
69863
16708
52805
481
45186
26240
41818
70907
88820
86367
28847
328
33531
41974
14165
27752
13759
57877
9210
70996
55747
37193
67591
96619
82254
87578
28664
84043
68497
2517
51192
20828
11285
78724
52953
65766
7842
38648
25581
86626
73838
89897
14213
90766
38592
35508
43395
42682
67072
98915
3709
4128
27293
60907
98225
33457
26906
12367
45631
24745
41238
47713
54760
74244
30838
75593
67553
22443
72977
25950
16788
32871
43608
80497
92659
32822
96833
68713
22489
46106
22991
18568
79455
51726
47455
43501
85176
53813
23024
26739
79978
67275
42928
67703
95785
51101
97440
50551
95026
12660
21635
3957
25825
11340
89224
68634
36975
74307
46385
30520
9099
2444
15872
17416
25140
9699
66877
47218
66416
58332
62182
17675
73772
98292
28084
25849
39953
28969
17605
11249
6911
95173
96524
13345
27529
21077
27921
57322
17804
71673
44870
101
54765
42196
15559
29095
75406
79746
77869
77663
84365
50825
75439
91964
36250
69609
12309
10123
76114
77773
99003
65053
20444
51011
5567
21832
61088
92808
74727
1796
77023
24732
27729
9622
4115
69621
58841
27529
38468
49232
19168
12376
97891
68418
90783
51016
75335
75788
45961
14514
18113
99245
61685
21086
38366
40305
88816
16491
64122
48455
6366
67628
14811
81649
10985
97996
58353
71317
30312
44786
63751
58544
84173
3039
48454
22249
62539
89748
68487
3747
5025
62225
87091
67117
82216
37337
72633
82932
14453
16721
1002
78616
88171
3942
83189
83067
11040
8174
4602
54294
85418
97350
76941
81414
78214
25851
42346
30819
20229
61349
56207
61585
20916
14381
36218
55152
20070
48976
86303
6670
87200
30171
54278
28861
22176
37078
76896
29342
12683
87997
93188
34012
53714
4777
56938
41782
26464
87278
17890
78356
29667
98813
40274
97659
90996
84042
39563
64027
78821
9032
79078
17285
4070
29328
81409
69402
76467
4512
30736
37855
34014
22016
897
37453
67956
85951
60080
58085
16431
45276
61444
80288
16888
2370
41124
33476
31798
84779
86906
58066
62167
79461
47618
54364
55226
34577
14
91829
37591
31240
65210
36001
57804
50520
69222
54251
77189
62189
90070
9621
21894
4139
77538
79402
57144
34614
74426
3184
60142
90228
13754
95161
52178
79851
22214
69080
86641
5349
3842
87312
75040
62770
36721
31688
43434
17644
16008
2875
30935
7125
13261
48589
79674
88316
73233
10743
44983
30591
35848
39587
16943
55243
84481
68435
78601
39358
90822
87708
29887
17613
74546
19184
28802
20450
36073
1273
70667
55742
22073
12161
63744
17916
52363
63118
15134
42709
80262
99083
25609
66528
41504
15810
37166
84497
12546
77574
14160
24514
86871
13420
38999
2288
40528
62521
61810
2716
77079
36758
82244
68018
73006
52481
23794
16870
27396
38814
67688
26394
89491
41482
43811
8924
7417
68080
29758
62700
15600
6228
75388
66492
78892
13836
94478
51760
17137
1615
82626
52068
82511
46917
56425
80141
43227
96734
45251
8983
22219
5888
19753
67406
92365
89720
35927
73241
68292
92401
50900
63072
24032
32866
98495
49774
91226
79553
83544
3665
24745
94453
16680
71742
25571
66730
63886
55506
18868
30974
66566
86260
69396
48312
20056
45558
34664
50520
6683
46586
53559
2217
54532
72144
9927
64051
40911
34877
77492
19374
98472
76440
71820
15216
49623
8111
36010
16967
85382
81382
46572
96739
29008
35103
5907
65866
65095
67125
59000
69295
16354
69058
33542
78205
23617
54465
83927
17517
54079
71406
39598
77463
72819
361
32238
78244
50051
48185
63637
28706
50245
82221
2873
99378
15475
28862
83678
18331
22123
67568
8688
64385
67264
79095
59363
97296
5728
70102
47109
60370
83811
67171
68701
1664
55853
14823
7714
5429
33536
1089
70010
95966
99169
74922
24078
62542
40613
3315
32710
51502
61239
8010
56838
95762
18857
84764
52868
998
16789
32052
10757
13447
25551
27522
13460
1038
26761
79350
46110
42375
20482
41803
12109
11520
2412
14786
24030
50557
13912
50019
79041
23592
30881
17992
96813
84229
53041
99061
8509
28484
49140
96319
20203
12688
39895
50733
19303
21860
8700
65308
14037
70813
2589
75356
56064
11
53243
99768
37791
4257
52226
80019
17186
64395
55002
75373
19544
63199
49869
1158
14433
38029
94928
30265
62923
51120
55728
30089
15115
80134
10042
14170
94522
33308
21382
61398
30058
44931
49505
1904
18595
75519
50806
16101
19166
253
59193
21822
74237
33796
29840
27058
14469
25925
93949
93513
33529
63405
51852
40955
34452
10681
47222
76502
98722
37864
69808
10175
92796
4108
32179
36911
31807
11738
1864
28383
63432
13666
53072
15455
81326
67000
24781
88095
40251
86576
94929
48049
46536
89097
8001
21957
67829
23680
94789
79124
10242
76709
40495
71577
55628
78794
97605
62841
82023
86168
38957
94659
69556
32220
90676
15283
76000
27359
48058
35184
71674
31699
6654
80885
24270
45769
1634
37389
67778
12383
84347
29591
56076
88502
29783
95593
89422
75042
66698
49617
35279
29147
79831
2199
69175
5009
68888
21054
42343
41852
58763
81737
80051
5425
66329
55930
65245
48144
8707
86550
34031
82746
28811
79684
59221
5793
55708
36788
15893
51383
7703
12220
47371
90728
95100
14558
13509
90116
5745
30437
6967
8564
27122
92462
65020
7566
94005
96644
20395
35204
64696
10659
51474
34230
99338
57022
56273
91176
48114
28284
1941
40558
88896
78269
81615
33123
6191
23227
53616
96889
5843
15116
90564
1451
77540
96227
96169
43599
98823
59542
69898
30727
96886
61178
57276
66294
23787
92170
7380
78831
1774
68967
5730
10377
95512
23033
67311
58320
94660
49844
38991
22933
40209
83414
55426
11141
29078
30220
60973
35639
40515
78740
2191
6142
51503
85822
46339
14046
5155
97516
7666
53820
54467
11000
23889
45806
11220
4244
84126
47282
75375
67820
88883
94939
27744
76296
7109
85605
987
10061
84764
90954
87996
30276
15598
64237
57529
39506
54970
13363
30726
5158
74654
34865
7941
29746
57750
55713
67592
44209
99762
1614
60932
38054
14674
22479
308
837
93952
72273
32039
29323
24298
84300
2407
167
2011
41527
68999
47580
80982
60568
15656
58463
2574
47732
75720
24827
48004
15300
70695
35636
68125
29512
59127
2440
84159
86453
83840
98961
11689
25419
95726
86888
653
46850
2776
59683
87786
62306
11277
61279
2154
17937
20924
97209
43604
67494
90144
54518
62991
86045
46630
70850
15381
34180
27069
36725
84047
42386
81369
66226
85778
535
63844
76425
20182
99759
68706
40572
91279
31472
71231
63583
10986
64706
38423
10872
21414
67758
19905
86822
17036
18479
82425
98494
35564
46534
9289
12113
42613
42025
88403
76937
78961
63035
33245
69106
20347
63511
27578
1141
50174
58918
58673
87424
17003
92016
3244
87393
38934
6063
63167
45521
31726
67070
16691
87278
57719
94961
99790
1760
99622
51551
41025
88253
9240
49337
974
60327
19951
13790
46067
12435
54762
91879
79000
96870
81696
79838
85680
60888
20313
65292
83887
62202
58057
55247
94825
97075
88010
17482
35267
77766
70997
73622
69336
38031
74844
44183
84330
91437
92359
91113
71587
64186
12649
95193
9798
82548
51838
48656
79607
56736
10627
98570
58308
35845
23282
17925
55727
95443
25241
29205
97785
69415
9814
45908
92396
70726
73265
59383
91204
70054
79606
60763
96284
92748
70349
37630
5009
38288
12856
25835
5173
70206
77064
15693
30066
65685
58749
96068
99416
61362
67704
13942
32293
11911
78398
63580
24176
53252
12811
12445
68050
98103
25712
26489
1778
30704
86444
11675
53996
99165
36802
23217
4093
22325
4348
67384
93709
9872
65020
72273
55353
50739
91547
5712
89948
41898
51328
27347
35481
40909
16350
22991
47176
82085
71018
27205
95642
7368
74200
75732
49931
11711
19569
43881
18436
34825
87859
76753
84937
15513
61765
27567
27877
51035
38709
61704
84368
79700
44017
13563
26875
13158
50270
92687
22616
32818
63832
85573
77672
42040
63046
27885
98626
122
29049
49172
29309
65984
4641
66682
50203
9108
56684
90178
62482
97645
10972
55938
91959
11177
75972
39066
75817
77683
47519
19330
92632
260
396
92412
30608
18981
15050
20329
51142
97331
89708
75032
77149
98235
2234
48888
73973
91077
80964
34446
70961
93870
37091
49922
99748
7245
39501
97140
74680
77015
70324
94444
12538
46845
82173
42991
91589
89715
42008
7245
95081
2892
32833
37527
58264
35745
28913
79983
83469
41616
47553
26424
75513
12769
64285
16716
79051
20996
86753
4555
97691
63446
87123
85969
81460
35779
83196
5377
31708
38821
61188
94973
69665
44106
79401
7800
90401
4691
98108
40834
62006
96057
4888
1378
66428
31531
24703
74691
55713
95442
40435
68805
4040
76501
18094
69876
23065
79864
87583
95382
30760
27999
68034
96701
37601
92881
39578
8924
48909
14456
96109
70359
90756
15204
49916
18803
74959
51503
22462
92940
24408
63323
22872
86533
73681
72344
31387
63226
51165
87042
2521
14386
61983
5510
47525
38512
49917
36773
30375
63945
92048
86930
40313
88016
80875
8821
36578
4044
59782
99794
15788
4491
10470
21059
23203
91088
61066
55746
24300
91687
60116
79043
23167
77402
90226
39166
69795
764
98409
74954
22501
84066
40541
63077
62517
68850
66751
5040
90749
80019
45108
30999
34206
9412
71997
33135
68456
51400
46984
13047
20566
23903
18323
28769
9508
4017
25400
20362
57103
81891
46585
48229
25511
22475
26153
44918
95571
60064
26101
87385
40769
3787
68621
81571
7176
34778
4211
74145
16412
34451
77503
65917
68941
71142
86540
52543
27709
99579
44067
20591
2364
93770
31874
63160
18498
39401
32872
65704
48616
15552
42944
61365
17955
11448
15655
2298
80606
49938
63963
1278
15858
70005
99139
91509
59781
8511
6581
68256
90845
66556
97128
53584
91743
30452
42550
15656
15305
29023
86989
42688
52968
4660
44595
25158
41878
96831
48724
47199
10227
9712
47434
49995
25119
97168
15719
14374
10226
75919
96577
79466
96824
38841
34714
75474
62444
70343
53355
25018
64592
23025
72493
45506
16710
73505
36260
84337
8335
53219
5065
24182
39069
81816
6226
58250
30678
91210
6880
62865
79944
98714
16644
39840
27331
62581
55534
86808
97272
98917
1236
2032
13356
94371
31836
27025
11576
29579
89510
34202
43841
81576
53049
81988
24751
69518
80169
30272
56780
96102
19201
50141
8314
73604
10290
25318
67857
18196
16824
25415
5333
99475
52485
60239
88944
84890
39181
53457
88657
46197
30254
8166
99296
74386
38617
11725
79804
4053
4993
47122
24179
82600
35327
68716
33118
25200
79744
72159
68631
52443
72524
93826
74104
49973
26355
44892
81009
31193
28213
33416
91812
55653
64238
75511
39105
2470
21405
33748
12761
14034
34832
65858
85410
95701
99374
73122
12422
58659
89856
90001
24744
39085
39357
42958
52916
33166
28304
54137
54530
67237
23240
42455
16263
31389
81916
68722
40535
79303
17241
33726
51451
80969
23241
49142
25546
29520
36673
14500
11624
33889
69448
6207
17304
80430
71007
92239
62527
72964
56082
45196
82903
92512
92153
81156
66764
89698
71915
31260
35703
24537
97632
65806
95988
90014
53632
32496
53954
89661
11565
43157
75446
19502
43115
83341
71900
2882
31272
71400
17868
67737
62603
16407
91973
45808
71869
95987
57192
80439
28334
25719
82036
39617
10086
54024
6809
81301
42698
23894
47067
68545
50598
81306
68869
35630
46013
88063
12679
48078
87882
98717
76878
80658
46385
90624
11551
66616
60904
68295
80783
84706
99356
13385
40770
17186
44737
97298
22398
82033
44185
22762
47563
55391
16352
96471
33833
41892
30738
98553
31854
85077
41785
15507
2523
12530
94999
90826
85050
41981
22797
62309
36246
28549
66150
92276
67574
28000
81539
70766
28407
4567
11203
87666
81861
77403
79374
61423
80278
46933
93662
12415
5764
7451
91563
38830
32645
62463
41618
84376
19305
8289
3841
10448
73583
7429
8385
75774
13091
74335
36608
63424
21880
90667
87803
8945
68606
10201
62756
65734
45792
83237
60662
60405
60957
64005
67890
21393
66785
42107
72692
3152
28992
40394
94359
57645
30382
94022
36514
13385
15486
6436
74670
13997
45109
92816
62868
44490
92649
50270
62808
62913
55003
48792
57708
55231
52238
92630
3138
95072
40708
23019
83315
79477
1108
8252
89829
10272
55113
54859
61595
31963
72090
19922
33215
97560
47297
46988
2341
44131
53659
91245
60604
36452
31227
1457
38966
93345
88843
71442
36433
74464
1536
55827
67361
29002
6872
59257
77308
74891
20883
33978
28130
4598
19403
50829
81959
12294
83154
705
41855
39039
51303
62218
27877
85106
22324
50997
54471
60991
27302
71165
72081
23925
56138
75350
4372
63861
99105
15271
5363
3509
89727
12693
88202
74560
8550
2554
77660
49690
88346
67156
94199
66914
6689
53529
87302
76144
49881
71113
87891
25949
92309
44924
38870
70178
52822
6458
64863
50873
73378
77097
13884
95936
87491
36385
36743
72316
38142
66652
52336
97593
91887
32713
80706
47727
4030
53631
21844
66881
68832
27374
68462
82592
46028
82802
4630
78412
50743
41409
96022
20154
47343
14723
29164
55824
29233
82818
53518
2061
840
95671
15095
77639
72675
92387
79347
44300
55985
40735
67427
97962
17691
37739
71245
84522
58366
54755
22467
72054
6275
34288
42190
16892
73021
77594
67926
7594
2399
99355
10001
92409
87319
37135
3719
80935
52971
69512
64061
22492
18158
85533
38310
18446
48415
70978
87778
94048
1791
34643
83217
1573
18157
1515
62073
3522
32671
92529
26736
97842
36991
30769
46502
63747
2048
99433
15249
40029
52379
99834
75255
16355
47402
92350
55922
82642
43104
57561
72483
6662
1828
30855
34166
89660
34888
70261
31693
72370
98442
99916
11179
73995
47974
32296
65120
8815
54710
80744
88236
97230
46055
97949
16114
5477
5497
33125
41210
46041
63154
54801
57571
88577
61152
47106
85731
7200
71850
34835
76764
25039
46673
55536
83134
82042
15624
73284
92947
26433
47085
80816
63978
94750
81539
69911
31043
99174
75821
5366
75860
83944
67017
93649
60054
42099
86535
64297
35375
94805
41605
44617
39868
11325
66793
43616
33339
92450
70809
93385
77459
17500
33690
41189
30240
24720
85347
79243
24383
16522
10941
15637
30802
41891
45945
61500
24560
82177
11406
56318
12172
80542
26638
47131
62592
71360
24868
19040
4759
92327
20109
16634
35796
30374
98000
51916
29506
19273
60890
4412
12184
22293
3866
34183
59816
74189
75510
99349
74597
91728
50185
92327
54959
92287
99865
50093
51517
82556
70809
60788
39365
91311
6680
32540
3530
74178
80419
3080
33347
36972
8862
53487
16164
58731
61306
64399
62316
48842
85108
69569
50570
88130
48234
87431
96684
68157
85691
34818
8229
13557
3993
87233
61242
59099
78253
2355
70026
28660
60200
19165
95800
32702
89890
84712
54230
86064
16945
26833
62159
58815
30662
70724
87057
33917
83719
9027
45846
43323
19781
74143
43182
15696
46075
84554
99466
11314
76418
52483
62343
71040
38162
23760
25684
13218
24121
16970
58722
80488
95761
45458
35528
12272
97890
73954
13328
27811
79540
80606
92386
53151
49390
36296
88170
35919
37616
47955
96360
10645
29257
38352
33973
84938
69590
1572
68749
6973
36856
82651
56637
61015
34737
32117
25897
14688
92410
71806
58522
70778
32580
92156
45251
78122
48745
54913
43599
20055
12974
13984
39177
45259
36344
62717
34824
68054
52647
7133
43348
1362
88275
33917
61209
90146
21890
85822
87943
99123
45956
64989
45475
30660
54923
6145
25230
54146
25930
23374
4240
52012
11592
94966
77153
62742
18721
68207
2388
72872
65082
72704
69600
65318
49215
93269
27372
52459
8058
12241
36790
28238
91186
79811
91104
47239
83326
4690
7703
44779
10244
37042
5313
1554
20371
84408
80227
93882
48665
64170
1453
78821
56450
44623
50179
957
79278
22918
82088
8919
55245
3315
9833
77173
52601
23540
60835
70470
96880
32306
69714
75048
65645
59826
14359
40718
66914
15467
46660
30108
44436
11410
17704
81103
86739
53456
97426
67994
49109
38454
53155
58026
4878
24487
32021
8299
89709
1267
80546
88196
6710
79845
72498
96382
15479
36754
25188
52450
78442
24977
21496
12767
73734
43114
50807
43691
40642
45287
44800
84385
34183
26855
56528
11049
49937
41937
79245
92245
7234
90822
51599
5287
35619
47663
95500
78544
97080
67350
32222
73299
58878
85008
47570
88648
44163
74487
26800
87229
88226
95862
33570
85271
83578
39614
84004
6806
98059
75670
61542
51606
15692
59055
90688
43058
69771
48085
89491
49027
42114
23137
55960
95622
95122
90923
7239
11931
65919
34109
9958
39209
99240
4131
40460
39904
94849
73855
45649
85814
98255
43545
35220
87411
26303
56307
89128
41064
16675
72634
34012
44986
52202
93240
65190
89373
36219
33319
67723
96027
1486
65760
35853
4596
93127
1329
27698
59583
63887
46797
96237
58702
95089
45630
22219
44623
14510
66709
47899
64719
69790
31266
77435
59802
4068
74111
19516
30589
65228
61062
47985
77261
56739
86564
9305
78592
24435
39461
81191
56
89946
23630
54794
33984
82950
57737
54622
74863
32303
2075
30254
95146
28497
72722
83235
4070
11588
18170
21198
49451
60346
60911
5582
13972
55284
48300
72575
16338
18401
95330
25823
18448
73876
87780
2494
3634
33057
65279
11938
89111
23733
73639
41011
61341
6447
93229
40649
42979
39390
99532
42033
3273
83320
93635
46934
44628
25267
20445
5746
61103
76516
19372
26992
42891
53299
1076
75548
89894
71511
39011
83530
76809
5587
99838
25312
34444
82700
77271
83425
84596
36870
98395
88471
69085
8058
97671
55676
34194
82006
96507
99237
94809
1457
87463
51020
62092
65577
53474
54680
33538
31963
153
54635
78476
34910
48548
73928
68091
21117
43060
54719
57118
5519
55337
43670
10185
58293
51168
46325
28562
41327
51018
89326
30709
88219
8215
13704
29496
64075
86321
29479
76072
75682
31174
88601
24706
39786
78877
33567
98990
34421
52777
63734
38917
25039
97115
84257
62291
83548
46833
34133
28055
46963
39949
16736
44744
1910
87969
87735
69138
11277
39782
46747
50686
702
70284
45287
97871
8044
82828
23737
24393
80041
43865
39450
95788
58040
43060
82828
77310
66180
63551
46607
56422
43126
68137
64592
18228
58231
328
80014
96095
92483
22853
15498
16199
20262
89969
97578
74680
17206
81238
24010
96400
71692
77928
41505
34519
82720
21338
76363
86701
95648
65261
55000
63362
12076
63650
70384
15455
3185
76913
20673
24162
40961
58482
43111
32454
30315
73689
84054
9665
26141
81215
2439
52903
4498
90555
2749
32843
53177
80271
34834
22470
41156
94719
76387
55248
5929
88348
82709
90859
48313
8318
1859
84352
47194
82097
48261
15201
79044
25670
8830
97645
89716
73387
79778
1842
26672
76981
94370
34764
55000
76824
8310
8684
77061
32889
13958
28564
61697
40923
42964
286
70562
44277
79177
83452
67012
19013
72315
79579
41794
31710
63095
28065
35153
57949
71345
43989
61209
11386
73638
54973
37553
92857
12618
41442
70166
47551
2482
44113
26920
41410
79104
70747
51329
73210
10311
73403
44626
29716
63706
30391
16251
16581
57333
36544
79623
92282
42663
94324
23202
52974
19611
34179
25176
12182
58914
8558
88972
76726
90110
58667
1233
93718
87885
92517
80136
84623
83344
26145
32663
83072
13623
90043
4802
88925
26187
62767
73065
85606
30168
29363
19870
52982
53365
99745
6977
59986
70866
46739
23866
37793
27228
28199
86642
96923
16591
73506
30190
76314
35097
2929
32776
99309
97383
93386
33484
95340
80494
5585
18733
80613
92056
47542
29858
11989
62538
13724
1760
33874
62094
87541
96564
31173
71521
