34106
53691
79077
71616
12068
38586
40390
69632
43250
35844
113
49525
26379
94073
15981
66630
52136
83359
84362
89047
74479
63098
46454
75792
2457
90916
93391
7788
21717
22377
96786
46432
44198
23169
72947
59238
72039
25162
64326
19942
31887
91810
48537
40544
30672
67966
17444
58072
9849
21994
39481
54462
73691
13086
95446
12985
13896
33881
29402
26735
17719
87260
55795
56883
53125
6149
82869
45868
44373
391
40391
12318
26264
22594
15384
71672
97576
89893
5071
8665
73742
36444
73216
50111
20451
37431
3290
622
16980
79098
36861
57945
37278
33690
30921
17679
57145
89211
59729
40517
9233
65187
67118
12189
15504
59001
57585
9904
18007
29792
39664
44765
68971
90378
9410
29614
45004
94107
67557
9507
70592
72507
33116
26877
88047
34679
37271
42697
88903
23989
79402
18982
90432
85714
27520
9461
48634
24667
32680
5533
63906
5732
53357
21944
91060
93607
87363
3454
41242
74492
29405
98028
95474
7601
73308
82992
76717
2407
74786
95667
33236
61450
71717
98243
99430
22154
56062
62076
60764
25434
13729
48435
75341
8101
94311
24319
58701
18248
19047
66916
47440
3791
39460
35325
86253
83440
47744
23685
76061
21758
58766
52419
54307
74379
39492
80752
10277
59806
57167
59717
33464
38828
2721
57061
28475
39894
11237
65093
36218
72127
41907
5300
16274
49289
33567
70251
37396
33675
93964
54546
45635
54512
42878
651
94135
28174
82445
61375
19908
37186
4469
24356
25524
78149
62283
34408
9873
92909
33994
82973
41727
25987
12842
43393
86374
74492
19954
69704
79629
86646
36389
22088
95137
1297
27416
41089
13270
74439
78467
33159
90309
39977
55126
65550
34131
5720
27651
91280
38962
89085
8473
19677
8608
83461
65073
37632
10445
3005
59905
53706
68635
10950
20525
1054
17790
14068
72606
87800
39330
74633
86123
57626
92396
26569
95828
68789
61017
39001
71533
3824
96834
59641
62167
26008
34561
21211
87946
81701
54125
64768
29039
32548
98690
6542
43947
84998
50012
35535
33653
39076
70273
81128
53576
66605
64478
3092
5747
9679
76330
54909
47342
18237
84967
20183
73064
36451
82086
86297
87867
3875
13034
46360
51969
71498
66693
34146
65472
66037
50175
21812
832
65722
5654
64665
65086
46836
90655
13695
14713
66574
36521
86999
3561
11755
26754
1833
20175
1264
50196
98290
53928
92271
22567
9211
17563
28657
64906
90199
9234
85182
70956
92024
77669
15180
98021
66511
30417
21506
57330
29374
96552
22568
50908
71804
60130
80685
80730
45636
86450
5333
32141
59578
88307
97373
98473
82940
71361
34827
54900
18208
97892
86295
34407
26544
13222
20496
46769
78782
8038
61740
17083
68390
41317
86064
18598
2495
37726
33784
27408
51101
94259
28164
60726
19462
59618
64352
88404
35406
52118
11950
70215
32946
48026
93457
33331
77710
72456
41465
17792
33115
5824
2566
45119
777
46324
33402
46795
884
0
32800
38891
71654
93271
25235
70452
30089
53720
55245
5194
39911
38207
19085
85767
15648
11032
6435
86325
10951
46255
8731
16277
86681
17443
32227
52130
31611
537
86427
90415
13104
99660
85528
69261
17076
79010
30357
73
21591
61945
68215
3826
19097
58273
69659
79480
71102
41603
37791
17232
58383
30335
74
87188
80077
16116
2328
7975
37554
40599
61157
71190
21734
1030
4277
95034
31771
16631
48574
11994
87301
68682
66804
21870
49529
7965
25327
62558
72097
29950
66202
90152
39290
94747
72474
54433
27146
4181
633
89075
12961
98323
69646
70916
65259
26579
82251
60055
16494
26203
4675
1132
55463
10958
20725
65506
95803
16474
95674
85629
65757
61614
16967
85219
52827
22280
73535
36768
60325
50860
22681
83785
38460
3473
41993
20541
26802
12630
18989
37736
25923
91442
11158
2369
69135
68201
87473
42675
87092
19130
63601
78937
18180
55477
40475
95330
10568
88394
75982
65909
40625
53117
57005
57966
57206
12597
85194
92325
77359
70804
49264
28560
5901
97248
62893
56671
1651
25888
27482
5317
90517
77923
83849
2998
37324
49497
85162
65548
8564
40869
75162
34212
23138
86602
38344
76645
40900
23971
62149
60800
88311
42287
84552
76819
95839
37865
32987
43080
34983
83829
89029
9819
94261
28215
7189
82360
83241
95453
84775
2498
15346
41117
76918
79153
38125
92281
10687
69523
81723
4126
56558
95731
34909
25133
57960
75446
83375
23024
77108
49250
35294
23886
93990
17369
52903
85946
75880
98883
91150
50470
40135
8203
72407
1429
64824
95488
43973
91501
78438
87163
53901
67787
76218
58464
63382
45329
1861
82525
40527
54715
8204
93391
76940
5967
29808
45220
42495
33874
15864
55548
63631
99575
49790
53097
10616
36722
72244
65973
93855
16619
16465
97250
54031
16558
25851
48524
54677
82655
27090
82507
14004
65452
77783
68405
98246
3322
5848
92448
79760
17345
29145
61413
77537
51124
65983
73472
75335
12216
37532
56244
27086
2774
15443
28139
43733
98315
65511
49819
49934
40316
98372
91813
64306
65543
29481
53782
34655
53557
48657
83920
81840
2764
50205
72643
92727
17985
85055
38933
36665
52778
94886
77313
72294
82642
89857
95867
20115
78181
56753
65457
3414
20299
49679
72654
57085
15378
40951
49688
40268
79747
65392
70521
92049
61943
22745
5626
40934
4291
63154
13451
8386
1038
48324
93984
9884
71267
70350
47638
6813
28322
47213
64755
928
26160
77575
42186
52361
72111
70740
76926
97440
29161
9673
31230
11593
51846
53026
71567
18337
43357
13548
903
84726
53510
66860
2773
11715
90350
24143
57951
54599
27428
4591
86147
36545
69648
21663
59071
82474
81507
62676
51916
16655
29258
15599
82404
48234
5756
18123
83172
56380
75763
33023
37037
85833
94551
75377
88453
40079
97077
27096
70138
64452
31855
41868
54182
56684
55694
10444
3470
76948
74994
69707
76613
93646
46826
3384
37966
54569
83358
19976
50111
81836
76713
91650
80384
21071
73733
21415
82802
76725
19711
63836
76076
67370
89161
42870
68769
9653
89486
41441
32574
90555
13760
69837
52495
20304
98989
309
27745
30426
85072
23277
30210
69572
43684
49735
98661
44667
68467
35778
20225
56457
83245
46833
92249
12171
39636
75299
39318
99057
60020
44979
16977
96530
1584
34222
44077
20138
96280
51549
48480
69585
90710
91982
242
19160
29575
41923
41535
12835
86279
32567
42743
67262
38053
96232
39396
77341
92950
42470
76683
8052
45733
31286
99755
68527
32136
87363
99203
21167
25005
46306
74864
15906
95092
76960
2580
91485
54390
35658
5106
82297
19619
41400
5622
22312
96842
38648
67570
54386
41841
35091
29986
9232
31204
37598
54641
72996
35818
52158
18869
71603
43443
15576
85013
257
86221
33077
93194
16359
97014
40431
50051
10290
25868
93531
63203
45659
92832
66707
70310
26303
89289
56350
81249
32795
60405
27774
14054
70438
93786
39893
167
56491
84619
81717
96914
70497
2182
89315
14586
47561
79978
42343
62422
14211
74342
72851
20771
98988
46252
1197
76933
79192
74372
48923
66666
14665
21149
71786
32719
76138
20702
4955
96060
93610
38331
43147
86603
63896
65187
97373
88295
85111
68918
5798
35406
81790
51188
4436
21336
87471
30033
30332
32050
96401
44292
24223
39331
90317
96894
95960
4784
80706
61816
44484
48282
28453
23398
94511
80837
12856
10696
84247
32340
46853
97726
84159
91856
55384
51419
26226
43752
55735
84083
67954
71442
34878
63470
82876
78735
3163
82462
64026
12748
44579
78925
17477
69764
73871
73744
51156
18916
72951
75448
48709
12711
25512
10279
95655
27775
70565
8703
45410
4917
99416
26870
23460
87048
14867
97734
15432
37937
69320
52641
77989
82727
35969
14177
70448
18430
3516
14717
74479
70763
33319
17048
63644
88962
56692
91380
77425
33056
34233
79588
63478
55077
64935
11807
72421
84537
79236
4752
28886
86575
62599
43753
75212
6119
97488
59096
49851
84045
67937
84050
48756
22270
317
55980
36750
59275
94364
48873
37523
96695
71496
1966
2340
11802
62967
52017
73514
64584
62373
14031
73562
46252
21293
20828
14500
96525
65027
5237
6585
86547
945
44946
29910
2434
65421
34712
60753
34213
79060
70507
15871
38311
32197
85952
99103
54362
39324
88016
2503
82266
81545
15048
59337
1643
55052
74078
40161
511
20976
79934
19966
85557
64993
62050
27530
45051
77195
64640
7512
91700
60721
79133
81545
11572
29734
66431
83675
87592
26827
91072
14287
44626
3238
51295
70325
36690
95579
21105
2358
92673
16042
81909
46494
34071
1284
33060
73284
23020
13867
73767
77047
9755
34374
97251
84294
48387
25053
37071
59628
68039
52695
25830
91191
19061
97358
20568
23636
33924
94572
59
4504
6294
88932
34687
37133
63453
89967
17822
42711
858
96449
25874
4930
35168
46823
42593
93322
56759
75648
62356
20710
83261
92341
30373
35666
49063
2902
68598
41048
60517
47251
4991
57883
66563
7475
21631
81279
74251
9397
39412
10584
47240
33281
40421
77421
40614
63337
65756
59497
44949
95137
36497
46718
42445
49752
42978
12758
78891
45010
66911
62871
53945
48676
12161
46962
24779
73004
60795
68297
45734
60202
51880
12474
43739
5118
32996
55917
5137
9119
6295
79286
15649
47029
73196
58918
36539
47797
58879
57109
85605
49014
87797
78500
94372
77524
79366
16402
97011
13473
88437
59389
49360
53827
43520
19763
71830
65294
91090
54420
15781
34302
1558
65765
19166
14480
7687
85652
9706
94174
84674
97027
38267
87638
30813
79027
7466
41591
23633
72527
85502
88903
18834
77041
97326
96691
23135
90037
48926
98659
70421
13752
90694
55609
34110
54060
43921
18695
76807
1947
69472
77418
91919
21077
78958
43430
42618
12089
74063
1695
68166
86364
4529
87442
12757
70200
47877
42606
61961
30932
22551
10066
8335
28780
25272
21540
66481
66685
98653
49803
66063
48495
71712
2058
64584
34687
32868
86106
73874
58760
1079
28387
18601
94798
39952
48214
38596
66215
90967
71625
14819
88421
31780
55280
8709
35908
25183
85044
76150
93197
80998
97331
49189
24645
11630
39381
65843
22805
56545
16070
47719
76214
66566
15028
77695
7064
62270
58439
91201
80272
94473
4439
688
64892
59529
36015
62170
22772
64319
87133
67150
97039
57906
54770
27403
77103
91470
15452
45875
67978
96968
22845
12478
84438
9664
25576
69195
87344
24319
62872
37969
9704
63456
94157
75092
61677
35755
37412
68628
16433
93148
27857
61791
73176
79586
60220
44806
60771
57732
65685
70892
61907
39742
58741
56891
63996
78345
49683
18385
95528
45176
61983
22648
40516
41726
35390
31092
36907
33390
11395
11477
4461
43066
50118
1708
61852
87069
96676
38073
64467
35252
77619
58595
68644
69990
45664
44161
99740
71109
92487
58166
5972
27757
6094
94490
18647
28361
18015
59378
85931
76821
18816
88834
91134
10077
27184
81849
49614
8004
91904
44042
41493
96194
14699
85787
15856
53189
78932
73942
53802
36472
86203
10045
46057
15457
78267
66202
82517
50979
81891
35092
86112
81476
4911
23486
33687
52713
44802
75562
75524
76894
27010
25243
54140
89426
97456
53368
21388
28702
82467
12188
46171
998
87328
21482
155
29656
24088
56989
47730
90450
67198
63742
33376
38656
11523
49999
95436
38467
56208
41668
90031
74381
13791
71569
6684
10472
96503
3358
31531
57846
26402
18136
88449
4179
32140
29089
17054
97207
53850
37351
32930
9528
12901
4786
73948
27693
59122
82423
31793
82445
80783
57226
71878
62037
31724
18000
94218
44424
1171
62482
43650
68305
12421
88206
35890
61860
23091
12775
44421
93378
38806
57084
5114
83867
36363
39862
29739
9838
65582
2555
58554
7500
90066
15936
93883
34331
13595
38460
36184
49430
67256
39671
40517
18482
56096
95137
27201
20155
42664
6559
23333
38300
65342
73152
684
20606
61093
80301
18911
84072
173
52703
20380
41860
92142
52235
83234
82434
76321
90328
29532
84214
3931
95410
43591
41853
4263
45942
62754
54269
14495
20461
22417
29002
85127
29942
15022
95684
91046
4828
909
4510
74305
12519
88714
89178
65014
78190
97969
91567
65810
67786
51977
19565
94479
17829
43422
78551
45614
86033
32201
74159
75596
31638
48415
73999
84804
53859
67795
78739
18594
56678
36808
27029
34783
62102
30967
21616
57534
33517
59578
17478
32545
89460
48403
32221
19721
88886
32635
36004
94696
52982
51563
93331
61253
74013
128
61584
55435
18539
36783
76718
26222
65231
39525
88560
79355
65649
90905
92524
57563
30157
40177
31050
86628
27610
7630
97195
29724
53512
32405
20455
49003
43753
29594
69902
35611
93382
11371
48912
65135
75346
34742
16025
89181
47195
70168
75348
36393
88540
3811
57680
56608
8080
54860
72864
14350
71618
98414
13435
58460
97088
23390
32132
70409
749
61868
92549
51300
86549
4594
68436
94979
34363
36540
41496
92004
32303
60725
62244
19709
55099
77578
14241
20065
22140
23068
43179
45298
16654
99592
95218
30142
11424
17323
96704
23352
91207
37780
42490
71091
24175
69994
38784
14589
96203
2166
88494
7606
83021
50191
22725
49387
36018
72096
99204
15571
38261
87992
54703
79110
4899
24046
25810
61333
16238
51311
25791
53706
56347
75270
31187
69533
19287
2470
40150
70031
3494
13527
88193
43079
24316
43258
42650
11271
27396
79163
7451
18026
9725
35794
17010
11804
88165
65750
769
38390
18190
6431
66596
91700
90349
84822
46770
11093
50577
96763
30621
9519
70224
25363
13268
99020
16477
18924
73928
33413
79574
67982
81900
54489
82938
40159
67381
89065
95896
77107
11489
72436
47426
81743
62356
9994
50720
26584
45373
10159
47713
20573
8759
6959
20077
13598
22187
24472
5302
43415
4499
52120
95564
78348
8761
56564
46799
8563
37086
42754
42815
69369
18391
47907
42384
8946
85554
93216
51322
15009
65654
2144
45900
74783
19016
57892
49792
86860
78506
58368
13450
83983
21054
44022
83050
99564
3144
74671
11553
2913
43953
38009
36288
43356
68136
64984
48571
6109
47363
91594
37725
259
22819
92668
69749
51798
83285
18562
34222
13681
1461
60919
45629
27018
71725
47729
41395
95135
97884
10495
67730
60030
20370
19939
28989
90417
80342
57350
81960
39332
32682
55228
92398
46196
7591
70677
4641
46390
28098
4797
76539
76385
24272
84337
14835
13370
86918
51518
18572
47802
71768
82392
3496
37438
85827
19955
2106
94762
96583
5730
55417
39834
42220
36106
91408
34183
17509
99650
62802
64659
54322
83081
45419
44433
1983
17155
35249
27059
32810
37905
4985
81170
99234
74381
5863
44532
54891
12639
93853
85917
15230
10399
4340
94388
60172
85224
56361
99952
56707
19892
20526
85504
84266
37785
61153
88916
76070
33280
52538
84843
24895
45183
9790
3545
57693
99858
85713
13525
20524
32250
9448
59837
37630
6641
40732
76710
30831
2985
90555
59811
69892
50945
66456
69265
36813
63299
83203
16510
4937
14653
87987
15636
90537
98426
12479
79333
1613
1724
84812
55764
92970
7064
58177
70270
34733
8365
41078
17603
93497
50114
79563
37205
77516
15772
53717
88060
94432
83258
48563
95523
34829
78637
5566
53378
89675
44886
93183
20745
65301
30750
92155
8774
79402
51468
6505
99476
75981
61959
28069
14176
91725
46440
90493
13208
12446
34234
48648
34099
102
94673
26038
50455
36628
31844
27425
87051
86442
42505
40131
58009
48795
80492
93251
17727
33583
26827
9223
2963
9476
42769
53421
16177
57231
44653
17428
77378
74176
7534
48789
51594
11524
88222
72271
83246
1315
6679
21376
26017
11625
81734
68527
62602
61378
96667
75910
74931
99134
94698
20158
84528
20757
10881
58194
80329
55556
93830
14869
16998
82645
19117
79232
61111
68893
28019
89220
44797
81182
79034
83965
71576
92397
80609
16583
65326
2926
63198
36266
44693
39163
87867
33745
76125
13924
47883
50553
85437
68016
61575
20741
75864
37025
24650
27406
42092
87254
56613
12311
84119
58890
83167
32030
54790
23833
31373
36622
12955
86531
77194
43186
60666
24905
88211
22533
31696
83957
98210
44677
1025
70006
60388
87525
16876
3048
13177
5281
77021
11474
26760
52877
47760
78633
91388
73478
60380
7698
98336
28746
68772
76933
67890
68323
92213
10733
9798
19998
60412
27723
9722
98874
33096
82074
1841
35676
86871
9070
71823
99072
48096
79446
23824
22217
24156
5152
41861
17369
53393
63835
21996
73341
47900
59544
88170
7264
19739
19114
19624
19424
22933
17260
11560
16733
86951
80866
2146
98797
54443
85143
36127
48236
66598
82501
497
8049
85423
28500
62029
32412
93815
61657
72518
33196
69498
21504
82759
909
75264
79237
63597
14318
1679
89723
76767
14768
94545
82831
19307
23803
97182
76231
15006
77387
71142
97572
67551
14343
26909
60167
93000
10162
48291
91536
9474
43770
72655
65217
63581
64302
42903
90049
64745
42317
64927
68796
69363
65689
57019
22408
72479
11915
12835
85858
64863
90208
40370
53047
62317
75568
38779
80639
42251
25695
60873
68867
25524
36589
83760
66623
92606
13800
59189
71554
41135
99553
90455
71955
27129
30172
825
2958
23732
18401
14478
57420
38326
67215
7231
66369
91441
28656
36987
7230
2697
88520
69916
81814
76240
67143
65810
31358
75648
5470
73294
75118
32501
78638
50317
59876
63429
11419
18207
91240
49564
54784
31379
2281
84024
43773
24193
95206
2302
12203
64659
97001
83735
5423
98481
88078
32234
46989
31751
99426
25271
18996
5206
61895
10093
26167
2324
93715
70153
63644
84800
35575
83629
53581
26566
18365
86392
88172
44491
80491
43175
90692
16374
73733
43240
2746
61947
86159
80950
56451
27205
93039
7606
1870
47456
11345
48077
38306
60896
16292
7004
8866
30769
60258
85689
17261
7516
86349
72875
12803
3378
19380
3009
53120
152
84309
96944
58701
45359
37532
99816
16236
9919
49450
68977
30161
17632
61393
8967
97905
74629
71963
22703
74930
89061
16363
1909
46081
31527
39995
79396
52675
68233
28196
23585
40419
91533
66588
30660
60522
81633
14266
99187
90605
29418
11413
82909
7552
68908
95018
25200
25801
1463
70524
51864
72655
95314
94326
60181
68400
6109
65036
14039
56914
19494
18944
40345
59857
21578
63040
18807
59095
68677
28364
173
80266
5272
22773
60589
68384
65814
11329
94748
62957
37739
89803
19882
45149
99465
74696
97037
15261
20529
88548
48185
435
2330
51339
30206
32014
75201
93027
84157
95575
34542
72087
33192
63175
56510
45198
79830
51667
56402
8474
72863
81251
28500
2157
78202
90848
78081
89700
17713
46507
84951
96872
54909
24938
90908
31114
4388
88253
25320
41931
29291
74543
59729
21758
73305
43304
44113
12741
12075
91679
89526
81847
45165
90509
869
25188
47611
40477
27564
8527
2261
90367
68035
25786
23896
32795
56094
96416
57279
53603
57202
37851
5493
11042
31169
36198
92501
63664
15588
11324
67904
85191
28500
21567
93082
94320
60436
30965
20834
25975
21599
98829
81292
99965
11306
15711
25501
93899
16821
39794
27618
10948
63219
30679
42670
75092
35123
36882
68878
94597
46283
43224
56938
73392
28128
23348
80890
87376
92469
10276
46114
66866
67725
44641
21292
88712
72798
53628
14849
21757
89236
65443
48419
68868
64287
26050
61994
89961
49051
64487
78201
49833
82778
16478
15292
31261
40816
45819
45792
21712
78970
48214
99023
36018
28139
26063
99687
68166
31125
47315
7094
46198
55985
63800
45685
10790
63339
70722
67805
31686
23340
33512
58698
48896
99365
70224
83915
40818
18742
5143
44194
81782
69624
51021
18910
24604
55981
86173
20307
97465
4354
84426
87059
55320
573
74228
87499
62255
78313
58234
7772
29517
45659
46938
7285
38096
72961
57684
83402
55475
96070
24876
37490
40996
33988
53454
51810
84563
63142
45228
51298
16998
92825
27651
59209
83113
90799
81404
34747
94211
23535
22478
73947
18565
58684
94496
1869
90555
54752
99660
76173
30020
83573
94208
95686
98175
51217
95646
25296
72155
85323
16578
23561
28241
71374
92836
66606
51853
34809
30611
93143
55110
37904
98722
43149
44303
13283
58143
20488
50374
11224
28382
57833
25354
25047
97780
62544
9930
50227
93055
93307
52665
96848
88099
98812
8765
91029
93999
13718
58278
62320
78622
81364
77404
92288
23482
58246
84689
26019
1147
50041
53941
43676
49036
19537
13448
2624
68367
83845
52011
18206
45111
82103
22544
39081
5330
81807
38831
42691
9674
61972
14554
64007
81729
35078
76360
96563
69146
94042
75086
1040
98967
97523
29964
60768
79068
70362
38819
85635
31250
50009
29412
92262
4232
6201
74468
14953
85556
69494
63147
83114
28727
9052
51244
76179
82879
59777
74223
2205
15558
37023
65258
78304
39287
3435
9358
64152
88817
67159
98462
26485
18628
50880
13562
4959
98008
16245
98073
80740
51820
77029
80565
39232
52092
75523
89536
85256
3261
86809
85877
68051
43778
94982
66601
26053
58176
8630
30209
36185
81550
53468
9117
52906
75718
12174
44625
29342
13641
87933
90900
53008
30591
35312
19889
7480
41276
9788
93723
14009
34878
94562
40542
76327
44786
22405
94960
75987
16470
57926
52583
89781
62265
22270
29476
7221
55135
60439
44524
59605
961
55463
3128
63743
34769
47146
78210
15110
39131
49436
76576
93019
70278
144
54285
8079
86842
10319
69090
55520
44988
4336
37604
5890
29525
20496
51479
78219
53905
495
47921
74906
55938
20615
43465
65253
12229
65865
74285
41918
21052
99030
99443
13890
47738
63382
36680
54398
14142
88121
43076
9886
28087
70184
65310
31219
86886
61031
44667
2047
51328
94345
21890
8000
69938
73648
18827
95832
63359
16223
68214
56789
49253
35358
78073
69569
70078
16042
79089
85160
71426
77302
23320
41473
92522
90594
53239
98172
95599
45654
91635
35590
25969
95963
40036
60540
63252
57142
86115
49897
87652
35874
63457
12765
61241
90761
48564
56301
37045
66878
80876
39105
41643
4314
54084
33343
47226
95634
46517
3153
63254
24401
3588
47924
24424
56727
30843
74144
31531
7054
68596
39727
52119
95588
38674
89644
43132
394
37162
31866
67684
64616
88063
36830
58619
50874
87596
95626
15818
44011
41369
43558
40990
18701
63472
22621
38152
72274
42090
15425
76509
67531
53571
94364
88766
52634
45548
62389
86226
78517
77599
19099
38158
5946
37196
15121
3863
61513
90002
77878
34495
11779
31082
27600
71115
48221
67453
88820
54101
28929
48694
51380
2445
6849
3698
19301
30234
53976
40212
18956
95711
3999
61205
80165
74968
50505
46265
33264
58243
88572
48252
33240
24412
47053
50795
57281
96129
85014
73839
99630
93268
62614
94851
67660
9439
83205
65959
24158
38033
87090
44174
83813
33574
40508
71058
88940
12678
62633
25288
53518
70500
63622
61869
90692
84166
81628
95679
8111
67204
47851
19528
73886
23049
97222
45013
64637
56247
48106
61574
29370
7303
95068
53310
27349
79053
62142
16185
37667
25274
94702
35837
8031
82524
37148
70249
4270
52992
75909
88907
23469
79480
89265
25678
65113
59415
13701
16336
63643
34424
66917
38961
89934
62271
77706
16615
95438
6935
64700
60495
76319
89339
82764
19294
88983
22416
44657
81205
95913
94063
18845
70163
60431
57761
39130
38180
95731
75587
16839
7383
85338
11976
24169
25902
32750
42718
2160
22766
92198
50696
66023
10262
39060
84363
29047
55789
28938
50533
59289
67732
79050
50391
28470
35834
17545
36323
91901
8302
69407
82288
61695
24655
11214
55626
17099
28384
76429
33959
19713
76567
17488
32548
59285
7028
15989
61358
49603
30255
66061
93437
36265
33322
4741
69883
42053
34342
93936
21826
48491
89905
63123
35
65155
34300
31692
57186
79230
75819
46464
18655
22931
83206
39360
12912
88058
29997
79287
64969
94339
90792
21554
47198
94772
61852
23149
19359
4958
60313
66838
15746
38299
27760
99264
68415
26182
68258
75463
69364
12310
49428
78522
43209
59864
53215
72202
21262
5128
7619
7469
54688
42893
81436
90895
32106
8046
3308
51223
35016
32757
54840
82225
40039
75742
95151
79197
80105
80251
17221
10963
12964
79112
38750
95088
83978
90534
2661
4290
75587
58774
82076
94861
65110
94899
20078
81879
4167
96300
76800
22998
61850
24893
6471
14804
18549
82474
73523
98748
88356
62487
61672
61796
79062
90119
97677
53878
13605
62095
37565
2109
32275
40757
72251
59176
65295
85162
48899
19294
16119
62434
74812
78815
78584
80524
56393
39219
28945
11410
14111
90577
68149
55919
9872
61582
82446
67431
30501
6080
52703
99240
66251
76653
73666
14619
20421
52565
73521
5799
46303
41689
67936
81538
88514
86214
62502
51445
37059
56162
14173
49003
23383
30226
3647
64789
21089
4517
30160
49725
24651
57185
34235
25861
83347
61096
60629
22044
86492
68870
36541
26236
11366
17594
90501
98595
30552
50687
56138
99083
16890
46037
26078
8648
85183
40113
62023
22046
52127
86302
55777
45501
33570
88590
57022
18298
77944
85025
39150
331
62438
39888
98841
16414
44380
4791
4297
94422
13473
25405
24805
33860
11119
59297
65016
47614
84668
86146
93585
7422
90989
24427
1475
90906
35215
49082
15468
93627
80704
41804
93714
99964
30503
42311
70985
33249
32612
8898
7506
98193
92930
10805
79518
13330
31433
85273
49744
9696
70832
57819
1920
30505
30192
68834
18683
88552
79060
70618
36648
58459
2413
36157
42117
7620
43489
44606
67824
97721
64867
21489
75587
31720
99230
83962
45462
20810
85386
75920
68840
9634
73666
57262
73048
75347
58028
8278
63693
21979
37655
25058
95510
78320
29731
8521
38700
38454
67066
82826
82291
98746
85853
73879
72031
49357
33657
19713
75732
68192
14616
95228
76869
41369
21523
55439
7294
61008
25957
32475
97373
47336
15867
36005
50011
25773
92264
55970
71849
68422
40373
72574
78101
71319
10165
33961
70604
46167
53143
94398
26969
97480
50133
7184
6668
79000
33257
55412
79350
96339
99359
26438
45264
9763
31973
80665
56251
28997
72350
80862
4514
33993
51479
86383
83451
70630
96209
57081
23341
57911
70653
24740
84044
22870
22757
25889
42719
50644
94215
75567
15523
16114
51709
457
10824
24414
69015
17871
89081
50062
37131
36048
54265
20946
98434
83601
72809
16665
77843
8892
21798
65795
25677
78664
59215
55198
56046
2337
10660
23232
54161
38036
48233
29631
56580
86874
18250
62064
52727
49534
71642
32826
76848
61324
54740
40694
12348
3799
13218
71270
21376
93191
22299
76687
21390
52062
58566
66932
32594
4166
11517
41968
43660
44377
91470
17967
8600
25323
22907
1226
65129
30264
81441
11358
34612
52934
38389
26504
17000
32822
51530
159
44060
55501
78896
20653
48257
50201
90230
21291
75542
68547
37488
15321
65211
72784
40659
7223
25885
60050
36861
33922
15503
59473
96178
38926
91450
58898
31426
66301
36011
61282
15206
85625
70507
53282
25865
44116
74316
36974
56227
9209
87102
64395
34335
20078
31778
62573
93503
94185
79542
11234
85558
21612
99887
52479
65171
26558
12005
87269
73853
42791
83720
84879
35802
73256
68848
36474
33322
20309
40146
3249
51504
3248
85934
76788
27088
86532
81957
71141
78867
46106
55592
42032
32424
21115
34284
63252
56998
69474
72570
91153
82508
71805
38211
15408
38857
36640
92112
80201
46967
71718
16727
23190
97537
82886
83305
2578
94246
20078
9833
16300
57590
18302
94903
50574
67321
28003
90859
51589
47215
68622
90013
1260
6482
68080
32640
29817
21879
76085
33935
9572
82708
56987
71775
74960
1371
93101
41749
13495
68804
1056
87825
43926
47689
15049
96359
21202
44683
73624
93390
36517
49587
1718
96562
67913
43794
58327
24932
31840
13193
17083
2065
76637
89061
89927
48015
69523
29090
43514
92628
52473
56976
24783
20577
93558
70547
68303
34524
69838
87396
86768
83003
8585
3733
44109
80892
34236
63026
38083
73202
2615
55363
28326
91737
45802
99022
90302
64394
92885
24857
38945
81483
62858
51021
83342
57246
76737
5142
6883
22297
15896
56711
80028
23029
97573
89946
53609
95200
569
8213
59498
54958
63891
69480
88521
29676
82334
15123
95637
65717
56424
26149
50518
90525
63424
6942
3922
54955
85994
30550
10779
2531
60899
53303
47986
77921
31788
65829
21500
41154
54645
21279
95615
6492
10087
91197
56410
95950
98381
312
8575
93330
60672
22665
3725
7151
96526
18185
32686
13228
61863
76504
94281
6654
82947
51674
90085
45762
67251
66587
56700
76550
43938
49619
2871
58881
40360
40453
38635
36579
36684
87553
54320
87879
83538
31561
54202
18662
16392
5137
38710
28773
47145
27616
33987
3886
15885
34867
63562
32124
93997
74304
99611
62479
79190
87575
94693
26880
8586
61061
44466
4943
77197
93362
73629
13112
49266
81771
31409
2052
85155
64154
45215
39483
30023
21201
62107
35702
80787
40517
75540
61171
12272
34519
52782
18627
80100
1166
60478
43485
87808
61280
72961
6517
81413
31824
7641
62695
87252
14641
20965
72717
61841
52520
19228
99473
54291
29583
71942
59132
67563
61942
39767
9868
2190
92740
77737
17188
68544
41436
62965
14685
38143
7899
52397
41594
26889
3613
54745
69850
89835
40831
63948
82951
11688
96447
68418
49003
24098
54239
21368
40706
52519
25961
58056
83210
28699
10956
23072
50327
71262
2693
68414
36227
72794
72249
28490
36866
30412
99966
66448
67284
43596
19194
78488
73684
77594
71491
29060
15437
39335
4421
64838
24653
49693
23874
27995
90545
25548
71379
49543
72735
37363
87597
82222
30579
9287
44191
90412
20273
59490
61528
49875
889
6795
4485
31039
94265
55549
4120
14007
54364
74583
3972
48801
20928
63553
88357
62786
33990
29013
25596
92082
99490
81649
69976
53816
96850
35160
14384
9127
37547
48831
8749
92916
75502
29499
82469
48179
28314
13956
27458
66253
9179
92486
48033
23072
32897
28293
72565
53715
96043
8874
32844
31381
79010
24526
77066
5233
80898
11713
79249
31759
46611
57976
56098
94122
5366
52561
79517
76201
34779
580
80197
56157
76239
29608
57119
60886
19314
61086
75160
57314
39302
32798
41798
18755
52132
41373
4071
10732
38281
72088
41254
39224
98958
64735
46876
19015
63957
32928
4882
15829
95071
60687
3077
2488
88474
69552
13795
64087
1624
38401
16593
98114
56315
75142
12431
63410
91948
28626
82739
98205
55755
26574
35666
92597
88192
83434
77501
90079
69328
47806
51112
4715
42699
10107
65958
67957
55522
72210
60240
93366
67191
18976
12260
75975
13292
79286
32330
38388
75037
75553
65906
19865
12778
11322
52633
24508
47180
20844
69451
21414
5289
39612
12674
56831
867
33946
59756
96805
53130
37444
33131
67273
85138
38929
15157
3462
62207
62497
52956
97982
51709
36382
45928
97555
85228
93326
51136
4799
48856
20440
99848
39889
43526
76273
77189
35173
66091
42114
47899
77822
21911
26776
55639
51682
20014
71751
51624
86162
79447
8924
75080
13829
14926
42718
76505
49920
56404
4351
84619
65684
21030
97189
30650
47187
83307
85007
53108
30416
99782
34150
88311
96595
13484
37763
3225
68982
7119
91255
79426
45632
56505
19578
1331
7995
99061
99955
10154
77843
52007
96545
36733
53997
97563
26052
29188
68353
44954
99563
53651
21942
36922
84379
76549
82361
80557
67192
73716
97722
60249
52243
22565
54467
48040
68688
70625
2869
81109
56691
37181
928
18887
92391
1467
8351
69083
70090
20009
28654
44441
31896
80711
46698
47977
74739
28647
9507
63454
76012
98477
75616
53680
23184
42902
63055
10344
67986
12533
743
93492
39889
93143
34012
23994
41894
71496
43262
873
82412
11727
13167
25515
59180
52436
48543
68856
93219
70658
93670
20580
30515
94344
25725
91287
67427
6745
3865
60701
51828
47059
49381
86484
15873
84157
98362
98979
6801
74697
65726
68555
92989
87865
71031
36469
98776
61597
70026
85994
65504
62235
60725
57218
92416
18280
51397
15316
14783
37298
56596
90668
4841
22592
68098
22362
98839
78801
5615
23239
1117
49697
91219
93635
5809
74602
38906
31738
84083
28583
8287
54885
70461
47028
75780
61788
1544
15633
90859
49449
26936
80325
88981
75096
10405
17503
94420
70122
1544
