13078
78011
86118
18626
52994
37776
36304
41225
64382
60142
25889
69102
8451
29197
93175
67256
26046
13128
40955
69005
55553
33694
71831
93380
7523
28115
80526
44376
57652
94835
36317
32537
68610
98390
83020
37565
50433
52542
85616
20564
68570
4637
16512
50009
81363
99892
5042
4964
67895
24278
81362
2844
31041
92940
62110
29834
85130
65969
59105
12232
76461
94077
81578
9817
73396
23871
19560
63858
75169
92548
28612
34134
70554
15892
99483
8639
41009
94555
14167
56664
57103
30117
68777
17672
81853
84867
56037
43016
64335
42218
24249
35670
52269
41882
60683
92642
11647
58524
62351
56165
8053
36389
19074
23218
50608
77815
4389
21093
32977
42343
72185
51128
49467
69177
49044
87476
96455
32295
67038
19588
60869
15265
49035
65796
67561
29262
8500
32441
16537
31024
78644
76731
40306
51046
25724
57517
99538
4619
275
97806
87718
26651
10478
97095
16432
29462
33192
9348
11508
88829
70558
95680
66687
76154
43242
97368
10709
69468
4985
68290
49142
223
28299
22775
68620
48746
98599
77579
19987
39282
8024
36094
48229
89308
9096
16938
63873
23360
49080
17180
94583
81161
17977
70528
34163
26872
24746
8790
38084
79881
78414
65857
30568
32973
63081
8893
26422
82870
73207
51568
34311
77969
46409
15769
11169
25614
64413
44581
130
36539
67512
21057
50309
44974
61123
39946
72340
35393
50208
12320
71467
62136
45543
9753
12485
43198
42401
11474
78661
57421
23488
69951
13794
25741
2681
23044
74192
83123
60831
31388
20903
29131
1245
43094
13778
43441
90832
4032
98967
43864
73919
70780
39870
67597
79576
23823
64351
23350
76520
18840
20044
61076
1622
67102
81720
43624
60732
13730
98595
82098
63235
47123
10692
29140
474
64512
32786
1333
71636
41896
73774
22721
82299
93645
91248
10126
98708
75655
68236
53465
82417
74229
87745
14799
90156
2831
35902
43336
99079
57559
47377
70509
27965
92653
90030
59898
15556
20097
86392
36191
8738
97092
20239
77952
56553
48695
46742
66076
47889
78213
46687
82475
18064
40845
93910
60385
44760
34359
30599
91599
48301
5447
83884
20840
81697
91375
1271
12577
92686
16479
8664
70514
40048
26296
77644
84153
10972
69407
8451
52414
33857
24749
81836
7248
45722
96226
21695
60686
49292
15513
8710
78467
34658
86935
47753
77800
24515
54013
20053
16269
71405
87102
66984
10195
15216
46122
25275
90864
75753
77896
44332
44885
22585
53538
98375
89292
24578
10330
24753
77243
25022
4603
29841
42406
64923
46922
26044
78641
80759
76859
56251
69474
60340
67232
45530
83845
14200
8572
55151
54697
39107
70902
92037
72424
20814
96841
23301
20132
67005
56696
24832
8652
4992
95743
12155
14110
33868
79876
83416
42630
90416
78797
31549
7525
53143
71083
81443
54029
1882
70867
80412
59208
84831
4974
23522
67961
54578
8742
9529
89754
69438
7329
12832
53508
44295
46282
4697
96941
20135
19690
73042
2316
99236
88118
77327
9400
86187
76386
40758
32782
24107
66867
12375
78801
36336
91858
12246
64652
82778
79101
87222
69139
45241
91479
60548
88808
13736
42144
59037
33401
6659
10655
35485
81926
40326
68123
78341
24128
87395
58249
47016
56461
5183
85440
38642
63080
48970
31464
77494
95686
3962
57201
75218
83283
63011
23680
57889
20091
94805
26564
76669
59173
87569
50439
49390
37689
96233
92512
4020
58593
17779
97765
49645
64878
88682
1373
17059
16178
76098
67604
47637
90442
20166
63399
40288
96415
37807
28383
93482
79746
58051
66748
26795
59540
34247
97830
35545
96232
1570
59560
98126
61024
85872
56249
61368
3284
43232
45935
9085
94641
12395
81304
18760
41533
22897
8579
32853
51225
93234
82905
38740
48000
10053
32970
70685
62444
98809
19777
94513
2072
80837
56089
76169
20607
22158
75177
53630
83363
97141
80922
92532
85834
31034
59738
13987
51843
38065
70793
84995
24070
11039
42513
48275
40314
5553
50195
7366
84848
58489
66715
50476
97772
4775
11157
64824
46436
42752
74457
49971
12352
38013
79650
30076
86657
16322
68125
70873
66911
43993
45117
5055
34187
18858
30987
94587
99219
31962
29434
76827
99396
30174
74617
8507
64137
32858
81313
79919
24209
91322
60046
99434
1295
90251
42251
19017
13723
35511
95366
47744
72854
28252
48802
63454
99690
78056
82507
68159
50672
71603
2437
80782
52491
44057
44381
87253
7538
45395
25569
48323
25227
1072
28011
46040
6835
92149
38040
45872
30202
42542
20887
41737
95979
72303
38013
62515
33129
49965
14422
97364
84980
54578
70710
99317
22795
87456
11469
32332
92812
56101
64760
33798
73015
4151
81716
58161
50256
32621
45710
38563
69539
37306
57110
91211
98754
54823
23250
62930
170
5611
84047
64589
18596
22057
92466
39554
27367
7751
96652
68661
72346
34406
26860
25006
45879
91939
8974
10568
8428
54825
71537
39800
28667
89552
60295
73496
83137
82838
34725
92335
15955
33976
12826
60415
60356
49390
49309
94667
2819
83584
28767
35395
77089
73641
27615
60173
37105
24647
23260
88018
9032
70363
83653
12642
21604
69251
49708
36068
937
94385
35482
28767
22822
61032
72508
34014
78711
26803
50842
87747
52355
73442
99528
78027
71045
1665
57270
12025
18376
42743
15842
57858
52427
89432
22445
50901
71748
23367
31659
75909
6144
19788
31636
68116
23945
28942
93399
48893
89761
83565
68079
9662
16875
99774
37517
70273
84041
90212
47892
13157
28127
72967
68196
18894
3190
77908
94319
68901
80893
93681
80903
66733
85354
98107
68728
11748
61855
77246
50
65681
26151
4336
41246
23536
77375
43210
67057
11352
7985
70180
65023
54246
10300
41836
99239
31847
39120
97667
57933
65255
84117
97364
41381
99825
40843
35858
86826
76481
3819
94893
67118
48494
32429
54384
79916
95918
16003
54074
20857
2117
87746
29302
81817
59182
14497
14554
32590
42436
75578
73849
61099
16941
34222
64965
18919
60164
39173
71845
79981
4609
74003
25198
55505
83879
70198
49825
21180
96459
92059
59521
15528
31164
26464
84943
91975
98450
11956
72228
16893
22519
90683
45354
37455
59981
39342
92087
62451
12379
94207
49671
67271
47224
6938
27189
34077
52274
84326
82006
16628
24282
58411
4339
19234
56144
34542
53729
5165
28487
5624
71102
69945
1973
13269
58633
68251
20538
60919
81183
33421
40234
64699
80014
31706
65816
31427
20695
63417
81216
62595
72453
22646
66385
94743
52773
31275
9526
44017
12673
50415
5760
74289
16188
88453
34994
77100
44716
38517
99912
15791
62447
30999
28644
22781
94220
70731
70710
77652
57000
67046
34728
5454
2081
72359
21091
13923
58602
33672
3330
97420
42659
9168
88465
25282
20692
97957
8065
39749
6822
25630
6187
56889
90366
25623
17470
16906
53079
49182
30599
29168
4058
99274
84444
42061
81661
85483
49765
34260
94358
76700
72775
40388
45178
23605
34958
66769
14423
23101
31415
14884
40266
82269
8951
5208
52061
93616
79595
40262
32449
14774
51614
47163
91876
64040
98672
85348
33038
23334
77225
92172
52574
99947
84314
83100
90492
34626
86027
37665
66939
59698
39431
1932
62957
49877
7969
45938
33058
96614
19841
11892
29471
95929
76558
77977
39735
97668
80506
53494
97129
32699
22309
20752
2389
85434
86350
1945
40924
64283
45789
6198
63443
1735
90918
34817
80067
33801
73979
41258
80385
11134
50994
10456
45637
82249
70029
10862
41705
55459
74796
95848
96064
69455
91595
86980
1840
84620
20569
77310
72877
75043
79127
11636
11764
90304
12904
71464
57409
29086
52507
9188
55789
68347
72434
73527
6791
20043
9231
4542
3182
9352
24186
68894
29672
27398
72465
41997
69282
40997
43245
35120
37509
87967
24108
72767
32913
95458
42400
22501
45337
69560
90740
49924
84410
47777
9526
80341
43641
37666
42438
31308
50168
16727
75769
65722
71381
95876
87434
13677
72128
51977
10942
60978
38358
1620
55538
39547
84606
56464
95364
37083
78656
96762
62010
89165
46397
26485
21010
67381
76495
6036
69512
20734
73245
83924
4093
30147
65755
22636
80522
16041
27548
46493
5121
99817
33173
96931
77948
97036
86608
38638
68197
44271
12585
35818
27809
87173
45737
84057
1754
47548
9564
78019
57351
24695
46161
900
53978
24315
27342
56420
83142
62598
87789
83652
37482
30041
32567
10099
71615
76022
24315
46688
31866
84228
47306
89258
97406
11983
89331
15923
37153
21901
80438
79348
44697
45532
93575
3306
61315
79078
71969
11118
79312
49350
68261
97922
65293
84805
8398
46150
35309
85117
92529
56523
76789
45919
57750
41567
45123
31183
25037
64103
52892
35245
84528
60171
79985
87407
723
7594
48397
34345
18538
26031
64862
9039
62136
3739
1917
37105
64399
3938
29244
14949
64648
68978
81163
10979
79264
59661
86854
98665
75502
76407
81759
53215
89277
11
50435
1621
39530
4361
95340
25704
21372
98634
24195
14915
14074
26516
847
97410
83821
12872
16638
63826
85684
47417
31951
4085
78398
7863
18010
94529
47304
15785
42173
85096
56050
75258
60547
58898
36640
92010
84147
95622
56714
60613
50099
26824
96800
58480
22358
36732
22974
97439
56425
70088
8936
15620
36598
65848
1570
9763
59763
78203
99407
47169
70251
95435
68132
25338
67238
62794
39655
37841
73591
85512
74377
30178
64770
17632
46814
62931
40968
46146
14485
67914
25392
64044
36376
50232
34580
15857
54146
37139
97541
90939
76247
74465
27100
73965
50053
50608
31678
22785
43541
92034
59307
34129
17998
56710
51172
7377
70246
64962
64438
67033
67397
8044
93351
93888
73753
86328
52508
5539
8336
31308
33477
91654
10805
7887
43301
83633
43978
94463
29665
23196
98878
16482
48357
89541
79627
21557
52909
97886
73262
74240
79127
8708
91460
87050
60451
73097
3870
52136
75427
75635
94337
2481
25445
40254
77853
93998
91450
46812
26471
35149
42210
11549
62036
95444
20886
80265
37397
69522
47954
29578
46250
81681
59709
87719
3780
35880
47510
16267
89052
29453
8829
7269
67465
61544
91003
14312
2721
10690
24814
25970
31376
83804
39253
4777
61806
32124
38965
47137
78464
60034
92774
38747
25389
84410
66877
19944
59675
98730
48502
61835
30149
48874
93341
6556
74876
9715
85338
58760
67416
28656
64183
93462
14968
23025
61838
63909
56989
8831
26164
85296
6912
49002
9501
4308
36939
84605
13194
3528
31291
30579
3350
54315
16
21411
26488
2940
67470
31703
40341
16098
72243
13883
83526
12140
8981
33424
28226
68371
28695
29280
57832
97851
65864
59531
72427
27736
53497
85824
98681
99918
94073
69992
81930
60592
86351
59645
35234
79178
93138
44856
94051
24219
63976
69607
74674
39673
17786
31773
40355
91480
61712
32035
93188
57766
64686
97804
74020
20717
85802
77671
47262
60444
11945
27117
88390
11135
74422
33370
41134
82346
84254
17209
34037
27445
50346
51992
81869
25441
1562
93371
79655
12025
44219
29484
34461
16019
53093
39568
4732
56790
17331
36180
49421
49110
12095
61414
60318
44442
6457
96544
23441
50143
95684
94368
94688
73429
48366
35955
11564
31143
3626
2351
54145
92440
74828
87136
5831
85289
33056
16506
14216
81655
39847
94317
67353
27297
9423
23639
39174
92775
80909
36147
11295
34574
67866
75151
72217
55968
53576
13211
30338
94928
49279
40925
51237
23899
53368
63042
16022
2602
68564
53103
19034
40308
19162
28181
17398
1952
71533
89443
68275
52872
26502
53973
6571
73626
25938
67147
38835
41784
57578
51156
21700
84639
19627
84553
90887
41764
78994
67414
36925
65626
14934
87027
73544
24465
74433
66161
96730
33816
15148
24527
76504
65251
3575
41420
82986
11271
2050
19959
94786
28770
39338
2211
29126
31065
31523
54294
2684
22425
32046
69792
465
17118
96920
7305
58341
40594
5903
77315
36375
63853
59426
55871
26057
96730
92788
85307
52335
81819
77372
23897
70490
4547
68284
59531
27163
95585
92475
44266
19638
66844
14177
57221
78789
19354
8271
92374
75269
47291
5369
66353
385
94050
12577
25463
29562
13299
29361
15751
56048
75287
49173
53651
28175
34589
66706
41168
11480
3356
94375
69799
44971
67379
86687
89032
11630
9425
72655
16863
14717
45968
9426
49727
93102
55611
31743
1050
43807
5265
75619
19666
7519
36322
32065
24586
84693
38102
49379
28150
98737
47373
33147
8945
51949
43073
3610
22766
91840
44519
27916
90950
31359
40885
73807
20079
79856
84349
79694
83853
69324
39223
88126
96322
74224
73054
84308
65090
33825
6032
8000
90754
29049
85113
48971
97390
42258
41865
41128
67513
74190
60769
91834
66575
84641
36142
39554
42759
15772
77804
9507
42484
61174
42187
21237
45819
47096
19631
21121
97758
36934
23185
20031
5175
47461
28067
45258
33056
2829
78577
36189
24751
44237
40323
94605
12704
44310
87551
51106
6090
4357
28747
76882
76531
41808
30768
96316
63135
66027
41402
32926
20292
31351
70844
69652
92985
2473
71024
91726
3309
86611
21564
94412
91187
79633
41040
31192
22843
93393
36748
800
71004
31488
93247
62191
37166
94317
74410
38184
52532
45213
42818
74238
80758
58058
62420
94994
47213
23576
65187
89865
34423
93686
35278
34249
32746
67725
34413
96753
24325
92457
85721
78130
9026
12832
98635
7598
13896
41411
83548
24396
29277
9345
19884
44916
85273
5203
59615
61965
1333
32199
81985
42640
16482
41740
65834
51369
85975
86678
73405
87210
70786
45071
57354
92588
37727
47483
18740
43779
43750
19238
82764
74716
39839
13292
78844
20054
30865
56452
74432
49882
33943
33546
33294
50104
34196
55111
88150
8607
46942
71808
82981
23161
34517
71736
90724
32065
28183
21507
90909
82658
37548
55176
94397
47757
22236
99665
68597
25046
90881
2354
98874
27212
98103
58196
22605
41939
87599
8605
10549
87648
73091
80030
84328
84208
34852
37849
73353
84165
11791
50412
33003
17982
26718
24126
37971
97938
66618
63781
79355
42953
23694
58418
22387
75607
88247
97178
46946
5110
36920
71649
55403
20991
54347
92357
88939
66628
15473
55524
95646
72941
73546
35052
53121
55437
27199
41469
41970
5024
83292
20028
87731
48803
50300
80791
26030
85808
99069
43408
29747
13845
86387
94632
84668
20240
46232
78025
42737
55241
23169
4879
38503
74892
93740
11156
24708
19777
44021
18168
69534
45738
20039
41034
49825
10776
22511
84885
64399
1834
50893
71881
42817
71076
10436
59108
64972
13608
57777
80317
92895
63891
35512
96461
66761
17686
30841
10427
36151
26096
56482
17955
56507
25380
88766
2018
26280
51036
94635
65376
7930
71642
96329
44474
37266
19511
67918
37482
95839
83514
34135
65910
35512
26614
8217
38675
6758
25440
65366
95123
76831
22444
93066
11250
67181
80451
88613
75928
73581
6147
67507
33612
40243
93235
89655
2550
32714
64161
24119
83855
26521
27867
92112
43080
85985
57414
71433
77171
64324
30366
33990
93521
44832
36842
7091
98457
40376
77755
91232
72130
78003
16321
1420
89101
81277
87370
4762
18770
15436
97208
46305
83398
70558
6974
19583
79910
64830
40599
11117
22882
39461
94498
46669
56041
72861
57278
40191
11756
56992
98974
55220
23986
28767
61418
21530
63128
81822
63826
83126
4002
76573
1614
88848
83843
7058
44951
60520
5829
6194
44444
48390
86613
36174
68866
71983
43054
46906
1628
51956
20864
79657
23618
17188
85405
97364
9425
39329
56192
45721
30623
63056
20602
28448
73433
2826
18202
48889
16763
94736
80440
14529
96235
7771
16735
99812
60850
23729
88085
39324
71512
6580
99048
30199
62843
81172
45462
56087
48172
1189
35001
39826
15046
89899
69037
42714
6507
18833
76895
61111
93533
41594
29333
76656
96982
79598
79924
14953
86149
1270
39857
85607
8646
58371
95000
41102
7996
82793
15506
37323
58445
85673
57879
46094
42074
21995
99120
15662
28569
34154
87463
99153
37010
3722
79885
40227
64818
5925
75816
1891
34607
94658
47031
10174
57145
8743
46724
91955
31929
71877
3525
97461
72233
78866
55950
19663
26512
37717
76342
73601
99736
46105
9092
97225
34061
85636
64055
45693
69012
95202
45647
51637
33221
45402
70843
61253
24551
31234
3168
56360
19495
15118
11938
7096
57908
31172
44626
23674
55226
52715
87285
39991
31578
51362
20268
5412
450
56141
55749
10211
90766
74889
80222
14242
39354
88353
58673
11138
50690
84377
85984
31954
52697
86376
67934
74777
70403
57539
92760
84531
50383
20019
38494
55219
30228
75112
70290
49958
40998
79976
40588
30456
41941
74752
74695
5520
34915
32891
29164
34710
73376
90704
8089
13589
6788
27957
31949
51772
95624
71986
34674
23902
53601
27761
74312
10969
14777
69969
72970
22100
9836
29721
3903
70081
12445
64425
97152
34370
30611
72397
65441
65927
3827
23723
87069
16918
68315
63067
4098
35780
96343
63670
9046
96703
94884
43271
20869
39118
41471
89983
49736
22800
77993
1541
83828
84321
39066
52489
69404
68635
71166
71385
56355
52697
15280
73613
60674
14327
47762
66653
74162
2837
81254
39955
75255
54874
29644
38459
1866
9558
1305
19959
62081
70623
70256
74702
77212
43709
55808
27236
65359
99553
52505
60805
76647
38768
6731
6427
31739
1149
30494
34592
53169
90996
77384
12909
3753
31604
27790
63440
45930
20916
43546
14460
78951
16454
56533
25882
77934
47768
80130
89758
52429
48503
7191
43701
51617
42126
49048
36601
66140
90573
73234
27623
66770
63141
78513
85512
78497
87823
65502
15915
47514
32908
19832
73876
66192
86759
45197
56429
80604
86871
31638
45082
17802
86817
65357
29163
56932
31482
35147
72843
52890
9897
86018
64566
79274
85099
91284
63047
89745
60912
99887
9742
21262
55107
72421
79233
27279
31816
51052
37930
55035
41245
37614
71166
19515
83427
18478
40173
21189
93590
34552
81109
84551
54423
12515
59473
44877
1131
44743
33391
73519
24732
50101
90207
93561
97469
41143
65960
17048
89899
28804
54388
16926
48271
52768
76748
7923
98272
60526
84318
88
86086
15539
51770
81561
77273
95817
69693
40494
8360
97564
70596
90477
71989
57572
46594
85680
24445
18272
23692
53887
21846
50347
64594
69306
74225
49470
71656
39270
67070
46434
47459
64049
97519
53424
83871
87810
55093
40711
40700
11330
44934
88584
91018
33217
87809
3633
71449
68679
74632
34677
14899
43288
41451
43765
61093
7491
32294
89501
9624
23175
86560
62525
52158
44867
56404
12098
75464
28376
20493
96017
47381
45212
60779
72447
34628
93118
45634
91792
37290
44498
12929
61194
5087
61496
20016
47221
29235
60205
45298
49937
25310
80461
21930
63316
4469
28514
18554
55103
45497
85678
88615
66107
75465
57778
184
31253
78743
86425
47166
18228
48920
27748
17421
28691
13717
19698
70375
6335
22943
63403
16314
12302
63967
69481
82016
36634
21836
39684
66949
68313
63669
72376
17734
77082
90622
46678
3476
254
62471
72580
66391
41521
98728
92049
49711
41348
7513
39257
52246
66312
40557
68369
78594
24104
34239
4560
65734
4291
32997
39771
24472
59333
28193
89995
78445
70242
92983
67324
2273
75214
45464
84629
35763
73308
13948
98831
56204
94160
79887
3715
40704
64163
31874
47925
38925
72691
55490
26583
59936
98244
9958
98363
95544
35799
98689
84281
42434
84806
24728
10361
99235
31929
55374
66334
40244
68168
90554
21488
7559
1901
76538
92899
3400
93668
39841
73385
80159
31491
30156
49329
10386
23248
53714
31002
2376
78628
31705
760
61576
35226
85126
57281
59647
74579
91628
55957
67968
52681
35462
55784
32613
79470
37983
40974
2548
5024
73454
55041
93662
53163
6848
57970
58625
62300
95693
24906
72140
74046
67597
6203
66627
92211
94851
64808
54776
50959
32375
58509
66873
884
60770
5485
23178
51942
20962
94838
23879
79115
98958
18803
50795
16897
23203
16014
35599
17627
22140
30975
78506
27993
54624
93942
92726
43876
469
94721
98835
9123
44915
31962
12677
50780
39156
74352
53433
83306
24199
94577
83205
50936
27651
97297
8109
73559
1113
91705
4833
78114
10434
94703
54211
70123
9943
34973
18823
26017
46432
59873
70420
41025
23204
63825
95399
18198
9407
64200
68310
16655
87378
39793
37938
25883
40243
8079
49669
77699
74533
9223
96955
40516
22947
2412
92606
72871
79446
33028
88633
65215
54535
11867
80382
14751
4941
8836
70051
82517
59463
12007
934
359
14598
43404
30930
43304
40514
60771
28506
17399
69677
86637
8225
20629
31076
35594
83740
12961
38273
74496
61872
94833
19950
28580
73237
61039
52212
67977
73052
53390
26897
4162
62829
92999
71048
20373
71976
51156
78226
20479
98029
65576
17779
98654
57720
52842
62216
36798
75908
29740
57467
98659
59600
78188
14713
28880
71230
82982
95355
14131
21048
29459
60544
56813
77646
36035
53212
385
15162
95219
85001
81911
24325
10890
69308
40590
10402
32470
60563
85500
86200
24062
42122
95491
78205
8387
73196
1651
41245
36376
89447
55285
10042
67003
99576
11707
71309
74415
15942
22626
8459
50231
97674
16129
37476
61041
57100
2673
22372
75405
19913
36472
85564
90473
2960
58355
93723
82634
37868
96608
67893
98649
1307
46278
27750
42455
95486
47201
40272
75743
38473
54509
26591
83831
74490
62575
65646
58385
62822
80155
88483
40676
97583
66245
87605
88066
50354
96967
87630
82134
85148
78476
63915
75741
74525
72663
51808
75806
4340
979
23352
64678
16490
61687
54138
64292
2556
10101
89960
51582
97775
73632
59297
33838
18568
16664
73510
62877
54483
21620
12026
32123
78849
10250
92418
32152
77839
81245
8364
29633
36417
97252
88172
57786
25837
81875
86496
62708
96244
72328
67669
30508
87019
43413
45956
75168
7992
62885
88020
74350
27929
38604
90755
96427
69117
99823
55359
22461
27766
82733
36654
52662
25158
30953
2925
60781
43094
35509
17558
37339
19558
35644
90586
31662
51486
55980
59790
1517
15683
62111
9891
55113
41702
33253
63693
86748
53558
75695
10213
738
63766
35642
95722
49904
24584
58293
55458
35413
39689
42097
6878
77803
84982
87077
60859
57786
26124
97083
23493
9066
69038
92187
20438
11298
45471
45937
46844
59298
18447
93341
23961
60345
81298
85975
42532
46372
71308
27965
59564
59556
2057
51387
88285
60379
39817
43734
73083
53506
26968
47989
67979
19050
16124
5516
81169
39821
23111
4870
72084
36848
38349
50542
33246
69880
15535
68026
70464
10085
76886
51413
23058
75183
36027
67656
88791
37980
65474
33188
93631
26012
86952
91886
98918
84385
49905
89191
64218
98782
1508
17271
89881
91098
10547
71734
78329
57745
66609
15671
2850
5128
68424
30097
55894
64139
35619
5162
38000
996
46022
57187
79018
54458
7934
50746
83544
48196
4466
7744
69842
64008
27384
66392
53552
13973
9509
66728
10509
23673
77404
65600
95950
32928
43176
38180
3580
58954
68773
18487
75244
91047
66040
69830
93376
46289
30526
21518
23495
79718
97762
33867
14975
56961
82920
36094
66491
63700
96295
71033
4159
33476
85588
52810
78728
56417
53145
82339
71593
16065
58308
82274
25200
5720
12315
28386
99559
98645
3790
55356
82518
13052
99205
29051
43429
5947
16568
72091
90815
72780
66238
80669
93171
57094
75356
69098
40436
12416
87327
94977
11552
91363
14405
27615
58654
1515
86614
38442
45568
57626
7312
21722
96424
94105
25536
46789
5255
80588
47244
21701
59233
41424
11308
21415
95660
57171
7194
10035
49334
88656
4095
41043
9094
94502
80556
46082
87163
56948
24170
53459
93810
95220
53033
82811
59939
14033
77877
67452
26954
57702
1959
93903
8067
62068
28312
72300
97678
37279
45456
3193
55699
7270
71900
74605
39167
27293
45501
15808
24620
33865
21373
5137
45662
38807
77821
85555
8362
20057
74378
23029
98001
13278
6703
97901
33642
45709
72579
78240
23294
73374
47618
73904
25965
38325
80250
76322
53838
37339
86876
29803
2835
98907
52818
53592
6987
16438
62960
13014
94369
43588
89443
53540
66465
9384
98182
85651
69819
46606
53715
16918
80032
4899
51350
59564
8329
54417
60893
22440
2936
70230
62604
11737
33910
57664
34030
51995
69083
3751
58853
4281
75979
89383
25026
69660
50942
76344
68688
20053
70648
21515
98859
69283
57975
94660
6894
79714
84204
64367
75498
34672
23680
18720
84946
17597
44855
69099
84243
63726
94098
39484
24066
33774
16014
25653
19341
65266
77930
55266
82771
18183
48775
36345
7055
78875
57064
28211
39983
34532
47352
4322
48132
63505
93962
41551
60530
92107
59004
70769
89575
10343
15893
4267
34985
42699
43661
69794
69383
16058
84588
68537
12561
18302
2602
60172
67364
98417
13334
83910
92765
28296
36178
26207
15183
17789
38267
10069
9264
60087
33319
33381
66253
90296
81831
73670
24286
28003
60236
89539
78293
64583
99750
19859
41135
69069
48263
35607
4557
74298
38886
77071
31740
21249
28287
8985
69136
44105
48183
55303
2064
41749
24254
62619
71402
77526
89901
32642
93799
52682
74351
17963
31001
74990
21148
69411
21009
48200
73056
7598
39502
69258
28091
5603
97231
20899
4545
67268
3434
68776
90145
64857
93813
64570
11395
42888
48481
23508
17707
27731
3334
29940
79386
271
60121
70403
52659
73148
66075
32259
62875
77637
7947
55668
26586
37046
52572
38210
57182
99093
34849
58831
40350
43775
58788
37465
66012
97504
3926
57415
32324
84461
50272
92213
45905
36194
9305
27450
43407
64531
82320
95890
30971
28977
77641
79725
50150
98972
62245
64979
69272
223
26937
60082
92434
90637
68481
19653
75500
9045
36685
71491
39196
11556
10649
37826
38136
57944
19547
18822
32179
14845
30102
98665
8131
66566
9387
16360
66372
8905
49615
14216
54613
97495
21815
35908
61503
57750
59311
66292
65558
1437
95179
88187
11896
19372
87349
95213
14579
6
11077
11099
77347
56076
28975
83133
14073
7863
79957
5754
93495
73009
16317
69143
50743
83280
11390
70586
57164
73744
57204
74457
92736
69612
39987
47108
13756
43417
34263
62892
32550
4479
73722
96143
10341
13205
8543
42241
73888
4728
18124
51639
92868
11719
12309
91411
41540
87230
45842
87784
87483
84846
90162
49289
85645
3605
17609
55474
98475
63839
22149
34290
4149
5688
18270
94100
74618
48108
99980
16200
52187
85374
69843
84851
15054
68609
96505
7120
31071
63606
99800
82657
82896
42211
63374
74262
89248
7404
19825
92984
51658
30001
82337
32915
27236
62916
70902
89982
20904
65701
93688
58728
12176
58204
70894
3137
55898
77010
82670
84770
63371
34124
26706
71002
16464
73348
300
52566
92415
16006
8848
78315
62268
99269
39312
48739
94872
23351
77669
23618
53331
80756
70344
32725
59714
86662
7169
76214
46124
13645
10487
38173
79022
28146
18054
17414
11359
34182
29935
65179
91245
38038
58889
26495
53254
29933
72085
99383
83539
51398
33807
47764
84670
96012
77952
75329
30549
76913
9457
45317
21959
59079
50938
26966
32107
29342
54584
64155
61056
10619
27485
20187
1070
82129
61632
98727
72907
4702
48086
12641
68890
69957
94169
74184
56942
40963
20644
57825
62541
67344
86817
20708
60111
26932
18617
94655
62214
21572
93163
89963
4055
35352
81080
35145
89766
88714
2842
8504
96336
8332
69493
48279
71217
84422
53766
18705
71111
56524
57016
49514
58222
83736
14581
6372
77417
69097
22137
20622
8578
53815
12930
67690
44009
70513
11908
92442
57849
82069
15450
58534
38616
70412
24791
24812
26557
36895
78618
3428
51339
22138
26559
60079
66940
12604
89874
6332
45785
80536
68638
95190
81157
89867
62532
2830
24378
70970
73223
95008
90827
44135
5668
11940
59816
27695
85471
1908
71168
75812
90361
21429
14561
48898
22110
2276
61115
87376
78234
60030
37218
63734
55436
74059
71954
78965
3090
56392
15789
82662
31684
13264
41984
6675
88285
30759
32644
33356
9843
67779
88127
4840
82920
27799
43787
25785
2969
82173
93711
61929
58579
55551
35081
29206
3206
6754
90573
7400
99442
26671
90631
52395
47710
79583
36476
67118
94983
81411
18319
7798
24693
18669
79871
98143
43882
60479
50381
2993
23219
9710
84412
96955
61153
57458
40849
35534
5233
93485
58266
72952
58055
4661
43051
23612
5466
8576
73155
20843
10088
5579
88717
30721
77578
4967
37442
45854
73347
34592
38188
46623
722
22347
88902
82744
54758
14348
16287
98161
87377
32386
57021
42202
96853
68239
81726
78220
54428
34087
64057
86334
42852
61844
56739
76641
72630
87651
2990
29432
43959
52112
40268
90199
17656
10793
44017
58454
39560
77249
84630
92434
67754
97043
55386
43234
10785
99057
66147
11569
4359
936
38914
44892
12701
45298
52949
77193
56861
14199
63557
63714
89227
66784
10320
81453
43498
6875
99777
67785
60235
32324
36379
70695
74303
84278
22037
77698
52942
9262
32031
55357
13633
58903
20034
56856
21977
98040
8550
39470
4450
86582
1645
68847
98434
33575
50236
40404
58732
40789
74458
94788
71857
13610
59505
91842
82198
63294
67026
17329
96960
19867
29429
35589
30956
62409
27613
43335
88795
12123
72058
78565
8138
12244
78952
5139
9024
60535
57749
8930
66401
62379
11008
36091
44384
93575
74269
83193
23601
25887
68885
52512
94844
67179
29834
91037
81389
54192
59192
58908
1992
39726
28534
86016
95641
67302
60540
92515
72874
12485
83167
49994
37102
29905
80408
51363
36219
70062
43394
94686
84565
3438
98594
27205
67012
11827
31521
28633
87527
5634
79413
82667
5378
32262
36158
65300
38707
44606
21228
56402
67203
69956
82301
20127
43704
46491
62468
53967
4486
85780
1317
89158
25221
5085
60221
73075
73310
41255
68479
23021
85920
55538
67577
81993
82063
99287
36437
52277
5436
41074
43355
27412
13967
85226
49556
73335
60320
29470
10057
27028
55462
22157
78922
39429
34279
86210
30314
99167
63406
58459
13800
87629
96890
60276
61033
27369
22803
81877
25152
49847
36055
51892
78543
30974
78483
81032
96263
23780
36557
80236
41708
28741
93342
76684
94516
45103
10589
56336
63022
78908
77334
31490
88543
53421
85818
4028
70823
98176
43472
80403
68002
2286
63849
53050
19051
16292
23697
44501
74587
21659
85057
52411
81167
94166
78354
34758
23943
39832
26188
33691
93963
78175
56252
94608
50600
53761
47012
89567
60472
4929
50092
60294
9696
32846
24950
86967
16787
91609
96527
12803
15859
87856
44322
2270
45463
71548
50502
55823
6120
67347
51000
22839
28070
46107
5219
61147
36200
86140
29979
56431
64321
88033
24042
63137
9501
49963
29634
93056
59082
82449
86193
39559
94356
63671
22130
39369
61673
57002
44415
68474
72987
33494
8068
71672
38755
61444
15248
88021
81411
76244
19109
43170
18052
45554
52942
48601
39422
36856
58960
19367
12246
61568
12729
69332
41985
33796
95989
92144
13959
14676
20768
1884
53251
57843
75990
35123
56711
45391
37381
35603
30876
20763
57636
64395
79719
90347
30781
5218
56006
29867
51845
30113
70938
69179
71149
74623
53823
15307
45137
75592
72151
77039
72461
55113
47717
3200
69040
34586
98964
29999
50632
61000
42904
48902
90429
79070
95660
54429
3706
59279
36666
88982
3013
96163
22490
55830
7664
84604
60914
3552
25096
51908
99643
32527
61835
2740
11108
86447
31799
7715
22160
71065
63709
41289
81786
13578
18356
75503
40569
35294
37897
19894
22334
95470
69620
46816
4474
80964
84263
61886
44861
49462
2719
15223
24601
24135
52765
93106
25605
69174
64302
72161
34333
89504
77894
13802
90119
66713
55116
27442
18800
25954
80271
87560
91925
8999
17686
88204
58974
34137
73460
34554
34148
95651
19322
69303
76019
86315
4615
44503
77099
76807
74267
59560
94432
55352
73
95422
30114
13288
28362
21596
5239
68668
41262
2684
24899
99030
99214
48379
78218
46505
10589
61764
29676
92985
50781
7319
32143
78351
93773
1270
25051
17655
12672
65356
6814
96470
67849
53530
39504
53259
50578
3424
34832
76064
72333
84644
64813
70285
14401
41857
83394
90377
58022
3663
40953
25006
39115
73899
33744
52264
820
40676
24120
44922
18178
36161
68889
6478
73867
86770
91028
14806
99656
94353
11553
94179
14605
32821
85431
46145
24659
